# barionic density, scalar density
1.034034034034034E-02	-4.787245978396968E-01
1.068068068068068E-02	-4.783496524266534E-01
1.102102102102102E-02	-4.779746836103000E-01
1.136136136136136E-02	-4.775996909041060E-01
1.170170170170170E-02	-4.772246738394498E-01
1.204204204204204E-02	-4.768496319643424E-01
1.238238238238239E-02	-4.764745648422854E-01
1.272272272272273E-02	-4.760994720512164E-01
1.306306306306307E-02	-4.757243531825483E-01
1.340340340340341E-02	-4.753492078403215E-01
1.374374374374375E-02	-4.749740356404017E-01
1.408408408408409E-02	-4.745988362097539E-01
1.442442442442443E-02	-4.742236091857899E-01
1.476476476476477E-02	-4.738483542157326E-01
1.510510510510511E-02	-4.734920030496114E-01
1.544544544544545E-02	-4.731167295208551E-01
1.578578578578579E-02	-4.727414271092632E-01
1.612612612612613E-02	-4.723660954965261E-01
1.646646646646647E-02	-4.719907343717329E-01
1.680680680680681E-02	-4.716153434309875E-01
1.714714714714715E-02	-4.712399223770560E-01
1.748748748748749E-02	-4.708644709190398E-01
1.782782782782784E-02	-4.704889887720489E-01
1.816816816816818E-02	-4.701134756569306E-01
1.850850850850852E-02	-4.697379312999795E-01
1.884884884884886E-02	-4.693623554327020E-01
1.918918918918920E-02	-4.690061237487442E-01
1.952952952952954E-02	-4.686305232138915E-01
1.986986986986988E-02	-4.682548904640432E-01
2.021021021021022E-02	-4.678792252495762E-01
2.055055055055056E-02	-4.675035273250132E-01
2.089089089089090E-02	-4.671277964488360E-01
2.123123123123124E-02	-4.667520323833271E-01
2.157157157157158E-02	-4.663762348944114E-01
2.191191191191192E-02	-4.660004037514984E-01
2.225225225225226E-02	-4.656245387273619E-01
2.259259259259261E-02	-4.652486395979824E-01
2.293293293293295E-02	-4.648924950840440E-01
2.327327327327329E-02	-4.645165669746689E-01
2.361361361361363E-02	-4.641406041811934E-01
2.395395395395397E-02	-4.637646064915721E-01
2.429429429429431E-02	-4.633885736963876E-01
2.463463463463465E-02	-4.630125055887817E-01
2.497497497497499E-02	-4.626364019643414E-01
2.531531531531533E-02	-4.622602626210197E-01
2.565565565565567E-02	-4.618840873590476E-01
2.599599599599601E-02	-4.615078759808582E-01
2.633633633633635E-02	-4.611316282910004E-01
2.667667667667669E-02	-4.607755538575211E-01
2.701701701701703E-02	-4.603992736401706E-01
2.735735735735738E-02	-4.600229566149029E-01
2.769769769769772E-02	-4.596466025943278E-01
2.803803803803806E-02	-4.592702113928279E-01
2.837837837837840E-02	-4.588937828265072E-01
2.871871871871874E-02	-4.585173167131432E-01
2.905905905905908E-02	-4.581408128721133E-01
2.939939939939942E-02	-4.577642711243538E-01
2.973973973973976E-02	-4.573876912923164E-01
3.008008008008010E-02	-4.570316705394593E-01
3.042042042042044E-02	-4.566550554196706E-01
3.076076076076078E-02	-4.562784017721949E-01
3.110110110110112E-02	-4.559017094253076E-01
3.144144144144146E-02	-4.555249782085829E-01
3.178178178178180E-02	-4.551482079528198E-01
3.212212212212214E-02	-4.547713984900392E-01
3.246246246246248E-02	-4.543945496534219E-01
3.280280280280282E-02	-4.540176612772827E-01
3.314314314314316E-02	-4.536616829126056E-01
3.348348348348350E-02	-4.532847570471391E-01
3.382382382382385E-02	-4.529077912344868E-01
3.416416416416419E-02	-4.525307853134412E-01
3.450450450450453E-02	-4.521537391237492E-01
3.484484484484487E-02	-4.517766525061164E-01
3.518518518518521E-02	-4.513995253021587E-01
3.552552552552555E-02	-4.510223573543852E-01
3.586586586586589E-02	-4.506451485061622E-01
3.620620620620623E-02	-4.502892063253193E-01
3.654654654654657E-02	-4.499119579855565E-01
3.688688688688691E-02	-4.495346683655466E-01
3.722722722722725E-02	-4.491573373121420E-01
3.756756756756759E-02	-4.487799646729370E-01
3.790790790790793E-02	-4.484025502962460E-01
3.824824824824827E-02	-4.480250940311049E-01
3.858858858858862E-02	-4.476475957272170E-01
3.892892892892896E-02	-4.472916833542906E-01
3.926926926926930E-02	-4.469141439255012E-01
3.960960960960964E-02	-4.465365620981010E-01
3.994994994994998E-02	-4.461589377246092E-01
4.029029029029032E-02	-4.457812706581483E-01
4.063063063063066E-02	-4.454035607524098E-01
4.097097097097100E-02	-4.450258078616536E-01
4.131131131131134E-02	-4.446480118406744E-01
4.165165165165168E-02	-4.442701725448084E-01
4.199199199199202E-02	-4.439142869602389E-01
4.233233233233236E-02	-4.435364048115775E-01
4.267267267267270E-02	-4.431584790463302E-01
4.301301301301304E-02	-4.427805095220614E-01
4.335335335335339E-02	-4.424024960968039E-01
4.369369369369373E-02	-4.420244386290311E-01
4.403403403403407E-02	-4.416463369776580E-01
4.437437437437441E-02	-4.412681910020163E-01
4.471471471471475E-02	-4.409123279960857E-01
4.505505505505509E-02	-4.405341377356756E-01
4.539539539539543E-02	-4.401559028226221E-01
4.573573573573577E-02	-4.397776231180915E-01
4.607607607607611E-02	-4.393992984836305E-01
4.641641641641645E-02	-4.390209287811275E-01
4.675675675675679E-02	-4.386425138728341E-01
4.709709709709713E-02	-4.382640536213244E-01
4.743743743743747E-02	-4.379082104248750E-01
4.777777777777781E-02	-4.375297045293949E-01
4.811811811811816E-02	-4.371511529734933E-01
4.845845845845850E-02	-4.367725556212571E-01
4.879879879879884E-02	-4.363939123370827E-01
4.913913913913918E-02	-4.360152229856327E-01
4.947947947947952E-02	-4.356364874318553E-01
4.981981981981986E-02	-4.352806620359056E-01
5.016016016016020E-02	-4.349018797154093E-01
5.050050050050054E-02	-4.345230508837868E-01
5.084084084084088E-02	-4.341441754072664E-01
5.118118118118122E-02	-4.337652531523173E-01
5.152152152152156E-02	-4.333862839856324E-01
5.186186186186190E-02	-4.330072677741362E-01
5.220220220220224E-02	-4.326282043849587E-01
5.254254254254258E-02	-4.322723944900302E-01
5.288288288288293E-02	-4.318932830853957E-01
5.322322322322327E-02	-4.315141242024566E-01
5.356356356356361E-02	-4.311349177094127E-01
5.390390390390395E-02	-4.307556634746498E-01
5.424424424424429E-02	-4.303763613667324E-01
5.458458458458463E-02	-4.299970112544002E-01
5.492492492492497E-02	-4.296412158644961E-01
5.526526526526531E-02	-4.292618166992629E-01
5.560560560560565E-02	-4.288823692352297E-01
5.594594594594599E-02	-4.285028733420411E-01
5.628628628628633E-02	-4.281233288894848E-01
5.662662662662667E-02	-4.277437357474899E-01
5.696696696696701E-02	-4.273640937861244E-01
5.730730730730735E-02	-4.270083116390918E-01
5.764764764764770E-02	-4.266286196207727E-01
5.798798798798804E-02	-4.262488784941749E-01
5.832832832832838E-02	-4.258690881301347E-01
5.866866866866872E-02	-4.254892483996021E-01
5.900900900900906E-02	-4.251093591736352E-01
5.934934934934940E-02	-4.247294203233973E-01
5.968968968968974E-02	-4.243736503080275E-01
6.003003003003008E-02	-4.239936604268755E-01
6.037037037037042E-02	-4.236136206373706E-01
6.071071071071076E-02	-4.232335308113269E-01
6.105105105105110E-02	-4.228533908206485E-01
6.139139139139144E-02	-4.224732005373177E-01
6.173173173173178E-02	-4.220929598334051E-01
6.207207207207213E-02	-4.217372009788941E-01
6.241241241241247E-02	-4.213569082974152E-01
6.275275275275280E-02	-4.209765649155269E-01
6.309309309309313E-02	-4.205961707058505E-01
6.343343343343347E-02	-4.202157255410661E-01
6.377377377377380E-02	-4.198352292939133E-01
6.411411411411413E-02	-4.194546818371867E-01
6.445445445445447E-02	-4.190989333042836E-01
6.479479479479480E-02	-4.187183329482774E-01
6.513513513513514E-02	-4.183376811066658E-01
6.547547547547547E-02	-4.179569776527131E-01
6.581581581581580E-02	-4.175762224597276E-01
6.615615615615614E-02	-4.171954154010543E-01
6.649649649649647E-02	-4.168145563500679E-01
6.683683683683680E-02	-4.164588174235646E-01
6.717717717717714E-02	-4.160779045745214E-01
6.751751751751747E-02	-4.156969394605257E-01
6.785785785785781E-02	-4.153159219553562E-01
6.819819819819814E-02	-4.149348519328148E-01
6.853853853853847E-02	-4.145537292667259E-01
6.887887887887881E-02	-4.141725538309265E-01
6.921921921921914E-02	-4.138168239133518E-01
6.955955955955948E-02	-4.134355938019484E-01
6.989989989989981E-02	-4.130543106512394E-01
7.024024024024014E-02	-4.126729743354025E-01
7.058058058058048E-02	-4.122915847286258E-01
7.092092092092081E-02	-4.119101417050982E-01
7.126126126126114E-02	-4.115544221609095E-01
7.160160160160148E-02	-4.111729237453521E-01
7.194194194194181E-02	-4.107913716459167E-01
7.228228228228215E-02	-4.104097657370888E-01
7.262262262262248E-02	-4.100281058933447E-01
7.296296296296281E-02	-4.096463919891644E-01
7.330330330330315E-02	-4.092646238990090E-01
7.364364364364348E-02	-4.089089125742182E-01
7.398398398398381E-02	-4.085270882505969E-01
7.432432432432415E-02	-4.081452094764227E-01
7.466466466466448E-02	-4.077632761264076E-01
7.500500500500482E-02	-4.073812880752511E-01
7.534534534534515E-02	-4.069992451976400E-01
7.568568568568548E-02	-4.066435437734751E-01
7.602602602602582E-02	-4.062614439758253E-01
7.636636636636615E-02	-4.058792890892389E-01
7.670670670670648E-02	-4.054970789886114E-01
7.704704704704682E-02	-4.051148135488196E-01
7.738738738738715E-02	-4.047324926447120E-01
7.772772772772749E-02	-4.043501161511122E-01
7.806806806806782E-02	-4.039944225200773E-01
7.840840840840815E-02	-4.036119882975392E-01
7.874874874874849E-02	-4.032294982252163E-01
7.908908908908882E-02	-4.028469521781091E-01
7.942942942942915E-02	-4.024643500311935E-01
7.976976976976949E-02	-4.020816916594114E-01
8.011011011010982E-02	-4.017260077600573E-01
8.045045045045016E-02	-4.013432910000622E-01
8.079079079079049E-02	-4.009605177567561E-01
8.113113113113082E-02	-4.005776879052357E-01
8.147147147147116E-02	-4.001948013205623E-01
8.181181181181149E-02	-3.998118578777621E-01
8.215215215215182E-02	-3.994561837425328E-01
8.249249249249216E-02	-3.990731812643692E-01
8.283283283283249E-02	-3.986901216713938E-01
8.317317317317283E-02	-3.983070048387681E-01
8.351351351351316E-02	-3.979238306416131E-01
8.385385385385349E-02	-3.975405989550099E-01
8.419419419419383E-02	-3.971573096539956E-01
8.453453453453416E-02	-3.968016433203376E-01
8.487487487487450E-02	-3.964182942186121E-01
8.521521521521483E-02	-3.960348872476468E-01
8.555555555555516E-02	-3.956514222825993E-01
8.589589589589550E-02	-3.952678991985809E-01
8.623623623623583E-02	-3.948843178706542E-01
8.657657657657616E-02	-3.945286615549358E-01
8.691691691691650E-02	-3.941450198042059E-01
8.725725725725683E-02	-3.937613195563744E-01
8.759759759759717E-02	-3.933775606866141E-01
8.793793793793750E-02	-3.929937430700497E-01
8.827827827827783E-02	-3.926098665817541E-01
8.861861861861817E-02	-3.922542205081764E-01
8.895895895895850E-02	-3.918702829864217E-01
8.929929929929883E-02	-3.914862863413401E-01
8.963963963963917E-02	-3.911022304481089E-01
8.997997997997950E-02	-3.907181151818515E-01
9.032032032031984E-02	-3.903339404176388E-01
9.066066066066017E-02	-3.899783048701791E-01
9.100100100100050E-02	-3.895940684731968E-01
9.134134134134084E-02	-3.892097723282402E-01
9.168168168168117E-02	-3.888254163104798E-01
9.202202202202150E-02	-3.884410002950314E-01
9.236236236236184E-02	-3.880565241569587E-01
9.270270270270217E-02	-3.877008994792666E-01
9.304304304304251E-02	-3.873163611204219E-01
9.338338338338284E-02	-3.869317623905010E-01
9.372372372372317E-02	-3.865471031646627E-01
9.406406406406351E-02	-3.861623833180121E-01
9.440440440440384E-02	-3.857776027256004E-01
9.474474474474417E-02	-3.854219893210263E-01
9.508508508508451E-02	-3.850371459311669E-01
9.542542542542484E-02	-3.846522415486639E-01
9.576576576576518E-02	-3.842672760486677E-01
9.610610610610551E-02	-3.838822493062734E-01
9.644644644644584E-02	-3.834971611965202E-01
9.678678678678618E-02	-3.831415595283104E-01
9.712712712712651E-02	-3.827564080558190E-01
9.746746746746685E-02	-3.823711949706781E-01
9.780780780780718E-02	-3.819859201480270E-01
9.814814814814751E-02	-3.816005834629534E-01
9.848848848848785E-02	-3.812151847904935E-01
9.882882882882818E-02	-3.808297240056284E-01
9.916916916916851E-02	-3.804741327931114E-01
9.950950950950885E-02	-3.800886079730610E-01
9.984984984984918E-02	-3.797030207970901E-01
1.001901901901895E-01	-3.793173711402896E-01
1.005305305305298E-01	-3.789316588776955E-01
1.008708708708702E-01	-3.785458838842944E-01
1.012112112112105E-01	-3.781903055919667E-01
1.015515515515509E-01	-3.778044660228962E-01
1.018918918918912E-01	-3.774185634811695E-01
1.022322322322315E-01	-3.770325978418888E-01
1.025725725725719E-01	-3.766465689801101E-01
1.029129129129122E-01	-3.762604767708352E-01
1.032532532532525E-01	-3.759049120541809E-01
1.035935935935929E-01	-3.755187547406434E-01
1.039339339339332E-01	-3.751325338394769E-01
1.042742742742735E-01	-3.747462492258168E-01
1.046146146146139E-01	-3.743599007747498E-01
1.049549549549542E-01	-3.739734883613134E-01
1.052952952952945E-01	-3.736179379378801E-01
1.056356356356349E-01	-3.732314599037245E-01
1.059759759759752E-01	-3.728449176688508E-01
1.063163163163155E-01	-3.724583111084405E-01
1.066566566566559E-01	-3.720716400976347E-01
1.069969969969962E-01	-3.716849045115284E-01
1.073373373373365E-01	-3.713293691617485E-01
1.076776776776769E-01	-3.709425674508954E-01
1.080180180180172E-01	-3.705557009282472E-01
1.083583583583575E-01	-3.701687694690586E-01
1.086986986986979E-01	-3.697817729485479E-01
1.090390390390382E-01	-3.693947112418945E-01
1.093793793793785E-01	-3.690391918100359E-01
1.097197197197189E-01	-3.686520634873626E-01
1.100600600600592E-01	-3.682648697439912E-01
1.104004004003995E-01	-3.678776104552782E-01
1.107407407407399E-01	-3.674902854965448E-01
1.110810810810802E-01	-3.671028947430753E-01
1.114214214214205E-01	-3.667473921382827E-01
1.117617617617609E-01	-3.663599342906545E-01
1.121021021021012E-01	-3.659724104157758E-01
1.124424424424415E-01	-3.655848203891349E-01
1.127827827827819E-01	-3.651971640861879E-01
1.131231231231222E-01	-3.648094413823644E-01
1.134634634634625E-01	-3.644539565798149E-01
1.138038038038029E-01	-3.640661663172293E-01
1.141441441441432E-01	-3.636783094233937E-01
1.144844844844835E-01	-3.632903857739621E-01
1.148248248248239E-01	-3.629023952445637E-01
1.151651651651642E-01	-3.625143377108027E-01
1.155055055055045E-01	-3.621588717529654E-01
1.158458458458449E-01	-3.617707462098283E-01
1.161861861861852E-01	-3.613825534342203E-01
1.165265265265255E-01	-3.609942933019931E-01
1.168668668668659E-01	-3.606059656889916E-01
1.172072072072062E-01	-3.602175704710369E-01
1.175475475475465E-01	-3.598621244690388E-01
1.178878878878869E-01	-3.594736608055725E-01
1.182282282282272E-01	-3.590851293114305E-01
1.185685685685675E-01	-3.586965298627122E-01
1.189089089089079E-01	-3.583078623355152E-01
1.192492492492482E-01	-3.579191266059225E-01
1.195895895895885E-01	-3.575303225500097E-01
1.199299299299289E-01	-3.571748971447889E-01
1.202702702702692E-01	-3.567860241229652E-01
1.206106106106095E-01	-3.563970825519442E-01
1.209509509509499E-01	-3.560080723081183E-01
1.212912912912902E-01	-3.556189932678805E-01
1.216316316316305E-01	-3.552298453076241E-01
1.219719719719709E-01	-3.548744424806007E-01
1.223123123123112E-01	-3.544852251512483E-01
1.226526526526515E-01	-3.540959386816990E-01
1.229929929929919E-01	-3.537065829486992E-01
1.233333333333322E-01	-3.533171578290004E-01
1.236736736736725E-01	-3.529276631993648E-01
1.240140140140129E-01	-3.525722842892713E-01
1.243543543543532E-01	-3.521827199036527E-01
1.246946946946935E-01	-3.517930857907839E-01
1.250350350350339E-01	-3.514033818278161E-01
1.253753753753742E-01	-3.510136078919152E-01
1.257157157157145E-01	-3.506237638602701E-01
1.260560560560549E-01	-3.502684102813081E-01
1.263963963963952E-01	-3.498784961237522E-01
1.267367367367356E-01	-3.494885116561767E-01
1.270770770770759E-01	-3.490984567561945E-01
1.274174174174162E-01	-3.487083313014514E-01
1.277577577577566E-01	-3.483181351696155E-01
1.280980980980969E-01	-3.479278682383896E-01
1.284384384384372E-01	-3.475725418033454E-01
1.287787787787776E-01	-3.471822043051911E-01
1.291191191191179E-01	-3.467917957970372E-01
1.294594594594582E-01	-3.464013161570629E-01
1.297997997997986E-01	-3.460107652634902E-01
1.301401401401389E-01	-3.456201429945832E-01
1.304804804804792E-01	-3.452648451952747E-01
1.308208208208196E-01	-3.448741520284390E-01
1.311611611611599E-01	-3.444833872791138E-01
1.315015015015002E-01	-3.440925508260855E-01
1.318418418418406E-01	-3.437016425481934E-01
1.321821821821809E-01	-3.433106623243302E-01
1.325225225225212E-01	-3.429196100334470E-01
1.328628628628616E-01	-3.425643433936127E-01
1.332032032032019E-01	-3.421732198107014E-01
1.335435435435422E-01	-3.417820239577984E-01
1.338838838838826E-01	-3.413907557144359E-01
1.342242242242229E-01	-3.409994149602116E-01
1.345645645645632E-01	-3.406080015747930E-01
1.349049049049036E-01	-3.402527672600990E-01
1.352452452452439E-01	-3.398612822943381E-01
1.355855855855842E-01	-3.394697244983416E-01
1.359259259259246E-01	-3.390780937524155E-01
1.362662662662649E-01	-3.386863899369373E-01
1.366066066066052E-01	-3.382946129323742E-01
1.369469469469456E-01	-3.379027626192739E-01
1.372872872872859E-01	-3.375475639424454E-01
1.376276276276262E-01	-3.371556417064900E-01
1.379679679679666E-01	-3.367636459677327E-01
1.383083083083069E-01	-3.363715766074262E-01
1.386486486486472E-01	-3.359794335069142E-01
1.389889889889876E-01	-3.355872165476461E-01
1.393293293293279E-01	-3.352320542938418E-01
1.396696696696682E-01	-3.348397651703111E-01
1.400100100100086E-01	-3.344474019982243E-01
1.403503503503489E-01	-3.340549646597895E-01
1.406906906906892E-01	-3.336624530373244E-01
1.410310310310296E-01	-3.332698670132634E-01
1.413713713713699E-01	-3.328772064701586E-01
1.417117117117102E-01	-3.325220848247449E-01
1.420520520520506E-01	-3.321293518316854E-01
1.423923923923909E-01	-3.317365441352259E-01
1.427327327327312E-01	-3.313436616187517E-01
1.430730730730716E-01	-3.309507041657779E-01
1.434134134134119E-01	-3.305576716599594E-01
1.437537537537522E-01	-3.301645639850836E-01
1.440940940940926E-01	-3.298094858245565E-01
1.444344344344329E-01	-3.294163054468698E-01
1.447747747747732E-01	-3.290230497216021E-01
1.451151151151136E-01	-3.286297185334537E-01
1.454554554554539E-01	-3.282363117672807E-01
1.457957957957942E-01	-3.278428293080908E-01
1.461361361361346E-01	-3.274492710410529E-01
1.464764764764749E-01	-3.270942393996096E-01
1.468168168168152E-01	-3.267006082115342E-01
1.471571571571556E-01	-3.263069010433320E-01
1.474974974974959E-01	-3.259131177811690E-01
1.478378378378362E-01	-3.255192583113826E-01
1.481781781781766E-01	-3.251253225204876E-01
1.485185185185169E-01	-3.247313102951823E-01
1.488588588588572E-01	-3.243763283704618E-01
1.491991991991976E-01	-3.239822430424231E-01
1.495395395395379E-01	-3.235880811143836E-01
1.498798798798782E-01	-3.231938424741230E-01
1.502202202202186E-01	-3.227995270096237E-01
1.505605605605589E-01	-3.224051346090638E-01
1.509009009008992E-01	-3.220106651608299E-01
1.512412412412396E-01	-3.216557363199376E-01
1.515815815815799E-01	-3.212611936258110E-01
1.519219219219202E-01	-3.208665737255738E-01
1.522622622622606E-01	-3.204718765087896E-01
1.526026026026009E-01	-3.200771018652465E-01
1.529429429429413E-01	-3.196922475901253E-01
1.532832832832816E-01	-3.192973382566469E-01
1.536236236236219E-01	-3.189023512112806E-01
1.539639639639623E-01	-3.185273951641803E-01
1.543043043043026E-01	-3.181322935926619E-01
1.546446446446429E-01	-3.177371140710623E-01
1.549849849849833E-01	-3.173418564910718E-01
1.553253253253236E-01	-3.169667812410903E-01
1.556656656656639E-01	-3.165714087648933E-01
1.560060060060043E-01	-3.161759579961614E-01
1.563463463463446E-01	-3.157804288277801E-01
1.566866866866849E-01	-3.154052344738280E-01
1.570270270270253E-01	-3.150095900517364E-01
1.573673673673656E-01	-3.146138670000804E-01
1.577077077077059E-01	-3.142385904131508E-01
1.580480480480463E-01	-3.138427518839714E-01
1.583883883883866E-01	-3.134468344987089E-01
1.587287287287269E-01	-3.130508381525373E-01
1.590690690690673E-01	-3.126754427544527E-01
1.594094094094076E-01	-3.122793305965578E-01
1.597497497497479E-01	-3.118831392557997E-01
1.600900900900883E-01	-3.114868686287279E-01
1.604304304304286E-01	-3.110905186122043E-01
1.607707707707689E-01	-3.107149678440490E-01
1.611111111111093E-01	-3.103185015814481E-01
1.614514514514496E-01	-3.099219557133398E-01
1.617917917917899E-01	-3.095253301380528E-01
1.621321321321303E-01	-3.091496609704017E-01
1.624724724724706E-01	-3.087529188466600E-01
1.628128128128109E-01	-3.083560968047083E-01
1.631531531531513E-01	-3.079591947444121E-01
1.634934934934916E-01	-3.075834074352776E-01
1.638338338338319E-01	-3.071863885392447E-01
1.641741741741723E-01	-3.067892894190780E-01
1.645145145145126E-01	-3.063921099762551E-01
1.648548548548529E-01	-3.060162048183795E-01
1.651951951951933E-01	-3.056189082681900E-01
1.655355355355336E-01	-3.052215311950189E-01
1.658758758758739E-01	-3.048240735020324E-01
1.662162162162143E-01	-3.044480508239225E-01
1.665565565565546E-01	-3.040504757681667E-01
1.668968968968949E-01	-3.036528198979624E-01
1.672372372372353E-01	-3.032550831182478E-01
1.675775775775756E-01	-3.028572653343756E-01
1.679179179179159E-01	-3.024810889041723E-01
1.682582582582563E-01	-3.020831534248886E-01
1.685985985985966E-01	-3.016851367541792E-01
1.689389389389369E-01	-3.012870387992723E-01
1.692792792792773E-01	-3.008888594678424E-01
1.696196196196176E-01	-3.005125298091431E-01
1.699599599599579E-01	-3.001142324767375E-01
1.703003003002983E-01	-2.997158535882900E-01
1.706406406406386E-01	-2.993173930534586E-01
1.709809809809789E-01	-2.989409472254116E-01
1.713213213213193E-01	-2.985423684954752E-01
1.716616616616596E-01	-2.981437079461915E-01
1.720020020019999E-01	-2.977449654892914E-01
1.723423423423403E-01	-2.973461410370021E-01
1.726826826826806E-01	-2.969695431677417E-01
1.730230230230209E-01	-2.965706002668917E-01
1.733633633633613E-01	-2.961715752061749E-01
1.737037037037016E-01	-2.957724679000084E-01
1.740440440440419E-01	-2.953732782633350E-01
1.743843843843823E-01	-2.949965290988096E-01
1.747247247247226E-01	-2.945972207908549E-01
1.750650650650629E-01	-2.941978299968352E-01
1.754054054054033E-01	-2.937983566340051E-01
1.757457457457436E-01	-2.933988006201790E-01
1.760860860860839E-01	-2.929991618737366E-01
1.764264264264243E-01	-2.926222261158460E-01
1.767667667667646E-01	-2.922224684429633E-01
1.771071071071049E-01	-2.918226278931429E-01
1.774474474474453E-01	-2.914227043872282E-01
1.777877877877856E-01	-2.910226978466625E-01
1.781281281281260E-01	-2.906456126893081E-01
1.784684684684663E-01	-2.902454870720747E-01
1.788088088088066E-01	-2.898452782857994E-01
1.791491491491470E-01	-2.894449862545170E-01
1.794894894894873E-01	-2.890446109029026E-01
1.798298298298276E-01	-2.886441521562697E-01
1.801701701701680E-01	-2.882668828331741E-01
1.805105105105083E-01	-2.878663048457757E-01
1.808508508508486E-01	-2.874656433414727E-01
1.811911911911890E-01	-2.870648982483420E-01
1.815315315315293E-01	-2.866640694951361E-01
1.818718718718696E-01	-2.862631570112935E-01
1.822122122122100E-01	-2.858857050519106E-01
1.825525525525503E-01	-2.854846732166756E-01
1.828928928928906E-01	-2.850835575421669E-01
1.832332332332310E-01	-2.846823579607581E-01
1.835735735735713E-01	-2.842810744055466E-01
1.839139139139116E-01	-2.838797068103614E-01
1.842542542542520E-01	-2.835020739183568E-01
1.845945945945923E-01	-2.831005869175195E-01
1.849349349349326E-01	-2.826990157820926E-01
1.852752752752730E-01	-2.822973604490214E-01
1.856156156156133E-01	-2.818956208560230E-01
1.859559559559536E-01	-2.814937969415954E-01
1.862962962962940E-01	-2.810918886450242E-01
1.866366366366343E-01	-2.807140416879617E-01
1.869769769769746E-01	-2.803120139718000E-01
1.873173173173150E-01	-2.799099017962279E-01
1.876576576576553E-01	-2.795077051038693E-01
1.879979979979956E-01	-2.791054238381795E-01
1.883383383383360E-01	-2.787030579434551E-01
1.886786786786763E-01	-2.783006073648387E-01
1.890190190190166E-01	-2.778980720483311E-01
1.893593593593570E-01	-2.775199791684863E-01
1.896996996996973E-01	-2.771173244994035E-01
1.900400400400376E-01	-2.767145850363978E-01
1.903803803803780E-01	-2.763117607290775E-01
1.907207207207183E-01	-2.759088515279575E-01
1.910610610610586E-01	-2.755058573844616E-01
1.914014014013990E-01	-2.751027782509336E-01
1.917417417417393E-01	-2.746996140806488E-01
1.920820820820796E-01	-2.742963648278217E-01
1.924224224224200E-01	-2.739179959002330E-01
1.927627627627603E-01	-2.735146274942857E-01
1.931031031031006E-01	-2.731111739755824E-01
1.934434434434410E-01	-2.727076353022737E-01
1.937837837837813E-01	-2.723040114334979E-01
1.941241241241216E-01	-2.719003023293900E-01
1.944644644644620E-01	-2.714965079510929E-01
1.948048048048023E-01	-2.710926282607687E-01
1.951451451451426E-01	-2.706886632216065E-01
1.954854854854830E-01	-2.702846127978340E-01
1.958258258258233E-01	-2.699059400421974E-01
1.961661661661636E-01	-2.695017708621540E-01
1.965065065065040E-01	-2.690975162985587E-01
1.968468468468443E-01	-2.686931763199633E-01
1.971871871871846E-01	-2.682887508960096E-01
1.975275275275250E-01	-2.678842399974417E-01
1.978678678678653E-01	-2.674796435961143E-01
1.982082082082056E-01	-2.670749616650056E-01
1.985485485485460E-01	-2.666701941782270E-01
1.988888888888863E-01	-2.662653411110363E-01
1.992292292292266E-01	-2.658604024398462E-01
1.995695695695670E-01	-2.654553781422370E-01
1.999099099099073E-01	-2.650502681969704E-01
2.002502502502476E-01	-2.646450725839967E-01
2.005905905905880E-01	-2.642659742620041E-01
2.009309309309283E-01	-2.638606607599098E-01
2.012712712712686E-01	-2.634552616399164E-01
2.016116116116090E-01	-2.630497768868943E-01
2.019519519519493E-01	-2.626442064869630E-01
2.022922922922896E-01	-2.622385504275004E-01
2.026326326326300E-01	-2.618328086971588E-01
2.029729729729703E-01	-2.614269812858708E-01
2.033133133133107E-01	-2.610210681848681E-01
2.036536536536510E-01	-2.606150693866908E-01
2.039939939939913E-01	-2.602089848851999E-01
2.043343343343317E-01	-2.598028146755891E-01
2.046746746746720E-01	-2.593965587544008E-01
2.050150150150123E-01	-2.589902171195346E-01
2.053553553553527E-01	-2.585837897702633E-01
2.056956956956930E-01	-2.581772767072443E-01
2.060360360360333E-01	-2.577706779325331E-01
2.063763763763737E-01	-2.573639934495961E-01
2.067167167167140E-01	-2.569572232633255E-01
2.070570570570543E-01	-2.565503673800491E-01
2.073973973973947E-01	-2.561434258075483E-01
2.077377377377350E-01	-2.557363985550672E-01
2.080780780780753E-01	-2.553292856333300E-01
2.084184184184157E-01	-2.549220870545512E-01
2.087587587587560E-01	-2.545148028324539E-01
2.090990990990963E-01	-2.541074329822781E-01
2.094394394394367E-01	-2.536999775207984E-01
2.097797797797770E-01	-2.532924364663407E-01
2.101201201201173E-01	-2.528848098387885E-01
2.104604604604577E-01	-2.524770976596050E-01
2.108008008007980E-01	-2.520692999518439E-01
2.111411411411383E-01	-2.516614167401634E-01
2.114814814814787E-01	-2.512534480508435E-01
2.118218218218190E-01	-2.508453939117992E-01
2.121621621621593E-01	-2.504372543525936E-01
2.125025025024997E-01	-2.500290294044567E-01
2.128428428428400E-01	-2.496207191002975E-01
2.131831831831803E-01	-2.492123234747209E-01
2.135235235235207E-01	-2.488038425640412E-01
2.138638638638610E-01	-2.483952764063002E-01
2.142042042042013E-01	-2.479866250412784E-01
2.145445445445417E-01	-2.475778885105165E-01
2.148848848848820E-01	-2.471690668573259E-01
2.152252252252223E-01	-2.467601601268075E-01
2.155655655655627E-01	-2.463511683658660E-01
2.159059059059030E-01	-2.459420916232270E-01
2.162462462462433E-01	-2.455329299494543E-01
2.165865865865837E-01	-2.450948745216989E-01
2.169269269269240E-01	-2.446854848054449E-01
2.172672672672643E-01	-2.442760102186234E-01
2.176076076076047E-01	-2.438664508193772E-01
2.179479479479450E-01	-2.434568066677723E-01
2.182882882882853E-01	-2.430470778258110E-01
2.186286286286257E-01	-2.426372643574552E-01
2.189689689689660E-01	-2.422273663286394E-01
2.193093093093063E-01	-2.418173838072880E-01
2.196496496496467E-01	-2.414073168633344E-01
2.199899899899870E-01	-2.409971655687372E-01
2.203303303303273E-01	-2.405869299974975E-01
2.206706706706677E-01	-2.401766102256794E-01
2.210110110110080E-01	-2.397366089880797E-01
2.213513513513483E-01	-2.393260613349472E-01
2.216916916916887E-01	-2.389154296207125E-01
2.220320320320290E-01	-2.385047139299717E-01
2.223723723723693E-01	-2.380939143494758E-01
2.227127127127097E-01	-2.376830309681492E-01
2.230530530530500E-01	-2.372720638771076E-01
2.233933933933903E-01	-2.368610131696788E-01
2.237337337337307E-01	-2.364197784864947E-01
2.240740740740710E-01	-2.360085002574697E-01
2.244144144144113E-01	-2.355971386051282E-01
2.247547547547517E-01	-2.351856936319678E-01
2.250950950950920E-01	-2.347741654427959E-01
2.254354354354323E-01	-2.343625541447498E-01
2.257757757757727E-01	-2.339508598473153E-01
2.261161161161130E-01	-2.335390826623489E-01
2.264564564564533E-01	-2.330966118195213E-01
2.267967967967937E-01	-2.326846077731394E-01
2.271371371371340E-01	-2.322725210899702E-01
2.274774774774743E-01	-2.318603518917147E-01
2.278178178178147E-01	-2.314481003025476E-01
2.281581581581550E-01	-2.310357664491379E-01
2.284984984984954E-01	-2.305923461457833E-01
2.288388388388357E-01	-2.301797860743036E-01
2.291791791791760E-01	-2.297671440355229E-01
2.295195195195164E-01	-2.293544201664913E-01
2.298598598598567E-01	-2.289416146068615E-01
2.302002002001970E-01	-2.284973881509342E-01
2.305405405405374E-01	-2.280843570149319E-01
2.308808808808777E-01	-2.276712445258220E-01
2.312212212212180E-01	-2.272580508341040E-01
2.315615615615584E-01	-2.268447760929956E-01
2.319019019018987E-01	-2.263997430619020E-01
2.322422422422390E-01	-2.259862435275150E-01
2.325825825825794E-01	-2.255726633236488E-01
2.329229229229197E-01	-2.251590026148493E-01
2.332632632632600E-01	-2.247452615684961E-01
2.336036036036004E-01	-2.242994219159523E-01
2.339439439439407E-01	-2.238854570075962E-01
2.342842842842810E-01	-2.234714121859605E-01
2.346246246246214E-01	-2.230572876302524E-01
2.349649649649617E-01	-2.226107852085196E-01
2.353053053053020E-01	-2.221964375981061E-01
2.356456456456424E-01	-2.217820107149743E-01
2.359859859859827E-01	-2.213675047505773E-01
2.363263263263230E-01	-2.209203397254666E-01
2.366666666666634E-01	-2.205056116174558E-01
2.370070070070037E-01	-2.200908049279608E-01
2.373473473473440E-01	-2.196759198611054E-01
2.376876876876844E-01	-2.192280926206363E-01
2.380280280280247E-01	-2.188129864289824E-01
2.383683683683650E-01	-2.183978023995597E-01
2.387087087087054E-01	-2.179825407496037E-01
2.390490490490457E-01	-2.175340519130840E-01
2.393893893893860E-01	-2.171185702689087E-01
2.397297297297264E-01	-2.167030115850241E-01
2.400700700700667E-01	-2.162540043333615E-01
2.404104104104070E-01	-2.158382265195966E-01
2.407507507507474E-01	-2.154223722790789E-01
2.410910910910877E-01	-2.149728469451585E-01
2.414314314314280E-01	-2.145567745070471E-01
2.417717717717684E-01	-2.141406262881343E-01
2.421121121121087E-01	-2.136905833148479E-01
2.424524524524490E-01	-2.132742179004981E-01
2.427927927927894E-01	-2.128577773851800E-01
2.431331331331297E-01	-2.124072173288031E-01
2.434734734734700E-01	-2.119905606920356E-01
2.438138138138104E-01	-2.115738296689133E-01
2.441541541541507E-01	-2.111227532025627E-01
2.444944944944910E-01	-2.107058072058144E-01
2.448348348348314E-01	-2.102887875730258E-01
2.451751751751717E-01	-2.098371954901869E-01
2.455155155155120E-01	-2.094199621074780E-01
2.458558558558524E-01	-2.090026558756836E-01
2.461961961961927E-01	-2.085505490938172E-01
2.465365365365330E-01	-2.081330304137756E-01
2.468768768768734E-01	-2.076805495638478E-01
2.472172172172137E-01	-2.072628192734287E-01
2.475575575575540E-01	-2.068450175023802E-01
2.478978978978944E-01	-2.063920236009228E-01
2.482382382382347E-01	-2.059740116567897E-01
2.485785785785750E-01	-2.055206446218438E-01
2.489189189189154E-01	-2.051024234365036E-01
2.492592592592557E-01	-2.046841322496231E-01
2.495995995995960E-01	-2.042302541872205E-01
2.499399399399364E-01	-2.038117553383265E-01
2.502802802802767E-01	-2.033575053378901E-01
2.506206206206171E-01	-2.029387998572620E-01
2.509609609609574E-01	-2.024841784023613E-01
2.513013013012978E-01	-2.020652673613312E-01
2.516416416416382E-01	-2.016462885696268E-01
2.519819819819785E-01	-2.011911594927707E-01
2.523223223223189E-01	-2.007719769301476E-01
2.526626626626592E-01	-2.003164779828600E-01
2.530030030029996E-01	-1.998970928254936E-01
2.533433433433400E-01	-1.994412246536517E-01
2.536836836836803E-01	-1.990216381214568E-01
2.540240240240207E-01	-1.985654014197257E-01
2.543643643643611E-01	-1.981456147771584E-01
2.547047047047014E-01	-1.976890102899665E-01
2.550450450450418E-01	-1.972690248468375E-01
2.553853853853821E-01	-1.968120533693688E-01
2.557257257257225E-01	-1.963918704816665E-01
2.560660660660629E-01	-1.959345328608624E-01
2.564064064064032E-01	-1.955141539315870E-01
2.567467467467436E-01	-1.950564510671665E-01
2.570870870870839E-01	-1.945985161065032E-01
2.574274274274243E-01	-1.941778103926654E-01
2.577677677677647E-01	-1.937195114747073E-01
2.581081081081050E-01	-1.932986133453126E-01
2.584484484484454E-01	-1.928399515077344E-01
2.587887887887858E-01	-1.924188625385547E-01
2.591291291291261E-01	-1.919598388755340E-01
2.594694694694665E-01	-1.915385606932875E-01
2.598098098098068E-01	-1.910791763565854E-01
2.601501501501472E-01	-1.906195615556059E-01
2.604904904904876E-01	-1.901979668398888E-01
2.608308308308279E-01	-1.897379930457970E-01
2.611711711711683E-01	-1.893162133269828E-01
2.615115115115086E-01	-1.888558818420424E-01
2.618518518518490E-01	-1.883953210303530E-01
2.621921921921894E-01	-1.879732311220031E-01
2.625325325325297E-01	-1.875123145355565E-01
2.628728728728701E-01	-1.870511693666981E-01
2.632132132132105E-01	-1.866287732800614E-01
2.635535535535508E-01	-1.861672744005194E-01
2.638938938938912E-01	-1.857055477622163E-01
2.642342342342315E-01	-1.852828497127650E-01
2.645745745745719E-01	-1.848207715802052E-01
2.649149149149123E-01	-1.843584665942719E-01
2.652552552552526E-01	-1.839354710073027E-01
2.655955955955930E-01	-1.834728169003483E-01
2.659359359359333E-01	-1.830099369296212E-01
2.662762762762737E-01	-1.825866484459591E-01
2.666166166166141E-01	-1.821234218887997E-01
2.669569569569544E-01	-1.816599705442037E-01
2.672972972972948E-01	-1.811962947308064E-01
2.676376376376352E-01	-1.807725987955583E-01
2.679779779779755E-01	-1.803085799433114E-01
2.683183183183159E-01	-1.798443378194639E-01
2.686586586586562E-01	-1.793798727853535E-01
2.689989989989966E-01	-1.789557783821348E-01
2.693393393393370E-01	-1.784909741695634E-01
2.696796796796773E-01	-1.780259483696428E-01
2.700200200200177E-01	-1.775607013881585E-01
2.703603603603580E-01	-1.771362180799173E-01
2.707007007006984E-01	-1.766706361052456E-01
2.710410410410388E-01	-1.762048344026100E-01
2.713813813813791E-01	-1.757388134240312E-01
2.717217217217195E-01	-1.752725736337389E-01
2.720620620620599E-01	-1.748475999247546E-01
2.724024024024002E-01	-1.743810307889690E-01
2.727427427427406E-01	-1.739142444667164E-01
2.730830830830809E-01	-1.734472414707859E-01
2.734234234234213E-01	-1.729800223267930E-01
2.737637637637617E-01	-1.725125875733123E-01
2.741041041041020E-01	-1.720449377620069E-01
2.744444444444424E-01	-1.716192762549749E-01
2.747847847847827E-01	-1.711513058634220E-01
2.751251251251231E-01	-1.706831222956781E-01
2.754654654654635E-01	-1.702147261553787E-01
2.758058058058038E-01	-1.697461180598947E-01
2.761461461461442E-01	-1.692772986404689E-01
2.764864864864846E-01	-1.688082685423550E-01
2.768268268268249E-01	-1.683390284249544E-01
2.771671671671653E-01	-1.678695789619555E-01
2.775075075075056E-01	-1.673999208414749E-01
2.778478478478460E-01	-1.669300547661963E-01
2.781881881881864E-01	-1.664599814535138E-01
2.785285285285267E-01	-1.659897016356724E-01
2.788688688688671E-01	-1.655192160599130E-01
2.792092092092074E-01	-1.650485254886150E-01
2.795495495495478E-01	-1.645776306994421E-01
2.798898898898882E-01	-1.641065324854874E-01
2.802302302302285E-01	-1.636352316554189E-01
2.805705705705689E-01	-1.631637290336287E-01
2.809109109109093E-01	-1.626920254603783E-01
2.812512512512496E-01	-1.622201217919494E-01
2.815915915915900E-01	-1.617480189007930E-01
2.819319319319303E-01	-1.612757176756782E-01
2.822722722722707E-01	-1.608032190218443E-01
2.826126126126111E-01	-1.603305238611531E-01
2.829529529529514E-01	-1.598576331322400E-01
2.832932932932918E-01	-1.593845477906680E-01
2.836336336336321E-01	-1.588661086743998E-01
2.839739739739725E-01	-1.583925259375984E-01
2.843143143143129E-01	-1.579187514674658E-01
2.846546546546532E-01	-1.574447862913198E-01
2.849949949949936E-01	-1.569706314542151E-01
2.853353353353340E-01	-1.564962880190998E-01
2.856756756756743E-01	-1.560217570669723E-01
2.860160160160147E-01	-1.555010646263111E-01
2.863563563563550E-01	-1.550260501976049E-01
2.866966966966954E-01	-1.545508515328054E-01
2.870370370370358E-01	-1.540754697894472E-01
2.873773773773761E-01	-1.535534479096266E-01
2.877177177177165E-01	-1.530775914550288E-01
2.880580580580568E-01	-1.526015554479296E-01
2.883983983983972E-01	-1.521253411252569E-01
2.887387387387376E-01	-1.516020067258831E-01
2.890790790790779E-01	-1.511253271631697E-01
2.894194194194183E-01	-1.506484730653164E-01
2.897597597597587E-01	-1.501714457515523E-01
2.901001001000990E-01	-1.496468173430825E-01
2.904404404404394E-01	-1.491693349932796E-01
2.907807807807797E-01	-1.486916834717698E-01
2.911211211211201E-01	-1.481660603688611E-01
2.914614614614605E-01	-1.476879619292098E-01
2.918018018018008E-01	-1.471616323867092E-01
2.921421421421412E-01	-1.466830926517480E-01
2.924824824824815E-01	-1.462043909410651E-01
2.928228228228219E-01	-1.456770868140383E-01
2.931631631631623E-01	-1.451979526904956E-01
2.935035035035026E-01	-1.446699560563340E-01
2.938438438438430E-01	-1.441903956768121E-01
2.941841841841834E-01	-1.436617124935513E-01
2.945245245245237E-01	-1.431817322386817E-01
2.948648648648641E-01	-1.426523687244025E-01
2.952052052052044E-01	-1.421719752027215E-01
2.955455455455448E-01	-1.416419378405943E-01
2.958858858858852E-01	-1.411611378927211E-01
2.962262262262255E-01	-1.406304334360869E-01
2.965665665665659E-01	-1.401492341389268E-01
2.969069069069062E-01	-1.396178696164094E-01
2.972472472472466E-01	-1.391362782873803E-01
2.975875875875870E-01	-1.386042610080299E-01
2.979279279279273E-01	-1.380718445143927E-01
2.982682682682677E-01	-1.375896227677738E-01
2.986086086086081E-01	-1.370565649703342E-01
2.989489489489484E-01	-1.365739705922851E-01
2.992892892892888E-01	-1.360402795346677E-01
2.996296296296291E-01	-1.355061991721651E-01
2.999699699699695E-01	-1.349717315860477E-01
3.003103103103099E-01	-1.344883037373402E-01
3.006506506506502E-01	-1.339532198525744E-01
3.009909909909906E-01	-1.334177553158976E-01
3.013313313313309E-01	-1.328819123939031E-01
3.016716716716713E-01	-1.323976864286981E-01
3.020120120120117E-01	-1.318612455029690E-01
3.023523523523520E-01	-1.313244333041129E-01
3.026926926926924E-01	-1.307872522910958E-01
3.030330330330328E-01	-1.302497049738695E-01
3.033733733733731E-01	-1.297645066502217E-01
3.037137137137135E-01	-1.292263861691903E-01
3.040540540540538E-01	-1.286879072050366E-01
3.043943943943942E-01	-1.281490724690379E-01
3.047347347347346E-01	-1.276098847258094E-01
3.050750750750749E-01	-1.270703467937930E-01
3.054154154154153E-01	-1.265304615457467E-01
3.057557557557556E-01	-1.259902319092341E-01
3.060960960960960E-01	-1.254496608671128E-01
3.064364364364364E-01	-1.249087514580248E-01
3.067767767767767E-01	-1.243675067768848E-01
3.071171171171171E-01	-1.238259299753688E-01
3.074574574574575E-01	-1.232840242624023E-01
3.077977977977978E-01	-1.227281263543621E-01
3.081381381381382E-01	-1.221855349710228E-01
3.084784784784785E-01	-1.216151332966212E-01
3.088188188188189E-01	-1.210718322543894E-01
3.091591591591593E-01	-1.205282193272147E-01
3.094994994994996E-01	-1.199565709636897E-01
3.098398398398400E-01	-1.194122699558307E-01
3.101801801801803E-01	-1.188397807442943E-01
3.105205205205207E-01	-1.182948067571045E-01
3.108608608608611E-01	-1.177214923736410E-01
3.112012012012014E-01	-1.171477290318373E-01
3.115415415415418E-01	-1.166017377805983E-01
3.118818818818822E-01	-1.160271739964873E-01
3.122222222222225E-01	-1.154521741019501E-01
3.125625625625629E-01	-1.148767425763242E-01
3.129029029029032E-01	-1.143294288479991E-01
3.132432432432436E-01	-1.137532321343994E-01
3.135835835835840E-01	-1.131766176366667E-01
3.139239239239243E-01	-1.125995901806971E-01
3.142642642642647E-01	-1.120221546823606E-01
3.146046046046050E-01	-1.114153510804755E-01
3.149449449449454E-01	-1.108370309680823E-01
3.152852852852858E-01	-1.102583182566882E-01
3.156256256256261E-01	-1.096792182358726E-01
3.159659659659665E-01	-1.090704272998506E-01
3.163063063063069E-01	-1.084904858915492E-01
3.166466466466472E-01	-1.079101737830405E-01
3.169869869869876E-01	-1.072999288588769E-01
3.173273273273279E-01	-1.067188100025135E-01
3.176676676676683E-01	-1.061075951162875E-01
3.180080080080087E-01	-1.054958585557346E-01
3.183483483483490E-01	-1.049135344323888E-01
3.186886886886894E-01	-1.043008667138576E-01
3.190290290290297E-01	-1.036876975804808E-01
3.193693693693701E-01	-1.030740341150229E-01
3.197097097097105E-01	-1.024598835343791E-01
3.200500500500508E-01	-1.018452531905601E-01
3.203903903903912E-01	-1.012301505716627E-01
3.207307307307316E-01	-1.006145833028283E-01
3.210710710710719E-01	-9.996790262736431E-02
3.214114114114123E-01	-9.935133953545792E-02
3.217517517517526E-01	-9.873433579592357E-02
3.220920920920930E-01	-9.808596377824202E-02
3.224324324324334E-01	-9.743697922706324E-02
3.227727727727737E-01	-9.681852585067782E-02
3.231131131131141E-01	-9.616844350510938E-02
3.234534534534544E-01	-9.551777721458350E-02
3.237937937937948E-01	-9.486653699274593E-02
3.241341341341352E-01	-9.424624961753506E-02
3.244744744744755E-01	-9.356237576716300E-02
3.248148148148159E-01	-9.290947575178153E-02
3.251551551551563E-01	-9.225604378416412E-02
3.254954954954966E-01	-9.160209084607251E-02
3.258358358358370E-01	-9.091561930556620E-02
3.261761761761773E-01	-9.026056309470837E-02
3.265165165165177E-01	-8.957281176692657E-02
3.268568568568581E-01	-8.891670050276783E-02
3.271971971971984E-01	-8.822772043837383E-02
3.275375375375388E-01	-8.753809408328962E-02
3.278778778778791E-01	-8.684783546263605E-02
3.282182182182195E-01	-8.615695886570746E-02
3.285585585585599E-01	-8.546547884725804E-02
3.288988988989002E-01	-8.474048243487024E-02
3.292392392392406E-01	-8.404773993261251E-02
3.295795795795810E-01	-8.332130187388735E-02
3.299199199199213E-01	-8.262736092643515E-02
3.302602602602617E-01	-8.189954911130266E-02
3.306006006006020E-01	-8.117102279653463E-02
3.309409409409424E-01	-8.044180065801916E-02
3.312812812812828E-01	-7.971190172222795E-02
3.316216216216231E-01	-7.898134536738619E-02
3.319619619619635E-01	-7.821626478656883E-02
3.323023023023038E-01	-7.745034920181898E-02
3.326426426426442E-01	-7.671773469220021E-02
3.329829829829846E-01	-7.595033071240610E-02
3.333233233233249E-01	-7.518216146940912E-02
3.336636636636653E-01	-7.441325141213245E-02
3.340040040040057E-01	-7.360907126235229E-02
3.343443443443460E-01	-7.283864700002007E-02
3.346846846846864E-01	-7.203278080624544E-02
3.350250250250267E-01	-7.122605657013133E-02
3.353653653653671E-01	-7.041850457021238E-02
3.357057057057075E-01	-6.957502605487176E-02
3.360460460460478E-01	-6.876580029160458E-02
3.363863863863882E-01	-6.792048189212281E-02
3.367267267267285E-01	-6.707423721593299E-02
3.370670670670689E-01	-6.622710372786458E-02
3.374074074074093E-01	-6.537911959673033E-02
3.377477477477496E-01	-6.449449094684825E-02
3.380880880880900E-01	-6.360885733675414E-02
3.384284284284304E-01	-6.272226415243995E-02
3.387687687687707E-01	-6.183475763670911E-02
3.391091091091111E-01	-6.091007008331484E-02
3.394494494494514E-01	-5.998432822342913E-02
3.397897897897918E-01	-5.905758690545938E-02
3.401301301301322E-01	-5.809321742260889E-02
3.404704704704725E-01	-5.712772070811069E-02
3.408108108108129E-01	-5.616116166020162E-02
3.411511511511532E-01	-5.515654684867235E-02
3.414914914914936E-01	-5.415076058581693E-02
3.418318318318340E-01	-5.310656346679246E-02
3.421721721721743E-01	-5.206110180619587E-02
3.425125125125147E-01	-5.101446405070911E-02
3.428528528528551E-01	-4.992904208992099E-02
3.431931931931954E-01	-4.880454953423072E-02
3.435335335335358E-01	-4.767866980138672E-02
3.438738738738761E-01	-4.651342401574594E-02
3.442142142142165E-01	-4.534677572366107E-02
3.445545545545569E-01	-4.414050126572162E-02
3.448948948948972E-01	-4.289435427825479E-02
3.452352352352376E-01	-4.160809904662501E-02
3.455755755755779E-01	-4.028151390842585E-02
3.459159159159183E-01	-3.895329970398669E-02
3.462562562562587E-01	-3.754560238592071E-02
3.465965965965990E-01	-3.608723651784482E-02
3.469369369369394E-01	-3.457797156633490E-02
3.472772772772798E-01	-3.300775046234235E-02
3.476176176176201E-01	-3.135652469258431E-02
3.479579579579605E-01	-2.962389275493398E-02
3.482982982983008E-01	-2.776965187423020E-02
3.486386386386412E-01	-2.581316721081477E-02
3.489789789789816E-01	-2.369390551894410E-02
3.493193193193219E-01	-2.135068789497170E-02
3.496596596596623E-01	-1.874203034177330E-02
3.500000000000026E-01	-1.570465407520780E-02
3.503403403403430E-01	-1.195190953183275E-02
