0.000000000000000E+00	                 NAN
5.002501250625313E-01	-5.816724161828620E+00
1.000500250125063E+00	-6.033442863155503E+00
1.500750375187594E+00	-6.250150643979552E+00
2.001000500250125E+00	-6.466842045300751E+00
2.501250625312657E+00	-6.683511609620219E+00
3.001500750375188E+00	-6.900153881439687E+00
3.501750875437719E+00	-7.116763407760200E+00
4.002001000500250E+00	-7.333334738579843E+00
4.502251125562782E+00	-7.549862427390319E+00
5.002501250625313E+00	-7.766341031672177E+00
5.502751375687844E+00	-7.982765113388495E+00
6.003001500750376E+00	-8.199129239476846E+00
6.503251625812907E+00	-8.415427982339342E+00
7.003501750875438E+00	-8.631655920330589E+00
7.503751875937970E+00	-8.847807638243367E+00
8.004002001000501E+00	-9.063877727791832E+00
8.504252126063033E+00	-9.279860788092092E+00
9.004502251125565E+00	-9.495751426139980E+00
9.504752376188097E+00	-9.711544257285810E+00
1.000500250125063E+01	-9.927233905705984E+00
1.050525262631316E+01	-1.014281500487129E+01
1.100550275137569E+01	-1.035828219801168E+01
1.150575287643823E+01	-1.057363013857740E+01
1.200600300150076E+01	-1.078885349069633E+01
1.250625312656329E+01	-1.100394692962730E+01
1.300650325162582E+01	-1.121890514220931E+01
1.350675337668835E+01	-1.143372282730652E+01
1.400700350175089E+01	-1.164839469624871E+01
1.450725362681342E+01	-1.186291547326732E+01
1.500750375187595E+01	-1.207727989592666E+01
1.550775387693848E+01	-1.229148271555041E+01
1.600800400200102E+01	-1.250551869764299E+01
1.650825412706355E+01	-1.271938262230605E+01
1.700850425212608E+01	-1.293306928464956E+01
1.750875437718861E+01	-1.314657349519773E+01
1.800900450225114E+01	-1.335989008028931E+01
1.850925462731368E+01	-1.357301388247252E+01
1.900950475237621E+01	-1.378593976089419E+01
1.950975487743874E+01	-1.399866259168319E+01
2.001000500250127E+01	-1.421117726832802E+01
2.051025512756381E+01	-1.442347870204846E+01
2.101050525262634E+01	-1.463556182216112E+01
2.151075537768887E+01	-1.484742157643893E+01
2.201100550275140E+01	-1.505905293146447E+01
2.251125562781393E+01	-1.527045087297690E+01
2.301150575287647E+01	-1.548161040621276E+01
2.351175587793900E+01	-1.569252655624015E+01
2.401200600300153E+01	-1.590319436828663E+01
2.451225612806406E+01	-1.611360890806045E+01
2.501250625312660E+01	-1.632376526206536E+01
2.551275637818913E+01	-1.653365853790869E+01
2.601300650325166E+01	-1.674328386460284E+01
2.651325662831419E+01	-1.695263639286004E+01
2.701350675337672E+01	-1.716171129538048E+01
2.751375687843926E+01	-1.737050376713346E+01
2.801400700350179E+01	-1.757900902563212E+01
2.851425712856432E+01	-1.778722231120093E+01
2.901450725362685E+01	-1.799513888723680E+01
2.951475737868939E+01	-1.820275404046304E+01
3.001500750375192E+01	-1.841006308117670E+01
3.051525762881445E+01	-1.861706134348891E+01
3.101550775387698E+01	-1.882374418555855E+01
3.151575787893951E+01	-1.903010698981881E+01
3.201600800400205E+01	-1.923614516319740E+01
3.251625812906457E+01	-1.944185413732941E+01
3.301650825412710E+01	-1.964722936876377E+01
3.351675837918963E+01	-1.985226633916272E+01
3.401700850425216E+01	-2.005696055549463E+01
3.451725862931469E+01	-2.026130755022012E+01
3.501750875437722E+01	-2.046530288147123E+01
3.551775887943975E+01	-2.066894213322437E+01
3.601800900450228E+01	-2.087222091546619E+01
3.651825912956480E+01	-2.107513486435315E+01
3.701850925462733E+01	-2.127767964236445E+01
3.751875937968986E+01	-2.147985093844841E+01
3.801900950475239E+01	-2.168164446816252E+01
3.851925962981492E+01	-2.188305597380684E+01
3.901950975487745E+01	-2.208408122455150E+01
3.951975987993998E+01	-2.228471601655732E+01
4.002001000500250E+01	-2.248495617309069E+01
4.052026013006503E+01	-2.268479754463194E+01
4.102051025512756E+01	-2.288423600897782E+01
4.152076038019009E+01	-2.308326747133782E+01
4.202101050525262E+01	-2.328188786442445E+01
4.252126063031515E+01	-2.348009314853766E+01
4.302151075537768E+01	-2.367787931164367E+01
4.352176088044020E+01	-2.387524236944735E+01
4.402201100550273E+01	-2.407217836545976E+01
4.452226113056526E+01	-2.426868337105925E+01
4.502251125562779E+01	-2.446475348554775E+01
4.552276138069032E+01	-2.466038483620093E+01
4.602301150575285E+01	-2.485557357831346E+01
4.652326163081538E+01	-2.505031589523863E+01
4.702351175587791E+01	-2.524460799842297E+01
4.752376188094043E+01	-2.543844612743560E+01
4.802401200600296E+01	-2.563182654999247E+01
4.852426213106549E+01	-2.582474556197583E+01
4.902451225612802E+01	-2.601719948744843E+01
4.952476238119055E+01	-2.620918467866333E+01
5.002501250625308E+01	-2.640069751606877E+01
5.052526263131561E+01	-2.659173440830831E+01
5.102551275637813E+01	-2.678229179221656E+01
5.152576288144066E+01	-2.697236613281051E+01
5.202601300650319E+01	-2.716195392327624E+01
5.252626313156572E+01	-2.735105168495159E+01
5.302651325662825E+01	-2.753965596730435E+01
5.352676338169078E+01	-2.772776334790674E+01
5.402701350675331E+01	-2.791537043240549E+01
5.452726363181583E+01	-2.810247385448797E+01
5.502751375687836E+01	-2.828907027584484E+01
5.552776388194089E+01	-2.847515638612866E+01
5.602801400700342E+01	-2.866072890290869E+01
5.652826413206595E+01	-2.884578457162246E+01
5.702851425712848E+01	-2.903032016552354E+01
5.752876438219101E+01	-2.921433248562602E+01
5.802901450725354E+01	-2.939781836064565E+01
5.852926463231606E+01	-2.958077464693767E+01
5.902951475737859E+01	-2.976319822843160E+01
5.952976488244112E+01	-2.994508601656271E+01
6.003001500750365E+01	-3.012643495020077E+01
6.053026513256618E+01	-3.030724199557575E+01
6.103051525762871E+01	-3.048750414620071E+01
6.153076538269124E+01	-3.066721842279179E+01
6.203101550775376E+01	-3.084638187318587E+01
6.253126563281629E+01	-3.102499157225529E+01
6.303151575787882E+01	-3.120304462182023E+01
6.353176588294135E+01	-3.138053815055864E+01
6.403201600800388E+01	-3.155746931391376E+01
6.453226613306641E+01	-3.173383529399947E+01
6.503251625812895E+01	-3.190963329950322E+01
6.553276638319149E+01	-3.208486056558709E+01
6.603301650825402E+01	-3.225951435378652E+01
6.653326663331656E+01	-3.243359195190732E+01
6.703351675837909E+01	-3.260709067392062E+01
6.753376688344163E+01	-3.278000785985582E+01
6.803401700850416E+01	-3.295234087569212E+01
6.853426713356670E+01	-3.312408711324805E+01
6.903451725862924E+01	-3.329524399006949E+01
6.953476738369177E+01	-3.346580894931592E+01
7.003501750875431E+01	-3.363577945964563E+01
7.053526763381684E+01	-3.380515301509867E+01
7.103551775887938E+01	-3.397392713497950E+01
7.153576788394192E+01	-3.414209936373717E+01
7.203601800900445E+01	-3.430966727084512E+01
7.253626813406699E+01	-3.447662845067922E+01
7.303651825912952E+01	-3.464298052239506E+01
7.353676838419206E+01	-3.480872112980388E+01
7.403701850925459E+01	-3.497384794124749E+01
7.453726863431713E+01	-3.513835864947227E+01
7.503751875937967E+01	-3.530225097150237E+01
7.553776888444220E+01	-3.546552264851172E+01
7.603801900950474E+01	-3.562817144569555E+01
7.653826913456727E+01	-3.579019515214086E+01
7.703851925962981E+01	-3.595159158069647E+01
7.753876938469234E+01	-3.611235856784196E+01
7.803901950975488E+01	-3.627249397355649E+01
7.853926963481742E+01	-3.643199568118653E+01
7.903951975987995E+01	-3.659086159731365E+01
7.953976988494249E+01	-3.674908965162111E+01
8.004002001000502E+01	-3.690667779676047E+01
8.054027013506756E+01	-3.706362400821786E+01
8.104052026013009E+01	-3.721992628417946E+01
8.154077038519263E+01	-3.737558264539702E+01
8.204102051025517E+01	-3.753059113505301E+01
8.254127063531770E+01	-3.768494981862533E+01
8.304152076038024E+01	-3.783865678375192E+01
8.354177088544277E+01	-3.799171014009539E+01
8.404202101050531E+01	-3.814410801920727E+01
8.454227113556784E+01	-3.829584857439205E+01
8.504252126063038E+01	-3.844692998057152E+01
8.554277138569292E+01	-3.859735043414852E+01
8.604302151075545E+01	-3.874710815287154E+01
8.654327163581799E+01	-3.889620137569806E+01
8.704352176088052E+01	-3.904462836265932E+01
8.754377188594306E+01	-3.919238739472403E+01
8.804402201100559E+01	-3.933947677366299E+01
8.854427213606813E+01	-3.948589482191324E+01
8.904452226113067E+01	-3.963163988244276E+01
8.954477238619320E+01	-3.977671031861517E+01
9.004502251125574E+01	-3.992110451405458E+01
9.054527263631827E+01	-4.006482087251110E+01
9.104552276138081E+01	-4.020785781772560E+01
9.154577288644334E+01	-4.035021379329610E+01
9.204602301150588E+01	-4.049188726254321E+01
9.254627313656842E+01	-4.063287670837673E+01
9.304652326163095E+01	-4.077318063316209E+01
9.354677338669349E+01	-4.091279755858746E+01
9.404702351175602E+01	-4.105172602553076E+01
9.454727363681856E+01	-4.118996459392786E+01
9.504752376188110E+01	-4.132751184264040E+01
9.554777388694363E+01	-4.146436636932423E+01
9.604802401200617E+01	-4.160052679029862E+01
9.654827413706870E+01	-4.173599174041558E+01
9.704852426213124E+01	-4.187075987292987E+01
9.754877438719377E+01	-4.200482985936903E+01
9.804902451225631E+01	-4.213820038940479E+01
9.854927463731885E+01	-4.227087017072392E+01
9.904952476238138E+01	-4.240283792890033E+01
9.954977488744392E+01	-4.253410240726759E+01
1.000500250125065E+02	-4.266466236679170E+01
1.005502751375690E+02	-4.279451658594467E+01
1.010505252626315E+02	-4.292366386057869E+01
1.015507753876941E+02	-4.305210300380056E+01
1.020510255127566E+02	-4.317983284584718E+01
1.025512756378191E+02	-4.330685223396102E+01
1.030515257628817E+02	-4.343316003226692E+01
1.035517758879442E+02	-4.355875512164874E+01
1.040520260130067E+02	-4.368363639962737E+01
1.045522761380693E+02	-4.380780278023860E+01
1.050525262631318E+02	-4.393125319391219E+01
1.055527763881943E+02	-4.405398658735137E+01
1.060530265132569E+02	-4.417600192341308E+01
1.065532766383194E+02	-4.429729818098837E+01
1.070535267633820E+02	-4.441787435488458E+01
1.075537768884445E+02	-4.453772945570662E+01
1.080540270135070E+02	-4.465686250974016E+01
1.085542771385696E+02	-4.477527255883515E+01
1.090545272636321E+02	-4.489295866028956E+01
1.095547773886946E+02	-4.500991988673453E+01
1.100550275137572E+02	-4.512615532601935E+01
1.105552776388197E+02	-4.524166408109806E+01
1.110555277638822E+02	-4.535644526991577E+01
1.115557778889448E+02	-4.547049802529647E+01
1.120560280140073E+02	-4.558382149483108E+01
1.125562781390698E+02	-4.569641484076626E+01
1.130565282641324E+02	-4.580827723989383E+01
1.135567783891949E+02	-4.591940788344134E+01
1.140570285142575E+02	-4.602980597696250E+01
1.145572786393200E+02	-4.613947074022908E+01
1.150575287643825E+02	-4.624840140712322E+01
1.155577788894451E+02	-4.635659722553003E+01
1.160580290145076E+02	-4.646405745723197E+01
1.165582791395701E+02	-4.657078137780226E+01
1.170585292646327E+02	-4.667676827650083E+01
1.175587793896952E+02	-4.678201745616945E+01
1.180590295147577E+02	-4.688652823312847E+01
1.185592796398203E+02	-4.699029993707381E+01
1.190595297648828E+02	-4.709333191097473E+01
1.195597798899453E+02	-4.719562351097249E+01
1.200600300150079E+02	-4.729717410627941E+01
1.205602801400704E+02	-4.739798307907881E+01
1.210605302651330E+02	-4.749804982442529E+01
1.215607803901955E+02	-4.759737375014654E+01
1.220610305152580E+02	-4.769595427674465E+01
1.225612806403206E+02	-4.779379083729898E+01
1.230615307653831E+02	-4.789088287736947E+01
1.235617808904456E+02	-4.798722985490047E+01
1.240620310155082E+02	-4.808283124012538E+01
1.245622811405707E+02	-4.817768651547191E+01
1.250625312656332E+02	-4.827179517546812E+01
1.255627813906958E+02	-4.836515672664898E+01
1.260630315157583E+02	-4.845777068746366E+01
1.265632816408208E+02	-4.854963658818337E+01
1.270635317658834E+02	-4.864075397081012E+01
1.275637818909459E+02	-4.873112238898590E+01
1.280640320160084E+02	-4.882074140790235E+01
1.285642821410710E+02	-4.890961060421186E+01
1.290645322661335E+02	-4.899772956593814E+01
1.295647823911960E+02	-4.908509789238847E+01
1.300650325162586E+02	-4.917171519406592E+01
1.305652826413211E+02	-4.925758109258263E+01
1.310655327663837E+02	-4.934269522057352E+01
1.315657828914462E+02	-4.942705722161043E+01
1.320660330165087E+02	-4.951066675011754E+01
1.325662831415713E+02	-4.959352347128644E+01
1.330665332666338E+02	-4.967562706099299E+01
1.335667833916963E+02	-4.975697720571339E+01
1.340670335167589E+02	-4.983757360244255E+01
1.345672836418214E+02	-4.991741595861127E+01
1.350675337668839E+02	-4.999650399200545E+01
1.355677838919465E+02	-5.007483743068520E+01
1.360680340170090E+02	-5.015241601290473E+01
1.365682841420715E+02	-5.022923948703266E+01
1.370685342671341E+02	-5.030530761147327E+01
1.375687843921966E+02	-5.038062015458792E+01
1.380690345172592E+02	-5.045517689461736E+01
1.385692846423217E+02	-5.052897761960464E+01
1.390695347673842E+02	-5.060202212731816E+01
1.395697848924468E+02	-5.067431022517585E+01
1.400700350175093E+02	-5.074584173016959E+01
1.405702851425718E+02	-5.081661646879019E+01
1.410705352676344E+02	-5.088663427695304E+01
1.415707853926969E+02	-5.095589499992420E+01
1.420710355177594E+02	-5.102439849224744E+01
1.425712856428220E+02	-5.109214461767093E+01
1.430715357678845E+02	-5.115913324907562E+01
1.435717858929470E+02	-5.122536426840308E+01
1.440720360180096E+02	-5.129083756658472E+01
1.445722861430721E+02	-5.135555304347097E+01
1.450725362681347E+02	-5.141951060776152E+01
1.455727863931972E+02	-5.148271017693535E+01
1.460730365182597E+02	-5.154515167718186E+01
1.465732866433223E+02	-5.160683504333267E+01
1.470735367683848E+02	-5.166776021879290E+01
1.475737868934473E+02	-5.172792715547451E+01
1.480740370185099E+02	-5.178733581372857E+01
1.485742871435724E+02	-5.184598616227937E+01
1.490745372686349E+02	-5.190387817815782E+01
1.495747873936975E+02	-5.196101184663645E+01
1.500750375187600E+02	-5.201738716116410E+01
1.505752876438225E+02	-5.207300412330145E+01
1.510755377688851E+02	-5.212786274265708E+01
1.515757878939476E+02	-5.218196303682345E+01
1.520760380190102E+02	-5.223530503131446E+01
1.525762881440727E+02	-5.228788875950219E+01
1.530765382691352E+02	-5.233971426255528E+01
1.535767883941978E+02	-5.239078158937631E+01
1.540770385192603E+02	-5.244109079654178E+01
1.545772886443228E+02	-5.249064194824027E+01
1.550775387693854E+02	-5.253943511621268E+01
1.555777888944479E+02	-5.258747037969190E+01
1.560780390195104E+02	-5.263474782534355E+01
1.565782891445730E+02	-5.268126754720723E+01
1.570785392696355E+02	-5.272702964663728E+01
1.575787893946980E+02	-5.277203423224510E+01
1.580790395197606E+02	-5.281628141984138E+01
1.585792896448231E+02	-5.285977133237859E+01
1.590795397698857E+02	-5.290250409989427E+01
1.595797898949482E+02	-5.294447985945443E+01
1.600800400200107E+02	-5.298569875509776E+01
1.605802901450733E+02	-5.302616093777940E+01
1.610805402701358E+02	-5.306586656531642E+01
1.615807903951983E+02	-5.310481580233265E+01
1.620810405202609E+02	-5.314300882020408E+01
1.625812906453234E+02	-5.318044579700510E+01
1.630815407703859E+02	-5.321712691745476E+01
1.635817908954485E+02	-5.325305237286367E+01
1.640820410205110E+02	-5.328822236108079E+01
1.645822911455735E+02	-5.332263708644130E+01
1.650825412706361E+02	-5.335629675971428E+01
1.655827913956986E+02	-5.338920159805125E+01
1.660830415207612E+02	-5.342135182493448E+01
1.665832916458237E+02	-5.345274767012649E+01
1.670835417708862E+02	-5.348338936961895E+01
1.675837918959488E+02	-5.351327716558263E+01
1.680840420210113E+02	-5.354241130631784E+01
1.685842921460738E+02	-5.357079204620442E+01
1.690845422711364E+02	-5.359841964565303E+01
1.695847923961989E+02	-5.362529437105579E+01
1.700850425212614E+02	-5.365141649473882E+01
1.705852926463240E+02	-5.367678629491275E+01
1.710855427713865E+02	-5.370140405562632E+01
1.715857928964490E+02	-5.372527006671795E+01
1.720860430215116E+02	-5.374838462376920E+01
1.725862931465741E+02	-5.377074802805820E+01
1.730865432716367E+02	-5.379236058651262E+01
1.735867933966992E+02	-5.381322261166395E+01
1.740870435217617E+02	-5.383333442160191E+01
1.745872936468243E+02	-5.385269633992861E+01
1.750875437718868E+02	-5.387130869571391E+01
1.755877938969493E+02	-5.388917182345038E+01
1.760880440220119E+02	-5.390628606300874E+01
1.765882941470744E+02	-5.392265175959398E+01
1.770885442721369E+02	-5.393826926370122E+01
1.775887943971995E+02	-5.395313893107289E+01
1.780890445222620E+02	-5.396726112265419E+01
1.785892946473246E+02	-5.398063620455151E+01
1.790895447723871E+02	-5.399326454798908E+01
1.795897948974496E+02	-5.400514652926697E+01
1.800900450225122E+02	-5.401628252971862E+01
1.805902951475747E+02	-5.402667293566970E+01
1.810905452726372E+02	-5.403631813839664E+01
1.815907953976998E+02	-5.404521853408472E+01
1.820910455227623E+02	-5.405337452378806E+01
1.825912956478248E+02	-5.406078651338874E+01
1.830915457728874E+02	-5.406745491355637E+01
1.835917958979499E+02	-5.407338013970847E+01
1.840920460230124E+02	-5.407856261197012E+01
1.845922961480750E+02	-5.408300275513523E+01
1.850925462731375E+02	-5.408670099862670E+01
1.855927963982001E+02	-5.408965777645808E+01
1.860930465232626E+02	-5.409187352719437E+01
1.865932966483251E+02	-5.409334869391399E+01
1.870935467733877E+02	-5.409408372417082E+01
1.875937968984502E+02	-5.409407906995569E+01
1.880940470235127E+02	-5.409333518765965E+01
1.885942971485753E+02	-5.409185253803577E+01
1.890945472736378E+02	-5.408963158616297E+01
1.895947973987003E+02	-5.408667280140819E+01
1.900950475237629E+02	-5.408297665739077E+01
1.905952976488254E+02	-5.407854363194537E+01
1.910955477738879E+02	-5.407337420708652E+01
1.915957978989505E+02	-5.406746886897219E+01
1.920960480240130E+02	-5.406082810786854E+01
1.925962981490756E+02	-5.405345241811489E+01
1.930965482741381E+02	-5.404534229808772E+01
1.935967983992006E+02	-5.403649825016669E+01
1.940970485242632E+02	-5.402692078069942E+01
1.945972986493257E+02	-5.401661039996774E+01
1.950975487743882E+02	-5.400556762215238E+01
1.955977988994508E+02	-5.399379296530052E+01
1.960980490245133E+02	-5.398128695129072E+01
1.965982991495758E+02	-5.396805010580045E+01
1.970985492746384E+02	-5.395408295827227E+01
1.975987993997009E+02	-5.393938604188077E+01
1.980990495247634E+02	-5.392395989350019E+01
1.985992996498260E+02	-5.390780505367142E+01
1.990995497748885E+02	-5.389092206656986E+01
1.995997998999511E+02	-5.387331147997322E+01
2.001000500250136E+02	-5.385497384522925E+01
2.006003001500761E+02	-5.383590971722467E+01
2.011005502751387E+02	-5.381611965435298E+01
2.016008004002012E+02	-5.379560421848365E+01
2.021010505252637E+02	-5.377436397493057E+01
2.026013006503263E+02	-5.375239949242167E+01
2.031015507753888E+02	-5.372971134306776E+01
2.036018009004513E+02	-5.370630010233223E+01
2.041020510255139E+02	-5.368216634900094E+01
2.046023011505764E+02	-5.365731066515173E+01
2.051025512756389E+02	-5.363173363612493E+01
2.056028014007015E+02	-5.360543585049343E+01
2.061030515257640E+02	-5.357841790003324E+01
2.066033016508266E+02	-5.355068037969415E+01
2.071035517758891E+02	-5.352222388757094E+01
2.076038019009516E+02	-5.349304902487382E+01
2.081040520260142E+02	-5.346315639590046E+01
2.086043021510767E+02	-5.343254660800674E+01
2.091045522761392E+02	-5.340122027157896E+01
2.096048024012018E+02	-5.336917800000530E+01
2.101050525262643E+02	-5.333642040964794E+01
2.106053026513268E+02	-5.330294811981552E+01
2.111055527763894E+02	-5.326876175273515E+01
2.116058029014519E+02	-5.323386193352500E+01
2.121060530265144E+02	-5.319824929016739E+01
2.126063031515770E+02	-5.316192445348137E+01
2.131065532766395E+02	-5.312488805709598E+01
2.136068034017021E+02	-5.308714073742343E+01
2.141070535267646E+02	-5.304868313363233E+01
2.146073036518271E+02	-5.300951588762187E+01
2.151075537768897E+02	-5.296963964399522E+01
2.156078039019522E+02	-5.292905505003345E+01
2.161080540270147E+02	-5.288776275566972E+01
2.166083041520773E+02	-5.284576341346369E+01
2.171085542771398E+02	-5.280305767857590E+01
2.176088044022023E+02	-5.275964620874229E+01
2.181090545272649E+02	-5.271552966424890E+01
2.186093046523274E+02	-5.267070870790756E+01
2.191095547773899E+02	-5.262518400502956E+01
2.196098049024525E+02	-5.257895622340286E+01
2.201100550275150E+02	-5.253202603326532E+01
2.206103051525776E+02	-5.248439410728216E+01
2.211105552776401E+02	-5.243606112052061E+01
2.216108054027026E+02	-5.238702775042643E+01
2.221110555277652E+02	-5.233729467679940E+01
2.226113056528277E+02	-5.228686258176985E+01
2.231115557778902E+02	-5.223573214977495E+01
2.236118059029528E+02	-5.218390406753574E+01
2.241120560280153E+02	-5.213137902403253E+01
2.246123061530778E+02	-5.207815771048283E+01
2.251125562781404E+02	-5.202424082031815E+01
2.256128064032029E+02	-5.196962904916067E+01
2.261130565282654E+02	-5.191432309480070E+01
2.266133066533280E+02	-5.185832365717429E+01
2.271135567783905E+02	-5.180163143834040E+01
2.276138069034531E+02	-5.174424714245888E+01
2.281140570285156E+02	-5.168617147576840E+01
2.286143071535781E+02	-5.162740514656358E+01
2.291145572786407E+02	-5.156794886517452E+01
2.296148074037032E+02	-5.150780334394356E+01
2.301150575287657E+02	-5.144696929720488E+01
2.306153076538283E+02	-5.138544744126214E+01
2.311155577788908E+02	-5.132323849436779E+01
2.316158079039533E+02	-5.126034317670136E+01
2.321160580290159E+02	-5.119676221034855E+01
2.326163081540784E+02	-5.113249631928060E+01
2.331165582791409E+02	-5.106754622933324E+01
2.336168084042035E+02	-5.100191266818562E+01
2.341170585292660E+02	-5.093559636534054E+01
2.346173086543286E+02	-5.086859805210370E+01
2.351175587793911E+02	-5.080091846156296E+01
2.356178089044536E+02	-5.073255832856919E+01
2.361180590295162E+02	-5.066351838971497E+01
2.366183091545787E+02	-5.059379938331617E+01
2.371185592796412E+02	-5.052340204939077E+01
2.376188094047038E+02	-5.045232712964023E+01
2.381190595297663E+02	-5.038057536742924E+01
2.386193096548288E+02	-5.030814750776680E+01
2.391195597798914E+02	-5.023504429728707E+01
2.396198099049539E+02	-5.016126648422952E+01
2.401200600300164E+02	-5.008681481842059E+01
2.406203101550790E+02	-5.001169005125431E+01
2.411205602801415E+02	-4.993589293567403E+01
2.416208104052041E+02	-4.985942422615310E+01
2.421210605302666E+02	-4.978228467867678E+01
2.426213106553291E+02	-4.970447505072358E+01
2.431215607803917E+02	-4.962599610124705E+01
2.436218109054542E+02	-4.954684859065785E+01
2.441220610305167E+02	-4.946703328080475E+01
2.446223111555793E+02	-4.938655093495741E+01
2.451225612806418E+02	-4.930540231778890E+01
2.456228114057043E+02	-4.922358819535689E+01
2.461230615307669E+02	-4.914110933508648E+01
2.466233116558294E+02	-4.905796650575295E+01
2.471235617808919E+02	-4.897416047746413E+01
2.476238119059545E+02	-4.888969202164279E+01
2.481240620310170E+02	-4.880456191101013E+01
2.486243121560796E+02	-4.871877091956791E+01
2.491245622811421E+02	-4.863231982258220E+01
2.496248124062046E+02	-4.854520939656576E+01
2.501250625312672E+02	-4.845744041926196E+01
2.506253126563297E+02	-4.836901366962790E+01
2.511255627813922E+02	-4.827992992781754E+01
2.516258129064548E+02	-4.819018997516552E+01
2.521260630315173E+02	-4.809979459417077E+01
2.526263131565798E+02	-4.800874456848059E+01
2.531265632816424E+02	-4.791704068287397E+01
2.536268134067049E+02	-4.782468372324568E+01
2.541270635317674E+02	-4.773167447659052E+01
2.546273136568300E+02	-4.763801373098753E+01
2.551275637818925E+02	-4.754370227558417E+01
2.556278139069551E+02	-4.744874090058031E+01
2.561280640320176E+02	-4.735313039721334E+01
2.566283141570801E+02	-4.725687155774208E+01
2.571285642821426E+02	-4.715996517543230E+01
2.576288144072051E+02	-4.706241204454054E+01
2.581290645322676E+02	-4.696421296029943E+01
2.586293146573301E+02	-4.686536871890278E+01
2.591295647823926E+02	-4.676588011749030E+01
2.596298149074551E+02	-4.666574795413280E+01
2.601300650325176E+02	-4.656497302781757E+01
2.606303151575801E+02	-4.646355613843358E+01
2.611305652826426E+02	-4.636149808675723E+01
2.616308154077051E+02	-4.625879967443732E+01
2.621310655327676E+02	-4.615546170398083E+01
2.626313156578302E+02	-4.605148497873908E+01
2.631315657828927E+02	-4.594687030289274E+01
2.636318159079552E+02	-4.584161848143865E+01
2.641320660330177E+02	-4.573573032017473E+01
2.646323161580802E+02	-4.562920662568681E+01
2.651325662831427E+02	-4.552204820533465E+01
2.656328164082052E+02	-4.541425586723805E+01
2.661330665332677E+02	-4.530583042026277E+01
2.666333166583302E+02	-4.519677267400804E+01
2.671335667833927E+02	-4.508708343879190E+01
2.676338169084552E+02	-4.497676352563835E+01
2.681340670335177E+02	-4.486581374626426E+01
2.686343171585802E+02	-4.475423491306535E+01
2.691345672836428E+02	-4.464202783910381E+01
2.696348174087053E+02	-4.452919333809459E+01
2.701350675337678E+02	-4.441573222439329E+01
2.706353176588303E+02	-4.430164531298207E+01
2.711355677838928E+02	-4.418693341945792E+01
2.716358179089553E+02	-4.407159736001902E+01
2.721360680340178E+02	-4.395563795145282E+01
2.726363181590803E+02	-4.383905601112296E+01
2.731365682841428E+02	-4.372185235695716E+01
2.736368184092053E+02	-4.360402780743440E+01
2.741370685342678E+02	-4.348558318157294E+01
2.746373186593303E+02	-4.336651929891762E+01
2.751375687843928E+02	-4.324683697952847E+01
2.756378189094553E+02	-4.312653704396761E+01
2.761380690345179E+02	-4.300562031328801E+01
2.766383191595804E+02	-4.288408760902124E+01
2.771385692846429E+02	-4.276193975316554E+01
2.776388194097054E+02	-4.263917756817418E+01
2.781390695347679E+02	-4.251580187694359E+01
2.786393196598304E+02	-4.239181350280203E+01
2.791395697848929E+02	-4.226721326949772E+01
2.796398199099554E+02	-4.214200200118749E+01
2.801400700350179E+02	-4.201618052242512E+01
2.806403201600804E+02	-4.188974965815058E+01
2.811405702851429E+02	-4.176271023367807E+01
2.816408204102054E+02	-4.163506307468570E+01
2.821410705352679E+02	-4.150680900720298E+01
2.826413206603305E+02	-4.137794885760164E+01
2.831415707853930E+02	-4.124848345258281E+01
2.836418209104555E+02	-4.111841361916758E+01
2.841420710355180E+02	-4.098774018468519E+01
2.846423211605805E+02	-4.085646397676297E+01
2.851425712856430E+02	-4.072458582331522E+01
2.856428214107055E+02	-4.059210655253245E+01
2.861430715357680E+02	-4.045902699287146E+01
2.866433216608305E+02	-4.032534797304428E+01
2.871435717858930E+02	-4.019107032200831E+01
2.876438219109555E+02	-4.005619486895527E+01
2.881440720360180E+02	-3.992072244330152E+01
2.886443221610805E+02	-3.978465387467762E+01
2.891445722861430E+02	-3.964798999291836E+01
2.896448224112056E+02	-3.951073162805242E+01
2.901450725362681E+02	-3.937287961029259E+01
2.906453226613306E+02	-3.923443477002574E+01
2.911455727863931E+02	-3.909539793780309E+01
2.916458229114556E+02	-3.895576994433018E+01
2.921460730365181E+02	-3.881555162045712E+01
2.926463231615806E+02	-3.867474379716985E+01
2.931465732866431E+02	-3.853334730557859E+01
2.936468234117056E+02	-3.839136297691014E+01
2.941470735367681E+02	-3.824879164249783E+01
2.946473236618306E+02	-3.810563413377159E+01
2.951475737868931E+02	-3.796189128224913E+01
2.956478239119556E+02	-3.781756391952670E+01
2.961480740370181E+02	-3.767265287726972E+01
2.966483241620807E+02	-3.752715898720314E+01
2.971485742871432E+02	-3.738108308110331E+01
2.976488244122057E+02	-3.723442599078820E+01
2.981490745372682E+02	-3.708718854810869E+01
2.986493246623307E+02	-3.693937158493944E+01
2.991495747873932E+02	-3.679097593317065E+01
2.996498249124557E+02	-3.664200242469830E+01
3.001500750375182E+02	-3.649245189141622E+01
3.006503251625807E+02	-3.634232516520704E+01
3.011505752876432E+02	-3.619162307793355E+01
3.016508254127057E+02	-3.604034646143075E+01
3.021510755377682E+02	-3.588849614749618E+01
3.026513256628307E+02	-3.573607296788268E+01
3.031515757878933E+02	-3.558307775428907E+01
3.036518259129558E+02	-3.542951133835263E+01
3.041520760380183E+02	-3.527537455164001E+01
3.046523261630808E+02	-3.512066822563984E+01
3.051525762881433E+02	-3.496539319175410E+01
3.056528264132058E+02	-3.480955028128981E+01
3.061530765382683E+02	-3.465314032545169E+01
3.066533266633308E+02	-3.449616415533340E+01
3.071535767883933E+02	-3.433862260191032E+01
3.076538269134558E+02	-3.418051649603112E+01
3.081540770385183E+02	-3.402184666841001E+01
3.086543271635808E+02	-3.386261394961972E+01
3.091545772886433E+02	-3.370281917008234E+01
3.096548274137058E+02	-3.354246316006337E+01
3.101550775387684E+02	-3.338154674966254E+01
3.106553276638309E+02	-3.322007076880735E+01
3.111555777888934E+02	-3.305803604724506E+01
3.116558279139559E+02	-3.289544341453573E+01
3.121560780390184E+02	-3.273229370004388E+01
3.126563281640809E+02	-3.256858773293246E+01
3.131565782891434E+02	-3.240432634215419E+01
3.136568284142059E+02	-3.223951035644544E+01
3.141570785392684E+02	-3.207414060431862E+01
3.146573286643309E+02	-3.190821791405458E+01
3.151575787893934E+02	-3.174174311369652E+01
3.156578289144559E+02	-3.157471703104219E+01
3.161580790395184E+02	-3.140714049363707E+01
3.166583291645809E+02	-3.123901432876770E+01
3.171585792896435E+02	-3.107033936345446E+01
3.176588294147060E+02	-3.090111642444479E+01
3.181590795397685E+02	-3.073134633820693E+01
3.186593296648310E+02	-3.056102993092228E+01
3.191595797898935E+02	-3.039016802847957E+01
3.196598299149560E+02	-3.021876145646767E+01
3.201600800400185E+02	-3.004681104016928E+01
3.206603301650810E+02	-2.987431760455437E+01
3.211605802901435E+02	-2.970128197427326E+01
3.216608304152060E+02	-2.952770497365092E+01
3.221610805402685E+02	-2.935358742668027E+01
3.226613306653310E+02	-2.917893015701546E+01
3.231615807903935E+02	-2.900373398796601E+01
3.236618309154561E+02	-2.882799974249034E+01
3.241620810405186E+02	-2.865172824318976E+01
3.246623311655811E+02	-2.847492031230210E+01
3.251625812906436E+02	-2.829757677169560E+01
3.256628314157061E+02	-2.811969844286305E+01
3.261630815407686E+02	-2.794128614691559E+01
3.266633316658311E+02	-2.776234070457676E+01
3.271635817908936E+02	-2.758286293617628E+01
3.276638319159561E+02	-2.740285366164486E+01
3.281640820410186E+02	-2.722231370050796E+01
3.286643321660811E+02	-2.704124387187935E+01
3.291645822911436E+02	-2.685964499445672E+01
3.296648324162061E+02	-2.667751788651461E+01
3.301650825412686E+02	-2.649486336589977E+01
3.306653326663312E+02	-2.631168225002470E+01
3.311655827913937E+02	-2.612797535586274E+01
3.316658329164562E+02	-2.594374349994221E+01
3.321660830415187E+02	-2.575898749834065E+01
3.326663331665812E+02	-2.557370816667990E+01
3.331665832916437E+02	-2.538790632012050E+01
3.336668334167062E+02	-2.520158277335597E+01
3.341670835417687E+02	-2.501473834060787E+01
3.346673336668312E+02	-2.482737383562043E+01
3.351675837918937E+02	-2.463949007165534E+01
3.356678339169562E+02	-2.445108786148601E+01
3.361680840420187E+02	-2.426216801739324E+01
3.366683341670812E+02	-2.407273135115972E+01
3.371685842921437E+02	-2.388277867406467E+01
3.376688344172063E+02	-2.369231079687908E+01
3.381690845422688E+02	-2.350132852986057E+01
3.386693346673313E+02	-2.330983268274870E+01
3.391695847923938E+02	-2.311782406475974E+01
3.396698349174563E+02	-2.292530348458198E+01
3.401700850425188E+02	-2.273227175037014E+01
3.406703351675813E+02	-2.253872966974215E+01
3.411705852926438E+02	-2.234467804977263E+01
3.416708354177063E+02	-2.215011769698939E+01
3.421710855427688E+02	-2.195504941736787E+01
3.426713356678313E+02	-2.175947401632713E+01
3.431715857928938E+02	-2.156339229872496E+01
3.436718359179563E+02	-2.136680506885322E+01
3.441720860430189E+02	-2.116971313043334E+01
3.446723361680814E+02	-2.097211728661203E+01
3.451725862931439E+02	-2.077401833995621E+01
3.456728364182064E+02	-2.057541709244951E+01
3.461730865432689E+02	-2.037631434548664E+01
3.466733366683314E+02	-2.017671089987059E+01
3.471735867933939E+02	-1.997660755580663E+01
3.476738369184564E+02	-1.977600511289896E+01
3.481740870435189E+02	-1.957490437014705E+01
3.486743371685814E+02	-1.937330612593943E+01
3.491745872936439E+02	-1.917121117805150E+01
3.496748374187064E+02	-1.896862032364064E+01
3.501750875437689E+02	-1.876553435924186E+01
3.506753376688314E+02	-1.856195408076386E+01
3.511755877938940E+02	-1.835788028348512E+01
3.516758379189565E+02	-1.815331376205004E+01
3.521760880440190E+02	-1.794825531046420E+01
3.526763381690815E+02	-1.774270572209154E+01
3.531765882941440E+02	-1.753666578964917E+01
3.536768384192065E+02	-1.733013630520501E+01
3.541770885442690E+02	-1.712311806017241E+01
3.546773386693315E+02	-1.691561184530716E+01
3.551775887943940E+02	-1.670761845070374E+01
3.556778389194565E+02	-1.649913866579161E+01
3.561780890445190E+02	-1.629017327933074E+01
3.566783391695815E+02	-1.608072307940879E+01
3.571785892946440E+02	-1.587078885343741E+01
3.576788394197065E+02	-1.566037138814787E+01
3.581790895447691E+02	-1.544947146958848E+01
3.586793396698316E+02	-1.523808988312019E+01
3.591795897948941E+02	-1.502622741341353E+01
3.596798399199566E+02	-1.481388484444486E+01
3.601800900450191E+02	-1.460106295949348E+01
3.606803401700816E+02	-1.438776254113734E+01
3.611805902951441E+02	-1.417398437125005E+01
3.616808404202066E+02	-1.395972923099820E+01
3.621810905452691E+02	-1.374499790083647E+01
3.626813406703316E+02	-1.352979116050583E+01
3.631815907953941E+02	-1.331410978902952E+01
3.636818409204566E+02	-1.309795456470991E+01
3.641820910455191E+02	-1.288132626512547E+01
3.646823411705817E+02	-1.266422566712706E+01
3.651825912956442E+02	-1.244665354683557E+01
3.656828414207067E+02	-1.222861067963820E+01
3.661830915457692E+02	-1.201009784018570E+01
3.666833416708317E+02	-1.179111580238882E+01
3.671835917958942E+02	-1.157166533941595E+01
3.676838419209567E+02	-1.135174722368945E+01
3.681840920460192E+02	-1.113136222688323E+01
3.686843421710817E+02	-1.091051111991945E+01
3.691845922961442E+02	-1.068919467296567E+01
3.696848424212067E+02	-1.046741365543213E+01
3.701850925462692E+02	-1.024516883596838E+01
3.706853426713317E+02	-1.002246098246119E+01
3.711855927963942E+02	-9.799290862031148E+00
3.716858429214568E+02	-9.575659241029973E+00
3.721860930465193E+02	-9.351566885038130E+00
3.726863431715818E+02	-9.127014558861651E+00
3.731865932966443E+02	-8.902003026529348E+00
3.736868434217068E+02	-8.676533051290994E+00
3.741870935467693E+02	-8.450605395613399E+00
3.746873436718318E+02	-8.224220821178994E+00
3.751875937968943E+02	-7.997380088882414E+00
3.756878439219568E+02	-7.770083958828229E+00
3.761880940470193E+02	-7.542333190328611E+00
3.766883441720818E+02	-7.314128541900379E+00
3.771885942971443E+02	-7.085470771262555E+00
3.776888444222068E+02	-6.856360635334488E+00
3.781890945472693E+02	-6.626798890232726E+00
3.786893446723319E+02	-6.396786291268745E+00
3.791895947973944E+02	-6.166323592947128E+00
3.796898449224569E+02	-5.935411548962383E+00
3.801900950475194E+02	-5.704050912196896E+00
3.806903451725819E+02	-5.472242434718941E+00
3.811905952976444E+02	-5.239986867780180E+00
3.816908454227069E+02	-5.007284961812990E+00
3.821910955477694E+02	-4.774137466428817E+00
3.826913456728319E+02	-4.540545130415955E+00
3.831915957978944E+02	-4.306508701736822E+00
3.836918459229569E+02	-4.072028927526196E+00
3.841920960480194E+02	-3.837106554088768E+00
3.846923461730819E+02	-3.601742326897726E+00
3.851925962981445E+02	-3.365936990591740E+00
3.856928464232070E+02	-3.129691288973424E+00
3.861930965482695E+02	-2.893005965007239E+00
3.866933466733320E+02	-2.655881760817328E+00
3.871935967983945E+02	-2.418319417685586E+00
3.876938469234570E+02	-2.180319676049498E+00
3.881940970485195E+02	-1.941883275500947E+00
3.886943471735820E+02	-1.703010954783087E+00
3.891945972986445E+02	-1.463703451789319E+00
3.896948474237070E+02	-1.223961503560679E+00
3.901950975487695E+02	-9.837858462852065E-01
3.906953476738320E+02	-7.431772152947129E-01
3.911955977988945E+02	-5.021363450635814E-01
3.916958479239570E+02	-2.606639692070072E-01
3.921960980490196E+02	-1.876082047946248E-02
3.926963481740821E+02	2.235723692280889E-01
3.931965982991446E+02	4.663348688884756E-01
3.936968484242071E+02	7.095259483413319E-01
3.941970985492696E+02	9.531448782941769E-01
3.946973486743321E+02	1.197190930323780E+00
3.951975987993946E+02	1.441663376878489E+00
3.956978489244571E+02	1.686561491279770E+00
3.961980990495196E+02	1.931884547722996E+00
3.966983491745821E+02	2.177631821280182E+00
3.971985992996446E+02	2.423802587900946E+00
3.976988494247071E+02	2.670396124413935E+00
3.981990995497696E+02	2.917411708528642E+00
3.986993496748321E+02	3.164848618836936E+00
3.991995997998947E+02	3.412706134814210E+00
3.996998499249572E+02	3.660983536821300E+00
4.002001000500197E+02	3.909680106105805E+00
4.007003501750822E+02	4.158795124802930E+00
4.012006003001447E+02	4.408327875937710E+00
4.017008504252072E+02	4.658277643426425E+00
4.022011005502697E+02	4.908643712076719E+00
4.027013506753322E+02	5.159425367591064E+00
4.032016008003947E+02	5.410621896565624E+00
4.037018509254572E+02	5.662232586493610E+00
4.042021010505197E+02	5.914256725765961E+00
4.047023511755822E+02	6.166693603671400E+00
4.052026013006447E+02	6.419542510400015E+00
4.057028514257073E+02	6.672802737042412E+00
4.062031015507698E+02	6.926473575592320E+00
4.067033516758323E+02	7.180554318946031E+00
4.072036018008948E+02	7.435044260906261E+00
4.077038519259573E+02	7.689942696181015E+00
4.082041020510198E+02	7.945248920385632E+00
4.087043521760823E+02	8.200962230043865E+00
4.092046023011448E+02	8.457081922589134E+00
4.097048524262073E+02	8.713607296364922E+00
4.102051025512698E+02	8.970537650626875E+00
4.107053526763323E+02	9.227872285543379E+00
4.112056028013948E+02	9.485610502195891E+00
4.117058529264573E+02	9.743751602581677E+00
4.122061030515198E+02	1.000229488961255E+01
4.127063531765824E+02	1.026123966711830E+01
4.132066033016449E+02	1.052058523984564E+01
4.137068534267074E+02	1.078033091346046E+01
4.142071035517699E+02	1.104047599454784E+01
4.147073536768324E+02	1.130101979061382E+01
4.152076038018949E+02	1.156196161008566E+01
4.157078539269574E+02	1.182330076231298E+01
4.162081040520199E+02	1.208503655756911E+01
4.167083541770824E+02	1.234716830705056E+01
4.172086043021449E+02	1.260969532287955E+01
4.177088544272074E+02	1.287261691810365E+01
4.182091045522699E+02	1.313593240669720E+01
4.187093546773324E+02	1.339964110356143E+01
4.192096048023949E+02	1.366374232452656E+01
4.197098549274575E+02	1.392823538635090E+01
4.202101050525200E+02	1.419311960672266E+01
4.207103551775825E+02	1.445839430426050E+01
4.212106053026450E+02	1.472405879851399E+01
4.217108554277075E+02	1.499011240996500E+01
4.222111055527700E+02	1.525655446002681E+01
4.227113556778325E+02	1.552338427104680E+01
4.232116058028950E+02	1.579060116630594E+01
4.237118559279575E+02	1.605820447001920E+01
4.242121060530200E+02	1.632619350733719E+01
4.247123561780825E+02	1.659456760434565E+01
4.252126063031450E+02	1.686332608806710E+01
4.257128564282075E+02	1.713246828646006E+01
4.262131065532701E+02	1.740199352842156E+01
4.267133566783326E+02	1.767190114378578E+01
4.272136068033951E+02	1.794219046332559E+01
4.277138569284576E+02	1.821286081875316E+01
4.282141070535201E+02	1.848391154271993E+01
4.287143571785826E+02	1.875534196881735E+01
4.292146073036451E+02	1.902715143157737E+01
4.297148574287076E+02	1.929933926647313E+01
4.302151075537701E+02	1.957190480991888E+01
4.307153576788326E+02	1.984484739927134E+01
4.312156078038951E+02	2.011816637282859E+01
4.317158579289576E+02	2.039186106983211E+01
4.322161080540201E+02	2.066593083046663E+01
4.327163581790826E+02	2.094037499585973E+01
4.332166083041452E+02	2.121519290808325E+01
4.337168584292077E+02	2.149038391015332E+01
4.342171085542702E+02	2.176594734603085E+01
4.347173586793327E+02	2.204188256062118E+01
4.352176088043952E+02	2.231818889977480E+01
4.357178589294577E+02	2.259486571028852E+01
4.362181090545202E+02	2.287191233990446E+01
4.367183591795827E+02	2.314932813731090E+01
4.372186093046452E+02	2.342711245214260E+01
4.377188594297077E+02	2.370526463498120E+01
4.382191095547702E+02	2.398378403735475E+01
4.387193596798327E+02	2.426267001173883E+01
4.392196098048952E+02	2.454192191155632E+01
4.397198599299577E+02	2.482153909117792E+01
4.402201100550203E+02	2.510152090592165E+01
4.407203601800828E+02	2.538186671205371E+01
4.412206103051453E+02	2.566257586678832E+01
4.417208604302078E+02	2.594364772828876E+01
4.422211105552703E+02	2.622508165566531E+01
4.427213606803328E+02	2.650687700897836E+01
4.432216108053953E+02	2.678903314923635E+01
4.437218609304578E+02	2.707154943839625E+01
4.442221110555203E+02	2.735442523936430E+01
4.447223611805828E+02	2.763765991599634E+01
4.452226113056453E+02	2.792125283309607E+01
4.457228614307078E+02	2.820520335641807E+01
4.462231115557703E+02	2.848951085266426E+01
4.467233616808329E+02	2.877417468948735E+01
4.472236118058954E+02	2.905919423548905E+01
4.477238619309579E+02	2.934456886021993E+01
4.482241120560204E+02	2.963029793418078E+01
4.487243621810829E+02	2.991638082882096E+01
4.492246123061454E+02	3.020281691653994E+01
4.497248624312079E+02	3.048960557068582E+01
4.502251125562704E+02	3.077674616555688E+01
4.507253626813329E+02	3.106423807640041E+01
4.512256128063954E+02	3.135208067941246E+01
4.517258629314579E+02	3.164027335173906E+01
4.522261130565204E+02	3.192881547147507E+01
4.527263631815829E+02	3.221770641766451E+01
4.532266133066454E+02	3.250694557030030E+01
4.537268634317080E+02	3.279653231032412E+01
4.542271135567705E+02	3.308646601962672E+01
4.547273636818330E+02	3.337674608104756E+01
4.552276138068955E+02	3.366737187837415E+01
4.557278639319580E+02	3.395834279634320E+01
4.562281140570205E+02	3.424965822063907E+01
4.567283641820830E+02	3.454131753789439E+01
4.572286143071455E+02	3.483332013568965E+01
4.577288644322080E+02	3.512566540255332E+01
4.582291145572705E+02	3.541835272796160E+01
4.587293646823330E+02	3.571138150233772E+01
4.592296148073955E+02	3.600475111705227E+01
4.597298649324580E+02	3.629846096442238E+01
4.602301150575205E+02	3.659251043771305E+01
4.607303651825831E+02	3.688689893113482E+01
4.612306153076456E+02	3.718162583984488E+01
4.617308654327081E+02	3.747669055994620E+01
4.622311155577706E+02	3.777209248848830E+01
4.627313656828331E+02	3.806783102346528E+01
4.632316158078956E+02	3.836390556381721E+01
4.637318659329581E+02	3.866031550942866E+01
4.642321160580206E+02	3.895706026112904E+01
4.647323661830831E+02	3.925413922069261E+01
4.652326163081456E+02	3.955155179083672E+01
4.657328664332081E+02	3.984929737522346E+01
4.662331165582706E+02	4.014737537845794E+01
4.667333666833331E+02	4.044578520608840E+01
4.672336168083957E+02	4.074452626460552E+01
4.677338669334582E+02	4.104359796144299E+01
4.682341170585207E+02	4.134299970497616E+01
4.687343671835832E+02	4.164273090452254E+01
4.692346173086457E+02	4.194279097034003E+01
4.697348674337082E+02	4.224317931362869E+01
4.702351175587707E+02	4.254389534652821E+01
4.707353676838332E+02	4.284493848211863E+01
4.712356178088957E+02	4.314630813441985E+01
4.717358679339582E+02	4.344800371839093E+01
4.722361180590207E+02	4.375002464993079E+01
4.727363681840832E+02	4.405237034587534E+01
4.732366183091457E+02	4.435504022399927E+01
4.737368684342082E+02	4.465803370301520E+01
4.742371185592708E+02	4.496135020257255E+01
4.747373686843333E+02	4.526498914325727E+01
4.752376188093958E+02	4.556894994659208E+01
4.757378689344583E+02	4.587323203503481E+01
4.762381190595208E+02	4.617783483197919E+01
4.767383691845833E+02	4.648275776175367E+01
4.772386193096458E+02	4.678800024962052E+01
4.777388694347083E+02	4.709356172177606E+01
4.782391195597708E+02	4.739944160535028E+01
4.787393696848333E+02	4.770563932840573E+01
4.792396198098958E+02	4.801215431993702E+01
4.797398699349583E+02	4.831898600987076E+01
4.802401200600208E+02	4.862613382906496E+01
4.807403701850833E+02	4.893359720930729E+01
4.812406203101459E+02	4.924137558331713E+01
4.817408704352084E+02	4.954946838474196E+01
4.822411205602709E+02	4.985787504815894E+01
4.827413706853334E+02	5.016659500907419E+01
4.832416208103959E+02	5.047562770392042E+01
4.837418709354584E+02	5.078497257005900E+01
4.842421210605209E+02	5.109462904577676E+01
4.847423711855834E+02	5.140459657028739E+01
4.852426213106459E+02	5.171487458373016E+01
4.857428714357084E+02	5.202546252716845E+01
4.862431215607709E+02	5.233635984259106E+01
4.867433716858334E+02	5.264756597290951E+01
4.872436218108959E+02	5.295908036195910E+01
4.877438719359585E+02	5.327090245449667E+01
4.882441220610210E+02	5.358303169620202E+01
4.887443721860835E+02	5.389546753367480E+01
4.892446223111460E+02	5.420820941443647E+01
4.897448724362085E+02	5.452125678692723E+01
4.902451225612710E+02	5.483460910050697E+01
4.907453726863335E+02	5.514826580545448E+01
4.912456228113960E+02	5.546222635296512E+01
4.917458729364585E+02	5.577649019515339E+01
4.922461230615210E+02	5.609105678504860E+01
4.927463731865835E+02	5.640592557659638E+01
4.932466233116460E+02	5.672109602465772E+01
4.937468734367085E+02	5.703656758500849E+01
4.942471235617710E+02	5.735233971433674E+01
4.947473736868336E+02	5.766841187024519E+01
4.952476238118961E+02	5.798478351124802E+01
4.957478739369586E+02	5.830145409677069E+01
4.962481240620211E+02	5.861842308715060E+01
4.967483741870836E+02	5.893568994363439E+01
4.972486243121461E+02	5.925325412837829E+01
4.977488744372086E+02	5.957111510444755E+01
4.982491245622711E+02	5.988927233581474E+01
4.987493746873336E+02	6.020772528736003E+01
4.992496248123961E+02	6.052647342487014E+01
4.997498749374586E+02	6.084551621503683E+01
5.002501250625211E+02	6.116485312545736E+01
5.007503751875836E+02	6.148448362463281E+01
5.012506253126462E+02	6.180440718196771E+01
5.017508754377087E+02	6.212462326776917E+01
5.022511255627712E+02	6.244513135324572E+01
5.027513756878337E+02	6.276593091050804E+01
5.032516258128962E+02	6.308702141256540E+01
5.037518759379587E+02	6.340840233332775E+01
5.042521260630212E+02	6.373007314760334E+01
5.047523761880837E+02	6.405203333109776E+01
5.052526263131462E+02	6.437428236041379E+01
5.057528764382087E+02	6.469681971305121E+01
5.062531265632712E+02	6.501964486740437E+01
5.067533766883337E+02	6.534275730276207E+01
5.072536268133962E+02	6.566615649930756E+01
5.077538769384587E+02	6.598984193811586E+01
5.082541270635213E+02	6.631381310115543E+01
5.087543771885838E+02	6.663806947128487E+01
5.092546273136463E+02	6.696261053225359E+01
5.097548774387088E+02	6.728743576870036E+01
5.102551275637713E+02	6.761254466615307E+01
5.107553776888338E+02	6.793793671102716E+01
5.112556278138963E+02	6.826361139062456E+01
5.117558779389588E+02	6.858956819313406E+01
5.122561280640214E+02	6.891580660762938E+01
5.127563781890839E+02	6.924232612406846E+01
5.132566283141464E+02	6.956912623329268E+01
5.137568784392089E+02	6.989620642702661E+01
5.142571285642714E+02	7.022356619787607E+01
5.147573786893339E+02	7.055120503932730E+01
5.152576288143964E+02	7.087912244574770E+01
5.157578789394589E+02	7.120731791238288E+01
5.162581290645214E+02	7.153579093535652E+01
5.167583791895839E+02	7.186454101166990E+01
5.172586293146464E+02	7.219356763920106E+01
5.177588794397089E+02	7.252287031670230E+01
5.182591295647715E+02	7.285244854380173E+01
5.187593796898340E+02	7.318230182100027E+01
5.192596298148965E+02	7.351242964967210E+01
5.197598799399590E+02	7.384283153206283E+01
5.202601300650215E+02	7.417350697128919E+01
5.207603801900840E+02	7.450445547133737E+01
5.212606303151465E+02	7.483567653706316E+01
5.217608804402090E+02	7.516716967419049E+01
5.222611305652715E+02	7.549893438930960E+01
5.227613806903340E+02	7.583097018987800E+01
5.232616308153965E+02	7.616327658421764E+01
5.237618809404590E+02	7.649585308151521E+01
5.242621310655215E+02	7.682869919182073E+01
5.247623811905841E+02	7.716181442604639E+01
5.252626313156466E+02	7.749519829596628E+01
5.257628814407091E+02	7.782885031421435E+01
5.262631315657716E+02	7.816276999428462E+01
5.267633816908341E+02	7.849695685053010E+01
5.272636318158966E+02	7.883141039816022E+01
5.277638819409591E+02	7.916613015324188E+01
5.282641320660216E+02	7.950111563269766E+01
5.287643821910841E+02	7.983636635430437E+01
5.292646323161466E+02	8.017188183669273E+01
5.297648824412091E+02	8.050766159934685E+01
5.302651325662716E+02	8.084370516260176E+01
5.307653826913341E+02	8.118001204764337E+01
5.312656328163966E+02	8.151658177650799E+01
5.317658829414592E+02	8.185341387208010E+01
5.322661330665217E+02	8.219050785809188E+01
5.327663831915842E+02	8.252786325912334E+01
5.332666333166467E+02	8.286547960059872E+01
5.337668834417092E+02	8.320335640878866E+01
5.342671335667717E+02	8.354149321080658E+01
5.347673836918342E+02	8.387988953460925E+01
5.352676338168967E+02	8.421854490899435E+01
5.357678839419592E+02	8.455745886360179E+01
5.362681340670217E+02	8.489663092890996E+01
5.367683841920842E+02	8.523606063623672E+01
5.372686343171467E+02	8.557574751773720E+01
5.377688844422092E+02	8.591569110640395E+01
5.382691345672717E+02	8.625589093606450E+01
5.387693846923343E+02	8.659634654138162E+01
5.392696348173968E+02	8.693705745785090E+01
5.397698849424593E+02	8.727802322180176E+01
5.402701350675218E+02	8.761924337039400E+01
5.407703851925843E+02	8.796071744161921E+01
5.412706353176468E+02	8.830244497429752E+01
5.417708854427093E+02	8.864442550807772E+01
5.422711355677718E+02	8.898665858343654E+01
5.427713856928343E+02	8.932914374167663E+01
5.432716358178968E+02	8.967188052492659E+01
5.437718859429593E+02	9.001486847613890E+01
5.442721360680218E+02	9.035810713908896E+01
5.447723861930843E+02	9.070159605837549E+01
5.452726363181469E+02	9.104533477941769E+01
5.457728864432094E+02	9.138932284845478E+01
5.462731365682719E+02	9.173355981254579E+01
5.467733866933344E+02	9.207804521956680E+01
5.472736368183969E+02	9.242277861821154E+01
5.477738869434594E+02	9.276775955798954E+01
5.482741370685219E+02	9.311298758922547E+01
5.487743871935844E+02	9.345846226305773E+01
5.492746373186469E+02	9.380418313143602E+01
5.497748874437094E+02	9.415014974712429E+01
5.502751375687719E+02	9.449636166369518E+01
5.507753876938344E+02	9.484281843553148E+01
5.512756378188969E+02	9.518951961782520E+01
5.517758879439594E+02	9.553646476657391E+01
5.522761380690220E+02	9.588365343858325E+01
5.527763881940845E+02	9.623108519146351E+01
5.532766383191470E+02	9.657875958362885E+01
5.537768884442095E+02	9.692667617429751E+01
5.542771385692720E+02	9.727483452348881E+01
5.547773886943345E+02	9.762323419202320E+01
5.552776388193970E+02	9.797187474152108E+01
5.557778889444595E+02	9.832075573440196E+01
5.562781390695220E+02	9.866987673388323E+01
5.567783891945845E+02	9.901923730397814E+01
5.572786393196470E+02	9.936883700949599E+01
5.577788894447095E+02	9.971867541604027E+01
5.582791395697720E+02	1.000687520900085E+02
5.587793896948345E+02	1.004190665985895E+02
5.592796398198971E+02	1.007696185097641E+02
5.597798899449596E+02	1.011204073923030E+02
5.602801400700221E+02	1.014714328157657E+02
5.607803901950846E+02	1.018226943504999E+02
5.612806403201471E+02	1.021741915676398E+02
5.617808904452096E+02	1.025259240391062E+02
5.622811405702721E+02	1.028778913376033E+02
5.627813906953346E+02	1.032300930366198E+02
5.632816408203971E+02	1.035825287104259E+02
5.637818909454596E+02	1.039351979340745E+02
5.642821410705221E+02	1.042881002833979E+02
5.647823911955846E+02	1.046412353350068E+02
5.652826413206471E+02	1.049946026662918E+02
5.657828914457097E+02	1.053482018554189E+02
5.662831415707722E+02	1.057020324813304E+02
5.667833916958347E+02	1.060560941237436E+02
5.672836418208972E+02	1.064103863631491E+02
5.677838919459597E+02	1.067649087808098E+02
5.682841420710222E+02	1.071196609587613E+02
5.687843921960847E+02	1.074746424798077E+02
5.692846423211472E+02	1.078298529275234E+02
5.697848924462097E+02	1.081852918862507E+02
5.702851425712722E+02	1.085409589410988E+02
5.707853926963347E+02	1.088968536779426E+02
5.712856428213972E+02	1.092529756834222E+02
5.717858929464597E+02	1.096093245449409E+02
5.722861430715222E+02	1.099658998506650E+02
5.727863931965848E+02	1.103227011895215E+02
5.732866433216473E+02	1.106797281511985E+02
5.737868934467098E+02	1.110369803261427E+02
5.742871435717723E+02	1.113944573055595E+02
5.747873936968348E+02	1.117521586814102E+02
5.752876438218973E+02	1.121100840464135E+02
5.757878939469598E+02	1.124682329940410E+02
5.762881440720223E+02	1.128266051185196E+02
5.767883941970848E+02	1.131852000148276E+02
5.772886443221473E+02	1.135440172786947E+02
5.777888944472098E+02	1.139030565066019E+02
5.782891445722723E+02	1.142623172957781E+02
5.787893946973348E+02	1.146217992442013E+02
5.792896448223973E+02	1.149815019505950E+02
5.797898949474599E+02	1.153414250144299E+02
5.802901450725224E+02	1.157015680359208E+02
5.807903951975849E+02	1.160619306160254E+02
5.812906453226474E+02	1.164225123564452E+02
5.817908954477099E+02	1.167833128596214E+02
5.822911455727724E+02	1.171443317287365E+02
5.827913956978349E+02	1.175055685677120E+02
5.832916458228974E+02	1.178670229812071E+02
5.837918959479599E+02	1.182286945746170E+02
5.842921460730224E+02	1.185905829540743E+02
5.847923961980849E+02	1.189526877264445E+02
5.852926463231474E+02	1.193150084993275E+02
5.857928964482099E+02	1.196775448810552E+02
5.862931465732725E+02	1.200402964806907E+02
5.867933966983350E+02	1.204032629080271E+02
5.872936468233975E+02	1.207664437735868E+02
5.877938969484600E+02	1.211298386886192E+02
5.882941470735225E+02	1.214934472651017E+02
5.887943971985850E+02	1.218572691157358E+02
5.892946473236475E+02	1.222213038539483E+02
5.897948974487100E+02	1.225855510938892E+02
5.902951475737725E+02	1.229500104504305E+02
5.907953976988350E+02	1.233146815391657E+02
5.912956478238975E+02	1.236795639764078E+02
5.917958979489600E+02	1.240446573791885E+02
5.922961480740225E+02	1.244099613652572E+02
5.927963981990850E+02	1.247754755530812E+02
5.932966483241476E+02	1.251411995618412E+02
5.937968984492101E+02	1.255071330114333E+02
5.942971485742726E+02	1.258732755224666E+02
5.947973986993351E+02	1.262396267162620E+02
5.952976488243976E+02	1.266061862148529E+02
5.957978989494601E+02	1.269729536409799E+02
5.962981490745226E+02	1.273399286180945E+02
5.967983991995851E+02	1.277071107703539E+02
5.972986493246476E+02	1.280744997226240E+02
5.977988994497101E+02	1.284420951004736E+02
5.982991495747726E+02	1.288098965301775E+02
5.987993996998351E+02	1.291779036387132E+02
5.992996498248976E+02	1.295461160537592E+02
5.997998999499601E+02	1.299145334036956E+02
6.003001500750227E+02	1.302831553176025E+02
6.008004002000852E+02	1.306519814252577E+02
6.013006503251477E+02	1.310210113571371E+02
6.018009004502102E+02	1.313902447444127E+02
6.023011505752727E+02	1.317596812189518E+02
6.028014007003352E+02	1.321293204133156E+02
6.033016508253977E+02	1.324991619607583E+02
6.038019009504602E+02	1.328692054952261E+02
6.043021510755227E+02	1.332394506513562E+02
6.048024012005852E+02	1.336098970644744E+02
6.053026513256477E+02	1.339805443705954E+02
6.058029014507102E+02	1.343513922064223E+02
6.063031515757727E+02	1.347224402093434E+02
6.068034017008353E+02	1.350936880174317E+02
6.073036518258978E+02	1.354651352694448E+02
6.078039019509603E+02	1.358367816048237E+02
6.083041520760228E+02	1.362086266636900E+02
6.088044022010853E+02	1.365806700868471E+02
6.093046523261478E+02	1.369529115157772E+02
6.098049024512103E+02	1.373253505926407E+02
6.103051525762728E+02	1.376979869602759E+02
6.108054027013353E+02	1.380708202621970E+02
6.113056528263978E+02	1.384438501425929E+02
6.118059029514603E+02	1.388170762463272E+02
6.123061530765228E+02	1.391904982189352E+02
6.128064032015853E+02	1.395641157066260E+02
6.133066533266478E+02	1.399379283562761E+02
6.138069034517104E+02	1.403119358154346E+02
6.143071535767729E+02	1.406861377323168E+02
6.148074037018354E+02	1.410605337558062E+02
6.153076538268979E+02	1.414351235354524E+02
6.158079039519604E+02	1.418099067214701E+02
6.163081540770229E+02	1.421848829647374E+02
6.168084042020854E+02	1.425600519167948E+02
6.173086543271479E+02	1.429354132298461E+02
6.178089044522104E+02	1.433109665567551E+02
6.183091545772729E+02	1.436867115510436E+02
6.188094047023354E+02	1.440626478668936E+02
6.193096548273979E+02	1.444387751591430E+02
6.198099049524604E+02	1.448150930832872E+02
6.203101550775229E+02	1.451916012954753E+02
6.208104052025855E+02	1.455682994525109E+02
6.213106553276480E+02	1.459451872118514E+02
6.218109054527105E+02	1.463222642316036E+02
6.223111555777730E+02	1.466995301705266E+02
6.228114057028355E+02	1.470769846880291E+02
6.233116558278980E+02	1.474546274441676E+02
6.238119059529605E+02	1.478324580996463E+02
6.243121560780230E+02	1.482104763158145E+02
6.248124062030855E+02	1.485886817546681E+02
6.253126563281480E+02	1.489670740788468E+02
6.258129064532105E+02	1.493456529516318E+02
6.263131565782730E+02	1.497244180369475E+02
6.268134067033355E+02	1.501033689993584E+02
6.273136568283981E+02	1.504825055040695E+02
6.278139069534606E+02	1.508618272169220E+02
6.283141570785231E+02	1.512413338043975E+02
6.288144072035856E+02	1.516210249336118E+02
6.293146573286481E+02	1.520009002723166E+02
6.298149074537106E+02	1.523809594888978E+02
6.303151575787731E+02	1.527612022523743E+02
6.308154077038356E+02	1.531416282323968E+02
6.313156578288981E+02	1.535222370992472E+02
6.318159079539606E+02	1.539030285238362E+02
6.323161580790231E+02	1.542840021777045E+02
6.328164082040856E+02	1.546651577330191E+02
6.333166583291481E+02	1.550464948625749E+02
6.338169084542106E+02	1.554280132397903E+02
6.343171585792732E+02	1.558097125387102E+02
6.348174087043357E+02	1.561915924340008E+02
6.353176588293982E+02	1.565736526009519E+02
6.358179089544607E+02	1.569558927154734E+02
6.363181590795232E+02	1.573383124540951E+02
6.368184092045857E+02	1.577209114939673E+02
6.373186593296482E+02	1.581036895128555E+02
6.378189094547107E+02	1.584866461891440E+02
6.383191595797732E+02	1.588697812018324E+02
6.388194097048357E+02	1.592530942305339E+02
6.393196598298982E+02	1.596365849554760E+02
6.398199099549607E+02	1.600202530574984E+02
6.403201600800232E+02	1.604040982180524E+02
6.408204102050858E+02	1.607881201191988E+02
6.413206603301483E+02	1.611723184436086E+02
6.418209104552108E+02	1.615566928745608E+02
6.423211605802733E+02	1.619412430959402E+02
6.428214107053358E+02	1.623259687922387E+02
6.433216608303983E+02	1.627108696485526E+02
6.438219109554608E+02	1.630959453505831E+02
6.443221610805233E+02	1.634811955846327E+02
6.448224112055858E+02	1.638666200376062E+02
6.453226613306483E+02	1.642522183970092E+02
6.458229114557108E+02	1.646379903509463E+02
6.463231615807733E+02	1.650239355881213E+02
6.468234117058358E+02	1.654100537978354E+02
6.473236618308983E+02	1.657963446699854E+02
6.478239119559609E+02	1.661828078950637E+02
6.483241620810234E+02	1.665694431641571E+02
6.488244122060859E+02	1.669562501689464E+02
6.493246623311484E+02	1.673432286017028E+02
6.498249124562109E+02	1.677303781552897E+02
6.503251625812734E+02	1.681176985231604E+02
6.508254127063359E+02	1.685051893993570E+02
6.513256628313984E+02	1.688928504785092E+02
6.518259129564609E+02	1.692806814558346E+02
6.523261630815234E+02	1.696686820271354E+02
6.528264132065859E+02	1.700568518887984E+02
6.533266633316484E+02	1.704451907377956E+02
6.538269134567109E+02	1.708336982716798E+02
6.543271635817734E+02	1.712223741885870E+02
6.548274137068360E+02	1.716112181872330E+02
6.553276638318985E+02	1.720002299669125E+02
6.558279139569610E+02	1.723894092275000E+02
6.563281640820235E+02	1.727787556694464E+02
6.568284142070860E+02	1.731682689937790E+02
6.573286643321485E+02	1.735579489021007E+02
6.578289144572110E+02	1.739477950965889E+02
6.583291645822735E+02	1.743378072799934E+02
6.588294147073360E+02	1.747279851556374E+02
6.593296648323985E+02	1.751183284274140E+02
6.598299149574610E+02	1.755088367997878E+02
6.603301650825235E+02	1.758995099777910E+02
6.608304152075860E+02	1.762903476670242E+02
6.613306653326486E+02	1.766813495736570E+02
6.618309154577111E+02	1.770725154044217E+02
6.623311655827736E+02	1.774638448666183E+02
6.628314157078361E+02	1.778553376681092E+02
6.633316658328986E+02	1.782469935173195E+02
6.638319159579611E+02	1.786388121232379E+02
6.643321660830236E+02	1.790307931954125E+02
6.648324162080861E+02	1.794229364439515E+02
6.653326663331486E+02	1.798152415795222E+02
6.658329164582111E+02	1.802077083133489E+02
6.663331665832736E+02	1.806003363572136E+02
6.668334167083361E+02	1.809931254234536E+02
6.673336668333986E+02	1.813860752249609E+02
6.678339169584611E+02	1.817791854751806E+02
6.683341670835237E+02	1.821724558881122E+02
6.688344172085862E+02	1.825658861783049E+02
6.693346673336487E+02	1.829594760608597E+02
6.698349174587112E+02	1.833532252514273E+02
6.703351675837737E+02	1.837471334662056E+02
6.708354177088362E+02	1.841412004219421E+02
6.713356678338987E+02	1.845354258359290E+02
6.718359179589612E+02	1.849298094260056E+02
6.723361680840237E+02	1.853243509105556E+02
6.728364182090862E+02	1.857190500085045E+02
6.733366683341487E+02	1.861139064393230E+02
6.738369184592112E+02	1.865089199230214E+02
6.743371685842737E+02	1.869040901801521E+02
6.748374187093362E+02	1.872994169318046E+02
6.753376688343988E+02	1.876948998996101E+02
6.758379189594613E+02	1.880905388057350E+02
6.763381690845238E+02	1.884863333728834E+02
6.768384192095863E+02	1.888822833242941E+02
6.773386693346488E+02	1.892783883837421E+02
6.778389194597113E+02	1.896746482755333E+02
6.783391695847738E+02	1.900710627245092E+02
6.788394197098363E+02	1.904676314560404E+02
6.793396698348988E+02	1.908643541960294E+02
6.798399199599613E+02	1.912612306709088E+02
6.803401700850238E+02	1.916582606076380E+02
6.808404202100863E+02	1.920554437337063E+02
6.813406703351488E+02	1.924527797771272E+02
6.818409204602114E+02	1.928502684664415E+02
6.823411705852739E+02	1.932479095307148E+02
6.828414207103364E+02	1.936457026995355E+02
6.833416708353989E+02	1.940436477030155E+02
6.838419209604614E+02	1.944417442717866E+02
6.843421710855239E+02	1.948399921370053E+02
6.848424212105864E+02	1.952383910303434E+02
6.853426713356489E+02	1.956369406839940E+02
6.858429214607114E+02	1.960356408306681E+02
6.863431715857739E+02	1.964344912035925E+02
6.868434217108364E+02	1.968334915365108E+02
6.873436718358989E+02	1.972326415636806E+02
6.878439219609614E+02	1.976319410198748E+02
6.883441720860239E+02	1.980313896403775E+02
6.888444222110865E+02	1.984309871609869E+02
6.893446723361490E+02	1.988307333180107E+02
6.898449224612115E+02	1.992306278482659E+02
6.903451725862740E+02	1.996306704890824E+02
6.908454227113365E+02	2.000308609782932E+02
6.913456728363990E+02	2.004311990542433E+02
6.918459229614615E+02	2.008316844557803E+02
6.923461730865240E+02	2.012323169222588E+02
6.928464232115865E+02	2.016330961935373E+02
6.933466733366490E+02	2.020340220099784E+02
6.938469234617115E+02	2.024350941124458E+02
6.943471735867740E+02	2.028363122423061E+02
6.948474237118365E+02	2.032376761414258E+02
6.953476738368990E+02	2.036391855521706E+02
6.958479239619616E+02	2.040408402174050E+02
6.963481740870241E+02	2.044426398804915E+02
6.968484242120866E+02	2.048445842852891E+02
6.973486743371491E+02	2.052466731761532E+02
6.978489244622116E+02	2.056489062979331E+02
6.983491745872741E+02	2.060512833959729E+02
6.988494247123366E+02	2.064538042161089E+02
6.993496748373991E+02	2.068564685046688E+02
6.998499249624616E+02	2.072592760084737E+02
7.003501750875241E+02	2.076622264748333E+02
7.008504252125866E+02	2.080653196515470E+02
7.013506753376491E+02	2.084685552869012E+02
7.018509254627116E+02	2.088719331296715E+02
7.023511755877742E+02	2.092754529291184E+02
7.028514257128367E+02	2.096791144349899E+02
7.033516758378992E+02	2.100829173975160E+02
7.038519259629617E+02	2.104868615674119E+02
7.043521760880242E+02	2.108909466958763E+02
7.048524262130867E+02	2.112951725345868E+02
7.053526763381492E+02	2.116995388357049E+02
7.058529264632117E+02	2.121040453518707E+02
7.063531765882742E+02	2.125086918362036E+02
7.068534267133367E+02	2.129134780423011E+02
7.073536768383992E+02	2.133184037242375E+02
7.078539269634617E+02	2.137234686365632E+02
7.083541770885242E+02	2.141286725343056E+02
7.088544272135867E+02	2.145340151729650E+02
7.093546773386493E+02	2.149394963085147E+02
7.098549274637118E+02	2.153451156974026E+02
7.103551775887743E+02	2.157508730965477E+02
7.108554277138368E+02	2.161567682633388E+02
7.113556778388993E+02	2.165628009556343E+02
7.118559279639618E+02	2.169689709317648E+02
7.123561780890243E+02	2.173752779505241E+02
7.128564282140868E+02	2.177817217711778E+02
7.133566783391493E+02	2.181883021534544E+02
7.138569284642118E+02	2.185950188575510E+02
7.143571785892743E+02	2.190018716441253E+02
7.148574287143368E+02	2.194088602743021E+02
7.153576788393993E+02	2.198159845096673E+02
7.158579289644618E+02	2.202232441122686E+02
7.163581790895244E+02	2.206306388446152E+02
7.168584292145869E+02	2.210381684696752E+02
7.173586793396494E+02	2.214458327508770E+02
7.178589294647119E+02	2.218536314521071E+02
7.183591795897744E+02	2.222615643377095E+02
7.188594297148369E+02	2.226696311724837E+02
7.193596798398994E+02	2.230778317216850E+02
7.198599299649619E+02	2.234861657510247E+02
7.203601800900244E+02	2.238946330266665E+02
7.208604302150869E+02	2.243032333152278E+02
7.213606803401494E+02	2.247119663837780E+02
7.218609304652119E+02	2.251208319998368E+02
7.223611805902744E+02	2.255298299313761E+02
7.228614307153370E+02	2.259389599468145E+02
7.233616808403995E+02	2.263482218150225E+02
7.238619309654620E+02	2.267576153053156E+02
7.243621810905245E+02	2.271671401874575E+02
7.248624312155870E+02	2.275767962316564E+02
7.253626813406495E+02	2.279865832085672E+02
7.258629314657120E+02	2.283965008892891E+02
7.263631815907745E+02	2.288065490453634E+02
7.268634317158370E+02	2.292167274487743E+02
7.273636818408995E+02	2.296270358719478E+02
7.278639319659620E+02	2.300374740877510E+02
7.283641820910245E+02	2.304480418694903E+02
7.288644322160870E+02	2.308587389909119E+02
7.293646823411495E+02	2.312695652261986E+02
7.298649324662121E+02	2.316805203499726E+02
7.303651825912746E+02	2.320916041372912E+02
7.308654327163371E+02	2.325028163636479E+02
7.313656828413996E+02	2.329141568049707E+02
7.318659329664621E+02	2.333256252376219E+02
7.323661830915246E+02	2.337372214383962E+02
7.328664332165871E+02	2.341489451845219E+02
7.333666833416496E+02	2.345607962536559E+02
7.338669334667121E+02	2.349727744238889E+02
7.343671835917746E+02	2.353848794737397E+02
7.348674337168371E+02	2.357971111821559E+02
7.353676838418996E+02	2.362094693285129E+02
7.358679339669621E+02	2.366219536926148E+02
7.363681840920246E+02	2.370345640546905E+02
7.368684342170872E+02	2.374473001953939E+02
7.373686843421497E+02	2.378601618958055E+02
7.378689344672122E+02	2.382731489374282E+02
7.383691845922747E+02	2.386862611021889E+02
7.388694347173372E+02	2.390994981724344E+02
7.393696848423997E+02	2.395128599309373E+02
7.398699349674622E+02	2.399263461608857E+02
7.403701850925247E+02	2.403399566458903E+02
7.408704352175872E+02	2.407536911699803E+02
7.413706853426497E+02	2.411675495176024E+02
7.418709354677122E+02	2.415815314736203E+02
7.423711855927747E+02	2.419956368233152E+02
7.428714357178372E+02	2.424098653523830E+02
7.433716858428998E+02	2.428242168469343E+02
7.438719359679623E+02	2.432386910934939E+02
7.443721860930248E+02	2.436532878790000E+02
7.448724362180873E+02	2.440680069908018E+02
7.453726863431498E+02	2.444828482166623E+02
7.458729364682123E+02	2.448978113447534E+02
7.463731865932748E+02	2.453128961636572E+02
7.468734367183373E+02	2.457281024623647E+02
7.473736868433998E+02	2.461434300302755E+02
7.478739369684623E+02	2.465588786571971E+02
7.483741870935248E+02	2.469744481333431E+02
7.488744372185873E+02	2.473901382493329E+02
7.493746873436498E+02	2.478059487961898E+02
7.498749374687123E+02	2.482218795653445E+02
7.503751875937749E+02	2.486379303486277E+02
7.508754377188374E+02	2.490541009382747E+02
7.513756878438999E+02	2.494703911269218E+02
7.518759379689624E+02	2.498868007076073E+02
7.523761880940249E+02	2.503033294737683E+02
7.528764382190874E+02	2.507199772192438E+02
7.533766883441499E+02	2.511367437382681E+02
7.538769384692124E+02	2.515536288254758E+02
7.543771885942749E+02	2.519706322758975E+02
7.548774387193374E+02	2.523877538849613E+02
7.553776888443999E+02	2.528049934484893E+02
7.558779389694624E+02	2.532223507626996E+02
7.563781890945249E+02	2.536398256242035E+02
7.568784392195874E+02	2.540574178300063E+02
7.573786893446500E+02	2.544751271775035E+02
7.578789394697125E+02	2.548929534644850E+02
7.583791895947750E+02	2.553108964891303E+02
7.588794397198375E+02	2.557289560500087E+02
7.593796898449000E+02	2.561471319460785E+02
7.598799399699625E+02	2.565654239766878E+02
7.603801900950250E+02	2.569838319415715E+02
7.608804402200875E+02	2.574023556408517E+02
7.613806903451500E+02	2.578209948750356E+02
7.618809404702125E+02	2.582397494450186E+02
7.623811905952750E+02	2.586586191520768E+02
7.628814407203375E+02	2.590776037978750E+02
7.633816908454000E+02	2.594967031844569E+02
7.638819409704626E+02	2.599159171142497E+02
7.643821910955251E+02	2.603352453900636E+02
7.648824412205876E+02	2.607546878150882E+02
7.653826913456501E+02	2.611742441928944E+02
7.658829414707126E+02	2.615939143274313E+02
7.663831915957751E+02	2.620136980230269E+02
7.668834417208376E+02	2.624335950843868E+02
7.673836918459001E+02	2.628536053165948E+02
7.678839419709626E+02	2.632737285251096E+02
7.683841920960251E+02	2.636939645157660E+02
7.688844422210876E+02	2.641143130947739E+02
7.693846923461501E+02	2.645347740687167E+02
7.698849424712126E+02	2.649553472445513E+02
7.703851925962751E+02	2.653760324296080E+02
7.708854427213377E+02	2.657968294315876E+02
7.713856928464002E+02	2.662177380585628E+02
7.718859429714627E+02	2.666387581189762E+02
7.723861930965252E+02	2.670598894216401E+02
7.728864432215877E+02	2.674811317757374E+02
7.733866933466502E+02	2.679024849908146E+02
7.738869434717127E+02	2.683239488767906E+02
7.743871935967752E+02	2.687455232439483E+02
7.748874437218377E+02	2.691672079029375E+02
7.753876938469002E+02	2.695890026647718E+02
7.758879439719627E+02	2.700109073408308E+02
7.763881940970252E+02	2.704329217428576E+02
7.768884442220877E+02	2.708550456829576E+02
7.773886943471502E+02	2.712772789735980E+02
7.778889444722128E+02	2.716996214276091E+02
7.783891945972753E+02	2.721220728581814E+02
7.788894447223378E+02	2.725446330788655E+02
7.793896948474003E+02	2.729673019035704E+02
7.798899449724628E+02	2.733900791465656E+02
7.803901950975253E+02	2.738129646224767E+02
7.808904452225878E+02	2.742359581462877E+02
7.813906953476503E+02	2.746590595333383E+02
7.818909454727128E+02	2.750822685993260E+02
7.823911955977753E+02	2.755055851603001E+02
7.828914457228378E+02	2.759290090326671E+02
7.833916958479003E+02	2.763525400331852E+02
7.838919459729628E+02	2.767761779789666E+02
7.843921960980254E+02	2.771999226874757E+02
7.848924462230879E+02	2.776237739765289E+02
7.853926963481504E+02	2.780477316642909E+02
7.858929464732129E+02	2.784717955692801E+02
7.863931965982754E+02	2.788959655103619E+02
7.868934467233379E+02	2.793202413067511E+02
7.873936968484004E+02	2.797446227780113E+02
7.878939469734629E+02	2.801691097440503E+02
7.883941970985254E+02	2.805937020251275E+02
7.888944472235879E+02	2.810183994418440E+02
7.893946973486504E+02	2.814432018151481E+02
7.898949474737129E+02	2.818681089663327E+02
7.903951975987754E+02	2.822931207170324E+02
7.908954477238379E+02	2.827182368892283E+02
7.913956978489005E+02	2.831434573052412E+02
7.918959479739630E+02	2.835687817877352E+02
7.923961980990255E+02	2.839942101597136E+02
7.928964482240880E+02	2.844197422445231E+02
7.933966983491505E+02	2.848453778658477E+02
7.938969484742130E+02	2.852711168477106E+02
7.943971985992755E+02	2.856969590144751E+02
7.948974487243380E+02	2.861229041908402E+02
7.953976988494005E+02	2.865489522018419E+02
7.958979489744630E+02	2.869751028728541E+02
7.963981990995255E+02	2.874013560295848E+02
7.968984492245880E+02	2.878277114980782E+02
7.973986993496505E+02	2.882541691047108E+02
7.978989494747130E+02	2.886807286761959E+02
7.983991995997756E+02	2.891073900395752E+02
7.988994497248381E+02	2.895341530222278E+02
7.993996998499006E+02	2.899610174518607E+02
7.998999499749631E+02	2.903879831565123E+02
8.004002001000256E+02	2.908150499645525E+02
8.009004502250881E+02	2.912422177046798E+02
8.014007003501506E+02	2.916694862059230E+02
8.019009504752131E+02	2.920968552976357E+02
8.024012006002756E+02	2.925243248095042E+02
8.029014507253381E+02	2.929518945715373E+02
8.034017008504006E+02	2.933795644140724E+02
8.039019509754631E+02	2.938073341677704E+02
8.044022011005256E+02	2.942352036636202E+02
8.049024512255882E+02	2.946631727329328E+02
8.054027013506507E+02	2.950912412073434E+02
8.059029514757132E+02	2.955194089188106E+02
8.064032016007757E+02	2.959476756996135E+02
8.069034517258382E+02	2.963760413823549E+02
8.074037018509007E+02	2.968045057999585E+02
8.079039519759632E+02	2.972330687856675E+02
8.084042021010257E+02	2.976617301730452E+02
8.089044522260882E+02	2.980904897959737E+02
8.094047023511507E+02	2.985193474886538E+02
8.099049524762132E+02	2.989483030856041E+02
8.104052026012757E+02	2.993773564216602E+02
8.109054527263382E+02	2.998065073319754E+02
8.114057028514007E+02	3.002357556520161E+02
8.119059529764633E+02	3.006651012175664E+02
8.124062031015258E+02	3.010945438647253E+02
8.129064532265883E+02	3.015240834299021E+02
8.134067033516508E+02	3.019537197498240E+02
8.139069534767133E+02	3.023834526615280E+02
8.144072036017758E+02	3.028132820023638E+02
8.149074537268383E+02	3.032432076099941E+02
8.154077038519008E+02	3.036732293223904E+02
8.159079539769633E+02	3.041033469778333E+02
8.164082041020258E+02	3.045335604149162E+02
8.169084542270883E+02	3.049638694725393E+02
8.174087043521508E+02	3.053942739899121E+02
8.179089544772133E+02	3.058247738065510E+02
8.184092046022758E+02	3.062553687622791E+02
8.189094547273384E+02	3.066860586972271E+02
8.194097048524009E+02	3.071168434518305E+02
8.199099549774634E+02	3.075477228668302E+02
8.204102051025259E+02	3.079786967832720E+02
8.209104552275884E+02	3.084097650425057E+02
8.214107053526509E+02	3.088409274861830E+02
8.219109554777134E+02	3.092721839562601E+02
8.224112056027759E+02	3.097035342949953E+02
8.229114557278384E+02	3.101349783449462E+02
8.234117058529009E+02	3.105665159489741E+02
8.239119559779634E+02	3.109981469502380E+02
8.244122061030259E+02	3.114298711921983E+02
8.249124562280884E+02	3.118616885186143E+02
8.254127063531510E+02	3.122935987735425E+02
8.259129564782135E+02	3.127256018013376E+02
8.264132066032760E+02	3.131576974466533E+02
8.269134567283385E+02	3.135898855544376E+02
8.274137068534010E+02	3.140221659699356E+02
8.279139569784635E+02	3.144545385386871E+02
8.284142071035260E+02	3.148870031065286E+02
8.289144572285885E+02	3.153195595195888E+02
8.294147073536510E+02	3.157522076242903E+02
8.299149574787135E+02	3.161849472673498E+02
8.304152076037760E+02	3.166177782957755E+02
8.309154577288385E+02	3.170507005568668E+02
8.314157078539010E+02	3.174837138982172E+02
8.319159579789635E+02	3.179168181677069E+02
8.324162081040261E+02	3.183500132135091E+02
8.329164582290886E+02	3.187832988840859E+02
8.334167083541511E+02	3.192166750281872E+02
8.339169584792136E+02	3.196501414948518E+02
8.344172086042761E+02	3.200836981334064E+02
8.349174587293386E+02	3.205173447934654E+02
8.354177088544011E+02	3.209510813249282E+02
8.359179589794636E+02	3.213849075779816E+02
8.364182091045261E+02	3.218188234030965E+02
8.369184592295886E+02	3.222528286510299E+02
8.374187093546511E+02	3.226869231728223E+02
8.379189594797136E+02	3.231211068197977E+02
8.384192096047761E+02	3.235553794435637E+02
8.389194597298386E+02	3.239897408960110E+02
8.394197098549012E+02	3.244241910293089E+02
8.399199599799637E+02	3.248587296959133E+02
8.404202101050262E+02	3.252933567485558E+02
8.409204602300887E+02	3.257280720402521E+02
8.414207103551512E+02	3.261628754242937E+02
8.419209604802137E+02	3.265977667542566E+02
8.424212106052762E+02	3.270327458839890E+02
8.429214607303387E+02	3.274678126676224E+02
8.434217108554012E+02	3.279029669595619E+02
8.439219609804637E+02	3.283382086144903E+02
8.444222111055262E+02	3.287735374873690E+02
8.449224612305887E+02	3.292089534334320E+02
8.454227113556512E+02	3.296444563081896E+02
8.459229614807138E+02	3.300800459674272E+02
8.464232116057763E+02	3.305157222672042E+02
8.469234617308388E+02	3.309514850638514E+02
8.474237118559013E+02	3.313873342139761E+02
8.479239619809638E+02	3.318232695744533E+02
8.484242121060263E+02	3.322592910024348E+02
8.489244622310888E+02	3.326953983553399E+02
8.494247123561513E+02	3.331315914908598E+02
8.499249624812138E+02	3.335678702669558E+02
8.504252126062763E+02	3.340042345418597E+02
8.509254627313388E+02	3.344406841740698E+02
8.514257128564013E+02	3.348772190223561E+02
8.519259629814638E+02	3.353138389457555E+02
8.524262131065263E+02	3.357505438035689E+02
8.529264632315889E+02	3.361873334553691E+02
8.534267133566514E+02	3.366242077609922E+02
8.539269634817139E+02	3.370611665805411E+02
8.544272136067764E+02	3.374982097743826E+02
8.549274637318389E+02	3.379353372031511E+02
8.554277138569014E+02	3.383725487277411E+02
8.559279639819639E+02	3.388098442093146E+02
8.564282141070264E+02	3.392472235092932E+02
8.569284642320889E+02	3.396846864893647E+02
8.574287143571514E+02	3.401222330114753E+02
8.579289644822139E+02	3.405598629378342E+02
8.584292146072764E+02	3.409975761309119E+02
8.589294647323389E+02	3.414353724534397E+02
8.594297148574014E+02	3.418732517684067E+02
8.599299649824640E+02	3.423112139390630E+02
8.604302151075265E+02	3.427492588289178E+02
8.609304652325890E+02	3.431873863017377E+02
8.614307153576515E+02	3.436255962215465E+02
8.619309654827140E+02	3.440638884526273E+02
8.624312156077765E+02	3.445022628595166E+02
8.629314657328390E+02	3.449407193070108E+02
8.634317158579015E+02	3.453792576601601E+02
8.639319659829640E+02	3.458178777842691E+02
8.644322161080265E+02	3.462565795448992E+02
8.649324662330890E+02	3.466953628078629E+02
8.654327163581515E+02	3.471342274392290E+02
8.659329664832140E+02	3.475731733053176E+02
8.664332166082766E+02	3.480122002727034E+02
8.669334667333391E+02	3.484513082082109E+02
8.674337168584016E+02	3.488904969789170E+02
8.679339669834641E+02	3.493297664521506E+02
8.684342171085266E+02	3.497691164954882E+02
8.689344672335891E+02	3.502085469767599E+02
8.694347173586516E+02	3.506480577640435E+02
8.699349674837141E+02	3.510876487256645E+02
8.704352176087766E+02	3.515273197301999E+02
8.709354677338391E+02	3.519670706464727E+02
8.714357178589016E+02	3.524069013435535E+02
8.719359679839641E+02	3.528468116907587E+02
8.724362181090266E+02	3.532868015576541E+02
8.729364682340891E+02	3.537268708140502E+02
8.734367183591517E+02	3.541670193300009E+02
8.739369684842142E+02	3.546072469758075E+02
8.744372186092767E+02	3.550475536220149E+02
8.749374687343392E+02	3.554879391394121E+02
8.754377188594017E+02	3.559284033990309E+02
8.759379689844642E+02	3.563689462721479E+02
8.764382191095267E+02	3.568095676302783E+02
8.769384692345892E+02	3.572502673451852E+02
8.774387193596517E+02	3.576910452888675E+02
8.779389694847142E+02	3.581319013335678E+02
8.784392196097767E+02	3.585728353517690E+02
8.789394697348392E+02	3.590138472161926E+02
8.794397198599017E+02	3.594549367998029E+02
8.799399699849643E+02	3.598961039757997E+02
8.804402201100268E+02	3.603373486176222E+02
8.809404702350893E+02	3.607786705989497E+02
8.814407203601518E+02	3.612200697936961E+02
8.819409704852143E+02	3.616615460760152E+02
8.824412206102768E+02	3.621030993202943E+02
8.829414707353393E+02	3.625447294011606E+02
8.834417208604018E+02	3.629864361934737E+02
8.839419709854643E+02	3.634282195723285E+02
8.844422211105268E+02	3.638700794130576E+02
8.849424712355893E+02	3.643120155912251E+02
8.854427213606518E+02	3.647540279826284E+02
8.859429714857143E+02	3.651961164633015E+02
8.864432216107768E+02	3.656382809095065E+02
8.869434717358394E+02	3.660805211977407E+02
8.874437218609019E+02	3.665228372047345E+02
8.879439719859644E+02	3.669652288074468E+02
8.884442221110269E+02	3.674076958830682E+02
8.889444722360894E+02	3.678502383090200E+02
8.894447223611519E+02	3.682928559629535E+02
8.899449724862144E+02	3.687355487227508E+02
8.904452226112769E+02	3.691783164665192E+02
8.909454727363394E+02	3.696211590725984E+02
8.914457228614019E+02	3.700640764195551E+02
8.919459729864644E+02	3.705070683861825E+02
8.924462231115269E+02	3.709501348515010E+02
8.929464732365894E+02	3.713932756947598E+02
8.934467233616519E+02	3.718364907954320E+02
8.939469734867145E+02	3.722797800332172E+02
8.944472236117770E+02	3.727231432880419E+02
8.949474737368395E+02	3.731665804400540E+02
8.954477238619020E+02	3.736100913696290E+02
8.959479739869645E+02	3.740536759573646E+02
8.964482241120270E+02	3.744973340840819E+02
8.969484742370895E+02	3.749410656308273E+02
8.974487243621520E+02	3.753848704788672E+02
8.979489744872145E+02	3.758287485096897E+02
8.984492246122770E+02	3.762726996050076E+02
8.989494747373395E+02	3.767167236467524E+02
8.994497248624020E+02	3.771608205170770E+02
8.999499749874645E+02	3.776049900983550E+02
9.004502251125271E+02	3.780492322731783E+02
9.009504752375896E+02	3.784935469243616E+02
9.014507253626521E+02	3.789379339349349E+02
9.019509754877146E+02	3.793823931881487E+02
9.024512256127771E+02	3.798269245674710E+02
9.029514757378396E+02	3.802715279565865E+02
9.034517258629021E+02	3.807162032393999E+02
9.039519759879646E+02	3.811609503000302E+02
9.044522261130271E+02	3.816057690228123E+02
9.049524762380896E+02	3.820506592922995E+02
9.054527263631521E+02	3.824956209932591E+02
9.059529764882146E+02	3.829406540106727E+02
9.064532266132771E+02	3.833857582297362E+02
9.069534767383396E+02	3.838309335358615E+02
9.074537268634022E+02	3.842761798146724E+02
9.079539769884647E+02	3.847214969520088E+02
9.084542271135272E+02	3.851668848339195E+02
9.089544772385897E+02	3.856123433466668E+02
9.094547273636522E+02	3.860578723767276E+02
9.099549774887147E+02	3.865034718107877E+02
9.104552276137772E+02	3.869491415357431E+02
9.109554777388397E+02	3.873948814387039E+02
9.114557278639022E+02	3.878406914069877E+02
9.119559779889647E+02	3.882865713281229E+02
9.124562281140272E+02	3.887325210898463E+02
9.129564782390897E+02	3.891785405801058E+02
9.134567283641522E+02	3.896246296870549E+02
9.139569784892147E+02	3.900707882990582E+02
9.144572286142773E+02	3.905170163046852E+02
9.149574787393398E+02	3.909633135927152E+02
9.154577288644023E+02	3.914096800521311E+02
9.159579789894648E+02	3.918561155721266E+02
9.164582291145273E+02	3.923026200420962E+02
9.169584792395898E+02	3.927491933516451E+02
9.174587293646523E+02	3.931958353905798E+02
9.179589794897148E+02	3.936425460489147E+02
9.184592296147773E+02	3.940893252168644E+02
9.189594797398398E+02	3.945361727848518E+02
9.194597298649023E+02	3.949830886434995E+02
9.199599799899648E+02	3.954300726836376E+02
9.204602301150273E+02	3.958771247962937E+02
9.209604802400899E+02	3.963242448727011E+02
9.214607303651524E+02	3.967714328042949E+02
9.219609804902149E+02	3.972186884827081E+02
9.224612306152774E+02	3.976660117997804E+02
9.229614807403399E+02	3.981134026475484E+02
9.234617308654024E+02	3.985608609182475E+02
9.239619809904649E+02	3.990083865043176E+02
9.244622311155274E+02	3.994559792983933E+02
9.249624812405899E+02	3.999036391933118E+02
9.254627313656524E+02	4.003513660821063E+02
9.259629814907149E+02	4.007991598580094E+02
9.264632316157774E+02	4.012470204144525E+02
9.269634817408399E+02	4.016949476450604E+02
9.274637318659024E+02	4.021429414436606E+02
9.279639819909650E+02	4.025910017042718E+02
9.284642321160275E+02	4.030391283211133E+02
9.289644822410900E+02	4.034873211885968E+02
9.294647323661525E+02	4.039355802013307E+02
9.299649824912150E+02	4.043839052541181E+02
9.304652326162775E+02	4.048322962419594E+02
9.309654827413400E+02	4.052807530600437E+02
9.314657328664025E+02	4.057292756037579E+02
9.319659829914650E+02	4.061778637686821E+02
9.324662331165275E+02	4.066265174505886E+02
9.329664832415900E+02	4.070752365454416E+02
9.334667333666525E+02	4.075240209493990E+02
9.339669834917150E+02	4.079728705588089E+02
9.344672336167775E+02	4.084217852702122E+02
9.349674837418401E+02	4.088707649803412E+02
9.354677338669026E+02	4.093198095861167E+02
9.359679839919651E+02	4.097689189846535E+02
9.364682341170276E+02	4.102180930732510E+02
9.369684842420901E+02	4.106673317494036E+02
9.374687343671526E+02	4.111166349107917E+02
9.379689844922151E+02	4.115660024552842E+02
9.384692346172776E+02	4.120154342809392E+02
9.389694847423401E+02	4.124649302860040E+02
9.394697348674026E+02	4.129144903689124E+02
9.399699849924651E+02	4.133641144282827E+02
9.404702351175276E+02	4.138138023629265E+02
9.409704852425901E+02	4.142635540718352E+02
9.414707353676527E+02	4.147133694541906E+02
9.419709854927152E+02	4.151632484093576E+02
9.424712356177777E+02	4.156131908368880E+02
9.429714857428402E+02	4.160631966365180E+02
9.434717358679027E+02	4.165132657081688E+02
9.439719859929652E+02	4.169633979519465E+02
9.444722361180277E+02	4.174135932681386E+02
9.449724862430902E+02	4.178638515572172E+02
9.454727363681527E+02	4.183141727198367E+02
9.459729864932152E+02	4.187645566568398E+02
9.464732366182777E+02	4.192150032692424E+02
9.469734867433402E+02	4.196655124582477E+02
9.474737368684027E+02	4.201160841252415E+02
9.479739869934652E+02	4.205667181717894E+02
9.484742371185278E+02	4.210174144996352E+02
9.489744872435903E+02	4.214681730107071E+02
9.494747373686528E+02	4.219189936071125E+02
9.499749874937153E+02	4.223698761911370E+02
9.504752376187778E+02	4.228208206652464E+02
9.509754877438403E+02	4.232718269320860E+02
9.514757378689028E+02	4.237228948944801E+02
9.519759879939653E+02	4.241740244554317E+02
9.524762381190278E+02	4.246252155181187E+02
9.529764882440903E+02	4.250764679858992E+02
9.534767383691528E+02	4.255277817623098E+02
9.539769884942153E+02	4.259791567510604E+02
9.544772386192778E+02	4.264305928560386E+02
9.549774887443403E+02	4.268820899813117E+02
9.554777388694029E+02	4.273336480311193E+02
9.559779889944654E+02	4.277852669098754E+02
9.564782391195279E+02	4.282369465221725E+02
9.569784892445904E+02	4.286886867727751E+02
9.574787393696529E+02	4.291404875666231E+02
9.579789894947154E+02	4.295923488088310E+02
9.584792396197779E+02	4.300442704046876E+02
9.589794897448404E+02	4.304962522596527E+02
9.594797398699029E+02	4.309482942793594E+02
9.599799899949654E+02	4.314003963696168E+02
9.604802401200279E+02	4.318525584364021E+02
9.609804902450904E+02	4.323047803858659E+02
9.614807403701529E+02	4.327570621243322E+02
9.619809904952155E+02	4.332094035582955E+02
9.624812406202780E+02	4.336618045944176E+02
9.629814907453405E+02	4.341142651395352E+02
9.634817408704030E+02	4.345667851006538E+02
9.639819909954655E+02	4.350193643849482E+02
9.644822411205280E+02	4.354720028997648E+02
9.649824912455905E+02	4.359247005526149E+02
9.654827413706530E+02	4.363774572511841E+02
9.659829914957155E+02	4.368302729033214E+02
9.664832416207780E+02	4.372831474170486E+02
9.669834917458405E+02	4.377360807005516E+02
9.674837418709030E+02	4.381890726621854E+02
9.679839919959655E+02	4.386421232104706E+02
9.684842421210280E+02	4.390952322540978E+02
9.689844922460906E+02	4.395483997019228E+02
9.694847423711531E+02	4.400016254629654E+02
9.699849924962156E+02	4.404549094464132E+02
9.704852426212781E+02	4.409082515616186E+02
9.709854927463406E+02	4.413616517180997E+02
9.714857428714031E+02	4.418151098255397E+02
9.719859929964656E+02	4.422686257937829E+02
9.724862431215281E+02	4.427221995328443E+02
9.729864932465906E+02	4.431758309528954E+02
9.734867433716531E+02	4.436295199642771E+02
9.739869934967156E+02	4.440832664774892E+02
9.744872436217781E+02	4.445370704031961E+02
9.749874937468406E+02	4.449909316522251E+02
9.754877438719031E+02	4.454448501355681E+02
9.759879939969657E+02	4.458988257643714E+02
9.764882441220282E+02	4.463528584499485E+02
9.769884942470907E+02	4.468069481037749E+02
9.774887443721532E+02	4.472610946374825E+02
9.779889944972157E+02	4.477152979628671E+02
9.784892446222782E+02	4.481695579918858E+02
9.789894947473407E+02	4.486238746366506E+02
9.794897448724032E+02	4.490782478094361E+02
9.799899949974657E+02	4.495326774226780E+02
9.804902451225282E+02	4.499871633889682E+02
9.809904952475907E+02	4.504417056210577E+02
9.814907453726532E+02	4.508963040318573E+02
9.819909954977157E+02	4.513509585344316E+02
9.824912456227783E+02	4.518056690420098E+02
9.829914957478408E+02	4.522604354679718E+02
9.834917458729033E+02	4.527152577258573E+02
9.839919959979658E+02	4.531701357293628E+02
9.844922461230283E+02	4.536250693923402E+02
9.849924962480908E+02	4.540800586287988E+02
9.854927463731533E+02	4.545351033529038E+02
9.859929964982158E+02	4.549902034789733E+02
9.864932466232783E+02	4.554453589214849E+02
9.869934967483408E+02	4.559005695950659E+02
9.874937468734033E+02	4.563558354145007E+02
9.879939969984658E+02	4.568111562947280E+02
9.884942471235283E+02	4.572665321508414E+02
9.889944972485908E+02	4.577219628980851E+02
9.894947473736534E+02	4.581774484518602E+02
9.899949974987159E+02	4.586329887277167E+02
9.904952476237784E+02	4.590885836413607E+02
9.909954977488409E+02	4.595442331086476E+02
9.914957478739034E+02	4.599999370455907E+02
9.919959979989659E+02	4.604556953683442E+02
9.924962481240284E+02	4.609115079932260E+02
9.929964982490909E+02	4.613673748366973E+02
9.934967483741534E+02	4.618232958153739E+02
9.939969984992159E+02	4.622792708460173E+02
9.944972486242784E+02	4.627352998455455E+02
9.949974987493409E+02	4.631913827310219E+02
9.954977488744034E+02	4.636475194196618E+02
9.959979989994659E+02	4.641037098288273E+02
9.964982491245285E+02	4.645599538760323E+02
9.969984992495910E+02	4.650162514789390E+02
9.974987493746535E+02	4.654726025553562E+02
9.979989994997160E+02	4.659290070232424E+02
9.984992496247785E+02	4.663854648007022E+02
9.989994997498410E+02	4.668419758059903E+02
9.994997498749035E+02	4.672985399575084E+02
9.999999999999660E+02	4.677551571738007E+02
