0.000000000000000E+00	                 NAN
5.002501250625313E-01	-5.304348048964994E+00
1.000500250125063E+00	-5.008695577987100E+00
1.500750375187594E+00	-4.713042067130094E+00
2.001000500250125E+00	-4.417386996471079E+00
2.501250625312657E+00	-4.121729846107149E+00
3.001500750375188E+00	-3.826070096162056E+00
3.501750875437719E+00	-3.530407226792863E+00
4.002001000500250E+00	-3.234740718196618E+00
4.502251125562782E+00	-2.939070050616996E+00
5.002501250625313E+00	-2.643394704350979E+00
5.502751375687844E+00	-2.347714159755492E+00
6.003001500750376E+00	-2.052027897254075E+00
6.503251625812907E+00	-1.756335397343522E+00
7.003501750875438E+00	-1.460636140600542E+00
7.503751875937970E+00	-1.164929607688409E+00
8.004002001000501E+00	-8.692152793635968E-01
8.504252126063033E+00	-5.734926364824240E-01
9.004502251125565E+00	-2.777611600077048E-01
9.504752376188097E+00	1.797966898461567E-02
1.000500250125063E+01	3.137303692988480E-01
1.050525262631316E+01	6.094914596129088E-01
1.100550275137569E+01	9.052634584716959E-01
1.150575287643823E+01	1.201046884280464E+00
1.200600300150076E+01	1.496842255298231E+00
1.250625312656329E+01	1.792650089631135E+00
1.300650325162582E+01	2.088470905225849E+00
1.350675337668835E+01	2.384305219862942E+00
1.400700350175089E+01	2.680153551150331E+00
1.450725362681342E+01	2.976016416516641E+00
1.500750375187595E+01	3.271894333204655E+00
1.550775387693848E+01	3.567787818264680E+00
1.600800400200102E+01	3.863697388548042E+00
1.650825412706355E+01	4.159623560700437E+00
1.700850425212608E+01	4.455566851155435E+00
1.750875437718861E+01	4.751527776127864E+00
1.800900450225114E+01	5.047506851607311E+00
1.850925462731368E+01	5.343504593351524E+00
1.900950475237621E+01	5.639521516879926E+00
1.950975487743874E+01	5.935558137467028E+00
2.001000500250127E+01	6.231614970135979E+00
2.051025512756381E+01	6.527692529651954E+00
2.101050525262634E+01	6.823791330515743E+00
2.151075537768887E+01	7.119911886957174E+00
2.201100550275140E+01	7.416054712928672E+00
2.251125562781393E+01	7.712220322098764E+00
2.301150575287647E+01	8.008409227845563E+00
2.351175587793900E+01	8.304621943250348E+00
2.401200600300153E+01	8.600858981091109E+00
2.451225612806406E+01	8.897120853836046E+00
2.501250625312660E+01	9.193408073637189E+00
2.551275637818913E+01	9.489721152323936E+00
2.601300650325166E+01	9.786060601396635E+00
2.651325662831419E+01	1.008242693202019E+01
2.701350675337672E+01	1.037882065501761E+01
2.751375687843926E+01	1.067524228086371E+01
2.801400700350179E+01	1.097169231967862E+01
2.851425712856432E+01	1.126817128122151E+01
2.901450725362685E+01	1.156467967488420E+01
2.951475737868939E+01	1.186121800968477E+01
3.001500750375192E+01	1.215778679426128E+01
3.051525762881445E+01	1.245438653686542E+01
3.101550775387698E+01	1.275101774535618E+01
3.151575787893951E+01	1.304768092719363E+01
3.201600800400205E+01	1.334437658943247E+01
3.251625812906457E+01	1.364110523871593E+01
3.301650825412710E+01	1.393786738126938E+01
3.351675837918963E+01	1.423466352289413E+01
3.401700850425216E+01	1.453149416896118E+01
3.451725862931469E+01	1.482835982440496E+01
3.501750875437722E+01	1.512526099371720E+01
3.551775887943975E+01	1.542219818094061E+01
3.601800900450228E+01	1.571917188966279E+01
3.651825912956480E+01	1.601618262301000E+01
3.701850925462733E+01	1.631323088364102E+01
3.751875937968986E+01	1.661031717374097E+01
3.801900950475239E+01	1.690744199501523E+01
3.851925962981492E+01	1.720460584868330E+01
3.901950975487745E+01	1.750180923547264E+01
3.951975987993998E+01	1.779905265561268E+01
4.002001000500250E+01	1.809633660882860E+01
4.052026013006503E+01	1.839366159433546E+01
4.102051025512756E+01	1.869102811083199E+01
4.152076038019009E+01	1.898843665649461E+01
4.202101050525262E+01	1.928588772897145E+01
4.252126063031515E+01	1.958338182537631E+01
4.302151075537768E+01	1.988091944228265E+01
4.352176088044020E+01	2.017850107571770E+01
4.402201100550273E+01	2.047612722115643E+01
4.452226113056526E+01	2.077379837351569E+01
4.502251125562779E+01	2.107151502714818E+01
4.552276138069032E+01	2.136927767583663E+01
4.602301150575285E+01	2.166708681278794E+01
4.652326163081538E+01	2.196494293062718E+01
4.702351175587791E+01	2.226284652139188E+01
4.752376188094043E+01	2.256079807652611E+01
4.802401200600296E+01	2.285879808687469E+01
4.852426213106549E+01	2.315684704267730E+01
4.902451225612802E+01	2.345494543356288E+01
4.952476238119055E+01	2.375309374854373E+01
5.002501250625308E+01	2.405129247600975E+01
5.052526263131561E+01	2.434954210372274E+01
5.102551275637813E+01	2.464784311881078E+01
5.152576288144066E+01	2.494619600776233E+01
5.202601300650319E+01	2.524460125642077E+01
5.252626313156572E+01	2.554305934997856E+01
5.302651325662825E+01	2.584157077297179E+01
5.352676338169078E+01	2.614013600927439E+01
5.402701350675331E+01	2.643875554209257E+01
5.452726363181583E+01	2.673742985395935E+01
5.502751375687836E+01	2.703615942672887E+01
5.552776388194089E+01	2.733494474157087E+01
5.602801400700342E+01	2.763378627896523E+01
5.652826413206595E+01	2.793268451869642E+01
5.702851425712848E+01	2.823163993984799E+01
5.752876438219101E+01	2.853065302079718E+01
5.802901450725354E+01	2.882972423920943E+01
5.852926463231606E+01	2.912885407203296E+01
5.902951475737859E+01	2.942804299549335E+01
5.952976488244112E+01	2.972729148508822E+01
6.003001500750365E+01	3.002660001558186E+01
6.053026513256618E+01	3.032596906099975E+01
6.103051525762871E+01	3.062539909462348E+01
6.153076538269124E+01	3.092489058898526E+01
6.203101550775376E+01	3.122444401586275E+01
6.253126563281629E+01	3.152405984627367E+01
6.303151575787882E+01	3.182373855047080E+01
6.353176588294135E+01	3.212348059793653E+01
6.403201600800388E+01	3.242328645737785E+01
6.453226613306641E+01	3.272315659672100E+01
6.503251625812895E+01	3.302309148310655E+01
6.553276638319149E+01	3.332309158288404E+01
6.603301650825402E+01	3.362315736160707E+01
6.653326663331656E+01	3.392328928402812E+01
6.703351675837909E+01	3.422348781409351E+01
6.753376688344163E+01	3.452375341493836E+01
6.803401700850416E+01	3.482408654888164E+01
6.853426713356670E+01	3.512448767742111E+01
6.903451725862924E+01	3.542495726122829E+01
6.953476738369177E+01	3.572549576014379E+01
7.003501750875431E+01	3.602610363317203E+01
7.053526763381684E+01	3.632678133847664E+01
7.103551775887938E+01	3.662752933337538E+01
7.153576788394192E+01	3.692834807433545E+01
7.203601800900445E+01	3.722923801696853E+01
7.253626813406699E+01	3.753019961602615E+01
7.303651825912952E+01	3.783123332539466E+01
7.353676838419206E+01	3.813233959809069E+01
7.403701850925459E+01	3.843351888625634E+01
7.453726863431713E+01	3.873477164115457E+01
7.503751875937967E+01	3.903609831316430E+01
7.553776888444220E+01	3.933749935177597E+01
7.603801900950474E+01	3.963897520558677E+01
7.653826913456727E+01	3.994052632229619E+01
7.703851925962981E+01	4.024215314870116E+01
7.753876938469234E+01	4.054385613069184E+01
7.803901950975488E+01	4.084563571324677E+01
7.853926963481742E+01	4.114749234042863E+01
7.903951975987995E+01	4.144942645537949E+01
7.953976988494249E+01	4.175143850031655E+01
8.004002001000502E+01	4.205352891652773E+01
8.054027013506756E+01	4.235569814436700E+01
8.104052026013009E+01	4.265794662325035E+01
8.154077038519263E+01	4.296027479165112E+01
8.204102051025517E+01	4.326268308709585E+01
8.254127063531770E+01	4.356517194615989E+01
8.304152076038024E+01	4.386774180446326E+01
8.354177088544277E+01	4.417039309666622E+01
8.404202101050531E+01	4.447312625646502E+01
8.454227113556784E+01	4.477594171658792E+01
8.504252126063038E+01	4.507883990879080E+01
8.554277138569292E+01	4.538182126385319E+01
8.604302151075545E+01	4.568488621157384E+01
8.654327163581799E+01	4.598803518076704E+01
8.704352176088052E+01	4.629126859925817E+01
8.754377188594306E+01	4.659458689387994E+01
8.804402201100559E+01	4.689799049046812E+01
8.854427213606813E+01	4.720147981385772E+01
8.904452226113067E+01	4.750505528787901E+01
8.954477238619320E+01	4.780871733535347E+01
9.004502251125574E+01	4.811246637809001E+01
9.054527263631827E+01	4.841630283688091E+01
9.104552276138081E+01	4.872022713149826E+01
9.154577288644334E+01	4.902423968068975E+01
9.204602301150588E+01	4.932834090217510E+01
9.254627313656842E+01	4.963253121264230E+01
9.304652326163095E+01	4.993681102774364E+01
9.354677338669349E+01	5.024118076209231E+01
9.404702351175602E+01	5.054564082925846E+01
9.454727363681856E+01	5.085019164176546E+01
9.504752376188110E+01	5.115483361108652E+01
9.554777388694363E+01	5.145956714764090E+01
9.604802401200617E+01	5.176439266079041E+01
9.654827413706870E+01	5.206931055883572E+01
9.704852426213124E+01	5.237432124901299E+01
9.754877438719377E+01	5.267942513749016E+01
9.804902451225631E+01	5.298462262936369E+01
9.854927463731885E+01	5.328991412865497E+01
9.904952476238138E+01	5.359530003830689E+01
9.954977488744392E+01	5.390078076018055E+01
1.000500250125065E+02	5.420635669505180E+01
1.005502751375690E+02	5.451202824260794E+01
1.010505252626315E+02	5.481779580144430E+01
1.015507753876941E+02	5.512365976906119E+01
1.020510255127566E+02	5.542962054186037E+01
1.025512756378191E+02	5.573567851514201E+01
1.030515257628817E+02	5.604183408310139E+01
1.035517758879442E+02	5.634808763882585E+01
1.040520260130067E+02	5.665443957429137E+01
1.045522761380693E+02	5.696089028035982E+01
1.050525262631318E+02	5.726744014677554E+01
1.055527763881943E+02	5.757408956216257E+01
1.060530265132569E+02	5.788083891402133E+01
1.065532766383194E+02	5.818768858872585E+01
1.070535267633820E+02	5.849463897152062E+01
1.075537768884445E+02	5.880169044651775E+01
1.080540270135070E+02	5.910884339669405E+01
1.085542771385696E+02	5.941609820388798E+01
1.090545272636321E+02	5.972345524879704E+01
1.095547773886946E+02	6.003091491097469E+01
1.100550275137572E+02	6.033847756882772E+01
1.105552776388197E+02	6.064614359961335E+01
1.110555277638822E+02	6.095391337943655E+01
1.115557778889448E+02	6.126178728324728E+01
1.120560280140073E+02	6.156976568483778E+01
1.125562781390698E+02	6.187784895683996E+01
1.130565282641324E+02	6.218603747072273E+01
1.135567783891949E+02	6.249433159678934E+01
1.140570285142575E+02	6.280273170417484E+01
1.145572786393200E+02	6.311123816084361E+01
1.150575287643825E+02	6.341985133358664E+01
1.155577788894451E+02	6.372857158801931E+01
1.160580290145076E+02	6.403739928857843E+01
1.165582791395701E+02	6.434633479852056E+01
1.170585292646327E+02	6.465537847991880E+01
1.175587793896952E+02	6.496453069366098E+01
1.180590295147577E+02	6.527379179944694E+01
1.185592796398203E+02	6.558316215578640E+01
1.190595297648828E+02	6.589264211999667E+01
1.195597798899453E+02	6.620223204820033E+01
1.200600300150079E+02	6.651193229532282E+01
1.205602801400704E+02	6.682174321509052E+01
1.210605302651330E+02	6.713166516002842E+01
1.215607803901955E+02	6.744169848145793E+01
1.220610305152580E+02	6.775184352949468E+01
1.225612806403206E+02	6.806210065304677E+01
1.230615307653831E+02	6.837247019981231E+01
1.235617808904456E+02	6.868295251627738E+01
1.240620310155082E+02	6.899354794771438E+01
1.245622811405707E+02	6.930425683817968E+01
1.250625312656332E+02	6.961507953051195E+01
1.255627813906958E+02	6.992601636632982E+01
1.260630315157583E+02	7.023706768603029E+01
1.265632816408208E+02	7.054823382878695E+01
1.270635317658834E+02	7.085951513254778E+01
1.275637818909459E+02	7.117091193403357E+01
1.280640320160084E+02	7.148242456873609E+01
1.285642821410710E+02	7.179405337091634E+01
1.290645322661335E+02	7.210579867360272E+01
1.295647823911960E+02	7.241766080858943E+01
1.300650325162586E+02	7.272964010643460E+01
1.305652826413211E+02	7.304173689645907E+01
1.310655327663837E+02	7.335395150674415E+01
1.315657828914462E+02	7.366628426413062E+01
1.320660330165087E+02	7.397873549421669E+01
1.325662831415713E+02	7.429130552135676E+01
1.330665332666338E+02	7.460399466865977E+01
1.335667833916963E+02	7.491680325798778E+01
1.340670335167589E+02	7.522973160995443E+01
1.345672836418214E+02	7.554278004392360E+01
1.350675337668839E+02	7.585594887800792E+01
1.355677838919465E+02	7.616923842906746E+01
1.360680340170090E+02	7.648264901270841E+01
1.365682841420715E+02	7.679618094328168E+01
1.370685342671341E+02	7.710983453388155E+01
1.375687843921966E+02	7.742361009634462E+01
1.380690345172592E+02	7.773750794124842E+01
1.385692846423217E+02	7.805152837791013E+01
1.390695347673842E+02	7.836567171438560E+01
1.395697848924468E+02	7.867993825746805E+01
1.400700350175093E+02	7.899432831268683E+01
1.405702851425718E+02	7.930884218430671E+01
1.410705352676344E+02	7.962348017532631E+01
1.415707853926969E+02	7.993824258747755E+01
1.420710355177594E+02	8.025312972122407E+01
1.425712856428220E+02	8.056814187576086E+01
1.430715357678845E+02	8.088327934901271E+01
1.435717858929470E+02	8.119854243763368E+01
1.440720360180096E+02	8.151393143700597E+01
1.445722861430721E+02	8.182944664123913E+01
1.450725362681347E+02	8.214508834316915E+01
1.455727863931972E+02	8.246085683435760E+01
1.460730365182597E+02	8.277675240509106E+01
1.465732866433223E+02	8.309277534437973E+01
1.470735367683848E+02	8.340892593995761E+01
1.475737868934473E+02	8.372520447828080E+01
1.480740370185099E+02	8.404161124452762E+01
1.485742871435724E+02	8.435814652259720E+01
1.490745372686349E+02	8.467481059510952E+01
1.495747873936975E+02	8.499160374340426E+01
1.500750375187600E+02	8.530852624754041E+01
1.505752876438225E+02	8.562557838629576E+01
1.510755377688851E+02	8.594276043716627E+01
1.515757878939476E+02	8.626007267636558E+01
1.520760380190102E+02	8.657751537882434E+01
1.525762881440727E+02	8.689508881819017E+01
1.530765382691352E+02	8.721279326682657E+01
1.535767883941978E+02	8.753062899581336E+01
1.540770385192603E+02	8.784859627494535E+01
1.545772886443228E+02	8.816669537273279E+01
1.550775387693854E+02	8.848492655640030E+01
1.555777888944479E+02	8.880329009188728E+01
1.560780390195104E+02	8.912178624384714E+01
1.565782891445730E+02	8.944041527564693E+01
1.570785392696355E+02	8.975917744936766E+01
1.575787893946980E+02	9.007807302580363E+01
1.580790395197606E+02	9.039710226446226E+01
1.585792896448231E+02	9.071626542356404E+01
1.590795397698857E+02	9.103556276004264E+01
1.595797898949482E+02	9.135499452954411E+01
1.600800400200107E+02	9.167456098642742E+01
1.605802901450733E+02	9.199426238376427E+01
1.610805402701358E+02	9.231409897333877E+01
1.615807903951983E+02	9.263407100564768E+01
1.620810405202609E+02	9.295417872990032E+01
1.625812906453234E+02	9.327442239401873E+01
1.630815407703859E+02	9.359480224463746E+01
1.635817908954485E+02	9.391531852710381E+01
1.640820410205110E+02	9.423597148547803E+01
1.645822911455735E+02	9.455676136253325E+01
1.650825412706361E+02	9.487768839975581E+01
1.655827913956986E+02	9.519875283734527E+01
1.660830415207612E+02	9.551995491421472E+01
1.665832916458237E+02	9.584129486799084E+01
1.670835417708862E+02	9.616277293501439E+01
1.675837918959488E+02	9.648438935034039E+01
1.680840420210113E+02	9.680614434773824E+01
1.685842921460738E+02	9.712803815969235E+01
1.690845422711364E+02	9.745007101740198E+01
1.695847923961989E+02	9.777224315078227E+01
1.700850425212614E+02	9.809455478846394E+01
1.705852926463240E+02	9.841700615779433E+01
1.710855427713865E+02	9.873959748483722E+01
1.715857928964490E+02	9.906232899437386E+01
1.720860430215116E+02	9.938520090990305E+01
1.725862931465741E+02	9.970821345364160E+01
1.730865432716367E+02	1.000313668465252E+02
1.735867933966992E+02	1.003546613082086E+02
1.740870435217617E+02	1.006780970570665E+02
1.745872936468243E+02	1.010016743101939E+02
1.750875437718868E+02	1.013253932834067E+02
1.755877938969493E+02	1.016492541912425E+02
1.760880440220119E+02	1.019732572469611E+02
1.765882941470744E+02	1.022974026625452E+02
1.770885442721369E+02	1.026216906487013E+02
1.775887943971995E+02	1.029461214148596E+02
1.780890445222620E+02	1.032706951691765E+02
1.785892946473246E+02	1.035954121185331E+02
1.790895447723871E+02	1.039202724685379E+02
1.795897948974496E+02	1.042452764235262E+02
1.800900450225122E+02	1.045704241865621E+02
1.805902951475747E+02	1.048957159594384E+02
1.810905452726372E+02	1.052211519426778E+02
1.815907953976998E+02	1.055467323355341E+02
1.820910455227623E+02	1.058724573359926E+02
1.825912956478248E+02	1.061983271407714E+02
1.830915457728874E+02	1.065243419453220E+02
1.835917958979499E+02	1.068505019438306E+02
1.840920460230124E+02	1.071768073292191E+02
1.845922961480750E+02	1.075032582931456E+02
1.850925462731375E+02	1.078298550260060E+02
1.855927963982001E+02	1.081565977169347E+02
1.860930465232626E+02	1.084834865538060E+02
1.865932966483251E+02	1.088105217232348E+02
1.870935467733877E+02	1.091377034105778E+02
1.875937968984502E+02	1.094650317999351E+02
1.880940470235127E+02	1.097925070741504E+02
1.885942971485753E+02	1.101201294148133E+02
1.890945472736378E+02	1.104478990022593E+02
1.895947973987003E+02	1.107758160155720E+02
1.900950475237629E+02	1.111038806325839E+02
1.905952976488254E+02	1.114320930298776E+02
1.910955477738879E+02	1.117604533827870E+02
1.915957978989505E+02	1.120889618653988E+02
1.920960480240130E+02	1.124176186505538E+02
1.925962981490756E+02	1.127464239098479E+02
1.930965482741381E+02	1.130753778136336E+02
1.935967983992006E+02	1.134044805310218E+02
1.940970485242632E+02	1.137337322298823E+02
1.945972986493257E+02	1.140631330768459E+02
1.950975487743882E+02	1.143926832373053E+02
1.955977988994508E+02	1.147223828754173E+02
1.960980490245133E+02	1.150522321541031E+02
1.965982991495758E+02	1.153822312350507E+02
1.970985492746384E+02	1.157123802787159E+02
1.975987993997009E+02	1.160426794443242E+02
1.980990495247634E+02	1.163731288898718E+02
1.985992996498260E+02	1.167037287721274E+02
1.990995497748885E+02	1.170344792466340E+02
1.995997998999511E+02	1.173653804677097E+02
2.001000500250136E+02	1.176964325884503E+02
2.006003001500761E+02	1.180276357607298E+02
2.011005502751387E+02	1.183589901352031E+02
2.016008004002012E+02	1.186904958613069E+02
2.021010505252637E+02	1.190221530872614E+02
2.026013006503263E+02	1.193539619600721E+02
2.031015507753888E+02	1.196859226255319E+02
2.036018009004513E+02	1.200180352282220E+02
2.041020510255139E+02	1.203502999115140E+02
2.046023011505764E+02	1.206827168175716E+02
2.051025512756389E+02	1.210152860873527E+02
2.056028014007015E+02	1.213480078606103E+02
2.061030515257640E+02	1.216808822758953E+02
2.066033016508266E+02	1.220139094705574E+02
2.071035517758891E+02	1.223470895807472E+02
2.076038019009516E+02	1.226804227414186E+02
2.081040520260142E+02	1.230139090863297E+02
2.086043021510767E+02	1.233475487480450E+02
2.091045522761392E+02	1.236813418579378E+02
2.096048024012018E+02	1.240152885461912E+02
2.101050525262643E+02	1.243493889418007E+02
2.106053026513268E+02	1.246836431725755E+02
2.111055527763894E+02	1.250180513651410E+02
2.116058029014519E+02	1.253526136449404E+02
2.121060530265144E+02	1.256873301362368E+02
2.126063031515770E+02	1.260222009621150E+02
2.131065532766395E+02	1.263572262444835E+02
2.136068034017021E+02	1.266924061040767E+02
2.141070535267646E+02	1.270277406604568E+02
2.146073036518271E+02	1.273632300320158E+02
2.151075537768897E+02	1.276988743359774E+02
2.156078039019522E+02	1.280346736883991E+02
2.161080540270147E+02	1.283706282041745E+02
2.166083041520773E+02	1.287067379970355E+02
2.171085542771398E+02	1.290430031795534E+02
2.176088044022023E+02	1.293794238631423E+02
2.181090545272649E+02	1.297160001580603E+02
2.186093046523274E+02	1.300527321734120E+02
2.191095547773899E+02	1.303896200171509E+02
2.196098049024525E+02	1.307266637960803E+02
2.201100550275150E+02	1.310638636158578E+02
2.206103051525776E+02	1.314012195809947E+02
2.211105552776401E+02	1.317387317948605E+02
2.216108054027026E+02	1.320764003596836E+02
2.221110555277652E+02	1.324142253765545E+02
2.226113056528277E+02	1.327522069454272E+02
2.231115557778902E+02	1.330903451651222E+02
2.236118059029528E+02	1.334286401333279E+02
2.241120560280153E+02	1.337670919466039E+02
2.246123061530778E+02	1.341057007003826E+02
2.251125562781404E+02	1.344444664889710E+02
2.256128064032029E+02	1.347833894055545E+02
2.261130565282654E+02	1.351224695421975E+02
2.266133066533280E+02	1.354617069898471E+02
2.271135567783905E+02	1.358011018383345E+02
2.276138069034531E+02	1.361406541763780E+02
2.281140570285156E+02	1.364803640915843E+02
2.286143071535781E+02	1.368202316704528E+02
2.291145572786407E+02	1.371602569983756E+02
2.296148074037032E+02	1.375004401596417E+02
2.301150575287657E+02	1.378407812374385E+02
2.306153076538283E+02	1.381812803138546E+02
2.311155577788908E+02	1.385219374698819E+02
2.316158079039533E+02	1.388627527854181E+02
2.321160580290159E+02	1.392037263392695E+02
2.326163081540784E+02	1.395448582091530E+02
2.331165582791409E+02	1.398861484716984E+02
2.336168084042035E+02	1.402275972024517E+02
2.341170585292660E+02	1.405692044758768E+02
2.346173086543286E+02	1.409109703653580E+02
2.351175587793911E+02	1.412528949432031E+02
2.356178089044536E+02	1.415949782806451E+02
2.361180590295162E+02	1.419372204478452E+02
2.366183091545787E+02	1.422796215138956E+02
2.371185592796412E+02	1.426221815468212E+02
2.376188094047038E+02	1.429649006135827E+02
2.381190595297663E+02	1.433077787800793E+02
2.386193096548288E+02	1.436508161111506E+02
2.391195597798914E+02	1.439940126705797E+02
2.396198099049539E+02	1.443373685210957E+02
2.401200600300164E+02	1.446808837243761E+02
2.406203101550790E+02	1.450245583410496E+02
2.411205602801415E+02	1.453683924306981E+02
2.416208104052041E+02	1.457123860518604E+02
2.421210605302666E+02	1.460565392620339E+02
2.426213106553291E+02	1.464008521176774E+02
2.431215607803917E+02	1.467453246742140E+02
2.436218109054542E+02	1.470899569860333E+02
2.441220610305167E+02	1.474347491064945E+02
2.446223111555793E+02	1.477797010879291E+02
2.451225612806418E+02	1.481248129816428E+02
2.456228114057043E+02	1.484700848379186E+02
2.461230615307669E+02	1.488155167060203E+02
2.466233116558294E+02	1.491611086341935E+02
2.471235617808919E+02	1.495068606696695E+02
2.476238119059545E+02	1.498527728586682E+02
2.481240620310170E+02	1.501988452463993E+02
2.486243121560796E+02	1.505450778770667E+02
2.491245622811421E+02	1.508914707938704E+02
2.496248124062046E+02	1.512380240390089E+02
2.501250625312672E+02	1.515847376536828E+02
2.506253126563297E+02	1.519316116780968E+02
2.511255627813922E+02	1.522786461514626E+02
2.516258129064548E+02	1.526258411120020E+02
2.521260630315173E+02	1.529731965969492E+02
2.526263131565798E+02	1.533207126425536E+02
2.531265632816424E+02	1.536683892840830E+02
2.536268134067049E+02	1.540162265558256E+02
2.541270635317674E+02	1.543642244910938E+02
2.546273136568300E+02	1.547123831222260E+02
2.551275637818925E+02	1.550607024805896E+02
2.556278139069551E+02	1.554091825965845E+02
2.561280640320176E+02	1.557578234996449E+02
2.566283141570801E+02	1.561066252182428E+02
2.571285642821426E+02	1.564555877798901E+02
2.576288144072051E+02	1.568047112111425E+02
2.581290645322676E+02	1.571539955376012E+02
2.586293146573301E+02	1.575034407839163E+02
2.591295647823926E+02	1.578530469737894E+02
2.596298149074551E+02	1.582028141299768E+02
2.601300650325176E+02	1.585527422742918E+02
2.606303151575801E+02	1.589028314276078E+02
2.611305652826426E+02	1.592530816098612E+02
2.616308154077051E+02	1.596034928400539E+02
2.621310655327676E+02	1.599540651362569E+02
2.626313156578302E+02	1.603047985156122E+02
2.631315657828927E+02	1.606556929943362E+02
2.636318159079552E+02	1.610067485877227E+02
2.641320660330177E+02	1.613579653101453E+02
2.646323161580802E+02	1.617093431750606E+02
2.651325662831427E+02	1.620608821950108E+02
2.656328164082052E+02	1.624125823816269E+02
2.661330665332677E+02	1.627644437456313E+02
2.666333166583302E+02	1.631164662968409E+02
2.671335667833927E+02	1.634686500441697E+02
2.676338169084552E+02	1.638209949956322E+02
2.681340670335177E+02	1.641735011583453E+02
2.686343171585802E+02	1.645261685385325E+02
2.691345672836428E+02	1.648789971415257E+02
2.696348174087053E+02	1.652319869717688E+02
2.701350675337678E+02	1.655851380328200E+02
2.706353176588303E+02	1.659384503273555E+02
2.711355677838928E+02	1.662919238571713E+02
2.716358179089553E+02	1.666455586231873E+02
2.721360680340178E+02	1.669993546254493E+02
2.726363181590803E+02	1.673533118631325E+02
2.731365682841428E+02	1.677074303345440E+02
2.736368184092053E+02	1.680617100371259E+02
2.741370685342678E+02	1.684161509674583E+02
2.746373186593303E+02	1.687707531212620E+02
2.751375687843928E+02	1.691255164934016E+02
2.756378189094553E+02	1.694804410778885E+02
2.761380690345179E+02	1.698355268678834E+02
2.766383191595804E+02	1.701907738557000E+02
2.771385692846429E+02	1.705461820328070E+02
2.776388194097054E+02	1.709017513898317E+02
2.781390695347679E+02	1.712574819165627E+02
2.786393196598304E+02	1.716133736019528E+02
2.791395697848929E+02	1.719694264341221E+02
2.796398199099554E+02	1.723256404003605E+02
2.801400700350179E+02	1.726820154871317E+02
2.806403201600804E+02	1.730385516800744E+02
2.811405702851429E+02	1.733952489640073E+02
2.816408204102054E+02	1.737521073229298E+02
2.821410705352679E+02	1.741091267400273E+02
2.826413206603305E+02	1.744663071976721E+02
2.831415707853930E+02	1.748236486774279E+02
2.836418209104555E+02	1.751811511600513E+02
2.841420710355180E+02	1.755388146254960E+02
2.846423211605805E+02	1.758966390529152E+02
2.851425712856430E+02	1.762546244206644E+02
2.856428214107055E+02	1.766127707063047E+02
2.861430715357680E+02	1.769710778866056E+02
2.866433216608305E+02	1.773295459375477E+02
2.871435717858930E+02	1.776881748343260E+02
2.876438219109555E+02	1.780469645513527E+02
2.881440720360180E+02	1.784059150622604E+02
2.886443221610805E+02	1.787650263399043E+02
2.891445722861430E+02	1.791242983563661E+02
2.896448224112056E+02	1.794837310829562E+02
2.901450725362681E+02	1.798433244902171E+02
2.906453226613306E+02	1.802030785479264E+02
2.911455727863931E+02	1.805629932250989E+02
2.916458229114556E+02	1.809230684899909E+02
2.921460730365181E+02	1.812833043101021E+02
2.926463231615806E+02	1.816437006521784E+02
2.931465732866431E+02	1.820042574822162E+02
2.936468234117056E+02	1.823649747654641E+02
2.941470735367681E+02	1.827258524664257E+02
2.946473236618306E+02	1.830868905488637E+02
2.951475737868931E+02	1.834480889758019E+02
2.956478239119556E+02	1.838094477095284E+02
2.961480740370181E+02	1.841709667115983E+02
2.966483241620807E+02	1.845326459428375E+02
2.971485742871432E+02	1.848944853633444E+02
2.976488244122057E+02	1.852564849324939E+02
2.981490745372682E+02	1.856186446089395E+02
2.986493246623307E+02	1.859809643506169E+02
2.991495747873932E+02	1.863434441147465E+02
2.996498249124557E+02	1.867060838578365E+02
3.001500750375182E+02	1.870688835356857E+02
3.006503251625807E+02	1.874318431033869E+02
3.011505752876432E+02	1.877949625153291E+02
3.016508254127057E+02	1.881582417252006E+02
3.021510755377682E+02	1.885216806859927E+02
3.026513256628307E+02	1.888852793500014E+02
3.031515757878933E+02	1.892490376688312E+02
3.036518259129558E+02	1.896129555933978E+02
3.041520760380183E+02	1.899770330739308E+02
3.046523261630808E+02	1.903412700599768E+02
3.051525762881433E+02	1.907056665004022E+02
3.056528264132058E+02	1.910702223433966E+02
3.061530765382683E+02	1.914349375364746E+02
3.066533266633308E+02	1.917998120264798E+02
3.071535767883933E+02	1.921648457595873E+02
3.076538269134558E+02	1.925300386813064E+02
3.081540770385183E+02	1.928953907364838E+02
3.086543271635808E+02	1.932609018693063E+02
3.091545772886433E+02	1.936265720233039E+02
3.096548274137058E+02	1.939924011413522E+02
3.101550775387684E+02	1.943583891656761E+02
3.106553276638309E+02	1.947245360378519E+02
3.111555777888934E+02	1.950908416988105E+02
3.116558279139559E+02	1.954573060888402E+02
3.121560780390184E+02	1.958239291475900E+02
3.126563281640809E+02	1.961907108140715E+02
3.131565782891434E+02	1.965576510266633E+02
3.136568284142059E+02	1.969247497231118E+02
3.141570785392684E+02	1.972920068405361E+02
3.146573286643309E+02	1.976594223154296E+02
3.151575787893934E+02	1.980269960836633E+02
3.156578289144559E+02	1.983947280804884E+02
3.161580790395184E+02	1.987626182405398E+02
3.166583291645809E+02	1.991306664978375E+02
3.171585792896435E+02	1.994988727857915E+02
3.176588294147060E+02	1.998672370372032E+02
3.181590795397685E+02	2.002357591842680E+02
3.186593296648310E+02	2.006044391585795E+02
3.191595797898935E+02	2.009732768911312E+02
3.196598299149560E+02	2.013422723123196E+02
3.201600800400185E+02	2.017114253519472E+02
3.206603301650810E+02	2.020807359392253E+02
3.211605802901435E+02	2.024502040027765E+02
3.216608304152060E+02	2.028198294706380E+02
3.221610805402685E+02	2.031896122702638E+02
3.226613306653310E+02	2.035595523285283E+02
3.231615807903935E+02	2.039296495717282E+02
3.236618309154561E+02	2.042999039255862E+02
3.241620810405186E+02	2.046703153152527E+02
3.246623311655811E+02	2.050408836653099E+02
3.251625812906436E+02	2.054116088997737E+02
3.256628314157061E+02	2.057824909420962E+02
3.261630815407686E+02	2.061535297151698E+02
3.266633316658311E+02	2.065247251413282E+02
3.271635817908936E+02	2.068960771423512E+02
3.276638319159561E+02	2.072675856394655E+02
3.281640820410186E+02	2.076392505533485E+02
3.286643321660811E+02	2.080110718041312E+02
3.291645822911436E+02	2.083830493114000E+02
3.296648324162061E+02	2.087551829942009E+02
3.301650825412686E+02	2.091274727710408E+02
3.306653326663312E+02	2.094999185598912E+02
3.311655827913937E+02	2.098725202781904E+02
3.316658329164562E+02	2.102452778428465E+02
3.321660830415187E+02	2.106181911702398E+02
3.326663331665812E+02	2.109912601762263E+02
3.331665832916437E+02	2.113644847761392E+02
3.336668334167062E+02	2.117378648847931E+02
3.341670835417687E+02	2.121114004164852E+02
3.346673336668312E+02	2.124850912849988E+02
3.351675837918937E+02	2.128589374036063E+02
3.356678339169562E+02	2.132329386850712E+02
3.361680840420187E+02	2.136070950416510E+02
3.366683341670812E+02	2.139814063850999E+02
3.371685842921437E+02	2.143558726266719E+02
3.376688344172063E+02	2.147304936771228E+02
3.381690845422688E+02	2.151052694467133E+02
3.386693346673313E+02	2.154801998452115E+02
3.391695847923938E+02	2.158552847818955E+02
3.396698349174563E+02	2.162305241655562E+02
3.401700850425188E+02	2.166059179045001E+02
3.406703351675813E+02	2.169814659065514E+02
3.411705852926438E+02	2.173571680790551E+02
3.416708354177063E+02	2.177330243288795E+02
3.421710855427688E+02	2.181090345624191E+02
3.426713356678313E+02	2.184851986855966E+02
3.431715857928938E+02	2.188615166038659E+02
3.436718359179563E+02	2.192379882222148E+02
3.441720860430189E+02	2.196146134451676E+02
3.446723361680814E+02	2.199913921767872E+02
3.451725862931439E+02	2.203683243206786E+02
3.456728364182064E+02	2.207454097799905E+02
3.461730865432689E+02	2.211226484574188E+02
3.466733366683314E+02	2.215000402552083E+02
3.471735867933939E+02	2.218775850751562E+02
3.476738369184564E+02	2.222552828186139E+02
3.481740870435189E+02	2.226331333864895E+02
3.486743371685814E+02	2.230111366792514E+02
3.491745872936439E+02	2.233892925969300E+02
3.496748374187064E+02	2.237676010391200E+02
3.501750875437689E+02	2.241460619049837E+02
3.506753376688314E+02	2.245246750932531E+02
3.511755877938940E+02	2.249034405022327E+02
3.516758379189565E+02	2.252823580298011E+02
3.521760880440190E+02	2.256614275734156E+02
3.526763381690815E+02	2.260406490301120E+02
3.531765882941440E+02	2.264200222965094E+02
3.536768384192065E+02	2.267995472688112E+02
3.541770885442690E+02	2.271792238428087E+02
3.546773386693315E+02	2.275590519138827E+02
3.551775887943940E+02	2.279390313770066E+02
3.556778389194565E+02	2.283191621267482E+02
3.561780890445190E+02	2.286994440572733E+02
3.566783391695815E+02	2.290798770623470E+02
3.571785892946440E+02	2.294604610353367E+02
3.576788394197065E+02	2.298411958692145E+02
3.581790895447691E+02	2.302220814565598E+02
3.586793396698316E+02	2.306031176895614E+02
3.591795897948941E+02	2.309843044600202E+02
3.596798399199566E+02	2.313656416593518E+02
3.601800900450191E+02	2.317471291785880E+02
3.606803401700816E+02	2.321287669083808E+02
3.611805902951441E+02	2.325105547390034E+02
3.616808404202066E+02	2.328924925603532E+02
3.621810905452691E+02	2.332745802619542E+02
3.626813406703316E+02	2.336568177329591E+02
3.631815907953941E+02	2.340392048621523E+02
3.636818409204566E+02	2.344217415379516E+02
3.641820910455191E+02	2.348044276484112E+02
3.646823411705817E+02	2.351872630812235E+02
3.651825912956442E+02	2.355702477237218E+02
3.656828414207067E+02	2.359533814628824E+02
3.661830915457692E+02	2.363366641853275E+02
3.666833416708317E+02	2.367200957773269E+02
3.671835917958942E+02	2.371036761248008E+02
3.676838419209567E+02	2.374874051133218E+02
3.681840920460192E+02	2.378712826281176E+02
3.686843421710817E+02	2.382553085540728E+02
3.691845922961442E+02	2.386394827757320E+02
3.696848424212067E+02	2.390238051773011E+02
3.701850925462692E+02	2.394082756426508E+02
3.706853426713317E+02	2.397928940553174E+02
3.711855927963942E+02	2.401776602985067E+02
3.716858429214568E+02	2.405625742550951E+02
3.721860930465193E+02	2.409476358076327E+02
3.726863431715818E+02	2.413328448383443E+02
3.731865932966443E+02	2.417182012291338E+02
3.736868434217068E+02	2.421037048615841E+02
3.741870935467693E+02	2.424893556169612E+02
3.746873436718318E+02	2.428751533762154E+02
3.751875937968943E+02	2.432610980199838E+02
3.756878439219568E+02	2.436471894285925E+02
3.761880940470193E+02	2.440334274820593E+02
3.766883441720818E+02	2.444198120600952E+02
3.771885942971443E+02	2.448063430421072E+02
3.776888444222068E+02	2.451930203072000E+02
3.781890945472693E+02	2.455798437341782E+02
3.786893446723319E+02	2.459668132015500E+02
3.791895947973944E+02	2.463539285875265E+02
3.796898449224569E+02	2.467411897700266E+02
3.801900950475194E+02	2.471285966266780E+02
3.806903451725819E+02	2.475161490348194E+02
3.811905952976444E+02	2.479038468715020E+02
3.816908454227069E+02	2.482916900134939E+02
3.821910955477694E+02	2.486796783372797E+02
3.826913456728319E+02	2.490678117190636E+02
3.831915957978944E+02	2.494560900347725E+02
3.836918459229569E+02	2.498445131600565E+02
3.841920960480194E+02	2.502330809702923E+02
3.846923461730819E+02	2.506217933405846E+02
3.851925962981445E+02	2.510106501457682E+02
3.856928464232070E+02	2.513996512604107E+02
3.861930965482695E+02	2.517887965588144E+02
3.866933466733320E+02	2.521780859150176E+02
3.871935967983945E+02	2.525675192027981E+02
3.876938469234570E+02	2.529570962956741E+02
3.881940970485195E+02	2.533468170669063E+02
3.886943471735820E+02	2.537366813895012E+02
3.891945972986445E+02	2.541266891362116E+02
3.896948474237070E+02	2.545168401795397E+02
3.901950975487695E+02	2.549071343917390E+02
3.906953476738320E+02	2.552975716448155E+02
3.911955977988945E+02	2.556881518105311E+02
3.916958479239570E+02	2.560788747604047E+02
3.921960980490196E+02	2.564697403657138E+02
3.926963481740821E+02	2.568607484974987E+02
3.931965982991446E+02	2.572518990265610E+02
3.936968484242071E+02	2.576431918234692E+02
3.941970985492696E+02	2.580346267585584E+02
3.946973486743321E+02	2.584262037019326E+02
3.951975987993946E+02	2.588179225234676E+02
3.956978489244571E+02	2.592097830928127E+02
3.961980990495196E+02	2.596017852793913E+02
3.966983491745821E+02	2.599939289524048E+02
3.971985992996446E+02	2.603862139808338E+02
3.976988494247071E+02	2.607786402334394E+02
3.981990995497696E+02	2.611712075787657E+02
3.986993496748321E+02	2.615639158851426E+02
3.991995997998947E+02	2.619567650206856E+02
3.996998499249572E+02	2.623497548533001E+02
4.002001000500197E+02	2.627428852506818E+02
4.007003501750822E+02	2.631361560803185E+02
4.012006003001447E+02	2.635295672094934E+02
4.017008504252072E+02	2.639231185052860E+02
4.022011005502697E+02	2.643168098345732E+02
4.027013506753322E+02	2.647106410640332E+02
4.032016008003947E+02	2.651046120601459E+02
4.037018509254572E+02	2.654987226891946E+02
4.042021010505197E+02	2.658929728172694E+02
4.047023511755822E+02	2.662873623102674E+02
4.052026013006447E+02	2.666818910338956E+02
4.057028514257073E+02	2.670765588536718E+02
4.062031015507698E+02	2.674713656349279E+02
4.067033516758323E+02	2.678663112428097E+02
4.072036018008948E+02	2.682613955422812E+02
4.077038519259573E+02	2.686566183981240E+02
4.082041020510198E+02	2.690519796749406E+02
4.087043521760823E+02	2.694474792371562E+02
4.092046023011448E+02	2.698431169490195E+02
4.097048524262073E+02	2.702388926746052E+02
4.102051025512698E+02	2.706348062778160E+02
4.107053526763323E+02	2.710308576223842E+02
4.112056028013948E+02	2.714270465718726E+02
4.117058529264573E+02	2.718233729896779E+02
4.122061030515198E+02	2.722198367390308E+02
4.127063531765824E+02	2.726164376829992E+02
4.132066033016449E+02	2.730131756844887E+02
4.137068534267074E+02	2.734100506062455E+02
4.142071035517699E+02	2.738070623108571E+02
4.147073536768324E+02	2.742042106607548E+02
4.152076038018949E+02	2.746014955182147E+02
4.157078539269574E+02	2.749989167453603E+02
4.162081040520199E+02	2.753964742041637E+02
4.167083541770824E+02	2.757941677564467E+02
4.172086043021449E+02	2.761919972638843E+02
4.177088544272074E+02	2.765899625880039E+02
4.182091045522699E+02	2.769880635901891E+02
4.187093546773324E+02	2.773863001316806E+02
4.192096048023949E+02	2.777846720735775E+02
4.197098549274575E+02	2.781831792768400E+02
4.202101050525200E+02	2.785818216022893E+02
4.207103551775825E+02	2.789805989106113E+02
4.212106053026450E+02	2.793795110623565E+02
4.217108554277075E+02	2.797785579179437E+02
4.222111055527700E+02	2.801777393376586E+02
4.227113556778325E+02	2.805770551816587E+02
4.232116058028950E+02	2.809765053099725E+02
4.237118559279575E+02	2.813760895825024E+02
4.242121060530200E+02	2.817758078590257E+02
4.247123561780825E+02	2.821756599991966E+02
4.252126063031450E+02	2.825756458625477E+02
4.257128564282075E+02	2.829757653084912E+02
4.262131065532701E+02	2.833760181963211E+02
4.267133566783326E+02	2.837764043852141E+02
4.272136068033951E+02	2.841769237342317E+02
4.277138569284576E+02	2.845775761023222E+02
4.282141070535201E+02	2.849783613483205E+02
4.287143571785826E+02	2.853792793309518E+02
4.292146073036451E+02	2.857803299088317E+02
4.297148574287076E+02	2.861815129404681E+02
4.302151075537701E+02	2.865828282842631E+02
4.307153576788326E+02	2.869842757985144E+02
4.312156078038951E+02	2.873858553414159E+02
4.317158579289576E+02	2.877875667710606E+02
4.322161080540201E+02	2.881894099454417E+02
4.327163581790826E+02	2.885913847224531E+02
4.332166083041452E+02	2.889934909598924E+02
4.337168584292077E+02	2.893957285154611E+02
4.342171085542702E+02	2.897980972467676E+02
4.347173586793327E+02	2.902005970113266E+02
4.352176088043952E+02	2.906032276665623E+02
4.357178589294577E+02	2.910059890698091E+02
4.362181090545202E+02	2.914088810783134E+02
4.367183591795827E+02	2.918119035492347E+02
4.372186093046452E+02	2.922150563396472E+02
4.377188594297077E+02	2.926183393065418E+02
4.382191095547702E+02	2.930217523068258E+02
4.387193596798327E+02	2.934252951973267E+02
4.392196098048952E+02	2.938289678347920E+02
4.397198599299577E+02	2.942327700758910E+02
4.402201100550203E+02	2.946367017772164E+02
4.407203601800828E+02	2.950407627952854E+02
4.412206103051453E+02	2.954449529865412E+02
4.417208604302078E+02	2.958492722073552E+02
4.422211105552703E+02	2.962537203140263E+02
4.427213606803328E+02	2.966582971627848E+02
4.432216108053953E+02	2.970630026097925E+02
4.437218609304578E+02	2.974678365111436E+02
4.442221110555203E+02	2.978727987228663E+02
4.447223611805828E+02	2.982778891009261E+02
4.452226113056453E+02	2.986831075012236E+02
4.457228614307078E+02	2.990884537795995E+02
4.462231115557703E+02	2.994939277918324E+02
4.467233616808329E+02	2.998995293936437E+02
4.472236118058954E+02	3.003052584406961E+02
4.477238619309579E+02	3.007111147885963E+02
4.482241120560204E+02	3.011170982928961E+02
4.487243621810829E+02	3.015232088090931E+02
4.492246123061454E+02	3.019294461926335E+02
4.497248624312079E+02	3.023358102989112E+02
4.502251125562704E+02	3.027423009832710E+02
4.507253626813329E+02	3.031489181010097E+02
4.512256128063954E+02	3.035556615073757E+02
4.517258629314579E+02	3.039625310575719E+02
4.522261130565204E+02	3.043695266067569E+02
4.527263631815829E+02	3.047766480100456E+02
4.532266133066454E+02	3.051838951225106E+02
4.537268634317080E+02	3.055912677991834E+02
4.542271135567705E+02	3.059987658950561E+02
4.547273636818330E+02	3.064063892650826E+02
4.552276138068955E+02	3.068141377641792E+02
4.557278639319580E+02	3.072220112472262E+02
4.562281140570205E+02	3.076300095690694E+02
4.567283641820830E+02	3.080381325845208E+02
4.572286143071455E+02	3.084463801483600E+02
4.577288644322080E+02	3.088547521153359E+02
4.582291145572705E+02	3.092632483401673E+02
4.587293646823330E+02	3.096718686775439E+02
4.592296148073955E+02	3.100806129821282E+02
4.597298649324580E+02	3.104894811085559E+02
4.602301150575205E+02	3.108984729114381E+02
4.607303651825831E+02	3.113075882453618E+02
4.612306153076456E+02	3.117168269648908E+02
4.617308654327081E+02	3.121261889245669E+02
4.622311155577706E+02	3.125356739789125E+02
4.627313656828331E+02	3.129452819824295E+02
4.632316158078956E+02	3.133550127896020E+02
4.637318659329581E+02	3.137648662548969E+02
4.642321160580206E+02	3.141748422327651E+02
4.647323661830831E+02	3.145849405776429E+02
4.652326163081456E+02	3.149951611439523E+02
4.657328664332081E+02	3.154055037861035E+02
4.662331165582706E+02	3.158159683584943E+02
4.667333666833331E+02	3.162265547155127E+02
4.672336168083957E+02	3.166372627115372E+02
4.677338669334582E+02	3.170480922009382E+02
4.682341170585207E+02	3.174590430380786E+02
4.687343671835832E+02	3.178701150773159E+02
4.692346173086457E+02	3.182813081730017E+02
4.697348674337082E+02	3.186926221794849E+02
4.702351175587707E+02	3.191040569511109E+02
4.707353676838332E+02	3.195156123422233E+02
4.712356178088957E+02	3.199272882071650E+02
4.717358679339582E+02	3.203390844002793E+02
4.722361180590207E+02	3.207510007759113E+02
4.727363681840832E+02	3.211630371884081E+02
4.732366183091457E+02	3.215751934921201E+02
4.737368684342082E+02	3.219874695414030E+02
4.742371185592708E+02	3.223998651906170E+02
4.747373686843333E+02	3.228123802941295E+02
4.752376188093958E+02	3.232250147063157E+02
4.757378689344583E+02	3.236377682815584E+02
4.762381190595208E+02	3.240506408742510E+02
4.767383691845833E+02	3.244636323387972E+02
4.772386193096458E+02	3.248767425296118E+02
4.777388694347083E+02	3.252899713011224E+02
4.782391195597708E+02	3.257033185077705E+02
4.787393696848333E+02	3.261167840040119E+02
4.792396198098958E+02	3.265303676443181E+02
4.797398699349583E+02	3.269440692831764E+02
4.802401200600208E+02	3.273578887750924E+02
4.807403701850833E+02	3.277718259745889E+02
4.812406203101459E+02	3.281858807362099E+02
4.817408704352084E+02	3.286000529145180E+02
4.822411205602709E+02	3.290143423640974E+02
4.827413706853334E+02	3.294287489395556E+02
4.832416208103959E+02	3.298432724955215E+02
4.837418709354584E+02	3.302579128866499E+02
4.842421210605209E+02	3.306726699676183E+02
4.847423711855834E+02	3.310875435931322E+02
4.852426213106459E+02	3.315025336179229E+02
4.857428714357084E+02	3.319176398967493E+02
4.862431215607709E+02	3.323328622843995E+02
4.867433716858334E+02	3.327482006356906E+02
4.872436218108959E+02	3.331636548054704E+02
4.877438719359585E+02	3.335792246486175E+02
4.882441220610210E+02	3.339949100200439E+02
4.887443721860835E+02	3.344107107746930E+02
4.892446223111460E+02	3.348266267675434E+02
4.897448724362085E+02	3.352426578536080E+02
4.902451225612710E+02	3.356588038879353E+02
4.907453726863335E+02	3.360750647256107E+02
4.912456228113960E+02	3.364914402217564E+02
4.917458729364585E+02	3.369079302315339E+02
4.922461230615210E+02	3.373245346101427E+02
4.927463731865835E+02	3.377412532128227E+02
4.932466233116460E+02	3.381580858948543E+02
4.937468734367085E+02	3.385750325115603E+02
4.942471235617710E+02	3.389920929183048E+02
4.947473736868336E+02	3.394092669704963E+02
4.952476238118961E+02	3.398265545235864E+02
4.957478739369586E+02	3.402439554330718E+02
4.962481240620211E+02	3.406614695544957E+02
4.967483741870836E+02	3.410790967434467E+02
4.972486243121461E+02	3.414968368555612E+02
4.977488744372086E+02	3.419146897465242E+02
4.982491245622711E+02	3.423326552720687E+02
4.987493746873336E+02	3.427507332879778E+02
4.992496248123961E+02	3.431689236500853E+02
4.997498749374586E+02	3.435872262142757E+02
5.002501250625211E+02	3.440056408364860E+02
5.007503751875836E+02	3.444241673727056E+02
5.012506253126462E+02	3.448428056789780E+02
5.017508754377087E+02	3.452615556114004E+02
5.022511255627712E+02	3.456804170261252E+02
5.027513756878337E+02	3.460993897793612E+02
5.032516258128962E+02	3.465184737273729E+02
5.037518759379587E+02	3.469376687264827E+02
5.042521260630212E+02	3.473569746330710E+02
5.047523761880837E+02	3.477763913035765E+02
5.052526263131462E+02	3.481959185944980E+02
5.057528764382087E+02	3.486155563623940E+02
5.062531265632712E+02	3.490353044638849E+02
5.067533766883337E+02	3.494551627556516E+02
5.072536268133962E+02	3.498751310944383E+02
5.077538769384587E+02	3.502952093370512E+02
5.082541270635213E+02	3.507153973403618E+02
5.087543771885838E+02	3.511356949613050E+02
5.092546273136463E+02	3.515561020568813E+02
5.097548774387088E+02	3.519766184841565E+02
5.102551275637713E+02	3.523972441002641E+02
5.107553776888338E+02	3.528179787624044E+02
5.112556278138963E+02	3.532388223278446E+02
5.117558779389588E+02	3.536597746539220E+02
5.122561280640214E+02	3.540808355980423E+02
5.127563781890839E+02	3.545020050176814E+02
5.132566283141464E+02	3.549232827703862E+02
5.137568784392089E+02	3.553446687137740E+02
5.142571285642714E+02	3.557661627055345E+02
5.147573786893339E+02	3.561877646034300E+02
5.152576288143964E+02	3.566094742652962E+02
5.157578789394589E+02	3.570312915490424E+02
5.162581290645214E+02	3.574532163126524E+02
5.167583791895839E+02	3.578752484141852E+02
5.172586293146464E+02	3.582973877117755E+02
5.177588794397089E+02	3.587196340636341E+02
5.182591295647715E+02	3.591419873280497E+02
5.187593796898340E+02	3.595644473633877E+02
5.192596298148965E+02	3.599870140280922E+02
5.197598799399590E+02	3.604096871806861E+02
5.202601300650215E+02	3.608324666797718E+02
5.207603801900840E+02	3.612553523840314E+02
5.212606303151465E+02	3.616783441522281E+02
5.217608804402090E+02	3.621014418432063E+02
5.222611305652715E+02	3.625246453158919E+02
5.227613806903340E+02	3.629479544292936E+02
5.232616308153965E+02	3.633713690425031E+02
5.237618809404590E+02	3.637948890146953E+02
5.242621310655215E+02	3.642185142051299E+02
5.247623811905841E+02	3.646422444731505E+02
5.252626313156466E+02	3.650660796781871E+02
5.257628814407091E+02	3.654900196797543E+02
5.262631315657716E+02	3.659140643374544E+02
5.267633816908341E+02	3.663382135109758E+02
5.272636318158966E+02	3.667624670600950E+02
5.277638819409591E+02	3.671868248446759E+02
5.282641320660216E+02	3.676112867246722E+02
5.287643821910841E+02	3.680358525601253E+02
5.292646323161466E+02	3.684605222111675E+02
5.297648824412091E+02	3.688852955380208E+02
5.302651325662716E+02	3.693101724009981E+02
5.307653826913341E+02	3.697351526605040E+02
5.312656328163966E+02	3.701602361770342E+02
5.317658829414592E+02	3.705854228111772E+02
5.322661330665217E+02	3.710107124236142E+02
5.327663831915842E+02	3.714361048751203E+02
5.332666333166467E+02	3.718616000265635E+02
5.337668834417092E+02	3.722871977389075E+02
5.342671335667717E+02	3.727128978732097E+02
5.347673836918342E+02	3.731387002906239E+02
5.352676338168967E+02	3.735646048523984E+02
5.357678839419592E+02	3.739906114198797E+02
5.362681340670217E+02	3.744167198545100E+02
5.367683841920842E+02	3.748429300178291E+02
5.372686343171467E+02	3.752692417714746E+02
5.377688844422092E+02	3.756956549771829E+02
5.382691345672717E+02	3.761221694967884E+02
5.387693846923343E+02	3.765487851922255E+02
5.392696348173968E+02	3.769755019255277E+02
5.397698849424593E+02	3.774023195588295E+02
5.402701350675218E+02	3.778292379543652E+02
5.407703851925843E+02	3.782562569744708E+02
5.412706353176468E+02	3.786833764815840E+02
5.417708854427093E+02	3.791105963382439E+02
5.422711355677718E+02	3.795379164070926E+02
5.427713856928343E+02	3.799653365508743E+02
5.432716358178968E+02	3.803928566324384E+02
5.437718859429593E+02	3.808204765147359E+02
5.442721360680218E+02	3.812481960608235E+02
5.447723861930843E+02	3.816760151338621E+02
5.452726363181469E+02	3.821039335971174E+02
5.457728864432094E+02	3.825319513139615E+02
5.462731365682719E+02	3.829600681478718E+02
5.467733866933344E+02	3.833882839624319E+02
5.472736368183969E+02	3.838165986213320E+02
5.477738869434594E+02	3.842450119883705E+02
5.482741370685219E+02	3.846735239274531E+02
5.487743871935844E+02	3.851021343025931E+02
5.492746373186469E+02	3.855308429779113E+02
5.497748874437094E+02	3.859596498176396E+02
5.502751375687719E+02	3.863885546861172E+02
5.507753876938344E+02	3.868175574477939E+02
5.512756378188969E+02	3.872466579672290E+02
5.517758879439594E+02	3.876758561090923E+02
5.522761380690220E+02	3.881051517381643E+02
5.527763881940845E+02	3.885345447193370E+02
5.532766383191470E+02	3.889640349176133E+02
5.537768884442095E+02	3.893936221981089E+02
5.542771385692720E+02	3.898233064260510E+02
5.547773886943345E+02	3.902530874667792E+02
5.552776388193970E+02	3.906829651857471E+02
5.557778889444595E+02	3.911129394485207E+02
5.562781390695220E+02	3.915430101207810E+02
5.567783891945845E+02	3.919731770683212E+02
5.572786393196470E+02	3.924034401570511E+02
5.577788894447095E+02	3.928337992529933E+02
5.582791395697720E+02	3.932642542222869E+02
5.587793896948345E+02	3.936948049311860E+02
5.592796398198971E+02	3.941254512460604E+02
5.597798899449596E+02	3.945561930333964E+02
5.602801400700221E+02	3.949870301597966E+02
5.607803901950846E+02	3.954179624919805E+02
5.612806403201471E+02	3.958489898967848E+02
5.617808904452096E+02	3.962801122411640E+02
5.622811405702721E+02	3.967113293921898E+02
5.627813906953346E+02	3.971426412170525E+02
5.632816408203971E+02	3.975740475830601E+02
5.637818909454596E+02	3.980055483576411E+02
5.642821410705221E+02	3.984371434083417E+02
5.647823911955846E+02	3.988688326028273E+02
5.652826413206471E+02	3.993006158088844E+02
5.657828914457097E+02	3.997324928944184E+02
5.662831415707722E+02	4.001644637274551E+02
5.667833916958347E+02	4.005965281761419E+02
5.672836418208972E+02	4.010286861087459E+02
5.677838919459597E+02	4.014609373936560E+02
5.682841420710222E+02	4.018932818993836E+02
5.687843921960847E+02	4.023257194945598E+02
5.692846423211472E+02	4.027582500479396E+02
5.697848924462097E+02	4.031908734283996E+02
5.702851425712722E+02	4.036235895049392E+02
5.707853926963347E+02	4.040563981466809E+02
5.712856428213972E+02	4.044892992228706E+02
5.717858929464597E+02	4.049222926028767E+02
5.722861430715222E+02	4.053553781561934E+02
5.727863931965848E+02	4.057885557524363E+02
5.732866433216473E+02	4.062218252613475E+02
5.737868934467098E+02	4.066551865527931E+02
5.742871435717723E+02	4.070886394967636E+02
5.747873936968348E+02	4.075221839633746E+02
5.752876438218973E+02	4.079558198228680E+02
5.757878939469598E+02	4.083895469456098E+02
5.762881440720223E+02	4.088233652020938E+02
5.767883941970848E+02	4.092572744629380E+02
5.772886443221473E+02	4.096912745988873E+02
5.777888944472098E+02	4.101253654808150E+02
5.782891445722723E+02	4.105595469797187E+02
5.787893946973348E+02	4.109938189667245E+02
5.792896448223973E+02	4.114281813130854E+02
5.797898949474599E+02	4.118626338901825E+02
5.802901450725224E+02	4.122971765695240E+02
5.807903951975849E+02	4.127318092227464E+02
5.812906453226474E+02	4.131665317216153E+02
5.817908954477099E+02	4.136013439380226E+02
5.822911455727724E+02	4.140362457439913E+02
5.827913956978349E+02	4.144712370116723E+02
5.832916458228974E+02	4.149063176133462E+02
5.837918959479599E+02	4.153414874214211E+02
5.842921460730224E+02	4.157767463084375E+02
5.847923961980849E+02	4.162120941470632E+02
5.852926463231474E+02	4.166475308100979E+02
5.857928964482099E+02	4.170830561704706E+02
5.862931465732725E+02	4.175186701012407E+02
5.867933966983350E+02	4.179543724755977E+02
5.872936468233975E+02	4.183901631668634E+02
5.877938969484600E+02	4.188260420484894E+02
5.882941470735225E+02	4.192620089940592E+02
5.887943971985850E+02	4.196980638772874E+02
5.892946473236475E+02	4.201342065720199E+02
5.897948974487100E+02	4.205704369522349E+02
5.902951475737725E+02	4.210067548920422E+02
5.907953976988350E+02	4.214431602656846E+02
5.912956478238975E+02	4.218796529475360E+02
5.917958979489600E+02	4.223162328121037E+02
5.922961480740225E+02	4.227528997340274E+02
5.927963981990850E+02	4.231896535880800E+02
5.932966483241476E+02	4.236264942491667E+02
5.937968984492101E+02	4.240634215923268E+02
5.942971485742726E+02	4.245004354927327E+02
5.947973986993351E+02	4.249375358256898E+02
5.952976488243976E+02	4.253747224666391E+02
5.957978989494601E+02	4.258119952911526E+02
5.962981490745226E+02	4.262493541749388E+02
5.967983991995851E+02	4.266867989938394E+02
5.972986493246476E+02	4.271243296238305E+02
5.977988994497101E+02	4.275619459410231E+02
5.982991495747726E+02	4.279996478216622E+02
5.987993996998351E+02	4.284374351421289E+02
5.992996498248976E+02	4.288753077789382E+02
5.997998999499601E+02	4.293132656087404E+02
6.003001500750227E+02	4.297513085083216E+02
6.008004002000852E+02	4.301894363546027E+02
6.013006503251477E+02	4.306276490246407E+02
6.018009004502102E+02	4.310659463956279E+02
6.023011505752727E+02	4.315043283448929E+02
6.028014007003352E+02	4.319427947498999E+02
6.033016508253977E+02	4.323813454882495E+02
6.038019009504602E+02	4.328199804376781E+02
6.043021510755227E+02	4.332586994760595E+02
6.048024012005852E+02	4.336975024814030E+02
6.053026513256477E+02	4.341363893318544E+02
6.058029014507102E+02	4.345753599056978E+02
6.063031515757727E+02	4.350144140813527E+02
6.068034017008353E+02	4.354535517373760E+02
6.073036518258978E+02	4.358927727524615E+02
6.078039019509603E+02	4.363320770054413E+02
6.083041520760228E+02	4.367714643752834E+02
6.088044022010853E+02	4.372109347410950E+02
6.093046523261478E+02	4.376504879821196E+02
6.098049024512103E+02	4.380901239777381E+02
6.103051525762728E+02	4.385298426074705E+02
6.108054027013353E+02	4.389696437509739E+02
6.113056528263978E+02	4.394095272880436E+02
6.118059029514603E+02	4.398494930986136E+02
6.123061530765228E+02	4.402895410627547E+02
6.128064032015853E+02	4.407296710606779E+02
6.133066533266478E+02	4.411698829727309E+02
6.138069034517104E+02	4.416101766794008E+02
6.143071535767729E+02	4.420505520613136E+02
6.148074037018354E+02	4.424910089992330E+02
6.153076538268979E+02	4.429315473740628E+02
6.158079039519604E+02	4.433721670668450E+02
6.163081540770229E+02	4.438128679587604E+02
6.168084042020854E+02	4.442536499311286E+02
6.173086543271479E+02	4.446945128654097E+02
6.178089044522104E+02	4.451354566432022E+02
6.183091545772729E+02	4.455764811462434E+02
6.188094047023354E+02	4.460175862564107E+02
6.193096548273979E+02	4.464587718557210E+02
6.198099049524604E+02	4.469000378263304E+02
6.203101550775229E+02	4.473413840505352E+02
6.208104052025855E+02	4.477828104107700E+02
6.213106553276480E+02	4.482243167896119E+02
6.218109054527105E+02	4.486659030697743E+02
6.223111555777730E+02	4.491075691341132E+02
6.228114057028355E+02	4.495493148656235E+02
6.233116558278980E+02	4.499911401474412E+02
6.238119059529605E+02	4.504330448628409E+02
6.243121560780230E+02	4.508750288952380E+02
6.248124062030855E+02	4.513170921281884E+02
6.253126563281480E+02	4.517592344453885E+02
6.258129064532105E+02	4.522014557306740E+02
6.263131565782730E+02	4.526437558680220E+02
6.268134067033355E+02	4.530861347415497E+02
6.273136568283981E+02	4.535285922355153E+02
6.278139069534606E+02	4.539711282343162E+02
6.283141570785231E+02	4.544137426224925E+02
6.288144072035856E+02	4.548564352847234E+02
6.293146573286481E+02	4.552992061058281E+02
6.298149074537106E+02	4.557420549707695E+02
6.303151575787731E+02	4.561849817646487E+02
6.308154077038356E+02	4.566279863727081E+02
6.313156578288981E+02	4.570710686803325E+02
6.318159079539606E+02	4.575142285730454E+02
6.323161580790231E+02	4.579574659365129E+02
6.328164082040856E+02	4.584007806565417E+02
6.333166583291481E+02	4.588441726190790E+02
6.338169084542106E+02	4.592876417102141E+02
6.343171585792732E+02	4.597311878161760E+02
6.348174087043357E+02	4.601748108233364E+02
6.353176588293982E+02	4.606185106182072E+02
6.358179089544607E+02	4.610622870874422E+02
6.363181590795232E+02	4.615061401178352E+02
6.368184092045857E+02	4.619500695963235E+02
6.373186593296482E+02	4.623940754099827E+02
6.378189094547107E+02	4.628381574460317E+02
6.383191595797732E+02	4.632823155918309E+02
6.388194097048357E+02	4.637265497348809E+02
6.393196598298982E+02	4.641708597628244E+02
6.398199099549607E+02	4.646152455634452E+02
6.403201600800232E+02	4.650597070246695E+02
6.408204102050858E+02	4.655042440345630E+02
6.413206603301483E+02	4.659488564813340E+02
6.418209104552108E+02	4.663935442533333E+02
6.423211605802733E+02	4.668383072390507E+02
6.428214107053358E+02	4.672831453271191E+02
6.433216608303983E+02	4.677280584063134E+02
6.438219109554608E+02	4.681730463655488E+02
6.443221610805233E+02	4.686181090938817E+02
6.448224112055858E+02	4.690632464805124E+02
6.453226613306483E+02	4.695084584147793E+02
6.458229114557108E+02	4.699537447861654E+02
6.463231615807733E+02	4.703991054842929E+02
6.468234117058358E+02	4.708445403989276E+02
6.473236618308983E+02	4.712900494199748E+02
6.478239119559609E+02	4.717356324374828E+02
6.483241620810234E+02	4.721812893416402E+02
6.488244122060859E+02	4.726270200227792E+02
6.493246623311484E+02	4.730728243713710E+02
6.498249124562109E+02	4.735187022780299E+02
6.503251625812734E+02	4.739646536335109E+02
6.508254127063359E+02	4.744106783287114E+02
6.513256628313984E+02	4.748567762546691E+02
6.518259129564609E+02	4.753029473025647E+02
6.523261630815234E+02	4.757491913637190E+02
6.528264132065859E+02	4.761955083295936E+02
6.533266633316484E+02	4.766418980917950E+02
6.538269134567109E+02	4.770883605420667E+02
6.543271635817734E+02	4.775348955722969E+02
6.548274137068360E+02	4.779815030745134E+02
6.553276638318985E+02	4.784281829408868E+02
6.558279139569610E+02	4.788749350637273E+02
6.563281640820235E+02	4.793217593354876E+02
6.568284142070860E+02	4.797686556487620E+02
6.573286643321485E+02	4.802156238962846E+02
6.578289144572110E+02	4.806626639709324E+02
6.583291645822735E+02	4.811097757657234E+02
6.588294147073360E+02	4.815569591738149E+02
6.593296648323985E+02	4.820042140885083E+02
6.598299149574610E+02	4.824515404032447E+02
6.603301650825235E+02	4.828989380116057E+02
6.608304152075860E+02	4.833464068073146E+02
6.613306653326486E+02	4.837939466842371E+02
6.618309154577111E+02	4.842415575363773E+02
6.623311655827736E+02	4.846892392578829E+02
6.628314157078361E+02	4.851369917430408E+02
6.633316658328986E+02	4.855848148862791E+02
6.638319159579611E+02	4.860327085821679E+02
6.643321660830236E+02	4.864806727254174E+02
6.648324162080861E+02	4.869287072108780E+02
6.653326663331486E+02	4.873768119335429E+02
6.658329164582111E+02	4.878249867885432E+02
6.663331665832736E+02	4.882732316711535E+02
6.668334167083361E+02	4.887215464767872E+02
6.673336668333986E+02	4.891699311009994E+02
6.678339169584611E+02	4.896183854394850E+02
6.683341670835237E+02	4.900669093880799E+02
6.688344172085862E+02	4.905155028427608E+02
6.693346673336487E+02	4.909641656996444E+02
6.698349174587112E+02	4.914128978549884E+02
6.703351675837737E+02	4.918616992051891E+02
6.708354177088362E+02	4.923105696467853E+02
6.713356678338987E+02	4.927595090764554E+02
6.718359179589612E+02	4.932085173910170E+02
6.723361680840237E+02	4.936575944874299E+02
6.728364182090862E+02	4.941067402627914E+02
6.733366683341487E+02	4.945559546143411E+02
6.738369184592112E+02	4.950052374394573E+02
6.743371685842737E+02	4.954545886356599E+02
6.748374187093362E+02	4.959040081006059E+02
6.753376688343988E+02	4.963534957320954E+02
6.758379189594613E+02	4.968030514280656E+02
6.763381690845238E+02	4.972526750865948E+02
6.768384192095863E+02	4.977023666059003E+02
6.773386693346488E+02	4.981521258843406E+02
6.778389194597113E+02	4.986019528204110E+02
6.783391695847738E+02	4.990518473127491E+02
6.788394197098363E+02	4.995018092601297E+02
6.793396698348988E+02	4.999518385614690E+02
6.798399199599613E+02	5.004019351158204E+02
6.803401700850238E+02	5.008520988223783E+02
6.808404202100863E+02	5.013023295804761E+02
6.813406703351488E+02	5.017526272895847E+02
6.818409204602114E+02	5.022029918493154E+02
6.823411705852739E+02	5.026534231594182E+02
6.828414207103364E+02	5.031039211197828E+02
6.833416708353989E+02	5.035544856304365E+02
6.838419209604614E+02	5.040051165915445E+02
6.843421710855239E+02	5.044558139034153E+02
6.848424212105864E+02	5.049065774664896E+02
6.853426713356489E+02	5.053574071813509E+02
6.858429214607114E+02	5.058083029487210E+02
6.863431715857739E+02	5.062592646694580E+02
6.868434217108364E+02	5.067102922445605E+02
6.873436718358989E+02	5.071613855751643E+02
6.878439219609614E+02	5.076125445625431E+02
6.883441720860239E+02	5.080637691081090E+02
6.888444222110865E+02	5.085150591134137E+02
6.893446723361490E+02	5.089664144801447E+02
6.898449224612115E+02	5.094178351101269E+02
6.903451725862740E+02	5.098693209053266E+02
6.908454227113365E+02	5.103208717678434E+02
6.913456728363990E+02	5.107724875999185E+02
6.918459229614615E+02	5.112241683039273E+02
6.923461730865240E+02	5.116759137823848E+02
6.928464232115865E+02	5.121277239379427E+02
6.933466733366490E+02	5.125795986733903E+02
6.938469234617115E+02	5.130315378916538E+02
6.943471735867740E+02	5.134835414957969E+02
6.948474237118365E+02	5.139356093890198E+02
6.953476738368990E+02	5.143877414746607E+02
6.958479239619616E+02	5.148399376561930E+02
6.963481740870241E+02	5.152921978372293E+02
6.968484242120866E+02	5.157445219215165E+02
6.973486743371491E+02	5.161969098129397E+02
6.978489244622116E+02	5.166493614155203E+02
6.983491745872741E+02	5.171018766334158E+02
6.988494247123366E+02	5.175544553709199E+02
6.993496748373991E+02	5.180070975324627E+02
6.998499249624616E+02	5.184598030226115E+02
7.003501750875241E+02	5.189125717460682E+02
7.008504252125866E+02	5.193654036076726E+02
7.013506753376491E+02	5.198182985123973E+02
7.018509254627116E+02	5.202712563653538E+02
7.023511755877742E+02	5.207242770717882E+02
7.028514257128367E+02	5.211773605370819E+02
7.033516758378992E+02	5.216305066667517E+02
7.038519259629617E+02	5.220837153664507E+02
7.043521760880242E+02	5.225369865419681E+02
7.048524262130867E+02	5.229903200992247E+02
7.053526763381492E+02	5.234437159442806E+02
7.058529264632117E+02	5.238971739833290E+02
7.063531765882742E+02	5.243506941226980E+02
7.068534267133367E+02	5.248042762688511E+02
7.073536768383992E+02	5.252579203283871E+02
7.078539269634617E+02	5.257116262080366E+02
7.083541770885242E+02	5.261653938146691E+02
7.088544272135867E+02	5.266192230552854E+02
7.093546773386493E+02	5.270731138370215E+02
7.098549274637118E+02	5.275270660671478E+02
7.103551775887743E+02	5.279810796530693E+02
7.108554277138368E+02	5.284351545023244E+02
7.113556778388993E+02	5.288892905225848E+02
7.118559279639618E+02	5.293434876216585E+02
7.123561780890243E+02	5.297977457074834E+02
7.128564282140868E+02	5.302520646881349E+02
7.133566783391493E+02	5.307064444718193E+02
7.138569284642118E+02	5.311608849668786E+02
7.143571785892743E+02	5.316153860817852E+02
7.148574287143368E+02	5.320699477251472E+02
7.153576788393993E+02	5.325245698057053E+02
7.158579289644618E+02	5.329792522323321E+02
7.163581790895244E+02	5.334339949140343E+02
7.168584292145869E+02	5.338887977599504E+02
7.173586793396494E+02	5.343436606793520E+02
7.178589294647119E+02	5.347985835816443E+02
7.183591795897744E+02	5.352535663763633E+02
7.188594297148369E+02	5.357086089731785E+02
7.193596798398994E+02	5.361637112818902E+02
7.198599299649619E+02	5.366188732124332E+02
7.203601800900244E+02	5.370740946748716E+02
7.208604302150869E+02	5.375293755794034E+02
7.213606803401494E+02	5.379847158363579E+02
7.218609304652119E+02	5.384401153561952E+02
7.223611805902744E+02	5.388955740495081E+02
7.228614307153370E+02	5.393510918270205E+02
7.233616808403995E+02	5.398066685995869E+02
7.238619309654620E+02	5.402623042781948E+02
7.243621810905245E+02	5.407179987739612E+02
7.248624312155870E+02	5.411737519981333E+02
7.253626813406495E+02	5.416295638620917E+02
7.258629314657120E+02	5.420854342773463E+02
7.263631815907745E+02	5.425413631555376E+02
7.268634317158370E+02	5.429973504084370E+02
7.273636818408995E+02	5.434533959479459E+02
7.278639319659620E+02	5.439094996860968E+02
7.283641820910245E+02	5.443656615350510E+02
7.288644322160870E+02	5.448218814071016E+02
7.293646823411495E+02	5.452781592146694E+02
7.298649324662121E+02	5.457344948703073E+02
7.303651825912746E+02	5.461908882866969E+02
7.308654327163371E+02	5.466473393766490E+02
7.313656828413996E+02	5.471038480531049E+02
7.318659329664621E+02	5.475604142291340E+02
7.323661830915246E+02	5.480170378179357E+02
7.328664332165871E+02	5.484737187328384E+02
7.333666833416496E+02	5.489304568872988E+02
7.338669334667121E+02	5.493872521949036E+02
7.343671835917746E+02	5.498441045693679E+02
7.348674337168371E+02	5.503010139245345E+02
7.353676838418996E+02	5.507579801743757E+02
7.358679339669621E+02	5.512150032329918E+02
7.363681840920246E+02	5.516720830146123E+02
7.368684342170872E+02	5.521292194335920E+02
7.373686843421497E+02	5.525864124044166E+02
7.378689344672122E+02	5.530436618416983E+02
7.383691845922747E+02	5.535009676601782E+02
7.388694347173372E+02	5.539583297747228E+02
7.393696848423997E+02	5.544157481003291E+02
7.398699349674622E+02	5.548732225521188E+02
7.403701850925247E+02	5.553307530453424E+02
7.408704352175872E+02	5.557883394953766E+02
7.413706853426497E+02	5.562459818177263E+02
7.418709354677122E+02	5.567036799280207E+02
7.423711855927747E+02	5.571614337420192E+02
7.428714357178372E+02	5.576192431756054E+02
7.433716858428998E+02	5.580771081447905E+02
7.438719359679623E+02	5.585350285657116E+02
7.443721860930248E+02	5.589930043546315E+02
7.448724362180873E+02	5.594510354279395E+02
7.453726863431498E+02	5.599091217021522E+02
7.458729364682123E+02	5.603672630939103E+02
7.463731865932748E+02	5.608254595199808E+02
7.468734367183373E+02	5.612837108972557E+02
7.473736868433998E+02	5.617420171427531E+02
7.478739369684623E+02	5.622003781736177E+02
7.483741870935248E+02	5.626587939071161E+02
7.488744372185873E+02	5.631172642606439E+02
7.493746873436498E+02	5.635757891517168E+02
7.498749374687123E+02	5.640343684979813E+02
7.503751875937749E+02	5.644930022172030E+02
7.508754377188374E+02	5.649516902272757E+02
7.513756878438999E+02	5.654104324462154E+02
7.518759379689624E+02	5.658692287921646E+02
7.523761880940249E+02	5.663280791833864E+02
7.528764382190874E+02	5.667869835382727E+02
7.533766883441499E+02	5.672459417753357E+02
7.538769384692124E+02	5.677049538132117E+02
7.543771885942749E+02	5.681640195706610E+02
7.548774387193374E+02	5.686231389665692E+02
7.553776888443999E+02	5.690823119199428E+02
7.558779389694624E+02	5.695415383499122E+02
7.563781890945249E+02	5.700008181757313E+02
7.568784392195874E+02	5.704601513167775E+02
7.573786893446500E+02	5.709195376925485E+02
7.578789394697125E+02	5.713789772226675E+02
7.583791895947750E+02	5.718384698268791E+02
7.588794397198375E+02	5.722980154250503E+02
7.593796898449000E+02	5.727576139371700E+02
7.598799399699625E+02	5.732172652833502E+02
7.603801900950250E+02	5.736769693838235E+02
7.608804402200875E+02	5.741367261589464E+02
7.613806903451500E+02	5.745965355291945E+02
7.618809404702125E+02	5.750563974151681E+02
7.623811905952750E+02	5.755163117375848E+02
7.628814407203375E+02	5.759762784172889E+02
7.633816908454000E+02	5.764362973752413E+02
7.638819409704626E+02	5.768963685325253E+02
7.643821910955251E+02	5.773564918103463E+02
7.648824412205876E+02	5.778166671300291E+02
7.653826913456501E+02	5.782768944130200E+02
7.658829414707126E+02	5.787371735808854E+02
7.663831915957751E+02	5.791975045553119E+02
7.668834417208376E+02	5.796578872581059E+02
7.673836918459001E+02	5.801183216111954E+02
7.678839419709626E+02	5.805788075366272E+02
7.683841920960251E+02	5.810393449565676E+02
7.688844422210876E+02	5.814999337933042E+02
7.693846923461501E+02	5.819605739692419E+02
7.698849424712126E+02	5.824212654069063E+02
7.703851925962751E+02	5.828820080289429E+02
7.708854427213377E+02	5.833428017581143E+02
7.713856928464002E+02	5.838036465173046E+02
7.718859429714627E+02	5.842645422295146E+02
7.723861930965252E+02	5.847254888178650E+02
7.728864432215877E+02	5.851864862055946E+02
7.733866933466502E+02	5.856475343160595E+02
7.738869434717127E+02	5.861086330727371E+02
7.743871935967752E+02	5.865697823992203E+02
7.748874437218377E+02	5.870309822192210E+02
7.753876938469002E+02	5.874922324565681E+02
7.758879439719627E+02	5.879535330352090E+02
7.763881940970252E+02	5.884148838792102E+02
7.768884442220877E+02	5.888762849127526E+02
7.773886943471502E+02	5.893377360601343E+02
7.778889444722128E+02	5.897992372457750E+02
7.783891945972753E+02	5.902607883942068E+02
7.788894447223378E+02	5.907223894300807E+02
7.793896948474003E+02	5.911840402781643E+02
7.798899449724628E+02	5.916457408633413E+02
7.803901950975253E+02	5.921074911106119E+02
7.808904452225878E+02	5.925692909450937E+02
7.813906953476503E+02	5.930311402920184E+02
7.818909454727128E+02	5.934930390767365E+02
7.823911955977753E+02	5.939549872247113E+02
7.828914457228378E+02	5.944169846615247E+02
7.833916958479003E+02	5.948790313128719E+02
7.838919459729628E+02	5.953411271045646E+02
7.843921960980254E+02	5.958032719625301E+02
7.848924462230879E+02	5.962654658128114E+02
7.853926963481504E+02	5.967277085815639E+02
7.858929464732129E+02	5.971900001950607E+02
7.863931965982754E+02	5.976523405796887E+02
7.868934467233379E+02	5.981147296619498E+02
7.873936968484004E+02	5.985771673684592E+02
7.878939469734629E+02	5.990396536259462E+02
7.883941970985254E+02	5.995021883612570E+02
7.888944472235879E+02	5.999647715013487E+02
7.893946973486504E+02	6.004274029732948E+02
7.898949474737129E+02	6.008900827042812E+02
7.903951975987754E+02	6.013528106216063E+02
7.908954477238379E+02	6.018155866526855E+02
7.913956978489005E+02	6.022784107250441E+02
7.918959479739630E+02	6.027412827663212E+02
7.923961980990255E+02	6.032042027042698E+02
7.928964482240880E+02	6.036671704667569E+02
7.933966983491505E+02	6.041301859817601E+02
7.938969484742130E+02	6.045932491773700E+02
7.943971985992755E+02	6.050563599817900E+02
7.948974487243380E+02	6.055195183233370E+02
7.953976988494005E+02	6.059827241304380E+02
7.958979489744630E+02	6.064459773316336E+02
7.963981990995255E+02	6.069092778555746E+02
7.968984492245880E+02	6.073726256310262E+02
7.973986993496505E+02	6.078360205868624E+02
7.978989494747130E+02	6.082994626520716E+02
7.983991995997756E+02	6.087629517557501E+02
7.988994497248381E+02	6.092264878271077E+02
7.993996998499006E+02	6.096900707954653E+02
7.998999499749631E+02	6.101537005902537E+02
8.004002001000256E+02	6.106173771410141E+02
8.009004502250881E+02	6.110811003773997E+02
8.014007003501506E+02	6.115448702291741E+02
8.019009504752131E+02	6.120086866262089E+02
8.024012006002756E+02	6.124725494984897E+02
8.029014507253381E+02	6.129364587761088E+02
8.034017008504006E+02	6.134004143892690E+02
8.039019509754631E+02	6.138644162682846E+02
8.044022011005256E+02	6.143284643435770E+02
8.049024512255882E+02	6.147925585456798E+02
8.054027013506507E+02	6.152566988052332E+02
8.059029514757132E+02	6.157208850529895E+02
8.064032016007757E+02	6.161851172198064E+02
8.069034517258382E+02	6.166493952366535E+02
8.074037018509007E+02	6.171137190346078E+02
8.079039519759632E+02	6.175780885448551E+02
8.084042021010257E+02	6.180425036986902E+02
8.089044522260882E+02	6.185069644275147E+02
8.094047023511507E+02	6.189714706628396E+02
8.099049524762132E+02	6.194360223362843E+02
8.104052026012757E+02	6.199006193795751E+02
8.109054527263382E+02	6.203652617245471E+02
8.114057028514007E+02	6.208299493031402E+02
8.119059529764633E+02	6.212946820474052E+02
8.124062031015258E+02	6.217594598894993E+02
8.129064532265883E+02	6.222242827616847E+02
8.134067033516508E+02	6.226891505963330E+02
8.139069534767133E+02	6.231540633259217E+02
8.144072036017758E+02	6.236190208830350E+02
8.149074537268383E+02	6.240840232003651E+02
8.154077038519008E+02	6.245490702107082E+02
8.159079539769633E+02	6.250141618469678E+02
8.164082041020258E+02	6.254792980421536E+02
8.169084542270883E+02	6.259444787293819E+02
8.174087043521508E+02	6.264097038418743E+02
8.179089544772133E+02	6.268749733129580E+02
8.184092046022758E+02	6.273402870760659E+02
8.189094547273384E+02	6.278056450647360E+02
8.194097048524009E+02	6.282710472126130E+02
8.199099549774634E+02	6.287364934534436E+02
8.204102051025259E+02	6.292019837210836E+02
8.209104552275884E+02	6.296675179494899E+02
8.214107053526509E+02	6.301330960727271E+02
8.219109554777134E+02	6.305987180249614E+02
8.224112056027759E+02	6.310643837404667E+02
8.229114557278384E+02	6.315300931536175E+02
8.234117058529009E+02	6.319958461988967E+02
8.239119559779634E+02	6.324616428108875E+02
8.244122061030259E+02	6.329274829242785E+02
8.249124562280884E+02	6.333933664738620E+02
8.254127063531510E+02	6.338592933945331E+02
8.259129564782135E+02	6.343252636212906E+02
8.264132066032760E+02	6.347912770892386E+02
8.269134567283385E+02	6.352573337335804E+02
8.274137068534010E+02	6.357234334896253E+02
8.279139569784635E+02	6.361895762927844E+02
8.284142071035260E+02	6.366557620785719E+02
8.289144572285885E+02	6.371219907826046E+02
8.294147073536510E+02	6.375882623406001E+02
8.299149574787135E+02	6.380545766883812E+02
8.304152076037760E+02	6.385209337618691E+02
8.309154577288385E+02	6.389873334970907E+02
8.314157078539010E+02	6.394537758301725E+02
8.319159579789635E+02	6.399202606973428E+02
8.324162081040261E+02	6.403867880349317E+02
8.329164582290886E+02	6.408533577793722E+02
8.334167083541511E+02	6.413199698671958E+02
8.339169584792136E+02	6.417866242350370E+02
8.344172086042761E+02	6.422533208196306E+02
8.349174587293386E+02	6.427200595578131E+02
8.354177088544011E+02	6.431868403865200E+02
8.359179589794636E+02	6.436536632427894E+02
8.364182091045261E+02	6.441205280637578E+02
8.369184592295886E+02	6.445874347866622E+02
8.374187093546511E+02	6.450543833488424E+02
8.379189594797136E+02	6.455213736877347E+02
8.384192096047761E+02	6.459884057408772E+02
8.389194597298386E+02	6.464554794459083E+02
8.394197098549012E+02	6.469225947405617E+02
8.399199599799637E+02	6.473897515626772E+02
8.404202101050262E+02	6.478569498501884E+02
8.409204602300887E+02	6.483241895411294E+02
8.414207103551512E+02	6.487914705736345E+02
8.419209604802137E+02	6.492587928859366E+02
8.424212106052762E+02	6.497261564163655E+02
8.429214607303387E+02	6.501935611033529E+02
8.434217108554012E+02	6.506610068854251E+02
8.439219609804637E+02	6.511284937012080E+02
8.444222111055262E+02	6.515960214894280E+02
8.449224612305887E+02	6.520635901889065E+02
8.454227113556512E+02	6.525311997385629E+02
8.459229614807138E+02	6.529988500774158E+02
8.464232116057763E+02	6.534665411445818E+02
8.469234617308388E+02	6.539342728792717E+02
8.474237118559013E+02	6.544020452207985E+02
8.479239619809638E+02	6.548698581085663E+02
8.484242121060263E+02	6.553377114820815E+02
8.489244622310888E+02	6.558056052809450E+02
8.494247123561513E+02	6.562735394448547E+02
8.499249624812138E+02	6.567415139136040E+02
8.504252126062763E+02	6.572095286270857E+02
8.509254627313388E+02	6.576775835252841E+02
8.514257128564013E+02	6.581456785482862E+02
8.519259629814638E+02	6.586138136362694E+02
8.524262131065263E+02	6.590819887295081E+02
8.529264632315889E+02	6.595502037683742E+02
8.534267133566514E+02	6.600184586933335E+02
8.539269634817139E+02	6.604867534449498E+02
8.544272136067764E+02	6.609550879638776E+02
8.549274637318389E+02	6.614234621908712E+02
8.554277138569014E+02	6.618918760667781E+02
8.559279639819639E+02	6.623603295325394E+02
8.564282141070264E+02	6.628288225291927E+02
8.569284642320889E+02	6.632973549978713E+02
8.574287143571514E+02	6.637659268797992E+02
8.579289644822139E+02	6.642345381162967E+02
8.584292146072764E+02	6.647031886487799E+02
8.589294647323389E+02	6.651718784187572E+02
8.594297148574014E+02	6.656406073678305E+02
8.599299649824640E+02	6.661093754376963E+02
8.604302151075265E+02	6.665781825701456E+02
8.609304652325890E+02	6.670470287070606E+02
8.614307153576515E+02	6.675159137904188E+02
8.619309654827140E+02	6.679848377622911E+02
8.624312156077765E+02	6.684538005648388E+02
8.629314657328390E+02	6.689228021403193E+02
8.634317158579015E+02	6.693918424310810E+02
8.639319659829640E+02	6.698609213795653E+02
8.644322161080265E+02	6.703300389283073E+02
8.649324662330890E+02	6.707991950199316E+02
8.654327163581515E+02	6.712683895971587E+02
8.659329664832140E+02	6.717376226027985E+02
8.664332166082766E+02	6.722068939797534E+02
8.669334667333391E+02	6.726762036710185E+02
8.674337168584016E+02	6.731455516196806E+02
8.679339669834641E+02	6.736149377689163E+02
8.684342171085266E+02	6.740843620619959E+02
8.689344672335891E+02	6.745538244422795E+02
8.694347173586516E+02	6.750233248532193E+02
8.699349674837141E+02	6.754928632383559E+02
8.704352176087766E+02	6.759624395413263E+02
8.709354677338391E+02	6.764320537058518E+02
8.714357178589016E+02	6.769017056757497E+02
8.719359679839641E+02	6.773713953949224E+02
8.724362181090266E+02	6.778411228073677E+02
8.729364682340891E+02	6.783108878571724E+02
8.734367183591517E+02	6.787806904885097E+02
8.739369684842142E+02	6.792505306456461E+02
8.744372186092767E+02	6.797204082729390E+02
8.749374687343392E+02	6.801903233148319E+02
8.754377188594017E+02	6.806602757158596E+02
8.759379689844642E+02	6.811302654206481E+02
8.764382191095267E+02	6.816002923739071E+02
8.769384692345892E+02	6.820703565204428E+02
8.774387193596517E+02	6.825404578051447E+02
8.779389694847142E+02	6.830105961729931E+02
8.784392196097767E+02	6.834807715690577E+02
8.789394697348392E+02	6.839509839384936E+02
8.794397198599017E+02	6.844212332265500E+02
8.799399699849643E+02	6.848915193785593E+02
8.804402201100268E+02	6.853618423399439E+02
8.809404702350893E+02	6.858322020562139E+02
8.814407203601518E+02	6.863025984729674E+02
8.819409704852143E+02	6.867730315358925E+02
8.824412206102768E+02	6.872435011907596E+02
8.829414707353393E+02	6.877140073834315E+02
8.834417208604018E+02	6.881845500598579E+02
8.839419709854643E+02	6.886551291660703E+02
8.844422211105268E+02	6.891257446481960E+02
8.849424712355893E+02	6.895963964524425E+02
8.854427213606518E+02	6.900670845251049E+02
8.859429714857143E+02	6.905378088125692E+02
8.864432216107768E+02	6.910085692613030E+02
8.869434717358394E+02	6.914793658178620E+02
8.874437218609019E+02	6.919501984288904E+02
8.879439719859644E+02	6.924210670411164E+02
8.884442221110269E+02	6.928919716013527E+02
8.889444722360894E+02	6.933629120565009E+02
8.894447223611519E+02	6.938338883535470E+02
8.899449724862144E+02	6.943049004395633E+02
8.904452226112769E+02	6.947759482617058E+02
8.909454727363394E+02	6.952470317672175E+02
8.914457228614019E+02	6.957181509034277E+02
8.919459729864644E+02	6.961893056177465E+02
8.924462231115269E+02	6.966604958576737E+02
8.929464732365894E+02	6.971317215707905E+02
8.934467233616519E+02	6.976029827047654E+02
8.939469734867145E+02	6.980742792073496E+02
8.944472236117770E+02	6.985456110263798E+02
8.949474737368395E+02	6.990169781097763E+02
8.954477238619020E+02	6.994883804055444E+02
8.959479739869645E+02	6.999598178617712E+02
8.964482241120270E+02	7.004312904266302E+02
8.969484742370895E+02	7.009027980483787E+02
8.974487243621520E+02	7.013743406753562E+02
8.979489744872145E+02	7.018459182559858E+02
8.984492246122770E+02	7.023175307387751E+02
8.989494747373395E+02	7.027891780723141E+02
8.994497248624020E+02	7.032608602052766E+02
8.999499749874645E+02	7.037325770864180E+02
9.004502251125271E+02	7.042043286645763E+02
9.009504752375896E+02	7.046761148886771E+02
9.014507253626521E+02	7.051479357077214E+02
9.019509754877146E+02	7.056197910707982E+02
9.024512256127771E+02	7.060916809270751E+02
9.029514757378396E+02	7.065636052258039E+02
9.034517258629021E+02	7.070355639163195E+02
9.039519759879646E+02	7.075075569480368E+02
9.044522261130271E+02	7.079795842704528E+02
9.049524762380896E+02	7.084516458331467E+02
9.054527263631521E+02	7.089237415857796E+02
9.059529764882146E+02	7.093958714780932E+02
9.064532266132771E+02	7.098680354599101E+02
9.069534767383396E+02	7.103402334811356E+02
9.074537268634022E+02	7.108124654917541E+02
9.079539769884647E+02	7.112847314418344E+02
9.084542271135272E+02	7.117570312815226E+02
9.089544772385897E+02	7.122293649610459E+02
9.094547273636522E+02	7.127017324307142E+02
9.099549774887147E+02	7.131741336409153E+02
9.104552276137772E+02	7.136465685421188E+02
9.109554777388397E+02	7.141190370848741E+02
9.114557278639022E+02	7.145915392198107E+02
9.119559779889647E+02	7.150640748976390E+02
9.124562281140272E+02	7.155366440691449E+02
9.129564782390897E+02	7.160092466852003E+02
9.134567283641522E+02	7.164818826967529E+02
9.139569784892147E+02	7.169545520548294E+02
9.144572286142773E+02	7.174272547105373E+02
9.149574787393398E+02	7.178999906150633E+02
9.154577288644023E+02	7.183727597196705E+02
9.159579789894648E+02	7.188455619757057E+02
9.164582291145273E+02	7.193183973345890E+02
9.169584792395898E+02	7.197912657478233E+02
9.174587293646523E+02	7.202641671669892E+02
9.179589794897148E+02	7.207371015437442E+02
9.184592296147773E+02	7.212100688298243E+02
9.189594797398398E+02	7.216830689770454E+02
9.194597298649023E+02	7.221561019372995E+02
9.199599799899648E+02	7.226291676625586E+02
9.204602301150273E+02	7.231022661048694E+02
9.209604802400899E+02	7.235753972163587E+02
9.214607303651524E+02	7.240485609492322E+02
9.219609804902149E+02	7.245217572557666E+02
9.224612306152774E+02	7.249949860883241E+02
9.229614807403399E+02	7.254682473993383E+02
9.234617308654024E+02	7.259415411413223E+02
9.239619809904649E+02	7.264148672668653E+02
9.244622311155274E+02	7.268882257286336E+02
9.249624812405899E+02	7.273616164793706E+02
9.254627313656524E+02	7.278350394718952E+02
9.259629814907149E+02	7.283084946591026E+02
9.264632316157774E+02	7.287819819939664E+02
9.269634817408399E+02	7.292555014295317E+02
9.274637318659024E+02	7.297290529189272E+02
9.279639819909650E+02	7.302026364153513E+02
9.284642321160275E+02	7.306762518720798E+02
9.289644822410900E+02	7.311498992424632E+02
9.294647323661525E+02	7.316235784799304E+02
9.299649824912150E+02	7.320972895379839E+02
9.304652326162775E+02	7.325710323702025E+02
9.309654827413400E+02	7.330448069302373E+02
9.314657328664025E+02	7.335186131718182E+02
9.319659829914650E+02	7.339924510487491E+02
9.324662331165275E+02	7.344663205149064E+02
9.329664832415900E+02	7.349402215242447E+02
9.334667333666525E+02	7.354141540307893E+02
9.339669834917150E+02	7.358881179886423E+02
9.344672336167775E+02	7.363621133519825E+02
9.349674837418401E+02	7.368361400750574E+02
9.354677338669026E+02	7.373101981121939E+02
9.359679839919651E+02	7.377842874177898E+02
9.364682341170276E+02	7.382584079463157E+02
9.369684842420901E+02	7.387325596523198E+02
9.374687343671526E+02	7.392067424904222E+02
9.379689844922151E+02	7.396809564153148E+02
9.384692346172776E+02	7.401552013817640E+02
9.389694847423401E+02	7.406294773446112E+02
9.394697348674026E+02	7.411037842587704E+02
9.399699849924651E+02	7.415781220792245E+02
9.404702351175276E+02	7.420524907610366E+02
9.409704852425901E+02	7.425268902593349E+02
9.414707353676527E+02	7.430013205293259E+02
9.419709854927152E+02	7.434757815262865E+02
9.424712356177777E+02	7.439502732055664E+02
9.429714857428402E+02	7.444247955225870E+02
9.434717358679027E+02	7.448993484328428E+02
9.439719859929652E+02	7.453739318919004E+02
9.444722361180277E+02	7.458485458553977E+02
9.449724862430902E+02	7.463231902790445E+02
9.454727363681527E+02	7.467978651186219E+02
9.459729864932152E+02	7.472725703299847E+02
9.464732366182777E+02	7.477473058690571E+02
9.469734867433402E+02	7.482220716918358E+02
9.474737368684027E+02	7.486968677543877E+02
9.479739869934652E+02	7.491716940128528E+02
9.484742371185278E+02	7.496465504234387E+02
9.489744872435903E+02	7.501214369424281E+02
9.494747373686528E+02	7.505963535261729E+02
9.499749874937153E+02	7.510713001310934E+02
9.504752376187778E+02	7.515462767136836E+02
9.509754877438403E+02	7.520212832305060E+02
9.514757378689028E+02	7.524963196381944E+02
9.519759879939653E+02	7.529713858934545E+02
9.524762381190278E+02	7.534464819530568E+02
9.529764882440903E+02	7.539216077738483E+02
9.534767383691528E+02	7.543967633127421E+02
9.539769884942153E+02	7.548719485267200E+02
9.544772386192778E+02	7.553471633728373E+02
9.549774887443403E+02	7.558224078082155E+02
9.554777388694029E+02	7.562976817900490E+02
9.559779889944654E+02	7.567729852755979E+02
9.564782391195279E+02	7.572483182221926E+02
9.569784892445904E+02	7.577236805872337E+02
9.574787393696529E+02	7.581990723281891E+02
9.579789894947154E+02	7.586744934025976E+02
9.584792396197779E+02	7.591499437680654E+02
9.589794897448404E+02	7.596254233822685E+02
9.594797398699029E+02	7.601009322029473E+02
9.599799899949654E+02	7.605764701879174E+02
9.604802401200279E+02	7.610520372950590E+02
9.609804902450904E+02	7.615276334823169E+02
9.614807403701529E+02	7.620032587077111E+02
9.619809904952155E+02	7.624789129293265E+02
9.624812406202780E+02	7.629545961053135E+02
9.629814907453405E+02	7.634303081938934E+02
9.634817408704030E+02	7.639060491533538E+02
9.639819909954655E+02	7.643818189420489E+02
9.644822411205280E+02	7.648576175184038E+02
9.649824912455905E+02	7.653334448409065E+02
9.654827413706530E+02	7.658093008681144E+02
9.659829914957155E+02	7.662851855586523E+02
9.664832416207780E+02	7.667610988712121E+02
9.669834917458405E+02	7.672370407645500E+02
9.674837418709030E+02	7.677130111974932E+02
9.679839919959655E+02	7.681890101289304E+02
9.684842421210280E+02	7.686650375178210E+02
9.689844922460906E+02	7.691410933231913E+02
9.694847423711531E+02	7.696171775041283E+02
9.699849924962156E+02	7.700932900197923E+02
9.704852426212781E+02	7.705694308294028E+02
9.709854927463406E+02	7.710455998922524E+02
9.714857428714031E+02	7.715217971676918E+02
9.719859929964656E+02	7.719980226151455E+02
9.724862431215281E+02	7.724742761940964E+02
9.729864932465906E+02	7.729505578640984E+02
9.734867433716531E+02	7.734268675847682E+02
9.739869934967156E+02	7.739032053157885E+02
9.744872436217781E+02	7.743795710169059E+02
9.749874937468406E+02	7.748559646479333E+02
9.754877438719031E+02	7.753323861687509E+02
9.759879939969657E+02	7.758088355392978E+02
9.764882441220282E+02	7.762853127195834E+02
9.769884942470907E+02	7.767618176696794E+02
9.774887443721532E+02	7.772383503497225E+02
9.779889944972157E+02	7.777149107199143E+02
9.784892446222782E+02	7.781914987405204E+02
9.789894947473407E+02	7.786681143718698E+02
9.794897448724032E+02	7.791447575743562E+02
9.799899949974657E+02	7.796214283084386E+02
9.804902451225282E+02	7.800981265346383E+02
9.809904952475907E+02	7.805748522135398E+02
9.814907453726532E+02	7.810516053057946E+02
9.819909954977157E+02	7.815283857721131E+02
9.824912456227783E+02	7.820051935732751E+02
9.829914957478408E+02	7.824820286701174E+02
9.834917458729033E+02	7.829588910235449E+02
9.839919959979658E+02	7.834357805945230E+02
9.844922461230283E+02	7.839126973440813E+02
9.849924962480908E+02	7.843896412333120E+02
9.854927463731533E+02	7.848666122233708E+02
9.859929964982158E+02	7.853436102754761E+02
9.864932466232783E+02	7.858206353509074E+02
9.869934967483408E+02	7.862976874110087E+02
9.874937468734033E+02	7.867747664171860E+02
9.879939969984658E+02	7.872518723309059E+02
9.884942471235283E+02	7.877290051137013E+02
9.889944972485908E+02	7.882061647271597E+02
9.894947473736534E+02	7.886833511329418E+02
9.899949974987159E+02	7.891605642927598E+02
9.904952476237784E+02	7.896378041683935E+02
9.909954977488409E+02	7.901150707216799E+02
9.914957478739034E+02	7.905923639145260E+02
9.919959979989659E+02	7.910696837088884E+02
9.924962481240284E+02	7.915470300667976E+02
9.929964982490909E+02	7.920244029503352E+02
9.934967483741534E+02	7.925018023216505E+02
9.939969984992159E+02	7.929792281429499E+02
9.944972486242784E+02	7.934566803765043E+02
9.949974987493409E+02	7.939341589846415E+02
9.954977488744034E+02	7.944116639297541E+02
9.959979989994659E+02	7.948891951742922E+02
9.964982491245285E+02	7.953667526807695E+02
9.969984992495910E+02	7.958443364117575E+02
9.974987493746535E+02	7.963219463298890E+02
9.979989994997160E+02	7.967995823978580E+02
9.984992496247785E+02	7.972772445784175E+02
9.989994997498410E+02	7.977549328343812E+02
9.994997498749035E+02	7.982326471286236E+02
9.999999999999660E+02	7.987103874240762E+02
