0.000000000000000E+00	                 NAN
5.002501250625313E-01	-5.430269444697717E+00
1.000500250125063E+00	-5.260537939160753E+00
1.500750375187594E+00	-5.090804533168486E+00
2.001000500250125E+00	-4.921068276528413E+00
2.501250625312657E+00	-4.751328219090206E+00
3.001500750375188E+00	-4.581583410759773E+00
3.501750875437719E+00	-4.411832901513313E+00
4.002001000500250E+00	-4.242075741411361E+00
4.502251125562782E+00	-4.072310980612840E+00
5.002501250625313E+00	-3.902537669389115E+00
5.502751375687844E+00	-3.732754858138023E+00
6.003001500750376E+00	-3.562961597397917E+00
6.503251625812907E+00	-3.393156937861695E+00
7.003501750875438E+00	-3.223339930390830E+00
7.503751875937970E+00	-3.053509626029388E+00
8.004002001000501E+00	-2.883665076018048E+00
8.504252126063033E+00	-2.713805331808091E+00
9.004502251125565E+00	-2.543929445075428E+00
9.504752376188097E+00	-2.374036467734572E+00
1.000500250125063E+01	-2.204125451952623E+00
1.050525262631316E+01	-2.034195450163249E+00
1.100550275137569E+01	-1.864245515080643E+00
1.150575287643823E+01	-1.694274699713502E+00
1.200600300150076E+01	-1.524282057378923E+00
1.250625312656329E+01	-1.354266641716393E+00
1.300650325162582E+01	-1.184227506701662E+00
1.350675337668835E+01	-1.014163706660696E+00
1.400700350175089E+01	-8.440742962835337E-01
1.450725362681342E+01	-6.739583306382215E-01
1.500750375187595E+01	-5.038148651846193E-01
1.550775387693848E+01	-3.336429557883349E-01
1.600800400200102E+01	-1.634416587344898E-01
1.650825412706355E+01	6.789969258381490E-03
1.700850425212608E+01	1.770528710245767E-01
1.750875437718861E+01	3.473479889373792E-01
1.800900450225114E+01	5.176762648953250E-01
1.850925462731368E+01	6.880386403083829E-01
1.900950475237621E+01	8.584360560842743E-01
1.950975487743874E+01	1.028869452614670E+00
2.001000500250127E+01	1.199339769761556E+00
2.051025512756381E+01	1.369847946843445E+00
2.101050525262634E+01	1.540394922621815E+00
2.151075537768887E+01	1.710981635287371E+00
2.201100550275140E+01	1.881609022446433E+00
2.251125562781393E+01	2.052278021107369E+00
2.301150575287647E+01	2.222989567666909E+00
2.351175587793900E+01	2.393744597896664E+00
2.401200600300153E+01	2.564544046929537E+00
2.451225612806406E+01	2.735388849246187E+00
2.501250625312660E+01	2.906279938661557E+00
2.551275637818913E+01	3.077218248311373E+00
2.601300650325166E+01	3.248204710638683E+00
2.651325662831419E+01	3.419240257380471E+00
2.701350675337672E+01	3.590325819554147E+00
2.751375687843926E+01	3.761462327444294E+00
2.801400700350179E+01	3.932650710589220E+00
2.851425712856432E+01	4.103891897767665E+00
2.901450725362685E+01	4.275186816985494E+00
2.951475737868939E+01	4.446536395462422E+00
3.001500750375192E+01	4.617941559618737E+00
3.051525762881445E+01	4.789403235062126E+00
3.101550775387698E+01	4.960922346574419E+00
3.151575787893951E+01	5.132499818098553E+00
3.201600800400205E+01	5.304136572725236E+00
3.251625812906457E+01	5.475833532680026E+00
3.301650825412710E+01	5.647591619310175E+00
3.351675837918963E+01	5.819411753071579E+00
3.401700850425216E+01	5.991294853515816E+00
3.451725862931469E+01	6.163241839277047E+00
3.501750875437722E+01	6.335253628059258E+00
3.551775887943975E+01	6.507331136623138E+00
3.601800900450228E+01	6.679475280773341E+00
3.651825912956480E+01	6.851686975345574E+00
3.701850925462733E+01	7.023967134193777E+00
3.751875937968986E+01	7.196316670177337E+00
3.801900950475239E+01	7.368736495148349E+00
3.851925962981492E+01	7.541227519938948E+00
3.901950975487745E+01	7.713790654348513E+00
3.951975987993998E+01	7.886426807131132E+00
4.002001000500250E+01	8.059136885982925E+00
4.052026013006503E+01	8.231921797529539E+00
4.102051025512756E+01	8.404782447313556E+00
4.152076038019009E+01	8.577719739781985E+00
4.202101050525262E+01	8.750734578273869E+00
4.252126063031515E+01	8.923827865007825E+00
4.302151075537768E+01	9.097000501069589E+00
4.352176088044020E+01	9.270253386399849E+00
4.402201100550273E+01	9.443587419781720E+00
4.452226113056526E+01	9.617003498828714E+00
4.502251125562779E+01	9.790502519972277E+00
4.552276138069032E+01	9.964085378449743E+00
4.602301150575285E+01	1.013775296829221E+01
4.652326163081538E+01	1.031150618231235E+01
4.702351175587791E+01	1.048534591209239E+01
4.752376188094043E+01	1.065927304797209E+01
4.802401200600296E+01	1.083328847903676E+01
4.852426213106549E+01	1.100739309310530E+01
4.902451225612802E+01	1.118158777671838E+01
4.952476238119055E+01	1.135587341512652E+01
5.002501250625308E+01	1.153025089227832E+01
5.052526263131561E+01	1.170472109080862E+01
5.102551275637813E+01	1.187928489202698E+01
5.152576288144066E+01	1.205394317590574E+01
5.202601300650319E+01	1.222869682106863E+01
5.252626313156572E+01	1.240354670477900E+01
5.302651325662825E+01	1.257849370292849E+01
5.352676338169078E+01	1.275353869002529E+01
5.402701350675331E+01	1.292868253918289E+01
5.452726363181583E+01	1.310392612210866E+01
5.502751375687836E+01	1.327927030909242E+01
5.552776388194089E+01	1.345471596899514E+01
5.602801400700342E+01	1.363026396923780E+01
5.652826413206595E+01	1.380591517579008E+01
5.702851425712848E+01	1.398167045315921E+01
5.752876438219101E+01	1.415753066437891E+01
5.802901450725354E+01	1.433349667099831E+01
5.852926463231606E+01	1.450956933307089E+01
5.902951475737859E+01	1.468574950914359E+01
5.952976488244112E+01	1.486203805624585E+01
6.003001500750365E+01	1.503843582987885E+01
6.053026513256618E+01	1.521494368400448E+01
6.103051525762871E+01	1.539156247103481E+01
6.153076538269124E+01	1.556829304182130E+01
6.203101550775376E+01	1.574513624564409E+01
6.253126563281629E+01	1.592209293020142E+01
6.303151575787882E+01	1.609916394159920E+01
6.353176588294135E+01	1.627635012434029E+01
6.403201600800388E+01	1.645365232131424E+01
6.453226613306641E+01	1.663107137378680E+01
6.503251625812895E+01	1.680860812138958E+01
6.553276638319149E+01	1.698626340210981E+01
6.603301650825402E+01	1.716403805228007E+01
6.653326663331656E+01	1.734193290656814E+01
6.703351675837909E+01	1.751994879796679E+01
6.753376688344163E+01	1.769808655778381E+01
6.803401700850416E+01	1.787634701563194E+01
6.853426713356670E+01	1.805473099941893E+01
6.903451725862924E+01	1.823323933533754E+01
6.953476738369177E+01	1.841187284785590E+01
7.003501750875431E+01	1.859063235970745E+01
7.053526763381684E+01	1.876951869188142E+01
7.103551775887938E+01	1.894853266361302E+01
7.153576788394192E+01	1.912767509237380E+01
7.203601800900445E+01	1.930694679386220E+01
7.253626813406699E+01	1.948634858199392E+01
7.303651825912952E+01	1.966588126889253E+01
7.353676838419206E+01	1.984554566487995E+01
7.403701850925459E+01	2.002534257846728E+01
7.453726863431713E+01	2.020527281634546E+01
7.503751875937967E+01	2.038533718337594E+01
7.553776888444220E+01	2.056553648258163E+01
7.603801900950474E+01	2.074587151513767E+01
7.653826913456727E+01	2.092634308036261E+01
7.703851925962981E+01	2.110695197570907E+01
7.753876938469234E+01	2.128769899675511E+01
7.803901950975488E+01	2.146858493719519E+01
7.853926963481742E+01	2.164961058883144E+01
7.903951975987995E+01	2.183077674156479E+01
7.953976988494249E+01	2.201208418338637E+01
8.004002001000502E+01	2.219353370036895E+01
8.054027013506756E+01	2.237512607665806E+01
8.104052026013009E+01	2.255686209446387E+01
8.154077038519263E+01	2.273874253405241E+01
8.204102051025517E+01	2.292076817373729E+01
8.254127063531770E+01	2.310293978987137E+01
8.304152076038024E+01	2.328525815683862E+01
8.354177088544277E+01	2.346772404704559E+01
8.404202101050531E+01	2.365033823091349E+01
8.454227113556784E+01	2.383310147687006E+01
8.504252126063038E+01	2.401601455134149E+01
8.554277138569292E+01	2.419907821874457E+01
8.604302151075545E+01	2.438229324147847E+01
8.654327163581799E+01	2.456566037991738E+01
8.704352176088052E+01	2.474918039240224E+01
8.754377188594306E+01	2.493285403523343E+01
8.804402201100559E+01	2.511668206266275E+01
8.854427213606813E+01	2.530066522688598E+01
8.904452226113067E+01	2.548480427803550E+01
8.954477238619320E+01	2.566909996417258E+01
9.004502251125574E+01	2.585355303128006E+01
9.054527263631827E+01	2.603816422325490E+01
9.104552276138081E+01	2.622293428190118E+01
9.154577288644334E+01	2.640786394692257E+01
9.204602301150588E+01	2.659295395591526E+01
9.254627313656842E+01	2.677820504436099E+01
9.304652326163095E+01	2.696361794561979E+01
9.354677338669349E+01	2.714919339092327E+01
9.404702351175602E+01	2.733493210936754E+01
9.454727363681856E+01	2.752083482790634E+01
9.504752376188110E+01	2.770690227134434E+01
9.554777388694363E+01	2.789313516233045E+01
9.604802401200617E+01	2.807953422135117E+01
9.654827413706870E+01	2.826610016672385E+01
9.704852426213124E+01	2.845283371459037E+01
9.754877438719377E+01	2.863973557891049E+01
9.804902451225631E+01	2.882680647145558E+01
9.854927463731885E+01	2.901404710180226E+01
9.904952476238138E+01	2.920145817732604E+01
9.954977488744392E+01	2.938904040319536E+01
1.000500250125065E+02	2.957679448236507E+01
1.005502751375690E+02	2.976472111557076E+01
1.010505252626315E+02	2.995282100132237E+01
1.015507753876941E+02	3.014109483589854E+01
1.020510255127566E+02	3.032954331334052E+01
1.025512756378191E+02	3.051816712544647E+01
1.030515257628817E+02	3.070696696176571E+01
1.035517758879442E+02	3.089594350959293E+01
1.040520260130067E+02	3.108509745396253E+01
1.045522761380693E+02	3.127442947764330E+01
1.050525262631318E+02	3.146394026113260E+01
1.055527763881943E+02	3.165363048265124E+01
1.060530265132569E+02	3.184350081813785E+01
1.065532766383194E+02	3.203355194124369E+01
1.070535267633820E+02	3.222378452332740E+01
1.075537768884445E+02	3.241419923344980E+01
1.080540270135070E+02	3.260479673836888E+01
1.085542771385696E+02	3.279557770253452E+01
1.090545272636321E+02	3.298654278808375E+01
1.095547773886946E+02	3.317769265483563E+01
1.100550275137572E+02	3.336902796028662E+01
1.105552776388197E+02	3.356054935960555E+01
1.110555277638822E+02	3.375225750562910E+01
1.115557778889448E+02	3.394415304885694E+01
1.120560280140073E+02	3.413623663744719E+01
1.125562781390698E+02	3.432850891721207E+01
1.130565282641324E+02	3.452097053161325E+01
1.135567783891949E+02	3.471362212175726E+01
1.140570285142575E+02	3.490646432639164E+01
1.145572786393200E+02	3.509949778190026E+01
1.150575287643825E+02	3.529272312229914E+01
1.155577788894451E+02	3.548614097923267E+01
1.160580290145076E+02	3.567975198196878E+01
1.165582791395701E+02	3.587355675739582E+01
1.170585292646327E+02	3.606755593001787E+01
1.175587793896952E+02	3.626175012195130E+01
1.180590295147577E+02	3.645613995292064E+01
1.185592796398203E+02	3.665072604025494E+01
1.190595297648828E+02	3.684550899888416E+01
1.195597798899453E+02	3.704048944133542E+01
1.200600300150079E+02	3.723566797772930E+01
1.205602801400704E+02	3.743104521577656E+01
1.210605302651330E+02	3.762662176077460E+01
1.215607803901955E+02	3.782239821560396E+01
1.220610305152580E+02	3.801837518072514E+01
1.225612806403206E+02	3.821455325417535E+01
1.230615307653831E+02	3.841093303156517E+01
1.235617808904456E+02	3.860751510607538E+01
1.240620310155082E+02	3.880430006845422E+01
1.245622811405707E+02	3.900128850701402E+01
1.250625312656332E+02	3.919848100762845E+01
1.255627813906958E+02	3.939587815372946E+01
1.260630315157583E+02	3.959348052630454E+01
1.265632816408208E+02	3.979128870389417E+01
1.270635317658834E+02	3.998930326258874E+01
1.275637818909459E+02	4.018752477602613E+01
1.280640320160084E+02	4.038595381538921E+01
1.285642821410710E+02	4.058459094940304E+01
1.290645322661335E+02	4.078343674433274E+01
1.295647823911960E+02	4.098249176398085E+01
1.300650325162586E+02	4.118175656968508E+01
1.305652826413211E+02	4.138123172031623E+01
1.310655327663837E+02	4.158091777227556E+01
1.315657828914462E+02	4.178081527949312E+01
1.320660330165087E+02	4.198092479342522E+01
1.325662831415713E+02	4.218124686305286E+01
1.330665332666338E+02	4.238178203487923E+01
1.335667833916963E+02	4.258253085292839E+01
1.340670335167589E+02	4.278349385874288E+01
1.345672836418214E+02	4.298467159138242E+01
1.350675337668839E+02	4.318606458742175E+01
1.355677838919465E+02	4.338767338094929E+01
1.360680340170090E+02	4.358949850356533E+01
1.365682841420715E+02	4.379154048438070E+01
1.370685342671341E+02	4.399379985001499E+01
1.375687843921966E+02	4.419627712459540E+01
1.380690345172592E+02	4.439897282975522E+01
1.385692846423217E+02	4.460188748463252E+01
1.390695347673842E+02	4.480502160586899E+01
1.395697848924468E+02	4.500837570760867E+01
1.400700350175093E+02	4.521195030149688E+01
1.405702851425718E+02	4.541574589667903E+01
1.410705352676344E+02	4.561976299979971E+01
1.415707853926969E+02	4.582400211500184E+01
1.420710355177594E+02	4.602846374392535E+01
1.425712856428220E+02	4.623314838570686E+01
1.430715357678845E+02	4.643805653697859E+01
1.435717858929470E+02	4.664318869186764E+01
1.440720360180096E+02	4.684854534199541E+01
1.445722861430721E+02	4.705412697647697E+01
1.450725362681347E+02	4.725993408192043E+01
1.455727863931972E+02	4.746596714242641E+01
1.460730365182597E+02	4.767222663958791E+01
1.465732866433223E+02	4.787871305248934E+01
1.470735367683848E+02	4.808542685770690E+01
1.475737868934473E+02	4.829236852930757E+01
1.480740370185099E+02	4.849953853884957E+01
1.485742871435724E+02	4.870693735538158E+01
1.490745372686349E+02	4.891456544544318E+01
1.495747873936975E+02	4.912242327306429E+01
1.500750375187600E+02	4.933051129976558E+01
1.505752876438225E+02	4.953882998455827E+01
1.510755377688851E+02	4.974737978394430E+01
1.515757878939476E+02	4.995616115191668E+01
1.520760380190102E+02	5.016517453995922E+01
1.525762881440727E+02	5.037442039704734E+01
1.530765382691352E+02	5.058389916964801E+01
1.535767883941978E+02	5.079361130172055E+01
1.540770385192603E+02	5.100355723471647E+01
1.545772886443228E+02	5.121373740758047E+01
1.550775387693854E+02	5.142415225675057E+01
1.555777888944479E+02	5.163480221615907E+01
1.560780390195104E+02	5.184568771723310E+01
1.565782891445730E+02	5.205680918889480E+01
1.570785392696355E+02	5.226816705756296E+01
1.575787893946980E+02	5.247976174715310E+01
1.580790395197606E+02	5.269159367907859E+01
1.585792896448231E+02	5.290366327225147E+01
1.590795397698857E+02	5.311597094308355E+01
1.595797898949482E+02	5.332851710548710E+01
1.600800400200107E+02	5.354130217087624E+01
1.605802901450733E+02	5.375432654816792E+01
1.610805402701358E+02	5.396759064378298E+01
1.615807903951983E+02	5.418109486164713E+01
1.620810405202609E+02	5.439483960319303E+01
1.625812906453234E+02	5.460882526736057E+01
1.630815407703859E+02	5.482305225059886E+01
1.635817908954485E+02	5.503752094686728E+01
1.640820410205110E+02	5.525223174763733E+01
1.645822911455735E+02	5.546718504189364E+01
1.650825412706361E+02	5.568238121613583E+01
1.655827913956986E+02	5.589782065437999E+01
1.660830415207612E+02	5.611350373816034E+01
1.665832916458237E+02	5.632943084653083E+01
1.670835417708862E+02	5.654560235606700E+01
1.675837918959488E+02	5.676201864086774E+01
1.680840420210113E+02	5.697868007255685E+01
1.685842921460738E+02	5.719558702028547E+01
1.690845422711364E+02	5.741273985073327E+01
1.695847923961989E+02	5.763013892811104E+01
1.700850425212614E+02	5.784778461416234E+01
1.705852926463240E+02	5.806567726816564E+01
1.710855427713865E+02	5.828381724693650E+01
1.715857928964490E+02	5.850220490482962E+01
1.720860430215116E+02	5.872084059374102E+01
1.725862931465741E+02	5.893972466311020E+01
1.730865432716367E+02	5.915885745992268E+01
1.735867933966992E+02	5.937823932871209E+01
1.740870435217617E+02	5.959787061156255E+01
1.745872936468243E+02	5.981775164811119E+01
1.750875437718868E+02	6.003788277555037E+01
1.755877938969493E+02	6.025826432863047E+01
1.760880440220119E+02	6.047889663966227E+01
1.765882941470744E+02	6.069978003851946E+01
1.770885442721369E+02	6.092091485264141E+01
1.775887943971995E+02	6.114230140703547E+01
1.780890445222620E+02	6.136394002428056E+01
1.785892946473246E+02	6.158583102452854E+01
1.790895447723871E+02	6.180797472550837E+01
1.795897948974496E+02	6.203037144252800E+01
1.800900450225122E+02	6.225302148847766E+01
1.805902951475747E+02	6.247592517383266E+01
1.810905452726372E+02	6.269908280665621E+01
1.815907953976998E+02	6.292249469260273E+01
1.820910455227623E+02	6.314616113492053E+01
1.825912956478248E+02	6.337008243445504E+01
1.830915457728874E+02	6.359425888965203E+01
1.835917958979499E+02	6.381869079656021E+01
1.840920460230124E+02	6.404337844883544E+01
1.845922961480750E+02	6.426832213774262E+01
1.850925462731375E+02	6.449352215216018E+01
1.855927963982001E+02	6.471897877858255E+01
1.860930465232626E+02	6.494469230112379E+01
1.865932966483251E+02	6.517066300152116E+01
1.870935467733877E+02	6.539689115913795E+01
1.875937968984502E+02	6.562337705096760E+01
1.880940470235127E+02	6.585012095163654E+01
1.885942971485753E+02	6.607712313340849E+01
1.890945472736378E+02	6.630438386618688E+01
1.895947973987003E+02	6.653190341751970E+01
1.900950475237629E+02	6.675968205260212E+01
1.905952976488254E+02	6.698772003428070E+01
1.910955477738879E+02	6.721601762305679E+01
1.915957978989505E+02	6.744457507709042E+01
1.920960480240130E+02	6.767339265220423E+01
1.925962981490756E+02	6.790247060188658E+01
1.930965482741381E+02	6.813180917729623E+01
1.935967983992006E+02	6.836140862726560E+01
1.940970485242632E+02	6.859126919830511E+01
1.945972986493257E+02	6.882139113460639E+01
1.950975487743882E+02	6.905177467804727E+01
1.955977988994508E+02	6.928242006819474E+01
1.960980490245133E+02	6.951332754230970E+01
1.965982991495758E+02	6.974449733535072E+01
1.970985492746384E+02	6.997592967997799E+01
1.975987993997009E+02	7.020762480655789E+01
1.980990495247634E+02	7.043958294316646E+01
1.985992996498260E+02	7.067180431559443E+01
1.990995497748885E+02	7.090428914735050E+01
1.995997998999511E+02	7.113703765966633E+01
2.001000500250136E+02	7.137005007150053E+01
2.006003001500761E+02	7.160332659954256E+01
2.011005502751387E+02	7.183686745821797E+01
2.016008004002012E+02	7.207067285969192E+01
2.021010505252637E+02	7.230474301387390E+01
2.026013006503263E+02	7.253907812842219E+01
2.031015507753888E+02	7.277367840874810E+01
2.036018009004513E+02	7.300854405802083E+01
2.041020510255139E+02	7.324367527717128E+01
2.046023011505764E+02	7.347907226489734E+01
2.051025512756389E+02	7.371473521766798E+01
2.056028014007015E+02	7.395066432972800E+01
2.061030515257640E+02	7.418685979310247E+01
2.066033016508266E+02	7.442332179760172E+01
2.071035517758891E+02	7.466005053082540E+01
2.076038019009516E+02	7.489704617816784E+01
2.081040520260142E+02	7.513430892282220E+01
2.086043021510767E+02	7.537183894578560E+01
2.091045522761392E+02	7.560963642586373E+01
2.096048024012018E+02	7.584770153967551E+01
2.101050525262643E+02	7.608603446165824E+01
2.106053026513268E+02	7.632463536407190E+01
2.111055527763894E+02	7.656350441700468E+01
2.116058029014519E+02	7.680264178837714E+01
2.121060530265144E+02	7.704204764394788E+01
2.126063031515770E+02	7.728172214731785E+01
2.131065532766395E+02	7.752166545993543E+01
2.136068034017021E+02	7.776187774110164E+01
2.141070535267646E+02	7.800235914797520E+01
2.146073036518271E+02	7.824310983557700E+01
2.151075537768897E+02	7.848412995679567E+01
2.156078039019522E+02	7.872541966239254E+01
2.161080540270147E+02	7.896697910100642E+01
2.166083041520773E+02	7.920880841915928E+01
2.171085542771398E+02	7.945090776126082E+01
2.176088044022023E+02	7.969327726961376E+01
2.181090545272649E+02	7.993591708441946E+01
2.186093046523274E+02	8.017882734378230E+01
2.191095547773899E+02	8.042200818371583E+01
2.196098049024525E+02	8.066545973814681E+01
2.201100550275150E+02	8.090918213892203E+01
2.206103051525776E+02	8.115317551581197E+01
2.211105552776401E+02	8.139743999651722E+01
2.216108054027026E+02	8.164197570667321E+01
2.221110555277652E+02	8.188678276985584E+01
2.226113056528277E+02	8.213186130758672E+01
2.231115557778902E+02	8.237721143933851E+01
2.236118059029528E+02	8.262283328254000E+01
2.241120560280153E+02	8.286872695258222E+01
2.246123061530778E+02	8.311489256282334E+01
2.251125562781404E+02	8.336133022459407E+01
2.256128064032029E+02	8.360804004720347E+01
2.261130565282654E+02	8.385502213794388E+01
2.266133066533280E+02	8.410227660209696E+01
2.271135567783905E+02	8.434980354293907E+01
2.276138069034531E+02	8.459760306174641E+01
2.281140570285156E+02	8.484567525780074E+01
2.286143071535781E+02	8.509402022839541E+01
2.291145572786407E+02	8.534263806883996E+01
2.296148074037032E+02	8.559152887246671E+01
2.301150575287657E+02	8.584069273063557E+01
2.306153076538283E+02	8.609012973274014E+01
2.311155577788908E+02	8.633983996621288E+01
2.316158079039533E+02	8.658982351653131E+01
2.321160580290159E+02	8.684008046722323E+01
2.326163081540784E+02	8.709061089987256E+01
2.331165582791409E+02	8.734141489412463E+01
2.336168084042035E+02	8.759249252769280E+01
2.341170585292660E+02	8.784384387636308E+01
2.346173086543286E+02	8.809546901400043E+01
2.351175587793911E+02	8.834736801255457E+01
2.356178089044536E+02	8.859954094206518E+01
2.361180590295162E+02	8.885198787066824E+01
2.366183091545787E+02	8.910470886460149E+01
2.371185592796412E+02	8.935770398821043E+01
2.376188094047038E+02	8.961097330395361E+01
2.381190595297663E+02	8.986451687240890E+01
2.386193096548288E+02	9.011833475227922E+01
2.391195597798914E+02	9.037242700039823E+01
2.396198099049539E+02	9.062679367173618E+01
2.401200600300164E+02	9.088143481940591E+01
2.406203101550790E+02	9.113635049466851E+01
2.411205602801415E+02	9.139154074693909E+01
2.416208104052041E+02	9.164700562379292E+01
2.421210605302666E+02	9.190274517097123E+01
2.426213106553291E+02	9.215875943238711E+01
2.431215607803917E+02	9.241504845013120E+01
2.436218109054542E+02	9.267161226447769E+01
2.441220610305167E+02	9.292845091389043E+01
2.446223111555793E+02	9.318556443502888E+01
2.451225612806418E+02	9.344295286275346E+01
2.456228114057043E+02	9.370061623013208E+01
2.461230615307669E+02	9.395855456844598E+01
2.466233116558294E+02	9.421676790719559E+01
2.471235617808919E+02	9.447525627410624E+01
2.476238119059545E+02	9.473401969513498E+01
2.481240620310170E+02	9.499305819447520E+01
2.486243121560796E+02	9.525237179456400E+01
2.491245622811421E+02	9.551196051608716E+01
2.496248124062046E+02	9.577182437798578E+01
2.501250625312672E+02	9.603196339746196E+01
2.506253126563297E+02	9.629237758998482E+01
2.511255627813922E+02	9.655306696929648E+01
2.516258129064548E+02	9.681403154741835E+01
2.521260630315173E+02	9.707527133465700E+01
2.526263131565798E+02	9.733678633960977E+01
2.531265632816424E+02	9.759857656917168E+01
2.536268134067049E+02	9.786064202854058E+01
2.541270635317674E+02	9.812298272122382E+01
2.546273136568300E+02	9.838559864904411E+01
2.551275637818925E+02	9.864848981214507E+01
2.556278139069551E+02	9.891165620899844E+01
2.561280640320176E+02	9.917509783640875E+01
2.566283141570801E+02	9.943881468952065E+01
2.571285642821426E+02	9.970280676182384E+01
2.576288144072051E+02	9.996707404516016E+01
2.581290645322676E+02	1.002316165297291E+02
2.586293146573301E+02	1.004964342040935E+02
2.591295647823926E+02	1.007615270551866E+02
2.596298149074551E+02	1.010268950683177E+02
2.601300650325176E+02	1.012925382271778E+02
2.606303151575801E+02	1.015584565138462E+02
2.611305652826426E+02	1.018246499087964E+02
2.616308154077051E+02	1.020911183909021E+02
2.621310655327676E+02	1.023578619374439E+02
2.626313156578302E+02	1.026248805241142E+02
2.631315657828927E+02	1.028921741250246E+02
2.636318159079552E+02	1.031597427127109E+02
2.641320660330177E+02	1.034275862581401E+02
2.646323161580802E+02	1.036957047307158E+02
2.651325662831427E+02	1.039640980982848E+02
2.656328164082052E+02	1.042327663271427E+02
2.661330665332677E+02	1.045017093820406E+02
2.666333166583302E+02	1.047709272261907E+02
2.671335667833927E+02	1.050404198212725E+02
2.676338169084552E+02	1.053101871274391E+02
2.681340670335177E+02	1.055802291033231E+02
2.686343171585802E+02	1.058505457060428E+02
2.691345672836428E+02	1.061211368912083E+02
2.696348174087053E+02	1.063920026129275E+02
2.701350675337678E+02	1.066631428238121E+02
2.706353176588303E+02	1.069345574749843E+02
2.711355677838928E+02	1.072062465160817E+02
2.716358179089553E+02	1.074782098952650E+02
2.721360680340178E+02	1.077504475592225E+02
2.726363181590803E+02	1.080229594531775E+02
2.731365682841428E+02	1.082957455208933E+02
2.736368184092053E+02	1.085688057046799E+02
2.741370685342678E+02	1.088421399454001E+02
2.746373186593303E+02	1.091157481824755E+02
2.751375687843928E+02	1.093896303538922E+02
2.756378189094553E+02	1.096637863962075E+02
2.761380690345179E+02	1.099382162445553E+02
2.766383191595804E+02	1.102129198326531E+02
2.771385692846429E+02	1.104878970928070E+02
2.776388194097054E+02	1.107631479559183E+02
2.781390695347679E+02	1.110386723514900E+02
2.786393196598304E+02	1.113144702076317E+02
2.791395697848929E+02	1.115905414510667E+02
2.796398199099554E+02	1.118668860071376E+02
2.801400700350179E+02	1.121435037998125E+02
2.806403201600804E+02	1.124203947516910E+02
2.811405702851429E+02	1.126975587840100E+02
2.816408204102054E+02	1.129749958166499E+02
2.821410705352679E+02	1.132527057681411E+02
2.826413206603305E+02	1.135306885556689E+02
2.831415707853930E+02	1.138089440950809E+02
2.836418209104555E+02	1.140874723008918E+02
2.841420710355180E+02	1.143662730862901E+02
2.846423211605805E+02	1.146453463631440E+02
2.851425712856430E+02	1.149246920420073E+02
2.856428214107055E+02	1.152043100321253E+02
2.861430715357680E+02	1.154842002414410E+02
2.866433216608305E+02	1.157643625766012E+02
2.871435717858930E+02	1.160447969429616E+02
2.876438219109555E+02	1.163255032445942E+02
2.881440720360180E+02	1.166064813842922E+02
2.886443221610805E+02	1.168877312635762E+02
2.891445722861430E+02	1.171692527827003E+02
2.896448224112056E+02	1.174510458406579E+02
2.901450725362681E+02	1.177331103351876E+02
2.906453226613306E+02	1.180154461627798E+02
2.911455727863931E+02	1.182980532186812E+02
2.916458229114556E+02	1.185809313969023E+02
2.921460730365181E+02	1.188640805902224E+02
2.926463231615806E+02	1.191475006901952E+02
2.931465732866431E+02	1.194311915871561E+02
2.936468234117056E+02	1.197151531702266E+02
2.941470735367681E+02	1.199993853273209E+02
2.946473236618306E+02	1.202838879451518E+02
2.951475737868931E+02	1.205686609092362E+02
2.956478239119556E+02	1.208537041039015E+02
2.961480740370181E+02	1.211390174122908E+02
2.966483241620807E+02	1.214246007163693E+02
2.971485742871432E+02	1.217104538969302E+02
2.976488244122057E+02	1.219965768335997E+02
2.981490745372682E+02	1.222829694048437E+02
2.986493246623307E+02	1.225696314879737E+02
2.991495747873932E+02	1.228565629591513E+02
2.996498249124557E+02	1.231437636933956E+02
3.001500750375182E+02	1.234312335645883E+02
3.006503251625807E+02	1.237189724454792E+02
3.011505752876432E+02	1.240069802076926E+02
3.016508254127057E+02	1.242952567217322E+02
3.021510755377682E+02	1.245838018569881E+02
3.026513256628307E+02	1.248726154817410E+02
3.031515757878933E+02	1.251616974631696E+02
3.036518259129558E+02	1.254510476673547E+02
3.041520760380183E+02	1.257406659592865E+02
3.046523261630808E+02	1.260305522028690E+02
3.051525762881433E+02	1.263207062609262E+02
3.056528264132058E+02	1.266111279952081E+02
3.061530765382683E+02	1.269018172663960E+02
3.066533266633308E+02	1.271927739341082E+02
3.071535767883933E+02	1.274839978569057E+02
3.076538269134558E+02	1.277754888922979E+02
3.081540770385183E+02	1.280672468967486E+02
3.086543271635808E+02	1.283592717256804E+02
3.091545772886433E+02	1.286515632334821E+02
3.096548274137058E+02	1.289441212735127E+02
3.101550775387684E+02	1.292369456981083E+02
3.106553276638309E+02	1.295300363585866E+02
3.111555777888934E+02	1.298233931052529E+02
3.116558279139559E+02	1.301170157874063E+02
3.121560780390184E+02	1.304109042533442E+02
3.126563281640809E+02	1.307050583503683E+02
3.131565782891434E+02	1.309994779247909E+02
3.136568284142059E+02	1.312941628219387E+02
3.141570785392684E+02	1.315891128861599E+02
3.146573286643309E+02	1.318843279608292E+02
3.151575787893934E+02	1.321798078883531E+02
3.156578289144559E+02	1.324755525101752E+02
3.161580790395184E+02	1.327715616667826E+02
3.166583291645809E+02	1.330678351977102E+02
3.171585792896435E+02	1.333643729415470E+02
3.176588294147060E+02	1.336611747359413E+02
3.181590795397685E+02	1.339582404176059E+02
3.186593296648310E+02	1.342555698223235E+02
3.191595797898935E+02	1.345531627849527E+02
3.196598299149560E+02	1.348510191394328E+02
3.201600800400185E+02	1.351491387187891E+02
3.206603301650810E+02	1.354475213551392E+02
3.211605802901435E+02	1.357461668796970E+02
3.216608304152060E+02	1.360450751227792E+02
3.221610805402685E+02	1.363442459138099E+02
3.226613306653310E+02	1.366436790813264E+02
3.231615807903935E+02	1.369433744529840E+02
3.236618309154561E+02	1.372433318555620E+02
3.241620810405186E+02	1.375435511149684E+02
3.246623311655811E+02	1.378440320562456E+02
3.251625812906436E+02	1.381447745035749E+02
3.256628314157061E+02	1.384457782802829E+02
3.261630815407686E+02	1.387470432088455E+02
3.266633316658311E+02	1.390485691108944E+02
3.271635817908936E+02	1.393503558072213E+02
3.276638319159561E+02	1.396524031177835E+02
3.281640820410186E+02	1.399547108617091E+02
3.286643321660811E+02	1.402572788573022E+02
3.291645822911436E+02	1.405601069220477E+02
3.296648324162061E+02	1.408631948726170E+02
3.301650825412686E+02	1.411665425248729E+02
3.306653326663312E+02	1.414701496938747E+02
3.311655827913937E+02	1.417740161938832E+02
3.316658329164562E+02	1.420781418383658E+02
3.321660830415187E+02	1.423825264400022E+02
3.326663331665812E+02	1.426871698106884E+02
3.331665832916437E+02	1.429920717615428E+02
3.336668334167062E+02	1.432972321029105E+02
3.341670835417687E+02	1.436026506443689E+02
3.346673336668312E+02	1.439083271947321E+02
3.351675837918937E+02	1.442142615620563E+02
3.356678339169562E+02	1.445204535536452E+02
3.361680840420187E+02	1.448269029760543E+02
3.366683341670812E+02	1.451336096350957E+02
3.371685842921437E+02	1.454405733358440E+02
3.376688344172063E+02	1.457477938826402E+02
3.381690845422688E+02	1.460552710790980E+02
3.386693346673313E+02	1.463630047281069E+02
3.391695847923938E+02	1.466709946318386E+02
3.396698349174563E+02	1.469792405917508E+02
3.401700850425188E+02	1.472877424085936E+02
3.406703351675813E+02	1.475964998824124E+02
3.411705852926438E+02	1.479055128125542E+02
3.416708354177063E+02	1.482147809976720E+02
3.421710855427688E+02	1.485243042357294E+02
3.426713356678313E+02	1.488340823240057E+02
3.431715857928938E+02	1.491441150591007E+02
3.436718359179563E+02	1.494544022369389E+02
3.441720860430189E+02	1.497649436527755E+02
3.446723361680814E+02	1.500757391011996E+02
3.451725862931439E+02	1.503867883761404E+02
3.456728364182064E+02	1.506980912708708E+02
3.461730865432689E+02	1.510096475780131E+02
3.466733366683314E+02	1.513214570895423E+02
3.471735867933939E+02	1.516335195967926E+02
3.476738369184564E+02	1.519458348904606E+02
3.481740870435189E+02	1.522584027606104E+02
3.486743371685814E+02	1.525712229966788E+02
3.491745872936439E+02	1.528842953874791E+02
3.496748374187064E+02	1.531976197212060E+02
3.501750875437689E+02	1.535111957854406E+02
3.506753376688314E+02	1.538250233671545E+02
3.511755877938940E+02	1.541391022527145E+02
3.516758379189565E+02	1.544534322278871E+02
3.521760880440190E+02	1.547680130778434E+02
3.526763381690815E+02	1.550828445871632E+02
3.531765882941440E+02	1.553979265398399E+02
3.536768384192065E+02	1.557132587192843E+02
3.541770885442690E+02	1.560288409083300E+02
3.546773386693315E+02	1.563446728892372E+02
3.551775887943940E+02	1.566607544436980E+02
3.556778389194565E+02	1.569770853528394E+02
3.561780890445190E+02	1.572936653972292E+02
3.566783391695815E+02	1.576104943568797E+02
3.571785892946440E+02	1.579275720112520E+02
3.576788394197065E+02	1.582448981392609E+02
3.581790895447691E+02	1.585624725192787E+02
3.586793396698316E+02	1.588802949291400E+02
3.591795897948941E+02	1.591983651461461E+02
3.596798399199566E+02	1.595166829470687E+02
3.601800900450191E+02	1.598352481081548E+02
3.606803401700816E+02	1.601540604051310E+02
3.611805902951441E+02	1.604731196132075E+02
3.616808404202066E+02	1.607924255070826E+02
3.621810905452691E+02	1.611119778609468E+02
3.626813406703316E+02	1.614317764484871E+02
3.631815907953941E+02	1.617518210428913E+02
3.636818409204566E+02	1.620721114168523E+02
3.641820910455191E+02	1.623926473425719E+02
3.646823411705817E+02	1.627134285917656E+02
3.651825912956442E+02	1.630344549356662E+02
3.656828414207067E+02	1.633557261450283E+02
3.661830915457692E+02	1.636772419901322E+02
3.666833416708317E+02	1.639990022407885E+02
3.671835917958942E+02	1.643210066663416E+02
3.676838419209567E+02	1.646432550356745E+02
3.681840920460192E+02	1.649657471172121E+02
3.686843421710817E+02	1.652884826789259E+02
3.691845922961442E+02	1.656114614883377E+02
3.696848424212067E+02	1.659346833125236E+02
3.701850925462692E+02	1.662581479181190E+02
3.706853426713317E+02	1.665818550713210E+02
3.711855927963942E+02	1.669058045378935E+02
3.716858429214568E+02	1.672299960831712E+02
3.721860930465193E+02	1.675544294720630E+02
3.726863431715818E+02	1.678791044690561E+02
3.731865932966443E+02	1.682040208382209E+02
3.736868434217068E+02	1.685291783432131E+02
3.741870935467693E+02	1.688545767472797E+02
3.746873436718318E+02	1.691802158132609E+02
3.751875937968943E+02	1.695060953035957E+02
3.756878439219568E+02	1.698322149803246E+02
3.761880940470193E+02	1.701585746050941E+02
3.766883441720818E+02	1.704851739391603E+02
3.771885942971443E+02	1.708120127433927E+02
3.776888444222068E+02	1.711390907782783E+02
3.781890945472693E+02	1.714664078039249E+02
3.786893446723319E+02	1.717939635800656E+02
3.791895947973944E+02	1.721217578660616E+02
3.796898449224569E+02	1.724497904209070E+02
3.801900950475194E+02	1.727780610032318E+02
3.806903451725819E+02	1.731065693713061E+02
3.811905952976444E+02	1.734353152830432E+02
3.816908454227069E+02	1.737642984960046E+02
3.821910955477694E+02	1.740935187674019E+02
3.826913456728319E+02	1.744229758541019E+02
3.831915957978944E+02	1.747526695126295E+02
3.836918459229569E+02	1.750825994991716E+02
3.841920960480194E+02	1.754127655695813E+02
3.846923461730819E+02	1.757431674793802E+02
3.851925962981445E+02	1.760738049837629E+02
3.856928464232070E+02	1.764046778376008E+02
3.861930965482695E+02	1.767357857954452E+02
3.866933466733320E+02	1.770671286115307E+02
3.871935967983945E+02	1.773987060397795E+02
3.876938469234570E+02	1.777305178338043E+02
3.881940970485195E+02	1.780625637469114E+02
3.886943471735820E+02	1.783948435321059E+02
3.891945972986445E+02	1.787273569420933E+02
3.896948474237070E+02	1.790601037292841E+02
3.901950975487695E+02	1.793930836457966E+02
3.906953476738320E+02	1.797262964434611E+02
3.911955977988945E+02	1.800597418738228E+02
3.916958479239570E+02	1.803934196881452E+02
3.921960980490196E+02	1.807273296374136E+02
3.926963481740821E+02	1.810614714723388E+02
3.931965982991446E+02	1.813958449433601E+02
3.936968484242071E+02	1.817304498006489E+02
3.941970985492696E+02	1.820652857941119E+02
3.946973486743321E+02	1.824003526733942E+02
3.951975987993946E+02	1.827356501878832E+02
3.956978489244571E+02	1.830711780867119E+02
3.961980990495196E+02	1.834069361187613E+02
3.966983491745821E+02	1.837429240326647E+02
3.971985992996446E+02	1.840791415768106E+02
3.976988494247071E+02	1.844155884993458E+02
3.981990995497696E+02	1.847522645481786E+02
3.986993496748321E+02	1.850891694709827E+02
3.991995997998947E+02	1.854263030151992E+02
3.996998499249572E+02	1.857636649280414E+02
4.002001000500197E+02	1.861012549564966E+02
4.007003501750822E+02	1.864390728473296E+02
4.012006003001447E+02	1.867771183470862E+02
4.017008504252072E+02	1.871153912020969E+02
4.022011005502697E+02	1.874538911584780E+02
4.027013506753322E+02	1.877926179621373E+02
4.032016008003947E+02	1.881315713587750E+02
4.037018509254572E+02	1.884707510938883E+02
4.042021010505197E+02	1.888101569127740E+02
4.047023511755822E+02	1.891497885605306E+02
4.052026013006447E+02	1.894896457820635E+02
4.057028514257073E+02	1.898297283220860E+02
4.062031015507698E+02	1.901700359251237E+02
4.067033516758323E+02	1.905105683355156E+02
4.072036018008948E+02	1.908513252974200E+02
4.077038519259573E+02	1.911923065548152E+02
4.082041020510198E+02	1.915335118515031E+02
4.087043521760823E+02	1.918749409311122E+02
4.092046023011448E+02	1.922165935371012E+02
4.097048524262073E+02	1.925584694127603E+02
4.102051025512698E+02	1.929005683012159E+02
4.107053526763323E+02	1.932428899454327E+02
4.112056028013948E+02	1.935854340882161E+02
4.117058529264573E+02	1.939282004722164E+02
4.122061030515198E+02	1.942711888399301E+02
4.127063531765824E+02	1.946143989337040E+02
4.132066033016449E+02	1.949578304957374E+02
4.137068534267074E+02	1.953014832680854E+02
4.142071035517699E+02	1.956453569926608E+02
4.147073536768324E+02	1.959894514112383E+02
4.152076038018949E+02	1.963337662654558E+02
4.157078539269574E+02	1.966783012968183E+02
4.162081040520199E+02	1.970230562467002E+02
4.167083541770824E+02	1.973680308563480E+02
4.172086043021449E+02	1.977132248668833E+02
4.177088544272074E+02	1.980586380193050E+02
4.182091045522699E+02	1.984042700544928E+02
4.187093546773324E+02	1.987501207132090E+02
4.192096048023949E+02	1.990961897361022E+02
4.197098549274575E+02	1.994424768637091E+02
4.202101050525200E+02	1.997889818364574E+02
4.207103551775825E+02	2.001357043946689E+02
4.212106053026450E+02	2.004826442785614E+02
4.217108554277075E+02	2.008298012282520E+02
4.222111055527700E+02	2.011771749837589E+02
4.227113556778325E+02	2.015247652850053E+02
4.232116058028950E+02	2.018725718718206E+02
4.237118559279575E+02	2.022205944839436E+02
4.242121060530200E+02	2.025688328610254E+02
4.247123561780825E+02	2.029172867426311E+02
4.252126063031450E+02	2.032659558682431E+02
4.257128564282075E+02	2.036148399772630E+02
4.262131065532701E+02	2.039639388090150E+02
4.267133566783326E+02	2.043132521027474E+02
4.272136068033951E+02	2.046627795976354E+02
4.277138569284576E+02	2.050125210327845E+02
4.282141070535201E+02	2.053624761472312E+02
4.287143571785826E+02	2.057126446799470E+02
4.292146073036451E+02	2.060630263698397E+02
4.297148574287076E+02	2.064136209557573E+02
4.302151075537701E+02	2.067644281764883E+02
4.307153576788326E+02	2.071154477707667E+02
4.312156078038951E+02	2.074666794772714E+02
4.317158579289576E+02	2.078181230346310E+02
4.322161080540201E+02	2.081697781814261E+02
4.327163581790826E+02	2.085216446561888E+02
4.332166083041452E+02	2.088737221974091E+02
4.337168584292077E+02	2.092260105435341E+02
4.342171085542702E+02	2.095785094329725E+02
4.347173586793327E+02	2.099312186040943E+02
4.352176088043952E+02	2.102841377952360E+02
4.357178589294577E+02	2.106372667447010E+02
4.362181090545202E+02	2.109906051907627E+02
4.367183591795827E+02	2.113441528716659E+02
4.372186093046452E+02	2.116979095256303E+02
4.377188594297077E+02	2.120518748908516E+02
4.382191095547702E+02	2.124060487055042E+02
4.387193596798327E+02	2.127604307077432E+02
4.392196098048952E+02	2.131150206357079E+02
4.397198599299577E+02	2.134698182275214E+02
4.402201100550203E+02	2.138248232212950E+02
4.407203601800828E+02	2.141800353551298E+02
4.412206103051453E+02	2.145354543671178E+02
4.417208604302078E+02	2.148910799953462E+02
4.422211105552703E+02	2.152469119778968E+02
4.427213606803328E+02	2.156029500528509E+02
4.432216108053953E+02	2.159591939582895E+02
4.437218609304578E+02	2.163156434322956E+02
4.442221110555203E+02	2.166722982129570E+02
4.447223611805828E+02	2.170291580383686E+02
4.452226113056453E+02	2.173862226466327E+02
4.457228614307078E+02	2.177434917758636E+02
4.462231115557703E+02	2.181009651641872E+02
4.467233616808329E+02	2.184586425497443E+02
4.472236118058954E+02	2.188165236706932E+02
4.477238619309579E+02	2.191746082652102E+02
4.482241120560204E+02	2.195328960714928E+02
4.487243621810829E+02	2.198913868277608E+02
4.492246123061454E+02	2.202500802722593E+02
4.497248624312079E+02	2.206089761432592E+02
4.502251125562704E+02	2.209680741790608E+02
4.507253626813329E+02	2.213273741179954E+02
4.512256128063954E+02	2.216868756984253E+02
4.517258629314579E+02	2.220465786587484E+02
4.522261130565204E+02	2.224064827373989E+02
4.527263631815829E+02	2.227665876728488E+02
4.532266133066454E+02	2.231268932036107E+02
4.537268634317080E+02	2.234873990682387E+02
4.542271135567705E+02	2.238481050053308E+02
4.547273636818330E+02	2.242090107535317E+02
4.552276138068955E+02	2.245701160515325E+02
4.557278639319580E+02	2.249314206380743E+02
4.562281140570205E+02	2.252929242519497E+02
4.567283641820830E+02	2.256546266320036E+02
4.572286143071455E+02	2.260165275171363E+02
4.577288644322080E+02	2.263786266463051E+02
4.582291145572705E+02	2.267409237585252E+02
4.587293646823330E+02	2.271034185928719E+02
4.592296148073955E+02	2.274661108884835E+02
4.597298649324580E+02	2.278290003845605E+02
4.602301150575205E+02	2.281920868203704E+02
4.607303651825831E+02	2.285553699352471E+02
4.612306153076456E+02	2.289188494685937E+02
4.617308654327081E+02	2.292825251598838E+02
4.622311155577706E+02	2.296463967486638E+02
4.627313656828331E+02	2.300104639745536E+02
4.632316158078956E+02	2.303747265772493E+02
4.637318659329581E+02	2.307391842965241E+02
4.642321160580206E+02	2.311038368722307E+02
4.647323661830831E+02	2.314686840443025E+02
4.652326163081456E+02	2.318337255527543E+02
4.657328664332081E+02	2.321989611376867E+02
4.662331165582706E+02	2.325643905392844E+02
4.667333666833331E+02	2.329300134978203E+02
4.672336168083957E+02	2.332958297536552E+02
4.677338669334582E+02	2.336618390472419E+02
4.682341170585207E+02	2.340280411191237E+02
4.687343671835832E+02	2.343944357099386E+02
4.692346173086457E+02	2.347610225604187E+02
4.697348674337082E+02	2.351278014113945E+02
4.702351175587707E+02	2.354947720037934E+02
4.707353676838332E+02	2.358619340786429E+02
4.712356178088957E+02	2.362292873770722E+02
4.717358679339582E+02	2.365968316403130E+02
4.722361180590207E+02	2.369645666097022E+02
4.727363681840832E+02	2.373324920266818E+02
4.732366183091457E+02	2.377006076328012E+02
4.737368684342082E+02	2.380689131697194E+02
4.742371185592708E+02	2.384374083792049E+02
4.747373686843333E+02	2.388060930031382E+02
4.752376188093958E+02	2.391749667835138E+02
4.757378689344583E+02	2.395440294624400E+02
4.762381190595208E+02	2.399132807821415E+02
4.767383691845833E+02	2.402827204849611E+02
4.772386193096458E+02	2.406523483133597E+02
4.777388694347083E+02	2.410221640099194E+02
4.782391195597708E+02	2.413921673173433E+02
4.787393696848333E+02	2.417623579784589E+02
4.792396198098958E+02	2.421327357362170E+02
4.797398699349583E+02	2.425033003336949E+02
4.802401200600208E+02	2.428740515140976E+02
4.807403701850833E+02	2.432449890207577E+02
4.812406203101459E+02	2.436161125971392E+02
4.817408704352084E+02	2.439874219868362E+02
4.822411205602709E+02	2.443589169335759E+02
4.827413706853334E+02	2.447305971812201E+02
4.832416208103959E+02	2.451024624737651E+02
4.837418709354584E+02	2.454745125553446E+02
4.842421210605209E+02	2.458467471702290E+02
4.847423711855834E+02	2.462191660628292E+02
4.852426213106459E+02	2.465917689776961E+02
4.857428714357084E+02	2.469645556595218E+02
4.862431215607709E+02	2.473375258531420E+02
4.867433716858334E+02	2.477106793035367E+02
4.872436218108959E+02	2.480840157558314E+02
4.877438719359585E+02	2.484575349552975E+02
4.882441220610210E+02	2.488312366473558E+02
4.887443721860835E+02	2.492051205775748E+02
4.892446223111460E+02	2.495791864916747E+02
4.897448724362085E+02	2.499534341355265E+02
4.902451225612710E+02	2.503278632551539E+02
4.907453726863335E+02	2.507024735967354E+02
4.912456228113960E+02	2.510772649066032E+02
4.917458729364585E+02	2.514522369312477E+02
4.922461230615210E+02	2.518273894173152E+02
4.927463731865835E+02	2.522027221116114E+02
4.932466233116460E+02	2.525782347611015E+02
4.937468734367085E+02	2.529539271129123E+02
4.942471235617710E+02	2.533297989143313E+02
4.947473736868336E+02	2.537058499128104E+02
4.952476238118961E+02	2.540820798559653E+02
4.957478739369586E+02	2.544584884915768E+02
4.962481240620211E+02	2.548350755675928E+02
4.967483741870836E+02	2.552118408321287E+02
4.972486243121461E+02	2.555887840334679E+02
4.977488744372086E+02	2.559659049200639E+02
4.982491245622711E+02	2.563432032405415E+02
4.987493746873336E+02	2.567206787436965E+02
4.992496248123961E+02	2.570983311784985E+02
4.997498749374586E+02	2.574761602940901E+02
5.002501250625211E+02	2.578541658397897E+02
5.007503751875836E+02	2.582323475650911E+02
5.012506253126462E+02	2.586107052196658E+02
5.017508754377087E+02	2.589892385533626E+02
5.022511255627712E+02	2.593679473162097E+02
5.027513756878337E+02	2.597468312584159E+02
5.032516258128962E+02	2.601258901303700E+02
5.037518759379587E+02	2.605051236826436E+02
5.042521260630212E+02	2.608845316659912E+02
5.047523761880837E+02	2.612641138313512E+02
5.052526263131462E+02	2.616438699298462E+02
5.057528764382087E+02	2.620237997127859E+02
5.062531265632712E+02	2.624039029316668E+02
5.067533766883337E+02	2.627841793381722E+02
5.072536268133962E+02	2.631646286841747E+02
5.077538769384587E+02	2.635452507217361E+02
5.082541270635213E+02	2.639260452031098E+02
5.087543771885838E+02	2.643070118807397E+02
5.092546273136463E+02	2.646881505072624E+02
5.097548774387088E+02	2.650694608355076E+02
5.102551275637713E+02	2.654509426184995E+02
5.107553776888338E+02	2.658325956094577E+02
5.112556278138963E+02	2.662144195617963E+02
5.117558779389588E+02	2.665964142291274E+02
5.122561280640214E+02	2.669785793652608E+02
5.127563781890839E+02	2.673609147242041E+02
5.132566283141464E+02	2.677434200601649E+02
5.137568784392089E+02	2.681260951275506E+02
5.142571285642714E+02	2.685089396809698E+02
5.147573786893339E+02	2.688919534752328E+02
5.152576288143964E+02	2.692751362653534E+02
5.157578789394589E+02	2.696584878065479E+02
5.162581290645214E+02	2.700420078542371E+02
5.167583791895839E+02	2.704256961640474E+02
5.172586293146464E+02	2.708095524918110E+02
5.177588794397089E+02	2.711935765935663E+02
5.182591295647715E+02	2.715777682255599E+02
5.187593796898340E+02	2.719621271442464E+02
5.192596298148965E+02	2.723466531062890E+02
5.197598799399590E+02	2.727313458685611E+02
5.202601300650215E+02	2.731162051881472E+02
5.207603801900840E+02	2.735012308223422E+02
5.212606303151465E+02	2.738864225286533E+02
5.217608804402090E+02	2.742717800648012E+02
5.222611305652715E+02	2.746573031887187E+02
5.227613806903340E+02	2.750429916585545E+02
5.232616308153965E+02	2.754288452326712E+02
5.237618809404590E+02	2.758148636696472E+02
5.242621310655215E+02	2.762010467282776E+02
5.247623811905841E+02	2.765873941675745E+02
5.252626313156466E+02	2.769739057467680E+02
5.257628814407091E+02	2.773605812253059E+02
5.262631315657716E+02	2.777474203628562E+02
5.267633816908341E+02	2.781344229193061E+02
5.272636318158966E+02	2.785215886547635E+02
5.277638819409591E+02	2.789089173295573E+02
5.282641320660216E+02	2.792964087042386E+02
5.287643821910841E+02	2.796840625395809E+02
5.292646323161466E+02	2.800718785965799E+02
5.297648824412091E+02	2.804598566364567E+02
5.302651325662716E+02	2.808479964206557E+02
5.307653826913341E+02	2.812362977108467E+02
5.312656328163966E+02	2.816247602689250E+02
5.317658829414592E+02	2.820133838570125E+02
5.322661330665217E+02	2.824021682374573E+02
5.327663831915842E+02	2.827911131728363E+02
5.332666333166467E+02	2.831802184259527E+02
5.337668834417092E+02	2.835694837598402E+02
5.342671335667717E+02	2.839589089377608E+02
5.347673836918342E+02	2.843484937232064E+02
5.352676338168967E+02	2.847382378798993E+02
5.357678839419592E+02	2.851281411717935E+02
5.362681340670217E+02	2.855182033630736E+02
5.367683841920842E+02	2.859084242181571E+02
5.372686343171467E+02	2.862988035016942E+02
5.377688844422092E+02	2.866893409785678E+02
5.382691345672717E+02	2.870800364138953E+02
5.387693846923343E+02	2.874708895730278E+02
5.392696348173968E+02	2.878619002215516E+02
5.397698849424593E+02	2.882530681252883E+02
5.402701350675218E+02	2.886443930502958E+02
5.407703851925843E+02	2.890358747628684E+02
5.412706353176468E+02	2.894275130295363E+02
5.417708854427093E+02	2.898193076170686E+02
5.422711355677718E+02	2.902112582924714E+02
5.427713856928343E+02	2.906033648229900E+02
5.432716358178968E+02	2.909956269761084E+02
5.437718859429593E+02	2.913880445195498E+02
5.442721360680218E+02	2.917806172212773E+02
5.447723861930843E+02	2.921733448494953E+02
5.452726363181469E+02	2.925662271726479E+02
5.457728864432094E+02	2.929592639594213E+02
5.462731365682719E+02	2.933524549787436E+02
5.467733866933344E+02	2.937457999997840E+02
5.472736368183969E+02	2.941392987919556E+02
5.477738869434594E+02	2.945329511249151E+02
5.482741370685219E+02	2.949267567685617E+02
5.487743871935844E+02	2.953207154930394E+02
5.492746373186469E+02	2.957148270687353E+02
5.497748874437094E+02	2.961090912662833E+02
5.502751375687719E+02	2.965035078565616E+02
5.507753876938344E+02	2.968980766106944E+02
5.512756378188969E+02	2.972927973000523E+02
5.517758879439594E+02	2.976876696962516E+02
5.522761380690220E+02	2.980826935711568E+02
5.527763881940845E+02	2.984778686968790E+02
5.532766383191470E+02	2.988731948457768E+02
5.537768884442095E+02	2.992686717904583E+02
5.542771385692720E+02	2.996642993037788E+02
5.547773886943345E+02	3.000600771588427E+02
5.552776388193970E+02	3.004560051290044E+02
5.557778889444595E+02	3.008520829878676E+02
5.562781390695220E+02	3.012483105092861E+02
5.567783891945845E+02	3.016446874673637E+02
5.572786393196470E+02	3.020412136364561E+02
5.577788894447095E+02	3.024378887911685E+02
5.582791395697720E+02	3.028347127063590E+02
5.587793896948345E+02	3.032316851571367E+02
5.592796398198971E+02	3.036288059188630E+02
5.597798899449596E+02	3.040260747671522E+02
5.602801400700221E+02	3.044234914778710E+02
5.607803901950846E+02	3.048210558271396E+02
5.612806403201471E+02	3.052187675913308E+02
5.617808904452096E+02	3.056166265470725E+02
5.622811405702721E+02	3.060146324712462E+02
5.627813906953346E+02	3.064127851409868E+02
5.632816408203971E+02	3.068110843336852E+02
5.637818909454596E+02	3.072095298269874E+02
5.642821410705221E+02	3.076081213987941E+02
5.647823911955846E+02	3.080068588272608E+02
5.652826413206471E+02	3.084057418908010E+02
5.657828914457097E+02	3.088047703680832E+02
5.662831415707722E+02	3.092039440380316E+02
5.667833916958347E+02	3.096032626798288E+02
5.672836418208972E+02	3.100027260729133E+02
5.677838919459597E+02	3.104023339969809E+02
5.682841420710222E+02	3.108020862319860E+02
5.687843921960847E+02	3.112019825581394E+02
5.692846423211472E+02	3.116020227559112E+02
5.697848924462097E+02	3.120022066060287E+02
5.702851425712722E+02	3.124025338894792E+02
5.707853926963347E+02	3.128030043875067E+02
5.712856428213972E+02	3.132036178816167E+02
5.717858929464597E+02	3.136043741535721E+02
5.722861430715222E+02	3.140052729853971E+02
5.727863931965848E+02	3.144063141593733E+02
5.732866433216473E+02	3.148074974580447E+02
5.737868934467098E+02	3.152088226642140E+02
5.742871435717723E+02	3.156102895609448E+02
5.747873936968348E+02	3.160118979315614E+02
5.752876438218973E+02	3.164136475596490E+02
5.757878939469598E+02	3.168155382290533E+02
5.762881440720223E+02	3.172175697238824E+02
5.767883941970848E+02	3.176197418285046E+02
5.772886443221473E+02	3.180220543275507E+02
5.777888944472098E+02	3.184245070059134E+02
5.782891445722723E+02	3.188270996487466E+02
5.787893946973348E+02	3.192298320414676E+02
5.792896448223973E+02	3.196327039697551E+02
5.797898949474599E+02	3.200357152195508E+02
5.802901450725224E+02	3.204388655770596E+02
5.807903951975849E+02	3.208421548287484E+02
5.812906453226474E+02	3.212455827613485E+02
5.817908954477099E+02	3.216491491618526E+02
5.822911455727724E+02	3.220528538175188E+02
5.827913956978349E+02	3.224566965158675E+02
5.832916458228974E+02	3.228606770446841E+02
5.837918959479599E+02	3.232647951920154E+02
5.842921460730224E+02	3.236690507461756E+02
5.847923961980849E+02	3.240734434957408E+02
5.852926463231474E+02	3.244779732295522E+02
5.857928964482099E+02	3.248826397367151E+02
5.862931465732725E+02	3.252874428065997E+02
5.867933966983350E+02	3.256923822288408E+02
5.872936468233975E+02	3.260974577933382E+02
5.877938969484600E+02	3.265026692902566E+02
5.882941470735225E+02	3.269080165100261E+02
5.887943971985850E+02	3.273134992433418E+02
5.892946473236475E+02	3.277191172811633E+02
5.897948974487100E+02	3.281248704147171E+02
5.902951475737725E+02	3.285307584354944E+02
5.907953976988350E+02	3.289367811352527E+02
5.912956478238975E+02	3.293429383060148E+02
5.917958979489600E+02	3.297492297400687E+02
5.922961480740225E+02	3.301556552299697E+02
5.927963981990850E+02	3.305622145685387E+02
5.932966483241476E+02	3.309689075488623E+02
5.937968984492101E+02	3.313757339642938E+02
5.942971485742726E+02	3.317826936084523E+02
5.947973986993351E+02	3.321897862752242E+02
5.952976488243976E+02	3.325970117587619E+02
5.957978989494601E+02	3.330043698534843E+02
5.962981490745226E+02	3.334118603540764E+02
5.967983991995851E+02	3.338194830554911E+02
5.972986493246476E+02	3.342272377529472E+02
5.977988994497101E+02	3.346351242419307E+02
5.982991495747726E+02	3.350431423181938E+02
5.987993996998351E+02	3.354512917777574E+02
5.992996498248976E+02	3.358595724169070E+02
5.997998999499601E+02	3.362679840321973E+02
6.003001500750227E+02	3.366765264204483E+02
6.008004002000852E+02	3.370851993787489E+02
6.013006503251477E+02	3.374940027044543E+02
6.018009004502102E+02	3.379029361951861E+02
6.023011505752727E+02	3.383119996488353E+02
6.028014007003352E+02	3.387211928635583E+02
6.033016508253977E+02	3.391305156377797E+02
6.038019009504602E+02	3.395399677701911E+02
6.043021510755227E+02	3.399495490597523E+02
6.048024012005852E+02	3.403592593056896E+02
6.053026513256477E+02	3.407690983074970E+02
6.058029014507102E+02	3.411790658649365E+02
6.063031515757727E+02	3.415891617780376E+02
6.068034017008353E+02	3.419993858470959E+02
6.073036518258978E+02	3.424097378726758E+02
6.078039019509603E+02	3.428202176556098E+02
6.083041520760228E+02	3.432308249969963E+02
6.088044022010853E+02	3.436415596982027E+02
6.093046523261478E+02	3.440524215608631E+02
6.098049024512103E+02	3.444634103868789E+02
6.103051525762728E+02	3.448745259784204E+02
6.108054027013353E+02	3.452857681379240E+02
6.113056528263978E+02	3.456971366680945E+02
6.118059029514603E+02	3.461086313719037E+02
6.123061530765228E+02	3.465202520525908E+02
6.128064032015853E+02	3.469319985136643E+02
6.133066533266478E+02	3.473438705588972E+02
6.138069034517104E+02	3.477558679923321E+02
6.143071535767729E+02	3.481679906182784E+02
6.148074037018354E+02	3.485802382413130E+02
6.153076538268979E+02	3.489926106662799E+02
6.158079039519604E+02	3.494051076982913E+02
6.163081540770229E+02	3.498177291427256E+02
6.168084042020854E+02	3.502304748052289E+02
6.173086543271479E+02	3.506433444917149E+02
6.178089044522104E+02	3.510563380083647E+02
6.183091545772729E+02	3.514694551616257E+02
6.188094047023354E+02	3.518826957582133E+02
6.193096548273979E+02	3.522960596051091E+02
6.198099049524604E+02	3.527095465095632E+02
6.203101550775229E+02	3.531231562790909E+02
6.208104052025855E+02	3.535368887214756E+02
6.213106553276480E+02	3.539507436447680E+02
6.218109054527105E+02	3.543647208572842E+02
6.223111555777730E+02	3.547788201676078E+02
6.228114057028355E+02	3.551930413845896E+02
6.233116558278980E+02	3.556073843173468E+02
6.238119059529605E+02	3.560218487752631E+02
6.243121560780230E+02	3.564364345679879E+02
6.248124062030855E+02	3.568511415054385E+02
6.253126563281480E+02	3.572659693977986E+02
6.258129064532105E+02	3.576809180555165E+02
6.263131565782730E+02	3.580959872893085E+02
6.268134067033355E+02	3.585111769101559E+02
6.273136568283981E+02	3.589264867293077E+02
6.278139069534606E+02	3.593419165582764E+02
6.283141570785231E+02	3.597574662088429E+02
6.288144072035856E+02	3.601731354930525E+02
6.293146573286481E+02	3.605889242232170E+02
6.298149074537106E+02	3.610048322119135E+02
6.303151575787731E+02	3.614208592719848E+02
6.308154077038356E+02	3.618370052165393E+02
6.313156578288981E+02	3.622532698589506E+02
6.318159079539606E+02	3.626696530128579E+02
6.323161580790231E+02	3.630861544921651E+02
6.328164082040856E+02	3.635027741110416E+02
6.333166583291481E+02	3.639195116839221E+02
6.338169084542106E+02	3.643363670255055E+02
6.343171585792732E+02	3.647533399507565E+02
6.348174087043357E+02	3.651704302749030E+02
6.353176588293982E+02	3.655876378134392E+02
6.358179089544607E+02	3.660049623821226E+02
6.363181590795232E+02	3.664224037969759E+02
6.368184092045857E+02	3.668399618742857E+02
6.373186593296482E+02	3.672576364306016E+02
6.378189094547107E+02	3.676754272827397E+02
6.383191595797732E+02	3.680933342477776E+02
6.388194097048357E+02	3.685113571430585E+02
6.393196598298982E+02	3.689294957861882E+02
6.398199099549607E+02	3.693477499950362E+02
6.403201600800232E+02	3.697661195877361E+02
6.408204102050858E+02	3.701846043826833E+02
6.413206603301483E+02	3.706032041985382E+02
6.418209104552108E+02	3.710219188542240E+02
6.423211605802733E+02	3.714407481689249E+02
6.428214107053358E+02	3.718596919620898E+02
6.433216608303983E+02	3.722787500534295E+02
6.438219109554608E+02	3.726979222629178E+02
6.443221610805233E+02	3.731172084107905E+02
6.448224112055858E+02	3.735366083175452E+02
6.453226613306483E+02	3.739561218039424E+02
6.458229114557108E+02	3.743757486910041E+02
6.463231615807733E+02	3.747954888000142E+02
6.468234117058358E+02	3.752153419525187E+02
6.473236618308983E+02	3.756353079703244E+02
6.478239119559609E+02	3.760553866754992E+02
6.483241620810234E+02	3.764755778903732E+02
6.488244122060859E+02	3.768958814375380E+02
6.493246623311484E+02	3.773162971398437E+02
6.498249124562109E+02	3.777368248204038E+02
6.503251625812734E+02	3.781574643025903E+02
6.508254127063359E+02	3.785782154100378E+02
6.513256628313984E+02	3.789990779666395E+02
6.518259129564609E+02	3.794200517965493E+02
6.523261630815234E+02	3.798411367241812E+02
6.528264132065859E+02	3.802623325742085E+02
6.533266633316484E+02	3.806836391715650E+02
6.538269134567109E+02	3.811050563414425E+02
6.543271635817734E+02	3.815265839092937E+02
6.548274137068360E+02	3.819482217008302E+02
6.553276638318985E+02	3.823699695420216E+02
6.558279139569610E+02	3.827918272590969E+02
6.563281640820235E+02	3.832137946785442E+02
6.568284142070860E+02	3.836358716271091E+02
6.573286643321485E+02	3.840580579317962E+02
6.578289144572110E+02	3.844803534198676E+02
6.583291645822735E+02	3.849027579188438E+02
6.588294147073360E+02	3.853252712565034E+02
6.593296648323985E+02	3.857478932608815E+02
6.598299149574610E+02	3.861706237602718E+02
6.603301650825235E+02	3.865934625832239E+02
6.608304152075860E+02	3.870164095585453E+02
6.613306653326486E+02	3.874394645153012E+02
6.618309154577111E+02	3.878626272828112E+02
6.623311655827736E+02	3.882858976906530E+02
6.628314157078361E+02	3.887092755686604E+02
6.633316658328986E+02	3.891327607469224E+02
6.638319159579611E+02	3.895563530557854E+02
6.643321660830236E+02	3.899800523258501E+02
6.648324162080861E+02	3.904038583879738E+02
6.653326663331486E+02	3.908277710732687E+02
6.658329164582111E+02	3.912517902131013E+02
6.663331665832736E+02	3.916759156390945E+02
6.668334167083361E+02	3.921001471831250E+02
6.673336668333986E+02	3.925244846773244E+02
6.678339169584611E+02	3.929489279540782E+02
6.683341670835237E+02	3.933734768460268E+02
6.688344172085862E+02	3.937981311860631E+02
6.693346673336487E+02	3.942228908073363E+02
6.698349174587112E+02	3.946477555432469E+02
6.703351675837737E+02	3.950727252274485E+02
6.708354177088362E+02	3.954977996938499E+02
6.713356678338987E+02	3.959229787766110E+02
6.718359179589612E+02	3.963482623101454E+02
6.723361680840237E+02	3.967736501291190E+02
6.728364182090862E+02	3.971991420684487E+02
6.733366683341487E+02	3.976247379633056E+02
6.738369184592112E+02	3.980504376491115E+02
6.743371685842737E+02	3.984762409615406E+02
6.748374187093362E+02	3.989021477365166E+02
6.753376688343988E+02	3.993281578102172E+02
6.758379189594613E+02	3.997542710190689E+02
6.763381690845238E+02	4.001804871997501E+02
6.768384192095863E+02	4.006068061891888E+02
6.773386693346488E+02	4.010332278245656E+02
6.778389194597113E+02	4.014597519433081E+02
6.783391695847738E+02	4.018863783830961E+02
6.788394197098363E+02	4.023131069818583E+02
6.793396698348988E+02	4.027399375777729E+02
6.798399199599613E+02	4.031668700092681E+02
6.803401700850238E+02	4.035939041150194E+02
6.808404202100863E+02	4.040210397339536E+02
6.813406703351488E+02	4.044482767052436E+02
6.818409204602114E+02	4.048756148683115E+02
6.823411705852739E+02	4.053030540628288E+02
6.828414207103364E+02	4.057305941287129E+02
6.833416708353989E+02	4.061582349061309E+02
6.838419209604614E+02	4.065859762354948E+02
6.843421710855239E+02	4.070138179574668E+02
6.848424212105864E+02	4.074417599129533E+02
6.853426713356489E+02	4.078698019431092E+02
6.858429214607114E+02	4.082979438893361E+02
6.863431715857739E+02	4.087261855932801E+02
6.868434217108364E+02	4.091545268968353E+02
6.873436718358989E+02	4.095829676421407E+02
6.878439219609614E+02	4.100115076715810E+02
6.883441720860239E+02	4.104401468277852E+02
6.888444222110865E+02	4.108688849536304E+02
6.893446723361490E+02	4.112977218922352E+02
6.898449224612115E+02	4.117266574869633E+02
6.903451725862740E+02	4.121556915814264E+02
6.908454227113365E+02	4.125848240194751E+02
6.913456728363990E+02	4.130140546452081E+02
6.918459229614615E+02	4.134433833029653E+02
6.923461730865240E+02	4.138728098373312E+02
6.928464232115865E+02	4.143023340931327E+02
6.933466733366490E+02	4.147319559154407E+02
6.938469234617115E+02	4.151616751495682E+02
6.943471735867740E+02	4.155914916410698E+02
6.948474237118365E+02	4.160214052357438E+02
6.953476738368990E+02	4.164514157796299E+02
6.958479239619616E+02	4.168815231190084E+02
6.963481740870241E+02	4.173117271004032E+02
6.968484242120866E+02	4.177420275705774E+02
6.973486743371491E+02	4.181724243765368E+02
6.978489244622116E+02	4.186029173655265E+02
6.983491745872741E+02	4.190335063850328E+02
6.988494247123366E+02	4.194641912827819E+02
6.993496748373991E+02	4.198949719067394E+02
6.998499249624616E+02	4.203258481051126E+02
7.003501750875241E+02	4.207568197263464E+02
7.008504252125866E+02	4.211878866191255E+02
7.013506753376491E+02	4.216190486323732E+02
7.018509254627116E+02	4.220503056152520E+02
7.023511755877742E+02	4.224816574171628E+02
7.028514257128367E+02	4.229131038877450E+02
7.033516758378992E+02	4.233446448768742E+02
7.038519259629617E+02	4.237762802346660E+02
7.043521760880242E+02	4.242080098114722E+02
7.048524262130867E+02	4.246398334578815E+02
7.053526763381492E+02	4.250717510247201E+02
7.058529264632117E+02	4.255037623630511E+02
7.063531765882742E+02	4.259358673241728E+02
7.068534267133367E+02	4.263680657596215E+02
7.073536768383992E+02	4.268003575211680E+02
7.078539269634617E+02	4.272327424608171E+02
7.083541770885242E+02	4.276652204308133E+02
7.088544272135867E+02	4.280977912836329E+02
7.093546773386493E+02	4.285304548719866E+02
7.098549274637118E+02	4.289632110488217E+02
7.103551775887743E+02	4.293960596673198E+02
7.108554277138368E+02	4.298290005808958E+02
7.113556778388993E+02	4.302620336431957E+02
7.118559279639618E+02	4.306951587081049E+02
7.123561780890243E+02	4.311283756297359E+02
7.128564282140868E+02	4.315616842624383E+02
7.133566783391493E+02	4.319950844607926E+02
7.138569284642118E+02	4.324285760796135E+02
7.143571785892743E+02	4.328621589739447E+02
7.148574287143368E+02	4.332958329990649E+02
7.153576788393993E+02	4.337295980104827E+02
7.158579289644618E+02	4.341634538639393E+02
7.163581790895244E+02	4.345974004154057E+02
7.168584292145869E+02	4.350314375210840E+02
7.173586793396494E+02	4.354655650374080E+02
7.178589294647119E+02	4.358997828210407E+02
7.183591795897744E+02	4.363340907288755E+02
7.188594297148369E+02	4.367684886180356E+02
7.193596798398994E+02	4.372029763458730E+02
7.198599299649619E+02	4.376375537699697E+02
7.203601800900244E+02	4.380722207481372E+02
7.208604302150869E+02	4.385069771384142E+02
7.213606803401494E+02	4.389418227990686E+02
7.218609304652119E+02	4.393767575885961E+02
7.223611805902744E+02	4.398117813657212E+02
7.228614307153370E+02	4.402468939893941E+02
7.233616808403995E+02	4.406820953187947E+02
7.238619309654620E+02	4.411173852133282E+02
7.243621810905245E+02	4.415527635326279E+02
7.248624312155870E+02	4.419882301365512E+02
7.253626813406495E+02	4.424237848851840E+02
7.258629314657120E+02	4.428594276388377E+02
7.263631815907745E+02	4.432951582580487E+02
7.268634317158370E+02	4.437309766035804E+02
7.273636818408995E+02	4.441668825364178E+02
7.278639319659620E+02	4.446028759177746E+02
7.283641820910245E+02	4.450389566090873E+02
7.288644322160870E+02	4.454751244720174E+02
7.293646823411495E+02	4.459113793684480E+02
7.298649324662121E+02	4.463477211604890E+02
7.303651825912746E+02	4.467841497104733E+02
7.308654327163371E+02	4.472206648809554E+02
7.313656828413996E+02	4.476572665347132E+02
7.318659329664621E+02	4.480939545347487E+02
7.323661830915246E+02	4.485307287442833E+02
7.328664332165871E+02	4.489675890267643E+02
7.333666833416496E+02	4.494045352458568E+02
7.338669334667121E+02	4.498415672654497E+02
7.343671835917746E+02	4.502786849496543E+02
7.348674337168371E+02	4.507158881627997E+02
7.353676838418996E+02	4.511531767694379E+02
7.358679339669621E+02	4.515905506343409E+02
7.363681840920246E+02	4.520280096225002E+02
7.368684342170872E+02	4.524655535991272E+02
7.373686843421497E+02	4.529031824296529E+02
7.378689344672122E+02	4.533408959797284E+02
7.383691845922747E+02	4.537786941152232E+02
7.388694347173372E+02	4.542165767022244E+02
7.393696848423997E+02	4.546545436070403E+02
7.398699349674622E+02	4.550925946961947E+02
7.403701850925247E+02	4.555307298364296E+02
7.408704352175872E+02	4.559689488947057E+02
7.413706853426497E+02	4.564072517382006E+02
7.418709354677122E+02	4.568456382343081E+02
7.423711855927747E+02	4.572841082506405E+02
7.428714357178372E+02	4.577226616550239E+02
7.433716858428998E+02	4.581612983155037E+02
7.438719359679623E+02	4.586000181003381E+02
7.443721860930248E+02	4.590388208780028E+02
7.448724362180873E+02	4.594777065171878E+02
7.453726863431498E+02	4.599166748868005E+02
7.458729364682123E+02	4.603557258559596E+02
7.463731865932748E+02	4.607948592940007E+02
7.468734367183373E+02	4.612340750704722E+02
7.473736868433998E+02	4.616733730551361E+02
7.478739369684623E+02	4.621127531179707E+02
7.483741870935248E+02	4.625522151291653E+02
7.488744372185873E+02	4.629917589591224E+02
7.493746873436498E+02	4.634313844784567E+02
7.498749374687123E+02	4.638710915579978E+02
7.503751875937749E+02	4.643108800687857E+02
7.508754377188374E+02	4.647507498820712E+02
7.513756878438999E+02	4.651907008693190E+02
7.518759379689624E+02	4.656307329022048E+02
7.523761880940249E+02	4.660708458526130E+02
7.528764382190874E+02	4.665110395926432E+02
7.533766883441499E+02	4.669513139946006E+02
7.538769384692124E+02	4.673916689310033E+02
7.543771885942749E+02	4.678321042745789E+02
7.548774387193374E+02	4.682726198982645E+02
7.553776888443999E+02	4.687132156752062E+02
7.558779389694624E+02	4.691538914787600E+02
7.563781890945249E+02	4.695946471824900E+02
7.568784392195874E+02	4.700354826601700E+02
7.573786893446500E+02	4.704763977857784E+02
7.578789394697125E+02	4.709173924335063E+02
7.583791895947750E+02	4.713584664777496E+02
7.588794397198375E+02	4.717996197931121E+02
7.593796898449000E+02	4.722408522544045E+02
7.598799399699625E+02	4.726821637366442E+02
7.603801900950250E+02	4.731235541150562E+02
7.608804402200875E+02	4.735650232650702E+02
7.613806903451500E+02	4.740065710623215E+02
7.618809404702125E+02	4.744481973826543E+02
7.623811905952750E+02	4.748899021021125E+02
7.628814407203375E+02	4.753316850969525E+02
7.633816908454000E+02	4.757735462436280E+02
7.638819409704626E+02	4.762154854188011E+02
7.643821910955251E+02	4.766575024993381E+02
7.648824412205876E+02	4.770995973623088E+02
7.653826913456501E+02	4.775417698849856E+02
7.658829414707126E+02	4.779840199448458E+02
7.663831915957751E+02	4.784263474195683E+02
7.668834417208376E+02	4.788687521870358E+02
7.673836918459001E+02	4.793112341253329E+02
7.678839419709626E+02	4.797537931127475E+02
7.683841920960251E+02	4.801964290277673E+02
7.688844422210876E+02	4.806391417490838E+02
7.693846923461501E+02	4.810819311555879E+02
7.698849424712126E+02	4.815247971263727E+02
7.703851925962751E+02	4.819677395407329E+02
7.708854427213377E+02	4.824107582781617E+02
7.713856928464002E+02	4.828538532183534E+02
7.718859429714627E+02	4.832970242412030E+02
7.723861930965252E+02	4.837402712268039E+02
7.728864432215877E+02	4.841835940554499E+02
7.733866933466502E+02	4.846269926076316E+02
7.738869434717127E+02	4.850704667640410E+02
7.743871935967752E+02	4.855140164055686E+02
7.748874437218377E+02	4.859576414133008E+02
7.753876938469002E+02	4.864013416685232E+02
7.758879439719627E+02	4.868451170527186E+02
7.763881940970252E+02	4.872889674475691E+02
7.768884442220877E+02	4.877328927349519E+02
7.773886943471502E+02	4.881768927969387E+02
7.778889444722128E+02	4.886209675158034E+02
7.783891945972753E+02	4.890651167740123E+02
7.788894447223378E+02	4.895093404542271E+02
7.793896948474003E+02	4.899536384393070E+02
7.798899449724628E+02	4.903980106123064E+02
7.803901950975253E+02	4.908424568564737E+02
7.808904452225878E+02	4.912869770552525E+02
7.813906953476503E+02	4.917315710922803E+02
7.818909454727128E+02	4.921762388513912E+02
7.823911955977753E+02	4.926209802166097E+02
7.828914457228378E+02	4.930657950721568E+02
7.833916958479003E+02	4.935106833024453E+02
7.838919459729628E+02	4.939556447920809E+02
7.843921960980254E+02	4.944006794258633E+02
7.848924462230879E+02	4.948457870887846E+02
7.853926963481504E+02	4.952909676660269E+02
7.858929464732129E+02	4.957362210429669E+02
7.863931965982754E+02	4.961815471051723E+02
7.868934467233379E+02	4.966269457384007E+02
7.873936968484004E+02	4.970724168286027E+02
7.878939469734629E+02	4.975179602619180E+02
7.883941970985254E+02	4.979635759246785E+02
7.888944472235879E+02	4.984092637034044E+02
7.893946973486504E+02	4.988550234848078E+02
7.898949474737129E+02	4.993008551557886E+02
7.903951975987754E+02	4.997467586034378E+02
7.908954477238379E+02	5.001927337150352E+02
7.913956978489005E+02	5.006387803780470E+02
7.918959479739630E+02	5.010848984801312E+02
7.923961980990255E+02	5.015310879091310E+02
7.928964482240880E+02	5.019773485530826E+02
7.933966983491505E+02	5.024236803002025E+02
7.938969484742130E+02	5.028700830389010E+02
7.943971985992755E+02	5.033165566577720E+02
7.948974487243380E+02	5.037631010455980E+02
7.953976988494005E+02	5.042097160913467E+02
7.958979489744630E+02	5.046564016841733E+02
7.963981990995255E+02	5.051031577134174E+02
7.968984492245880E+02	5.055499840686061E+02
7.973986993496505E+02	5.059968806394508E+02
7.978989494747130E+02	5.064438473158486E+02
7.983991995997756E+02	5.068908839878809E+02
7.988994497248381E+02	5.073379905458140E+02
7.993996998499006E+02	5.077851668800987E+02
7.998999499749631E+02	5.082324128813689E+02
8.004002001000256E+02	5.086797284404435E+02
8.009004502250881E+02	5.091271134483244E+02
8.014007003501506E+02	5.095745677961961E+02
8.019009504752131E+02	5.100220913754266E+02
8.024012006002756E+02	5.104696840775670E+02
8.029014507253381E+02	5.109173457943492E+02
8.034017008504006E+02	5.113650764176886E+02
8.039019509754631E+02	5.118128758396807E+02
8.044022011005256E+02	5.122607439526048E+02
8.049024512255882E+02	5.127086806489206E+02
8.054027013506507E+02	5.131566858212674E+02
8.059029514757132E+02	5.136047593624670E+02
8.064032016007757E+02	5.140529011655200E+02
8.069034517258382E+02	5.145011111236073E+02
8.074037018509007E+02	5.149493891300921E+02
8.079039519759632E+02	5.153977350785136E+02
8.084042021010257E+02	5.158461488625927E+02
8.089044522260882E+02	5.162946303762272E+02
8.094047023511507E+02	5.167431795134968E+02
8.099049524762132E+02	5.171917961686571E+02
8.104052026012757E+02	5.176404802361416E+02
8.109054527263382E+02	5.180892316105641E+02
8.114057028514007E+02	5.185380501867135E+02
8.119059529764633E+02	5.189869358595563E+02
8.124062031015258E+02	5.194358885242397E+02
8.129064532265883E+02	5.198849080760816E+02
8.134067033516508E+02	5.203339944105816E+02
8.139069534767133E+02	5.207831474234123E+02
8.144072036017758E+02	5.212323670104241E+02
8.149074537268383E+02	5.216816530676434E+02
8.154077038519008E+02	5.221310054912702E+02
8.159079539769633E+02	5.225804241776797E+02
8.164082041020258E+02	5.230299090234237E+02
8.169084542270883E+02	5.234794599252278E+02
8.174087043521508E+02	5.239290767799913E+02
8.179089544772133E+02	5.243787594847892E+02
8.184092046022758E+02	5.248285079368673E+02
8.189094547273384E+02	5.252783220336480E+02
8.194097048524009E+02	5.257282016727248E+02
8.199099549774634E+02	5.261781467518655E+02
8.204102051025259E+02	5.266281571690093E+02
8.209104552275884E+02	5.270782328222700E+02
8.214107053526509E+02	5.275283736099303E+02
8.219109554777134E+02	5.279785794304471E+02
8.224112056027759E+02	5.284288501824491E+02
8.229114557278384E+02	5.288791857647337E+02
8.234117058529009E+02	5.293295860762727E+02
8.239119559779634E+02	5.297800510162068E+02
8.244122061030259E+02	5.302305804838469E+02
8.249124562280884E+02	5.306811743786749E+02
8.254127063531510E+02	5.311318326003428E+02
8.259129564782135E+02	5.315825550486710E+02
8.264132066032760E+02	5.320333416236521E+02
8.269134567283385E+02	5.324841922254441E+02
8.274137068534010E+02	5.329351067543765E+02
8.279139569784635E+02	5.333860851109467E+02
8.284142071035260E+02	5.338371271958204E+02
8.289144572285885E+02	5.342882329098317E+02
8.294147073536510E+02	5.347394021539823E+02
8.299149574787135E+02	5.351906348294401E+02
8.304152076037760E+02	5.356419308375429E+02
8.309154577288385E+02	5.360932900797933E+02
8.314157078539010E+02	5.365447124578621E+02
8.319159579789635E+02	5.369961978735845E+02
8.324162081040261E+02	5.374477462289642E+02
8.329164582290886E+02	5.378993574261714E+02
8.334167083541511E+02	5.383510313675371E+02
8.339169584792136E+02	5.388027679555637E+02
8.344172086042761E+02	5.392545670929140E+02
8.349174587293386E+02	5.397064286824200E+02
8.354177088544011E+02	5.401583526270741E+02
8.359179589794636E+02	5.406103388300365E+02
8.364182091045261E+02	5.410623871946285E+02
8.369184592295886E+02	5.415144976243374E+02
8.374187093546511E+02	5.419666700228130E+02
8.379189594797136E+02	5.424189042938689E+02
8.384192096047761E+02	5.428712003414809E+02
8.389194597298386E+02	5.433235580697892E+02
8.394197098549012E+02	5.437759773830932E+02
8.399199599799637E+02	5.442284581858595E+02
8.404202101050262E+02	5.446810003827111E+02
8.409204602300887E+02	5.451336038784369E+02
8.414207103551512E+02	5.455862685779840E+02
8.419209604802137E+02	5.460389943864656E+02
8.424212106052762E+02	5.464917812091496E+02
8.429214607303387E+02	5.469446289514696E+02
8.434217108554012E+02	5.473975375190157E+02
8.439219609804637E+02	5.478505068175411E+02
8.444222111055262E+02	5.483035367529570E+02
8.449224612305887E+02	5.487566272313359E+02
8.454227113556512E+02	5.492097781589065E+02
8.459229614807138E+02	5.496629894420604E+02
8.464232116057763E+02	5.501162609873467E+02
8.469234617308388E+02	5.505695927014712E+02
8.474237118559013E+02	5.510229844913005E+02
8.479239619809638E+02	5.514764362638567E+02
8.484242121060263E+02	5.519299479263226E+02
8.489244622310888E+02	5.523835193860369E+02
8.494247123561513E+02	5.528371505504948E+02
8.499249624812138E+02	5.532908413273508E+02
8.504252126062763E+02	5.537445916244137E+02
8.509254627313388E+02	5.541984013496495E+02
8.514257128564013E+02	5.546522704111818E+02
8.519259629814638E+02	5.551061987172897E+02
8.524262131065263E+02	5.555601861764052E+02
8.529264632315889E+02	5.560142326971198E+02
8.534267133566514E+02	5.564683381881777E+02
8.539269634817139E+02	5.569225025584800E+02
8.544272136067764E+02	5.573767257170788E+02
8.549274637318389E+02	5.578310075731853E+02
8.554277138569014E+02	5.582853480361615E+02
8.559279639819639E+02	5.587397470155254E+02
8.564282141070264E+02	5.591942044209464E+02
8.569284642320889E+02	5.596487201622509E+02
8.574287143571514E+02	5.601032941494142E+02
8.579289644822139E+02	5.605579262925677E+02
8.584292146072764E+02	5.610126165019930E+02
8.589294647323389E+02	5.614673646881271E+02
8.594297148574014E+02	5.619221707615562E+02
8.599299649824640E+02	5.623770346330201E+02
8.604302151075265E+02	5.628319562134101E+02
8.609304652325890E+02	5.632869354137680E+02
8.614307153576515E+02	5.637419721452875E+02
8.619309654827140E+02	5.641970663193141E+02
8.624312156077765E+02	5.646522178473406E+02
8.629314657328390E+02	5.651074266410145E+02
8.634317158579015E+02	5.655626926121311E+02
8.639319659829640E+02	5.660180156726345E+02
8.644322161080265E+02	5.664733957346226E+02
8.649324662330890E+02	5.669288327103362E+02
8.654327163581515E+02	5.673843265121717E+02
8.659329664832140E+02	5.678398770526707E+02
8.664332166082766E+02	5.682954842445243E+02
8.669334667333391E+02	5.687511480005725E+02
8.674337168584016E+02	5.692068682338030E+02
8.679339669834641E+02	5.696626448573513E+02
8.684342171085266E+02	5.701184777845004E+02
8.689344672335891E+02	5.705743669286809E+02
8.694347173586516E+02	5.710303122034719E+02
8.699349674837141E+02	5.714863135225957E+02
8.704352176087766E+02	5.719423707999259E+02
8.709354677338391E+02	5.723984839494796E+02
8.714357178589016E+02	5.728546528854206E+02
8.719359679839641E+02	5.733108775220591E+02
8.724362181090266E+02	5.737671577738500E+02
8.729364682340891E+02	5.742234935553961E+02
8.734367183591517E+02	5.746798847814412E+02
8.739369684842142E+02	5.751363313668771E+02
8.744372186092767E+02	5.755928332267417E+02
8.749374687343392E+02	5.760493902762133E+02
8.754377188594017E+02	5.765060024306161E+02
8.759379689844642E+02	5.769626696054214E+02
8.764382191095267E+02	5.774193917162376E+02
8.769384692345892E+02	5.778761686788238E+02
8.774387193596517E+02	5.783330004090766E+02
8.779389694847142E+02	5.787898868230396E+02
8.784392196097767E+02	5.792468278368971E+02
8.789394697348392E+02	5.797038233669749E+02
8.794397198599017E+02	5.801608733297447E+02
8.799399699849643E+02	5.806179776418172E+02
8.804402201100268E+02	5.810751362199452E+02
8.809404702350893E+02	5.815323489810243E+02
8.814407203601518E+02	5.819896158420908E+02
8.819409704852143E+02	5.824469367203226E+02
8.824412206102768E+02	5.829043115330360E+02
8.829414707353393E+02	5.833617401976923E+02
8.834417208604018E+02	5.838192226318889E+02
8.839419709854643E+02	5.842767587533646E+02
8.844422211105268E+02	5.847343484800000E+02
8.849424712355893E+02	5.851919917298143E+02
8.854427213606518E+02	5.856496884209633E+02
8.859429714857143E+02	5.861074384717468E+02
8.864432216107768E+02	5.865652418006003E+02
8.869434717358394E+02	5.870230983260981E+02
8.874437218609019E+02	5.874810079669547E+02
8.879439719859644E+02	5.879389706420217E+02
8.884442221110269E+02	5.883969862702891E+02
8.889444722360894E+02	5.888550547708828E+02
8.894447223611519E+02	5.893131760630700E+02
8.899449724862144E+02	5.897713500662522E+02
8.904452226112769E+02	5.902295766999674E+02
8.909454727363394E+02	5.906878558838933E+02
8.914457228614019E+02	5.911461875378440E+02
8.919459729864644E+02	5.916045715817660E+02
8.924462231115269E+02	5.920630079357454E+02
8.929464732365894E+02	5.925214965200037E+02
8.934467233616519E+02	5.929800372548974E+02
8.939469734867145E+02	5.934386300609194E+02
8.944472236117770E+02	5.938972748586970E+02
8.949474737368395E+02	5.943559715689918E+02
8.954477238619020E+02	5.948147201127020E+02
8.959479739869645E+02	5.952735204108584E+02
8.964482241120270E+02	5.957323723846268E+02
8.969484742370895E+02	5.961912759553085E+02
8.974487243621520E+02	5.966502310443360E+02
8.979489744872145E+02	5.971092375732765E+02
8.984492246122770E+02	5.975682954638312E+02
8.989494747373395E+02	5.980274046378349E+02
8.994497248624020E+02	5.984865650172534E+02
8.999499749874645E+02	5.989457765241860E+02
9.004502251125271E+02	5.994050390808634E+02
9.009504752375896E+02	5.998643526096529E+02
9.014507253626521E+02	6.003237170330474E+02
9.019509754877146E+02	6.007831322736766E+02
9.024512256127771E+02	6.012425982542985E+02
9.029514757378396E+02	6.017021148978047E+02
9.034517258629021E+02	6.021616821272158E+02
9.039519759879646E+02	6.026212998656860E+02
9.044522261130271E+02	6.030809680364976E+02
9.049524762380896E+02	6.035406865630636E+02
9.054527263631521E+02	6.040004553689297E+02
9.059529764882146E+02	6.044602743777682E+02
9.064532266132771E+02	6.049201435133822E+02
9.069534767383396E+02	6.053800626997050E+02
9.074537268634022E+02	6.058400318607988E+02
9.079539769884647E+02	6.063000509208567E+02
9.084542271135272E+02	6.067601198041965E+02
9.089544772385897E+02	6.072202384352678E+02
9.094547273636522E+02	6.076804067386480E+02
9.099549774887147E+02	6.081406246390426E+02
9.104552276137772E+02	6.086008920612836E+02
9.109554777388397E+02	6.090612089303335E+02
9.114557278639022E+02	6.095215751712800E+02
9.119559779889647E+02	6.099819907093400E+02
9.124562281140272E+02	6.104424554698542E+02
9.129564782390897E+02	6.109029693782958E+02
9.134567283641522E+02	6.113635323602572E+02
9.139569784892147E+02	6.118241443414635E+02
9.144572286142773E+02	6.122848052477639E+02
9.149574787393398E+02	6.127455150051316E+02
9.154577288644023E+02	6.132062735396688E+02
9.159579789894648E+02	6.136670807776010E+02
9.164582291145273E+02	6.141279366452787E+02
9.169584792395898E+02	6.145888410691796E+02
9.174587293646523E+02	6.150497939759071E+02
9.179589794897148E+02	6.155107952921845E+02
9.184592296147773E+02	6.159718449448632E+02
9.189594797398398E+02	6.164329428609179E+02
9.194597298649023E+02	6.168940889674474E+02
9.199599799899648E+02	6.173552831916754E+02
9.204602301150273E+02	6.178165254609469E+02
9.209604802400899E+02	6.182778157027315E+02
9.214607303651524E+02	6.187391538446234E+02
9.219609804902149E+02	6.192005398143361E+02
9.224612306152774E+02	6.196619735397099E+02
9.229614807403399E+02	6.201234549487048E+02
9.234617308654024E+02	6.205849839694037E+02
9.239619809904649E+02	6.210465605300129E+02
9.244622311155274E+02	6.215081845588587E+02
9.249624812405899E+02	6.219698559843910E+02
9.254627313656524E+02	6.224315747351789E+02
9.259629814907149E+02	6.228933407399144E+02
9.264632316157774E+02	6.233551539274102E+02
9.269634817408399E+02	6.238170142265990E+02
9.274637318659024E+02	6.242789215665358E+02
9.279639819909650E+02	6.247408758763949E+02
9.284642321160275E+02	6.252028770854699E+02
9.289644822410900E+02	6.256649251231757E+02
9.294647323661525E+02	6.261270199190467E+02
9.299649824912150E+02	6.265891614027361E+02
9.304652326162775E+02	6.270513495040193E+02
9.309654827413400E+02	6.275135841527853E+02
9.314657328664025E+02	6.279758652790479E+02
9.319659829914650E+02	6.284381928129363E+02
9.324662331165275E+02	6.289005666846982E+02
9.329664832415900E+02	6.293629868247014E+02
9.334667333666525E+02	6.298254531634310E+02
9.339669834917150E+02	6.302879656314879E+02
9.344672336167775E+02	6.307505241595943E+02
9.349674837418401E+02	6.312131286785879E+02
9.354677338669026E+02	6.316757791194231E+02
9.359679839919651E+02	6.321384754131736E+02
9.364682341170276E+02	6.326012174910256E+02
9.369684842420901E+02	6.330640052842889E+02
9.374687343671526E+02	6.335268387243835E+02
9.379689844922151E+02	6.339897177428472E+02
9.384692346172776E+02	6.344526422713357E+02
9.389694847423401E+02	6.349156122416190E+02
9.394697348674026E+02	6.353786275855845E+02
9.399699849924651E+02	6.358416882352295E+02
9.404702351175276E+02	6.363047941226765E+02
9.409704852425901E+02	6.367679451801528E+02
9.414707353676527E+02	6.372311413400056E+02
9.419709854927152E+02	6.376943825346979E+02
9.424712356177777E+02	6.381576686968033E+02
9.429714857428402E+02	6.386209997590129E+02
9.434717358679027E+02	6.390843756541291E+02
9.439719859929652E+02	6.395477963150721E+02
9.444722361180277E+02	6.400112616748705E+02
9.449724862430902E+02	6.404747716666703E+02
9.454727363681527E+02	6.409383262237278E+02
9.459729864932152E+02	6.414019252794175E+02
9.464732366182777E+02	6.418655687672195E+02
9.469734867433402E+02	6.423292566207311E+02
9.474737368684027E+02	6.427929887736619E+02
9.479739869934652E+02	6.432567651598337E+02
9.484742371185278E+02	6.437205857131765E+02
9.489744872435903E+02	6.441844503677385E+02
9.494747373686528E+02	6.446483590576754E+02
9.499749874937153E+02	6.451123117172530E+02
9.504752376187778E+02	6.455763082808534E+02
9.509754877438403E+02	6.460403486829643E+02
9.514757378689028E+02	6.465044328581885E+02
9.519759879939653E+02	6.469685607412381E+02
9.524762381190278E+02	6.474327322669340E+02
9.529764882440903E+02	6.478969473702093E+02
9.534767383691528E+02	6.483612059861069E+02
9.539769884942153E+02	6.488255080497783E+02
9.544772386192778E+02	6.492898534964861E+02
9.549774887443403E+02	6.497542422616012E+02
9.554777388694029E+02	6.502186742806070E+02
9.559779889944654E+02	6.506831494890915E+02
9.564782391195279E+02	6.511476678227538E+02
9.569784892445904E+02	6.516122292174015E+02
9.574787393696529E+02	6.520768336089506E+02
9.579789894947154E+02	6.525414809334252E+02
9.584792396197779E+02	6.530061711269599E+02
9.589794897448404E+02	6.534709041257939E+02
9.594797398699029E+02	6.539356798662747E+02
9.599799899949654E+02	6.544004982848597E+02
9.604802401200279E+02	6.548653593181128E+02
9.609804902450904E+02	6.553302629027011E+02
9.614807403701529E+02	6.557952089754052E+02
9.619809904952155E+02	6.562601974731095E+02
9.624812406202780E+02	6.567252283328035E+02
9.629814907453405E+02	6.571903014915839E+02
9.634817408704030E+02	6.576554168866566E+02
9.639819909954655E+02	6.581205744553284E+02
9.644822411205280E+02	6.585857741350177E+02
9.649824912455905E+02	6.590510158632441E+02
9.654827413706530E+02	6.595162995776342E+02
9.659829914957155E+02	6.599816252159200E+02
9.664832416207780E+02	6.604469927159399E+02
9.669834917458405E+02	6.609124020156343E+02
9.674837418709030E+02	6.613778530530507E+02
9.679839919959655E+02	6.618433457663401E+02
9.684842421210280E+02	6.623088800937578E+02
9.689844922460906E+02	6.627744559736656E+02
9.694847423711531E+02	6.632400733445260E+02
9.699849924962156E+02	6.637057321449073E+02
9.704852426212781E+02	6.641714323134797E+02
9.709854927463406E+02	6.646371737890191E+02
9.714857428714031E+02	6.651029565104028E+02
9.719859929964656E+02	6.655687804166131E+02
9.724862431215281E+02	6.660346454467330E+02
9.729864932465906E+02	6.665005515399491E+02
9.734867433716531E+02	6.669664986355524E+02
9.739869934967156E+02	6.674324866729336E+02
9.744872436217781E+02	6.678985155915860E+02
9.749874937468406E+02	6.683645853311050E+02
9.754877438719031E+02	6.688306958311917E+02
9.759879939969657E+02	6.692968470316408E+02
9.764882441220282E+02	6.697630388723554E+02
9.769884942470907E+02	6.702292712933371E+02
9.774887443721532E+02	6.706955442346892E+02
9.779889944972157E+02	6.711618576366159E+02
9.784892446222782E+02	6.716282114394226E+02
9.789894947473407E+02	6.720946055835119E+02
9.794897448724032E+02	6.725610400093916E+02
9.799899949974657E+02	6.730275146576674E+02
9.804902451225282E+02	6.734940294690451E+02
9.809904952475907E+02	6.739605843843302E+02
9.814907453726532E+02	6.744271793444286E+02
9.819909954977157E+02	6.748938142903422E+02
9.824912456227783E+02	6.753604891631802E+02
9.829914957478408E+02	6.758272039041419E+02
9.834917458729033E+02	6.762939584545310E+02
9.839919959979658E+02	6.767607527557485E+02
9.844922461230283E+02	6.772275867492928E+02
9.849924962480908E+02	6.776944603767635E+02
9.854927463731533E+02	6.781613735798568E+02
9.859929964982158E+02	6.786283263003655E+02
9.864932466232783E+02	6.790953184801832E+02
9.869934967483408E+02	6.795623500613000E+02
9.874937468734033E+02	6.800294209858024E+02
9.879939969984658E+02	6.804965311958750E+02
9.884942471235283E+02	6.809636806338025E+02
9.889944972485908E+02	6.814308692419596E+02
9.894947473736534E+02	6.818980969628274E+02
9.899949974987159E+02	6.823653637389740E+02
9.904952476237784E+02	6.828326695130714E+02
9.909954977488409E+02	6.833000142278828E+02
9.914957478739034E+02	6.837673978262736E+02
9.919959979989659E+02	6.842348202511962E+02
9.924962481240284E+02	6.847022814457094E+02
9.929964982490909E+02	6.851697813529584E+02
9.934967483741534E+02	6.856373199161907E+02
9.939969984992159E+02	6.861048970787439E+02
9.944972486242784E+02	6.865725127840543E+02
9.949974987493409E+02	6.870401669756512E+02
9.954977488744034E+02	6.875078595971601E+02
9.959979989994659E+02	6.879755905923004E+02
9.964982491245285E+02	6.884433599048855E+02
9.969984992495910E+02	6.889111674788245E+02
9.974987493746535E+02	6.893790132581186E+02
9.979989994997160E+02	6.898468971868652E+02
9.984992496247785E+02	6.903148192092539E+02
9.989994997498410E+02	6.907827792695683E+02
9.994997498749035E+02	6.912507773121866E+02
9.999999999999660E+02	6.917188132815784E+02
