0.000000000000000E+00	                 NAN
5.002501250625313E-01	-5.579957086734158E+00
1.000500250125063E+00	-5.559912494451895E+00
1.500750375187594E+00	-5.539864544168894E+00
2.001000500250125E+00	-5.519811556965046E+00
2.501250625312657E+00	-5.499751854016551E+00
3.001500750375188E+00	-5.479683756628011E+00
3.501750875437719E+00	-5.459605586264527E+00
4.002001000500250E+00	-5.439515664583769E+00
4.502251125562782E+00	-5.419412313468053E+00
5.002501250625313E+00	-5.399293855056407E+00
5.502751375687844E+00	-5.379158611776615E+00
6.003001500750376E+00	-5.359004906377248E+00
6.503251625812907E+00	-5.338831061959697E+00
7.003501750875438E+00	-5.318635402010153E+00
7.503751875937970E+00	-5.298416250431614E+00
8.004002001000501E+00	-5.278171931575835E+00
8.504252126063033E+00	-5.257900770275263E+00
9.004502251125565E+00	-5.237601091874973E+00
9.504752376188097E+00	-5.217271222264557E+00
1.000500250125063E+01	-5.196909487909966E+00
1.050525262631316E+01	-5.176514215885385E+00
1.100550275137569E+01	-5.156083733905016E+00
1.150575287643823E+01	-5.135616370354885E+00
1.200600300150076E+01	-5.115110454324544E+00
1.250625312656329E+01	-5.094564315638825E+00
1.300650325162582E+01	-5.073976284889490E+00
1.350675337668835E+01	-5.053344693466888E+00
1.400700350175089E+01	-5.032667873591539E+00
1.450725362681342E+01	-5.011944158345715E+00
1.500750375187595E+01	-4.991171881704918E+00
1.550775387693848E+01	-4.970349378569432E+00
1.600800400200102E+01	-4.949474984795652E+00
1.650825412706355E+01	-4.928547037227567E+00
1.700850425212608E+01	-4.907563873728025E+00
1.750875437718861E+01	-4.886523833210061E+00
1.800900450225114E+01	-4.865425255668120E+00
1.850925462731368E+01	-4.844266482209258E+00
1.900950475237621E+01	-4.823045855084230E+00
1.950975487743874E+01	-4.801761717718632E+00
2.001000500250127E+01	-4.780412414743862E+00
2.051025512756381E+01	-4.758996292028145E+00
2.101050525262634E+01	-4.737511696707346E+00
2.151075537768887E+01	-4.715956977215912E+00
2.201100550275140E+01	-4.694330483317591E+00
2.251125562781393E+01	-4.672630566136133E+00
2.301150575287647E+01	-4.650855578186020E+00
2.351175587793900E+01	-4.629003873402977E+00
2.401200600300153E+01	-4.607073807174499E+00
2.451225612806406E+01	-4.585063736370357E+00
2.501250625312660E+01	-4.562972019372880E+00
2.551275637818913E+01	-4.540797016107328E+00
2.601300650325166E+01	-4.518537088072117E+00
2.651325662831419E+01	-4.496190598368921E+00
2.701350675337672E+01	-4.473755911732857E+00
2.751375687843926E+01	-4.451231394562354E+00
2.801400700350179E+01	-4.428615414949190E+00
2.851425712856432E+01	-4.405906342708258E+00
2.901450725362685E+01	-4.383102549407345E+00
2.951475737868939E+01	-4.360202408396850E+00
3.001500750375192E+01	-4.337204294839326E+00
3.051525762881445E+01	-4.314106585738999E+00
3.101550775387698E+01	-4.290907659971245E+00
3.151575787893951E+01	-4.267605898311748E+00
3.201600800400205E+01	-4.244199683466013E+00
3.251625812906457E+01	-4.220687400098265E+00
3.301650825412710E+01	-4.197067434860640E+00
3.351675837918963E+01	-4.173338176422119E+00
3.401700850425216E+01	-4.149498015497377E+00
3.451725862931469E+01	-4.125545344875617E+00
3.501750875437722E+01	-4.101478559449161E+00
3.551775887943975E+01	-4.077296056242103E+00
3.601800900450228E+01	-4.052996234438728E+00
3.651825912956480E+01	-4.028577495411929E+00
3.701850925462733E+01	-4.004038242751454E+00
3.751875937968986E+01	-3.979376882292120E+00
3.801900950475239E+01	-3.954591822141834E+00
3.851925962981492E+01	-3.929681472709509E+00
3.901950975487745E+01	-3.904644246733090E+00
3.951975987993998E+01	-3.879478559307080E+00
4.002001000500250E+01	-3.854182827910348E+00
4.052026013006503E+01	-3.828755472433533E+00
4.102051025512756E+01	-3.803194915206502E+00
4.152076038019009E+01	-3.777499581025735E+00
4.202101050525262E+01	-3.751667897181369E+00
4.252126063031515E+01	-3.725698293484269E+00
4.302151075537768E+01	-3.699589202293224E+00
4.352176088044020E+01	-3.673339058541421E+00
4.402201100550273E+01	-3.646946299763490E+00
4.452226113056526E+01	-3.620409366121832E+00
4.502251125562779E+01	-3.593726700433335E+00
4.552276138069032E+01	-3.566896748195587E+00
4.602301150575285E+01	-3.539917957613140E+00
4.652326163081538E+01	-3.512788779623625E+00
4.702351175587791E+01	-3.485507667923775E+00
4.752376188094043E+01	-3.458073078995218E+00
4.802401200600296E+01	-3.430483472130275E+00
4.852426213106549E+01	-3.402737309457555E+00
4.902451225612802E+01	-3.374833055967377E+00
4.952476238119055E+01	-3.346769179537167E+00
5.002501250625308E+01	-3.318544150956688E+00
5.052526263131561E+01	-3.290156443953135E+00
5.102551275637813E+01	-3.261604535215971E+00
5.152576288144066E+01	-3.232886904421944E+00
5.202601300650319E+01	-3.204002034259593E+00
5.252626313156572E+01	-3.174948410453963E+00
5.302651325662825E+01	-3.145724521790781E+00
5.352676338169078E+01	-3.116328860141023E+00
5.402701350675331E+01	-3.086759920484928E+00
5.452726363181583E+01	-3.057016200935875E+00
5.502751375687836E+01	-3.027096202764431E+00
5.552776388194089E+01	-2.996998430422044E+00
5.602801400700342E+01	-2.966721391564510E+00
5.652826413206595E+01	-2.936263597075508E+00
5.702851425712848E+01	-2.905623561089930E+00
5.752876438219101E+01	-2.874799801016897E+00
5.802901450725354E+01	-2.843790837562898E+00
5.852926463231606E+01	-2.812595194754619E+00
5.902951475737859E+01	-2.781211399961661E+00
5.952976488244112E+01	-2.749637983919063E+00
6.003001500750365E+01	-2.717873480749736E+00
6.053026513256618E+01	-2.685916427986887E+00
6.103051525762871E+01	-2.653765366595946E+00
6.153076538269124E+01	-2.621418840996617E+00
6.203101550775376E+01	-2.588875399084747E+00
6.253126563281629E+01	-2.556133592254026E+00
6.303151575787882E+01	-2.523191975417388E+00
6.353176588294135E+01	-2.490049107028502E+00
6.403201600800388E+01	-2.456703549102924E+00
6.453226613306641E+01	-2.423153867239249E+00
6.503251625812895E+01	-2.389398630639944E+00
6.553276638319149E+01	-2.355436412132155E+00
6.603301650825402E+01	-2.321265788188269E+00
6.653326663331656E+01	-2.286885338946453E+00
6.703351675837909E+01	-2.252293648230831E+00
6.753376688344163E+01	-2.217489303571773E+00
6.803401700850416E+01	-2.182470896225643E+00
6.853426713356670E+01	-2.147237021194888E+00
6.903451725862924E+01	-2.111786277247608E+00
6.953476738369177E+01	-2.076117266936867E+00
7.003501750875431E+01	-2.040228596620414E+00
7.053526763381684E+01	-2.004118876479501E+00
7.103551775887938E+01	-1.967786720538177E+00
7.153576788394192E+01	-1.931230746682010E+00
7.203601800900445E+01	-1.894449576676868E+00
7.253626813406699E+01	-1.857441836187396E+00
7.303651825912952E+01	-1.820206154795491E+00
7.353676838419206E+01	-1.782741166018431E+00
7.403701850925459E+01	-1.745045507327040E+00
7.453726863431713E+01	-1.707117820163367E+00
7.503751875937967E+01	-1.668956749958772E+00
7.553776888444220E+01	-1.630560946151070E+00
7.603801900950474E+01	-1.591929062202388E+00
7.653826913456727E+01	-1.553059755615939E+00
7.703851925962981E+01	-1.513951687953556E+00
7.753876938469234E+01	-1.474603524852261E+00
7.803901950975488E+01	-1.435013936041164E+00
7.853926963481742E+01	-1.395181595357959E+00
7.903951975987995E+01	-1.355105180765454E+00
7.953976988494249E+01	-1.314783374367797E+00
8.004002001000502E+01	-1.274214862426367E+00
8.054027013506756E+01	-1.233398335376000E+00
8.104052026013009E+01	-1.192332487840465E+00
8.154077038519263E+01	-1.151016018648226E+00
8.204102051025517E+01	-1.109447630847802E+00
8.254127063531770E+01	-1.067626031723043E+00
8.304152076038024E+01	-1.025549932807982E+00
8.354177088544277E+01	-9.832180499021259E-01
8.404202101050531E+01	-9.406291030850351E-01
8.454227113556784E+01	-8.977818167307472E-01
8.504252126063038E+01	-8.546749195224574E-01
8.554277138569292E+01	-8.113071444664453E-01
8.604302151075545E+01	-7.676772289065834E-01
8.654327163581799E+01	-7.237839145377531E-01
8.704352176088052E+01	-6.796259474199555E-01
8.754377188594306E+01	-6.352020779916696E-01
8.804402201100559E+01	-5.905110610833386E-01
8.854427213606813E+01	-5.455516559306570E-01
8.904452226113067E+01	-5.003226261874598E-01
8.954477238619320E+01	-4.548227399387681E-01
9.004502251125574E+01	-4.090507697134225E-01
9.054527263631827E+01	-3.630054924968302E-01
9.104552276138081E+01	-3.166856897429593E-01
9.154577288644334E+01	-2.700901473870427E-01
9.204602301150588E+01	-2.232176558572601E-01
9.254627313656842E+01	-1.760670100867880E-01
9.304652326163095E+01	-1.286370095255247E-01
9.354677338669349E+01	-8.092645815150057E-02
9.404702351175602E+01	-3.293416448238951E-02
9.454727363681856E+01	1.534105841332156E-02
9.504752376188110E+01	6.390039290519134E-02
9.554777388694363E+01	1.127450167902229E-01
9.604802401200617E+01	1.618761032819354E-01
9.654827413706870E+01	2.112948209998624E-01
9.704852426213124E+01	2.610023339591638E-01
9.754877438719377E+01	3.109998015605502E-01
9.804902451225631E+01	3.612883785800083E-01
9.854927463731885E+01	4.118692151592374E-01
9.904952476238138E+01	4.627434567957014E-01
9.954977488744392E+01	5.139122443332074E-01
1.000500250125065E+02	5.653767139525261E-01
1.005502751375690E+02	6.171379971621977E-01
1.010505252626315E+02	6.691972207893802E-01
1.015507753876941E+02	7.215555069712227E-01
1.020510255127566E+02	7.742139731459137E-01
1.025512756378191E+02	8.271737320442814E-01
1.030515257628817E+02	8.804358916813815E-01
1.035517758879442E+02	9.340015553484111E-01
1.040520260130067E+02	9.878718216042817E-01
1.045522761380693E+02	1.042047784268258E+00
1.050525262631318E+02	1.096530532411913E+00
1.055527763881943E+02	1.151321150351615E+00
1.060530265132569E+02	1.206420717641274E+00
1.065532766383194E+02	1.261830309065013E+00
1.070535267633820E+02	1.317550994630020E+00
1.075537768884445E+02	1.373583839559894E+00
1.080540270135070E+02	1.429929904287713E+00
1.085542771385696E+02	1.486590244449454E+00
1.090545272636321E+02	1.543565910877769E+00
1.095547773886946E+02	1.600857949595460E+00
1.100550275137572E+02	1.658467401809682E+00
1.105552776388197E+02	1.716395303905751E+00
1.110555277638822E+02	1.774642687441537E+00
1.115557778889448E+02	1.833210579141829E+00
1.120560280140073E+02	1.892100000892791E+00
1.125562781390698E+02	1.951311969736773E+00
1.130565282641324E+02	2.010847497867198E+00
1.135567783891949E+02	2.070707592623387E+00
1.140570285142575E+02	2.130893256485971E+00
1.145572786393200E+02	2.191405487072140E+00
1.150575287643825E+02	2.252245277131090E+00
1.155577788894451E+02	2.313413614539863E+00
1.160580290145076E+02	2.374911482298694E+00
1.165582791395701E+02	2.436739858527625E+00
1.170585292646327E+02	2.498899716462057E+00
1.175587793896952E+02	2.561392024449399E+00
1.180590295147577E+02	2.624217745945197E+00
1.185592796398203E+02	2.687377839509859E+00
1.190595297648828E+02	2.750873258805479E+00
1.195597798899453E+02	2.814704952592615E+00
1.200600300150079E+02	2.878873864727177E+00
1.205602801400704E+02	2.943380934157853E+00
1.210605302651330E+02	3.008227094923379E+00
1.215607803901955E+02	3.073413276149887E+00
1.220610305152580E+02	3.138940402048684E+00
1.225612806403206E+02	3.204809391914063E+00
1.230615307653831E+02	3.271021160121075E+00
1.235617808904456E+02	3.337576616123664E+00
1.240620310155082E+02	3.404476664453023E+00
1.245622811405707E+02	3.471722204715883E+00
1.250625312656332E+02	3.539314131592912E+00
1.255627813906958E+02	3.607253334837546E+00
1.260630315157583E+02	3.675540699274643E+00
1.265632816408208E+02	3.744177104799713E+00
1.270635317658834E+02	3.813163426377637E+00
1.275637818909459E+02	3.882500534042174E+00
1.280640320160084E+02	3.952189292895378E+00
1.285642821410710E+02	4.022230563106783E+00
1.290645322661335E+02	4.092625199913480E+00
1.295647823911960E+02	4.163374053619671E+00
1.300650325162586E+02	4.234477969596634E+00
1.305652826413211E+02	4.305937788282927E+00
1.310655327663837E+02	4.377754345184480E+00
1.315657828914462E+02	4.449928470875102E+00
1.320660330165087E+02	4.522460990996743E+00
1.325662831415713E+02	4.595352726260396E+00
1.330665332666338E+02	4.668604492446613E+00
1.335667833916963E+02	4.742217100406785E+00
1.340670335167589E+02	4.816191356063635E+00
1.345672836418214E+02	4.890528060412828E+00
1.350675337668839E+02	4.965228009524191E+00
1.355677838919465E+02	5.040291994543020E+00
1.360680340170090E+02	5.115720801691731E+00
1.365682841420715E+02	5.191515212271705E+00
1.370685342671341E+02	5.267676002664723E+00
1.375687843921966E+02	5.344203944335442E+00
1.380690345172592E+02	5.421099803833068E+00
1.385692846423217E+02	5.498364342793744E+00
1.390695347673842E+02	5.575998317942970E+00
1.395697848924468E+02	5.654002481097899E+00
1.400700350175093E+02	5.732377579170043E+00
1.405702851425718E+02	5.811124354168038E+00
1.410705352676344E+02	5.890243543200365E+00
1.415707853926969E+02	5.969735878478525E+00
1.420710355177594E+02	6.049602087319778E+00
1.425712856428220E+02	6.129842892150828E+00
1.430715357678845E+02	6.210459010510727E+00
1.435717858929470E+02	6.291451155054682E+00
1.440720360180096E+02	6.372820033557440E+00
1.445722861430721E+02	6.454566348917007E+00
1.450725362681347E+02	6.536690799158487E+00
1.455727863931972E+02	6.619194077437976E+00
1.460730365182597E+02	6.702076872046911E+00
1.465732866433223E+02	6.785339866415621E+00
1.470735367683848E+02	6.868983739118386E+00
1.475737868934473E+02	6.953009163877050E+00
1.480740370185099E+02	7.037416809566276E+00
1.485742871435724E+02	7.122207340217580E+00
1.490745372686349E+02	7.207381415024480E+00
1.495747873936975E+02	7.292939688347127E+00
1.500750375187600E+02	7.378882809717220E+00
1.505752876438225E+02	7.465211423843295E+00
1.510755377688851E+02	7.551926170615866E+00
1.515757878939476E+02	7.639027685112604E+00
1.520760380190102E+02	7.726516597603700E+00
1.525762881440727E+02	7.814393533557558E+00
1.530765382691352E+02	7.902659113646104E+00
1.535767883941978E+02	7.991313953751211E+00
1.540770385192603E+02	8.080358664969419E+00
1.545772886443228E+02	8.169793853618893E+00
1.550775387693854E+02	8.259620121244746E+00
1.555777888944479E+02	8.349838064625681E+00
1.560780390195104E+02	8.440448275779994E+00
1.565782891445730E+02	8.531451341971627E+00
1.570785392696355E+02	8.622847845717212E+00
1.575787893946980E+02	8.714638364792245E+00
1.580790395197606E+02	8.806823472237562E+00
1.585792896448231E+02	8.899403736366475E+00
1.590795397698857E+02	8.992379720771334E+00
1.595797898949482E+02	9.085751984330551E+00
1.600800400200107E+02	9.179521081215364E+00
1.605802901450733E+02	9.273687560897594E+00
1.610805402701358E+02	9.368251968156153E+00
1.615807903951983E+02	9.463214843084524E+00
1.620810405202609E+02	9.558576721098456E+00
1.625812906453234E+02	9.654338132943304E+00
1.630815407703859E+02	9.750499604701327E+00
1.635817908954485E+02	9.847061657799708E+00
1.640820410205110E+02	9.944024809018169E+00
1.645822911455735E+02	1.004138957049676E+01
1.650825412706361E+02	1.013915644974395E+01
1.655827913956986E+02	1.023732594964442E+01
1.660830415207612E+02	1.033589856846745E+01
1.665832916458237E+02	1.043487479987470E+01
1.670835417708862E+02	1.053425513292887E+01
1.675837918959488E+02	1.063404005210202E+01
1.680840420210113E+02	1.073423003728365E+01
1.685842921460738E+02	1.083482556378967E+01
1.690845422711364E+02	1.093582710237066E+01
1.695847923961989E+02	1.103723511922080E+01
1.700850425212614E+02	1.113905007598637E+01
1.705852926463240E+02	1.124127242977485E+01
1.710855427713865E+02	1.134390263316365E+01
1.715857928964490E+02	1.144694113420928E+01
1.720860430215116E+02	1.155038837645625E+01
1.725862931465741E+02	1.165424479894616E+01
1.730865432716367E+02	1.175851083622723E+01
1.735867933966992E+02	1.186318691836325E+01
1.740870435217617E+02	1.196827347094330E+01
1.745872936468243E+02	1.207377091509079E+01
1.750875437718868E+02	1.217967966747326E+01
1.755877938969493E+02	1.228600014031184E+01
1.760880440220119E+02	1.239273274139102E+01
1.765882941470744E+02	1.249987787406823E+01
1.770885442721369E+02	1.260743593728366E+01
1.775887943971995E+02	1.271540732557008E+01
1.780890445222620E+02	1.282379242906321E+01
1.785892946473246E+02	1.293259163351083E+01
1.790895447723871E+02	1.304180532028365E+01
1.795897948974496E+02	1.315143386638501E+01
1.800900450225122E+02	1.326147764446136E+01
1.805902951475747E+02	1.337193702281211E+01
1.810905452726372E+02	1.348281236540012E+01
1.815907953976998E+02	1.359410403186240E+01
1.820910455227623E+02	1.370581237752008E+01
1.825912956478248E+02	1.381793775338908E+01
1.830915457728874E+02	1.393048050619069E+01
1.835917958979499E+02	1.404344097836207E+01
1.840920460230124E+02	1.415681950806734E+01
1.845922961480750E+02	1.427061642920747E+01
1.850925462731375E+02	1.438483207143201E+01
1.855927963982001E+02	1.449946676014926E+01
1.860930465232626E+02	1.461452081653743E+01
1.865932966483251E+02	1.472999455755569E+01
1.870935467733877E+02	1.484588829595483E+01
1.875937968984502E+02	1.496220234028874E+01
1.880940470235127E+02	1.507893699492498E+01
1.885942971485753E+02	1.519609256005676E+01
1.890945472736378E+02	1.531366933171310E+01
1.895947973987003E+02	1.543166760177115E+01
1.900950475237629E+02	1.555008765796648E+01
1.905952976488254E+02	1.566892978390544E+01
1.910955477738879E+02	1.578819425907573E+01
1.915957978989505E+02	1.590788135885827E+01
1.920960480240130E+02	1.602799135453886E+01
1.925962981490756E+02	1.614852451331904E+01
1.930965482741381E+02	1.626948109832843E+01
1.935967983992006E+02	1.639086136863596E+01
1.940970485242632E+02	1.651266557926191E+01
1.945972986493257E+02	1.663489398118877E+01
1.950975487743882E+02	1.675754682137423E+01
1.955977988994508E+02	1.688062434276190E+01
1.960980490245133E+02	1.700412678429387E+01
1.965982991495758E+02	1.712805438092214E+01
1.970985492746384E+02	1.725240736362093E+01
1.975987993997009E+02	1.737718595939824E+01
1.980990495247634E+02	1.750239039130812E+01
1.985992996498260E+02	1.762802087846278E+01
1.990995497748885E+02	1.775407763604431E+01
1.995997998999511E+02	1.788056087531705E+01
2.001000500250136E+02	1.800747080363990E+01
2.006003001500761E+02	1.813480762447784E+01
2.011005502751387E+02	1.826257153741511E+01
2.016008004002012E+02	1.839076273816661E+01
2.021010505252637E+02	1.851938141859068E+01
2.026013006503263E+02	1.864842776670104E+01
2.031015507753888E+02	1.877790196667967E+01
2.036018009004513E+02	1.890780419888855E+01
2.041020510255139E+02	1.903813463988237E+01
2.046023011505764E+02	1.916889346242123E+01
2.051025512756389E+02	1.930008083548258E+01
2.056028014007015E+02	1.943169692427417E+01
2.061030515257640E+02	1.956374189024620E+01
2.066033016508266E+02	1.969621589110420E+01
2.071035517758891E+02	1.982911908082121E+01
2.076038019009516E+02	1.996245160965091E+01
2.081040520260142E+02	2.009621362413966E+01
2.086043021510767E+02	2.023040526713955E+01
2.091045522761392E+02	2.036502667782104E+01
2.096048024012018E+02	2.050007799168551E+01
2.101050525262643E+02	2.063555934057811E+01
2.106053026513268E+02	2.077147085270004E+01
2.111055527763894E+02	2.090781265262233E+01
2.116058029014519E+02	2.104458486129757E+01
2.121060530265144E+02	2.118178759607334E+01
2.126063031515770E+02	2.131942097070466E+01
2.131065532766395E+02	2.145748509536715E+01
2.136068034017021E+02	2.159598007666965E+01
2.141070535267646E+02	2.173490601766749E+01
2.146073036518271E+02	2.187426301787479E+01
2.151075537768897E+02	2.201405117327771E+01
2.156078039019522E+02	2.215427057634741E+01
2.161080540270147E+02	2.229492131605308E+01
2.166083041520773E+02	2.243600347787474E+01
2.171085542771398E+02	2.257751714381600E+01
2.176088044022023E+02	2.271946239241745E+01
2.181090545272649E+02	2.286183929876972E+01
2.186093046523274E+02	2.300464793452587E+01
2.191095547773899E+02	2.314788836791541E+01
2.196098049024525E+02	2.329156066375594E+01
2.201100550275150E+02	2.343566488346797E+01
2.206103051525776E+02	2.358020108508648E+01
2.211105552776401E+02	2.372516932327468E+01
2.216108054027026E+02	2.387056964933702E+01
2.221110555277652E+02	2.401640211123225E+01
2.226113056528277E+02	2.416266675358658E+01
2.231115557778902E+02	2.430936361770687E+01
2.236118059029528E+02	2.445649274159302E+01
2.241120560280153E+02	2.460405415995239E+01
2.246123061530778E+02	2.475204790421198E+01
2.251125562781404E+02	2.490047400253177E+01
2.256128064032029E+02	2.504933247981804E+01
2.261130565282654E+02	2.519862335773620E+01
2.266133066533280E+02	2.534834665472450E+01
2.271135567783905E+02	2.549850238600660E+01
2.276138069034531E+02	2.564909056360522E+01
2.281140570285156E+02	2.580011119635460E+01
2.286143071535781E+02	2.595156428991486E+01
2.291145572786407E+02	2.610344984678377E+01
2.296148074037032E+02	2.625576786631125E+01
2.301150575287657E+02	2.640851834471135E+01
2.306153076538283E+02	2.656170127507647E+01
2.311155577788908E+02	2.671531664738975E+01
2.316158079039533E+02	2.686936444853867E+01
2.321160580290159E+02	2.702384466232834E+01
2.326163081540784E+02	2.717875726949432E+01
2.331165582791409E+02	2.733410224771563E+01
2.336168084042035E+02	2.748987957162895E+01
2.341170585292660E+02	2.764608921284061E+01
2.346173086543286E+02	2.780273113994019E+01
2.351175587793911E+02	2.795980531851421E+01
2.356178089044536E+02	2.811731171115843E+01
2.361180590295162E+02	2.827525027749154E+01
2.366183091545787E+02	2.843362097416826E+01
2.371185592796412E+02	2.859242375489244E+01
2.376188094047038E+02	2.875165857043014E+01
2.381190595297663E+02	2.891132536862295E+01
2.386193096548288E+02	2.907142409440100E+01
2.391195597798914E+02	2.923195468979608E+01
2.396198099049539E+02	2.939291709395476E+01
2.401200600300164E+02	2.955431124315179E+01
2.406203101550790E+02	2.971613707080271E+01
2.411205602801415E+02	2.987839450747739E+01
2.416208104052041E+02	3.004108348091284E+01
2.421210605302666E+02	3.020420391602664E+01
2.426213106553291E+02	3.036775573492968E+01
2.431215607803917E+02	3.053173885693925E+01
2.436218109054542E+02	3.069615319859235E+01
2.441220610305167E+02	3.086099867365856E+01
2.446223111555793E+02	3.102627519315325E+01
2.451225612806418E+02	3.119198266535036E+01
2.456228114057043E+02	3.135812099579538E+01
2.461230615307669E+02	3.152469008731895E+01
2.466233116558294E+02	3.169168984004903E+01
2.471235617808919E+02	3.185912015142434E+01
2.476238119059545E+02	3.202698091620783E+01
2.481240620310170E+02	3.219527202649814E+01
2.486243121560796E+02	3.236399337174429E+01
2.491245622811421E+02	3.253314483875752E+01
2.496248124062046E+02	3.270272631172451E+01
2.501250625312672E+02	3.287273767222032E+01
2.506253126563297E+02	3.304317879922132E+01
2.511255627813922E+02	3.321404956911783E+01
2.516258129064548E+02	3.338534985572732E+01
2.521260630315173E+02	3.355707953030724E+01
2.526263131565798E+02	3.372923846156714E+01
2.531265632816424E+02	3.390182651568261E+01
2.536268134067049E+02	3.407484355630725E+01
2.541270635317674E+02	3.424828944458593E+01
2.546273136568300E+02	3.442216403916711E+01
2.551275637818925E+02	3.459646719621590E+01
2.556278139069551E+02	3.477119876942688E+01
2.561280640320176E+02	3.494635861003649E+01
2.566283141570801E+02	3.512194656683601E+01
2.571285642821426E+02	3.529796248618390E+01
2.576288144072051E+02	3.547440621201891E+01
2.581290645322676E+02	3.565127758587260E+01
2.586293146573301E+02	3.582857644688146E+01
2.591295647823926E+02	3.600630263180022E+01
2.596298149074551E+02	3.618445597501400E+01
2.601300650325176E+02	3.636303630855115E+01
2.606303151575801E+02	3.654204346209553E+01
2.611305652826426E+02	3.672147726299914E+01
2.616308154077051E+02	3.690133753629438E+01
2.621310655327676E+02	3.708162410470751E+01
2.626313156578302E+02	3.726233678866949E+01
2.631315657828927E+02	3.744347540633009E+01
2.636318159079552E+02	3.762503977356888E+01
2.641320660330177E+02	3.780702970400869E+01
2.646323161580802E+02	3.798944500902760E+01
2.651325662831427E+02	3.817228549777078E+01
2.656328164082052E+02	3.835555097716396E+01
2.661330665332677E+02	3.853924125192460E+01
2.666333166583302E+02	3.872335612457484E+01
2.671335667833927E+02	3.890789539545354E+01
2.676338169084552E+02	3.909285886272863E+01
2.681340670335177E+02	3.927824632240898E+01
2.686343171585802E+02	3.946405756835724E+01
2.691345672836428E+02	3.965029239230127E+01
2.696348174087053E+02	3.983695058384691E+01
2.701350675337678E+02	4.002403193048965E+01
2.706353176588303E+02	4.021153621762689E+01
2.711355677838928E+02	4.039946322856996E+01
2.716358179089553E+02	4.058781274455645E+01
2.721360680340178E+02	4.077658454476173E+01
2.726363181590803E+02	4.096577840631152E+01
2.731365682841428E+02	4.115539410429300E+01
2.736368184092053E+02	4.134543141176777E+01
2.741370685342678E+02	4.153589009978307E+01
2.746373186593303E+02	4.172676993738403E+01
2.751375687843928E+02	4.191807069162501E+01
2.756378189094553E+02	4.210979212758232E+01
2.761380690345179E+02	4.230193400836512E+01
2.766383191595804E+02	4.249449609512785E+01
2.771385692846429E+02	4.268747814708137E+01
2.776388194097054E+02	4.288087992150556E+01
2.781390695347679E+02	4.307470117376013E+01
2.786393196598304E+02	4.326894165729671E+01
2.791395697848929E+02	4.346360112367054E+01
2.796398199099554E+02	4.365867932255198E+01
2.801400700350179E+02	4.385417600173812E+01
2.806403201600804E+02	4.405009090716430E+01
2.811405702851429E+02	4.424642378291585E+01
2.816408204102054E+02	4.444317437123899E+01
2.821410705352679E+02	4.464034241255339E+01
2.826413206603305E+02	4.483792764546225E+01
2.831415707853930E+02	4.503592980676517E+01
2.836418209104555E+02	4.523434863146820E+01
2.841420710355180E+02	4.543318385279610E+01
2.846423211605805E+02	4.563243520220330E+01
2.851425712856430E+02	4.583210240938518E+01
2.856428214107055E+02	4.603218520228969E+01
2.861430715357680E+02	4.623268330712812E+01
2.866433216608305E+02	4.643359644838670E+01
2.871435717858930E+02	4.663492434883710E+01
2.876438219109555E+02	4.683666672954899E+01
2.881440720360180E+02	4.703882330989955E+01
2.886443221610805E+02	4.724139380758537E+01
2.891445722861430E+02	4.744437793863369E+01
2.896448224112056E+02	4.764777541741287E+01
2.901450725362681E+02	4.785158595664392E+01
2.906453226613306E+02	4.805580926741109E+01
2.911455727863931E+02	4.826044505917275E+01
2.916458229114556E+02	4.846549303977292E+01
2.921460730365181E+02	4.867095291545163E+01
2.926463231615806E+02	4.887682439085511E+01
2.931465732866431E+02	4.908310716904850E+01
2.936468234117056E+02	4.928980095152482E+01
2.941470735367681E+02	4.949690543821631E+01
2.946473236618306E+02	4.970442032750548E+01
2.951475737868931E+02	4.991234531623549E+01
2.956478239119556E+02	5.012068009972077E+01
2.961480740370181E+02	5.032942437175762E+01
2.966483241620807E+02	5.053857782463523E+01
2.971485742871432E+02	5.074814014914579E+01
2.976488244122057E+02	5.095811103459499E+01
2.981490745372682E+02	5.116849016881272E+01
2.986493246623307E+02	5.137927723816386E+01
2.991495747873932E+02	5.159047192755772E+01
2.996498249124557E+02	5.180207392045948E+01
3.001500750375182E+02	5.201408289890019E+01
3.006503251625807E+02	5.222649854348696E+01
3.011505752876432E+02	5.243932053341324E+01
3.016508254127057E+02	5.265254854646923E+01
3.021510755377682E+02	5.286618225905237E+01
3.026513256628307E+02	5.308022134617698E+01
3.031515757878933E+02	5.329466548148488E+01
3.036518259129558E+02	5.350951433725523E+01
3.041520760380183E+02	5.372476758441515E+01
3.046523261630808E+02	5.394042489254900E+01
3.051525762881433E+02	5.415648592990896E+01
3.056528264132058E+02	5.437295036342530E+01
3.061530765382683E+02	5.458981785871534E+01
3.066533266633308E+02	5.480708808009472E+01
3.071535767883933E+02	5.502476069058593E+01
3.076538269134558E+02	5.524283535192969E+01
3.081540770385183E+02	5.546131172459331E+01
3.086543271635808E+02	5.568018946778127E+01
3.091545772886433E+02	5.589946823944543E+01
3.096548274137058E+02	5.611914769629356E+01
3.101550775387684E+02	5.633922749380013E+01
3.106553276638309E+02	5.655970728621562E+01
3.111555777888934E+02	5.678058672657601E+01
3.116558279139559E+02	5.700186546671227E+01
3.121560780390184E+02	5.722354315726081E+01
3.126563281640809E+02	5.744561944767164E+01
3.131565782891434E+02	5.766809398621941E+01
3.136568284142059E+02	5.789096642001143E+01
3.141570785392684E+02	5.811423639499821E+01
3.146573286643309E+02	5.833790355598227E+01
3.151575787893934E+02	5.856196754662781E+01
3.156578289144559E+02	5.878642800946965E+01
3.161580790395184E+02	5.901128458592333E+01
3.166583291645809E+02	5.923653691629325E+01
3.171585792896435E+02	5.946218463978305E+01
3.176588294147060E+02	5.968822739450425E+01
3.181590795397685E+02	5.991466481748511E+01
3.186593296648310E+02	6.014149654468039E+01
3.191595797898935E+02	6.036872221098039E+01
3.196598299149560E+02	6.059634145021942E+01
3.201600800400185E+02	6.082435389518542E+01
3.206603301650810E+02	6.105275917762895E+01
3.211605802901435E+02	6.128155692827197E+01
3.216608304152060E+02	6.151074677681643E+01
3.221610805402685E+02	6.174032835195413E+01
3.226613306653310E+02	6.197030128137452E+01
3.231615807903935E+02	6.220066519177424E+01
3.236618309154561E+02	6.243141970886597E+01
3.241620810405186E+02	6.266256445738642E+01
3.246623311655811E+02	6.289409906110605E+01
3.251625812906436E+02	6.312602314283694E+01
3.256628314157061E+02	6.335833632444209E+01
3.261630815407686E+02	6.359103822684366E+01
3.266633316658311E+02	6.382412847003157E+01
3.271635817908936E+02	6.405760667307280E+01
3.276638319159561E+02	6.429147245411841E+01
3.281640820410186E+02	6.452572543041359E+01
3.286643321660811E+02	6.476036521830534E+01
3.291645822911436E+02	6.499539143325094E+01
3.296648324162061E+02	6.523080368982644E+01
3.301650825412686E+02	6.546660160173516E+01
3.306653326663312E+02	6.570278478181589E+01
3.311655827913937E+02	6.593935284205114E+01
3.316658329164562E+02	6.617630539357523E+01
3.321660830415187E+02	6.641364204668329E+01
3.326663331665812E+02	6.665136241083840E+01
3.331665832916437E+02	6.688946609468067E+01
3.336668334167062E+02	6.712795270603456E+01
3.341670835417687E+02	6.736682185191776E+01
3.346673336668312E+02	6.760607313854874E+01
3.351675837918937E+02	6.784570617135458E+01
3.356678339169562E+02	6.808572055498004E+01
3.361680840420187E+02	6.832611589329437E+01
3.366683341670812E+02	6.856689178939931E+01
3.371685842921437E+02	6.880804784563790E+01
3.376688344172063E+02	6.904958366360162E+01
3.381690845422688E+02	6.929149884413843E+01
3.386693346673313E+02	6.953379298736021E+01
3.391695847923938E+02	6.977646569265139E+01
3.396698349174563E+02	7.001951655867529E+01
3.401700850425188E+02	7.026294518338383E+01
3.406703351675813E+02	7.050675116402286E+01
3.411705852926438E+02	7.075093409714165E+01
3.416708354177063E+02	7.099549357859959E+01
3.421710855427688E+02	7.124042920357405E+01
3.426713356678313E+02	7.148574056656756E+01
3.431715857928938E+02	7.173142726141626E+01
3.436718359179563E+02	7.197748888129550E+01
3.441720860430189E+02	7.222392501872972E+01
3.446723361680814E+02	7.247073526559788E+01
3.451725862931439E+02	7.271791921314181E+01
3.456728364182064E+02	7.296547645197293E+01
3.461730865432689E+02	7.321340657208063E+01
3.466733366683314E+02	7.346170916283799E+01
3.471735867933939E+02	7.371038381301034E+01
3.476738369184564E+02	7.395943011076216E+01
3.481740870435189E+02	7.420884764366335E+01
3.486743371685814E+02	7.445863599869810E+01
3.491745872936439E+02	7.470879476227034E+01
3.496748374187064E+02	7.495932352021148E+01
3.501750875437689E+02	7.521022185778790E+01
3.506753376688314E+02	7.546148935970714E+01
3.511755877938940E+02	7.571312561012545E+01
3.516758379189565E+02	7.596513019265447E+01
3.521760880440190E+02	7.621750269036843E+01
3.526763381690815E+02	7.647024268581086E+01
3.531765882941440E+02	7.672334976100134E+01
3.536768384192065E+02	7.697682349744221E+01
3.541770885442690E+02	7.723066347612607E+01
3.546773386693315E+02	7.748486927754178E+01
3.551775887943940E+02	7.773944048168161E+01
3.556778389194565E+02	7.799437666804735E+01
3.561780890445190E+02	7.824967741565823E+01
3.566783391695815E+02	7.850534230305610E+01
3.571785892946440E+02	7.876137090831290E+01
3.576788394197065E+02	7.901776280903712E+01
3.581790895447691E+02	7.927451758237990E+01
3.586793396698316E+02	7.953163480504233E+01
3.591795897948941E+02	7.978911405328134E+01
3.596798399199566E+02	8.004695490291633E+01
3.601800900450191E+02	8.030515692933497E+01
3.606803401700816E+02	8.056371970750141E+01
3.611805902951441E+02	8.082264281196021E+01
3.616808404202066E+02	8.108192581684429E+01
3.621810905452691E+02	8.134156829588105E+01
3.626813406703316E+02	8.160156982239826E+01
3.631815907953941E+02	8.186192996933008E+01
3.636818409204566E+02	8.212264830922382E+01
3.641820910455191E+02	8.238372441424602E+01
3.646823411705817E+02	8.264515785618838E+01
3.651825912956442E+02	8.290694820647386E+01
3.656828414207067E+02	8.316909503616304E+01
3.661830915457692E+02	8.343159791595971E+01
3.666833416708317E+02	8.369445641621749E+01
3.671835917958942E+02	8.395767010694541E+01
3.676838419209567E+02	8.422123855781402E+01
3.681840920460192E+02	8.448516133816102E+01
3.686843421710817E+02	8.474943801699786E+01
3.691845922961442E+02	8.501406816301485E+01
3.696848424212067E+02	8.527905134458732E+01
3.701850925462692E+02	8.554438712978165E+01
3.706853426713317E+02	8.581007508636074E+01
3.711855927963942E+02	8.607611478179004E+01
3.716858429214568E+02	8.634250578324290E+01
3.721860930465193E+02	8.660924765760657E+01
3.726863431715818E+02	8.687633997148751E+01
3.731865932966443E+02	8.714378229121806E+01
3.736868434217068E+02	8.741157418286039E+01
3.741870935467693E+02	8.767971521221395E+01
3.746873436718318E+02	8.794820494481903E+01
3.751875937968943E+02	8.821704294596387E+01
3.756878439219568E+02	8.848622878068980E+01
3.761880940470193E+02	8.875576201379599E+01
3.766883441720818E+02	8.902564220984570E+01
3.771885942971443E+02	8.929586893317148E+01
3.776888444222068E+02	8.956644174788042E+01
3.781890945472693E+02	8.983736021785919E+01
3.786893446723319E+02	9.010862390678031E+01
3.791895947973944E+02	9.038023237810640E+01
3.796898449224569E+02	9.065218519509600E+01
3.801900950475194E+02	9.092448192080903E+01
3.806903451725819E+02	9.119712211811125E+01
3.811905952976444E+02	9.147010534967998E+01
3.816908454227069E+02	9.174343117800973E+01
3.821910955477694E+02	9.201709916541606E+01
3.826913456728319E+02	9.229110887404167E+01
3.831915957978944E+02	9.256545986586107E+01
3.836918459229569E+02	9.284015170268603E+01
3.841920960480194E+02	9.311518394617011E+01
3.846923461730819E+02	9.339055615781390E+01
3.851925962981445E+02	9.366626789896978E+01
3.856928464232070E+02	9.394231873084740E+01
3.861930965482695E+02	9.421870821451805E+01
3.866933466733320E+02	9.449543591091933E+01
3.871935967983945E+02	9.477250138086126E+01
3.876938469234570E+02	9.504990418502925E+01
3.881940970485195E+02	9.532764388399042E+01
3.886943471735820E+02	9.560572003819803E+01
3.891945972986445E+02	9.588413220799552E+01
3.896948474237070E+02	9.616287995362237E+01
3.901950975487695E+02	9.644196283521759E+01
3.906953476738320E+02	9.672138041282531E+01
3.911955977988945E+02	9.700113224639924E+01
3.916958479239570E+02	9.728121789580698E+01
3.921960980490196E+02	9.756163692083456E+01
3.926963481740821E+02	9.784238888119185E+01
3.931965982991446E+02	9.812347333651579E+01
3.936968484242071E+02	9.840488984637611E+01
3.941970985492696E+02	9.868663797027929E+01
3.946973486743321E+02	9.896871726767259E+01
3.951975987993946E+02	9.925112729794952E+01
3.956978489244571E+02	9.953386762045355E+01
3.961980990495196E+02	9.981693779448219E+01
3.966983491745821E+02	1.001003373792923E+02
3.971985992996446E+02	1.003840659341038E+02
3.976988494247071E+02	1.006681230181040E+02
3.981990995497696E+02	1.009525081904518E+02
3.986993496748321E+02	1.012372210102829E+02
3.991995997998947E+02	1.015222610367122E+02
3.996998499249572E+02	1.018076278288399E+02
4.002001000500197E+02	1.020933209457548E+02
4.007003501750822E+02	1.023793399465380E+02
4.012006003001447E+02	1.026656843902681E+02
4.017008504252072E+02	1.029523538360249E+02
4.022011005502697E+02	1.032393478428927E+02
4.027013506753322E+02	1.035266659699660E+02
4.032016008003947E+02	1.038143077763516E+02
4.037018509254572E+02	1.041022728211742E+02
4.042021010505197E+02	1.043905606635799E+02
4.047023511755822E+02	1.046791708627395E+02
4.052026013006447E+02	1.049681029778538E+02
4.057028514257073E+02	1.052573565681560E+02
4.062031015507698E+02	1.055469311929171E+02
4.067033516758323E+02	1.058368264114477E+02
4.072036018008948E+02	1.061270417831050E+02
4.077038519259573E+02	1.064175768672931E+02
4.082041020510198E+02	1.067084312234697E+02
4.087043521760823E+02	1.069996044111477E+02
4.092046023011448E+02	1.072910959899010E+02
4.097048524262073E+02	1.075829055193661E+02
4.102051025512698E+02	1.078750325592474E+02
4.107053526763323E+02	1.081674766693207E+02
4.112056028013948E+02	1.084602374094357E+02
4.117058529264573E+02	1.087533143395213E+02
4.122061030515198E+02	1.090467070195876E+02
4.127063531765824E+02	1.093404150097311E+02
4.132066033016449E+02	1.096344378701367E+02
4.137068534267074E+02	1.099287751610829E+02
4.142071035517699E+02	1.102234264429436E+02
4.147073536768324E+02	1.105183912761928E+02
4.152076038018949E+02	1.108136692214079E+02
4.157078539269574E+02	1.111092598392725E+02
4.162081040520199E+02	1.114051626905811E+02
4.167083541770824E+02	1.117013773362412E+02
4.172086043021449E+02	1.119979033372776E+02
4.177088544272074E+02	1.122947402548350E+02
4.182091045522699E+02	1.125918876501821E+02
4.187093546773324E+02	1.128893450847146E+02
4.192096048023949E+02	1.131871121199585E+02
4.197098549274575E+02	1.134851883175739E+02
4.202101050525200E+02	1.137835732393567E+02
4.207103551775825E+02	1.140822664472442E+02
4.212106053026450E+02	1.143812675033159E+02
4.217108554277075E+02	1.146805759697990E+02
4.222111055527700E+02	1.149801914090693E+02
4.227113556778325E+02	1.152801133836566E+02
4.232116058028950E+02	1.155803414562463E+02
4.237118559279575E+02	1.158808751896827E+02
4.242121060530200E+02	1.161817141469730E+02
4.247123561780825E+02	1.164828578912890E+02
4.252126063031450E+02	1.167843059859718E+02
4.257128564282075E+02	1.170860579945333E+02
4.262131065532701E+02	1.173881134806601E+02
4.267133566783326E+02	1.176904720082163E+02
4.272136068033951E+02	1.179931331412465E+02
4.277138569284576E+02	1.182960964439788E+02
4.282141070535201E+02	1.185993614808274E+02
4.287143571785826E+02	1.189029278163959E+02
4.292146073036451E+02	1.192067950154799E+02
4.297148574287076E+02	1.195109626430707E+02
4.302151075537701E+02	1.198154302643566E+02
4.307153576788326E+02	1.201201974447275E+02
4.312156078038951E+02	1.204252637497760E+02
4.317158579289576E+02	1.207306287453016E+02
4.322161080540201E+02	1.210362919973134E+02
4.327163581790826E+02	1.213422530720314E+02
4.332166083041452E+02	1.216485115358908E+02
4.337168584292077E+02	1.219550669555443E+02
4.342171085542702E+02	1.222619188978644E+02
4.347173586793327E+02	1.225690669299466E+02
4.352176088043952E+02	1.228765106191116E+02
4.357178589294577E+02	1.231842495329084E+02
4.362181090545202E+02	1.234922832391162E+02
4.367183591795827E+02	1.238006113057485E+02
4.372186093046452E+02	1.241092333010538E+02
4.377188594297077E+02	1.244181487935196E+02
4.382191095547702E+02	1.247273573518742E+02
4.387193596798327E+02	1.250368585450891E+02
4.392196098048952E+02	1.253466519423830E+02
4.397198599299577E+02	1.256567371132221E+02
4.402201100550203E+02	1.259671136273243E+02
4.407203601800828E+02	1.262777810546607E+02
4.412206103051453E+02	1.265887389654582E+02
4.417208604302078E+02	1.268999869302033E+02
4.422211105552703E+02	1.272115245196412E+02
4.427213606803328E+02	1.275233513047826E+02
4.432216108053953E+02	1.278354668569025E+02
4.437218609304578E+02	1.281478707475437E+02
4.442221110555203E+02	1.284605625485198E+02
4.447223611805828E+02	1.287735418319173E+02
4.452226113056453E+02	1.290868081700965E+02
4.457228614307078E+02	1.294003611356963E+02
4.462231115557703E+02	1.297142003016337E+02
4.467233616808329E+02	1.300283252411083E+02
4.472236118058954E+02	1.303427355276035E+02
4.477238619309579E+02	1.306574307348889E+02
4.482241120560204E+02	1.309724104370223E+02
4.487243621810829E+02	1.312876742083519E+02
4.492246123061454E+02	1.316032216235194E+02
4.497248624312079E+02	1.319190522574602E+02
4.502251125562704E+02	1.322351656854078E+02
4.507253626813329E+02	1.325515614828946E+02
4.512256128063954E+02	1.328682392257537E+02
4.517258629314579E+02	1.331851984901220E+02
4.522261130565204E+02	1.335024388524418E+02
4.527263631815829E+02	1.338199598894628E+02
4.532266133066454E+02	1.341377611782441E+02
4.537268634317080E+02	1.344558422961562E+02
4.542271135567705E+02	1.347742028208835E+02
4.547273636818330E+02	1.350928423304257E+02
4.552276138068955E+02	1.354117604030997E+02
4.557278639319580E+02	1.357309566175425E+02
4.562281140570205E+02	1.360504305527121E+02
4.567283641820830E+02	1.363701817878894E+02
4.572286143071455E+02	1.366902099026812E+02
4.577288644322080E+02	1.370105144770212E+02
4.582291145572705E+02	1.373310950911720E+02
4.587293646823330E+02	1.376519513257273E+02
4.592296148073955E+02	1.379730827616132E+02
4.597298649324580E+02	1.382944889800902E+02
4.602301150575205E+02	1.386161695627558E+02
4.607303651825831E+02	1.389381240915454E+02
4.612306153076456E+02	1.392603521487340E+02
4.617308654327081E+02	1.395828533169389E+02
4.622311155577706E+02	1.399056271791205E+02
4.627313656828331E+02	1.402286733185846E+02
4.632316158078956E+02	1.405519913189839E+02
4.637318659329581E+02	1.408755807643199E+02
4.642321160580206E+02	1.411994412389444E+02
4.647323661830831E+02	1.415235723275615E+02
4.652326163081456E+02	1.418479736152283E+02
4.657328664332081E+02	1.421726446873586E+02
4.662331165582706E+02	1.424975851297221E+02
4.667333666833331E+02	1.428227945284479E+02
4.672336168083957E+02	1.431482724700246E+02
4.677338669334582E+02	1.434740185413037E+02
4.682341170585207E+02	1.438000323294994E+02
4.687343671835832E+02	1.441263134221915E+02
4.692346173086457E+02	1.444528614073259E+02
4.697348674337082E+02	1.447796758732173E+02
4.702351175587707E+02	1.451067564085497E+02
4.707353676838332E+02	1.454341026023781E+02
4.712356178088957E+02	1.457617140441304E+02
4.717358679339582E+02	1.460895903236091E+02
4.722361180590207E+02	1.464177310309923E+02
4.727363681840832E+02	1.467461357568346E+02
4.732366183091457E+02	1.470748040920699E+02
4.737368684342082E+02	1.474037356280118E+02
4.742371185592708E+02	1.477329299563557E+02
4.747373686843333E+02	1.480623866691794E+02
4.752376188093958E+02	1.483921053589455E+02
4.757378689344583E+02	1.487220856185017E+02
4.762381190595208E+02	1.490523270410834E+02
4.767383691845833E+02	1.493828292203141E+02
4.772386193096458E+02	1.497135917502068E+02
4.777388694347083E+02	1.500446142251657E+02
4.782391195597708E+02	1.503758962399877E+02
4.787393696848333E+02	1.507074373898633E+02
4.792396198098958E+02	1.510392372703779E+02
4.797398699349583E+02	1.513712954775131E+02
4.802401200600208E+02	1.517036116076484E+02
4.807403701850833E+02	1.520361852575615E+02
4.812406203101459E+02	1.523690160244313E+02
4.817408704352084E+02	1.527021035058366E+02
4.822411205602709E+02	1.530354472997596E+02
4.827413706853334E+02	1.533690470045866E+02
4.832416208103959E+02	1.537029022191078E+02
4.837418709354584E+02	1.540370125425205E+02
4.842421210605209E+02	1.543713775744284E+02
4.847423711855834E+02	1.547059969148442E+02
4.852426213106459E+02	1.550408701641905E+02
4.857428714357084E+02	1.553759969232999E+02
4.862431215607709E+02	1.557113767934174E+02
4.867433716858334E+02	1.560470093762010E+02
4.872436218108959E+02	1.563828942737227E+02
4.877438719359585E+02	1.567190310884695E+02
4.882441220610210E+02	1.570554194233451E+02
4.887443721860835E+02	1.573920588816701E+02
4.892446223111460E+02	1.577289490671841E+02
4.897448724362085E+02	1.580660895840454E+02
4.902451225612710E+02	1.584034800368333E+02
4.907453726863335E+02	1.587411200305486E+02
4.912456228113960E+02	1.590790091706142E+02
4.917458729364585E+02	1.594171470628774E+02
4.922461230615210E+02	1.597555333136093E+02
4.927463731865835E+02	1.600941675295065E+02
4.932466233116460E+02	1.604330493176925E+02
4.937468734367085E+02	1.607721782857182E+02
4.942471235617710E+02	1.611115540415623E+02
4.947473736868336E+02	1.614511761936340E+02
4.952476238118961E+02	1.617910443507715E+02
4.957478739369586E+02	1.621311581222446E+02
4.962481240620211E+02	1.624715171177554E+02
4.967483741870836E+02	1.628121209474391E+02
4.972486243121461E+02	1.631529692218644E+02
4.977488744372086E+02	1.634940615520350E+02
4.982491245622711E+02	1.638353975493897E+02
4.987493746873336E+02	1.641769768258045E+02
4.992496248123961E+02	1.645187989935922E+02
4.997498749374586E+02	1.648608636655042E+02
5.002501250625211E+02	1.652031704547303E+02
5.007503751875836E+02	1.655457189749003E+02
5.012506253126462E+02	1.658885088400848E+02
5.017508754377087E+02	1.662315396647956E+02
5.022511255627712E+02	1.665748110639865E+02
5.027513756878337E+02	1.669183226530549E+02
5.032516258128962E+02	1.672620740478410E+02
5.037518759379587E+02	1.676060648646301E+02
5.042521260630212E+02	1.679502947201528E+02
5.047523761880837E+02	1.682947632315849E+02
5.052526263131462E+02	1.686394700165498E+02
5.057528764382087E+02	1.689844146931175E+02
5.062531265632712E+02	1.693295968798067E+02
5.067533766883337E+02	1.696750161955848E+02
5.072536268133962E+02	1.700206722598685E+02
5.077538769384587E+02	1.703665646925245E+02
5.082541270635213E+02	1.707126931138709E+02
5.087543771885838E+02	1.710590571446770E+02
5.092546273136463E+02	1.714056564061644E+02
5.097548774387088E+02	1.717524905200068E+02
5.102551275637713E+02	1.720995591083327E+02
5.107553776888338E+02	1.724468617937238E+02
5.112556278138963E+02	1.727943981992161E+02
5.117558779389588E+02	1.731421679483019E+02
5.122561280640214E+02	1.734901706649287E+02
5.127563781890839E+02	1.738384059735008E+02
5.132566283141464E+02	1.741868734988794E+02
5.137568784392089E+02	1.745355728663834E+02
5.142571285642714E+02	1.748845037017900E+02
5.147573786893339E+02	1.752336656313348E+02
5.152576288143964E+02	1.755830582817137E+02
5.157578789394589E+02	1.759326812800814E+02
5.162581290645214E+02	1.762825342540532E+02
5.167583791895839E+02	1.766326168317058E+02
5.172586293146464E+02	1.769829286415770E+02
5.177588794397089E+02	1.773334693126662E+02
5.182591295647715E+02	1.776842384744362E+02
5.187593796898340E+02	1.780352357568115E+02
5.192596298148965E+02	1.783864607901811E+02
5.197598799399590E+02	1.787379132053971E+02
5.202601300650215E+02	1.790895926337766E+02
5.207603801900840E+02	1.794414987071009E+02
5.212606303151465E+02	1.797936310576167E+02
5.217608804402090E+02	1.801459893180370E+02
5.222611305652715E+02	1.804985731215401E+02
5.227613806903340E+02	1.808513821017715E+02
5.232616308153965E+02	1.812044158928431E+02
5.237618809404590E+02	1.815576741293346E+02
5.242621310655215E+02	1.819111564462936E+02
5.247623811905841E+02	1.822648624792354E+02
5.252626313156466E+02	1.826187918641446E+02
5.257628814407091E+02	1.829729442374739E+02
5.262631315657716E+02	1.833273192361459E+02
5.267633816908341E+02	1.836819164975532E+02
5.272636318158966E+02	1.840367356595576E+02
5.277638819409591E+02	1.843917763604919E+02
5.282641320660216E+02	1.847470382391598E+02
5.287643821910841E+02	1.851025209348353E+02
5.292646323161466E+02	1.854582240872648E+02
5.297648824412091E+02	1.858141473366659E+02
5.302651325662716E+02	1.861702903237283E+02
5.307653826913341E+02	1.865266526896143E+02
5.312656328163966E+02	1.868832340759589E+02
5.317658829414592E+02	1.872400341248697E+02
5.322661330665217E+02	1.875970524789277E+02
5.327663831915842E+02	1.879542887811878E+02
5.332666333166467E+02	1.883117426751781E+02
5.337668834417092E+02	1.886694138049017E+02
5.342671335667717E+02	1.890273018148349E+02
5.347673836918342E+02	1.893854063499296E+02
5.352676338168967E+02	1.897437270556119E+02
5.357678839419592E+02	1.901022635777831E+02
5.362681340670217E+02	1.904610155628204E+02
5.367683841920842E+02	1.908199826575758E+02
5.372686343171467E+02	1.911791645093773E+02
5.377688844422092E+02	1.915385607660291E+02
5.382691345672717E+02	1.918981710758114E+02
5.387693846923343E+02	1.922579950874811E+02
5.392696348173968E+02	1.926180324502709E+02
5.397698849424593E+02	1.929782828138913E+02
5.402701350675218E+02	1.933387458285290E+02
5.407703851925843E+02	1.936994211448486E+02
5.412706353176468E+02	1.940603084139911E+02
5.417708854427093E+02	1.944214072875753E+02
5.422711355677718E+02	1.947827174176982E+02
5.427713856928343E+02	1.951442384569336E+02
5.432716358178968E+02	1.955059700583344E+02
5.437718859429593E+02	1.958679118754307E+02
5.442721360680218E+02	1.962300635622307E+02
5.447723861930843E+02	1.965924247732218E+02
5.452726363181469E+02	1.969549951633692E+02
5.457728864432094E+02	1.973177743881167E+02
5.462731365682719E+02	1.976807621033871E+02
5.467733866933344E+02	1.980439579655817E+02
5.472736368183969E+02	1.984073616315803E+02
5.477738869434594E+02	1.987709727587429E+02
5.482741370685219E+02	1.991347910049077E+02
5.487743871935844E+02	1.994988160283926E+02
5.492746373186469E+02	1.998630474879929E+02
5.497748874437094E+02	2.002274850429860E+02
5.502751375687719E+02	2.005921283531266E+02
5.507753876938344E+02	2.009569770786499E+02
5.512756378188969E+02	2.013220308802704E+02
5.517758879439594E+02	2.016872894191812E+02
5.522761380690220E+02	2.020527523570563E+02
5.527763881940845E+02	2.024184193560485E+02
5.532766383191470E+02	2.027842900787903E+02
5.537768884442095E+02	2.031503641883946E+02
5.542771385692720E+02	2.035166413484532E+02
5.547773886943345E+02	2.038831212230376E+02
5.552776388193970E+02	2.042498034766993E+02
5.557778889444595E+02	2.046166877744697E+02
5.562781390695220E+02	2.049837737818599E+02
5.567783891945845E+02	2.053510611648606E+02
5.572786393196470E+02	2.057185495899419E+02
5.577788894447095E+02	2.060862387240541E+02
5.582791395697720E+02	2.064541282346272E+02
5.587793896948345E+02	2.068222177895705E+02
5.592796398198971E+02	2.071905070572730E+02
5.597798899449596E+02	2.075589957066042E+02
5.602801400700221E+02	2.079276834069116E+02
5.607803901950846E+02	2.082965698280236E+02
5.612806403201471E+02	2.086656546402472E+02
5.617808904452096E+02	2.090349375143699E+02
5.622811405702721E+02	2.094044181216572E+02
5.627813906953346E+02	2.097740961338549E+02
5.632816408203971E+02	2.101439712231873E+02
5.637818909454596E+02	2.105140430623591E+02
5.642821410705221E+02	2.108843113245535E+02
5.647823911955846E+02	2.112547756834314E+02
5.652826413206471E+02	2.116254358131349E+02
5.657828914457097E+02	2.119962913882836E+02
5.662831415707722E+02	2.123673420839760E+02
5.667833916958347E+02	2.127385875757898E+02
5.672836418208972E+02	2.131100275397805E+02
5.677838919459597E+02	2.134816616524827E+02
5.682841420710222E+02	2.138534895909093E+02
5.687843921960847E+02	2.142255110325509E+02
5.692846423211472E+02	2.145977256553768E+02
5.697848924462097E+02	2.149701331378342E+02
5.702851425712722E+02	2.153427331588477E+02
5.707853926963347E+02	2.157155253978201E+02
5.712856428213972E+02	2.160885095346320E+02
5.717858929464597E+02	2.164616852496406E+02
5.722861430715222E+02	2.168350522236817E+02
5.727863931965848E+02	2.172086101380671E+02
5.732866433216473E+02	2.175823586745862E+02
5.737868934467098E+02	2.179562975155050E+02
5.742871435717723E+02	2.183304263435667E+02
5.747873936968348E+02	2.187047448419904E+02
5.752876438218973E+02	2.190792526944723E+02
5.757878939469598E+02	2.194539495851837E+02
5.762881440720223E+02	2.198288351987731E+02
5.767883941970848E+02	2.202039092203645E+02
5.772886443221473E+02	2.205791713355568E+02
5.777888944472098E+02	2.209546212304261E+02
5.782891445722723E+02	2.213302585915218E+02
5.787893946973348E+02	2.217060831058696E+02
5.792896448223973E+02	2.220820944609701E+02
5.797898949474599E+02	2.224582923447979E+02
5.802901450725224E+02	2.228346764458031E+02
5.807903951975849E+02	2.232112464529087E+02
5.812906453226474E+02	2.235880020555141E+02
5.817908954477099E+02	2.239649429434892E+02
5.822911455727724E+02	2.243420688071804E+02
5.827913956978349E+02	2.247193793374067E+02
5.832916458228974E+02	2.250968742254599E+02
5.837918959479599E+02	2.254745531631047E+02
5.842921460730224E+02	2.258524158425793E+02
5.847923961980849E+02	2.262304619565936E+02
5.852926463231474E+02	2.266086911983305E+02
5.857928964482099E+02	2.269871032614442E+02
5.862931465732725E+02	2.273656978400612E+02
5.867933966983350E+02	2.277444746287788E+02
5.872936468233975E+02	2.281234333226667E+02
5.877938969484600E+02	2.285025736172642E+02
5.882941470735225E+02	2.288818952085830E+02
5.887943971985850E+02	2.292613977931044E+02
5.892946473236475E+02	2.296410810677790E+02
5.897948974487100E+02	2.300209447300291E+02
5.902951475737725E+02	2.304009884777457E+02
5.907953976988350E+02	2.307812120092895E+02
5.912956478238975E+02	2.311616150234903E+02
5.917958979489600E+02	2.315421972196462E+02
5.922961480740225E+02	2.319229582975250E+02
5.927963981990850E+02	2.323038979573619E+02
5.932966483241476E+02	2.326850158998602E+02
5.937968984492101E+02	2.330663118261913E+02
5.942971485742726E+02	2.334477854379934E+02
5.947973986993351E+02	2.338294364373720E+02
5.952976488243976E+02	2.342112645269006E+02
5.957978989494601E+02	2.345932694096173E+02
5.962981490745226E+02	2.349754507890274E+02
5.967983991995851E+02	2.353578083691018E+02
5.972986493246476E+02	2.357403418542777E+02
5.977988994497101E+02	2.361230509494556E+02
5.982991495747726E+02	2.365059353600038E+02
5.987993996998351E+02	2.368889947917532E+02
5.992996498248976E+02	2.372722289509994E+02
5.997998999499601E+02	2.376556375445018E+02
6.003001500750227E+02	2.380392202794843E+02
6.008004002000852E+02	2.384229768636335E+02
6.013006503251477E+02	2.388069070050985E+02
6.018009004502102E+02	2.391910104124920E+02
6.023011505752727E+02	2.395752867948880E+02
6.028014007003352E+02	2.399597358618235E+02
6.033016508253977E+02	2.403443573232964E+02
6.038019009504602E+02	2.407291508897661E+02
6.043021510755227E+02	2.411141162721533E+02
6.048024012005852E+02	2.414992531818380E+02
6.053026513256477E+02	2.418845613306615E+02
6.058029014507102E+02	2.422700404309253E+02
6.063031515757727E+02	2.426556901953896E+02
6.068034017008353E+02	2.430415103372734E+02
6.073036518258978E+02	2.434275005702552E+02
6.078039019509603E+02	2.438136606084725E+02
6.083041520760228E+02	2.441999901665189E+02
6.088044022010853E+02	2.445864889594476E+02
6.093046523261478E+02	2.449731567027685E+02
6.098049024512103E+02	2.453599931124472E+02
6.103051525762728E+02	2.457469979049075E+02
6.108054027013353E+02	2.461341707970289E+02
6.113056528263978E+02	2.465215115061463E+02
6.118059029514603E+02	2.469090197500504E+02
6.123061530765228E+02	2.472966952469863E+02
6.128064032015853E+02	2.476845377156552E+02
6.133066533266478E+02	2.480725468752100E+02
6.138069034517104E+02	2.484607224452601E+02
6.143071535767729E+02	2.488490641458663E+02
6.148074037018354E+02	2.492375716975439E+02
6.153076538268979E+02	2.496262448212603E+02
6.158079039519604E+02	2.500150832384350E+02
6.163081540770229E+02	2.504040866709391E+02
6.168084042020854E+02	2.507932548410961E+02
6.173086543271479E+02	2.511825874716795E+02
6.178089044522104E+02	2.515720842859143E+02
6.183091545772729E+02	2.519617450074745E+02
6.188094047023354E+02	2.523515693604861E+02
6.193096548273979E+02	2.527415570695214E+02
6.198099049524604E+02	2.531317078596048E+02
6.203101550775229E+02	2.535220214562073E+02
6.208104052025855E+02	2.539124975852484E+02
6.213106553276480E+02	2.543031359730963E+02
6.218109054527105E+02	2.546939363465641E+02
6.223111555777730E+02	2.550848984329147E+02
6.228114057028355E+02	2.554760219598558E+02
6.233116558278980E+02	2.558673066555413E+02
6.238119059529605E+02	2.562587522485709E+02
6.243121560780230E+02	2.566503584679895E+02
6.248124062030855E+02	2.570421250432860E+02
6.253126563281480E+02	2.574340517043950E+02
6.258129064532105E+02	2.578261381816937E+02
6.263131565782730E+02	2.582183842060030E+02
6.268134067033355E+02	2.586107895085868E+02
6.273136568283981E+02	2.590033538211527E+02
6.278139069534606E+02	2.593960768758474E+02
6.283141570785231E+02	2.597889584052626E+02
6.288144072035856E+02	2.601819981424295E+02
6.293146573286481E+02	2.605751958208198E+02
6.298149074537106E+02	2.609685511743463E+02
6.303151575787731E+02	2.613620639373616E+02
6.308154077038356E+02	2.617557338446566E+02
6.313156578288981E+02	2.621495606314629E+02
6.318159079539606E+02	2.625435440334487E+02
6.323161580790231E+02	2.629376837867216E+02
6.328164082040856E+02	2.633319796278262E+02
6.333166583291481E+02	2.637264312937448E+02
6.338169084542106E+02	2.641210385218948E+02
6.343171585792732E+02	2.645158010501318E+02
6.348174087043357E+02	2.649107186167456E+02
6.353176588293982E+02	2.653057909604620E+02
6.358179089544607E+02	2.657010178204417E+02
6.363181590795232E+02	2.660963989362785E+02
6.368184092045857E+02	2.664919340480021E+02
6.373186593296482E+02	2.668876228960734E+02
6.378189094547107E+02	2.672834652213877E+02
6.383191595797732E+02	2.676794607652722E+02
6.388194097048357E+02	2.680756092694859E+02
6.393196598298982E+02	2.684719104762200E+02
6.398199099549607E+02	2.688683641280949E+02
6.403201600800232E+02	2.692649699681647E+02
6.408204102050858E+02	2.696617277399100E+02
6.413206603301483E+02	2.700586371872430E+02
6.418209104552108E+02	2.704556980545055E+02
6.423211605802733E+02	2.708529100864658E+02
6.428214107053358E+02	2.712502730283223E+02
6.433216608303983E+02	2.716477866256993E+02
6.438219109554608E+02	2.720454506246504E+02
6.443221610805233E+02	2.724432647716534E+02
6.448224112055858E+02	2.728412288136141E+02
6.453226613306483E+02	2.732393424978636E+02
6.458229114557108E+02	2.736376055721570E+02
6.463231615807733E+02	2.740360177846758E+02
6.468234117058358E+02	2.744345788840253E+02
6.473236618308983E+02	2.748332886192329E+02
6.478239119559609E+02	2.752321467397511E+02
6.483241620810234E+02	2.756311529954543E+02
6.488244122060859E+02	2.760303071366395E+02
6.493246623311484E+02	2.764296089140251E+02
6.498249124562109E+02	2.768290580787508E+02
6.503251625812734E+02	2.772286543823763E+02
6.508254127063359E+02	2.776283975768833E+02
6.513256628313984E+02	2.780282874146716E+02
6.518259129564609E+02	2.784283236485608E+02
6.523261630815234E+02	2.788285060317893E+02
6.528264132065859E+02	2.792288343180130E+02
6.533266633316484E+02	2.796293082613070E+02
6.538269134567109E+02	2.800299276161614E+02
6.543271635817734E+02	2.804306921374852E+02
6.548274137068360E+02	2.808316015806028E+02
6.553276638318985E+02	2.812326557012535E+02
6.558279139569610E+02	2.816338542555920E+02
6.563281640820235E+02	2.820351970001887E+02
6.568284142070860E+02	2.824366836920275E+02
6.573286643321485E+02	2.828383140885051E+02
6.578289144572110E+02	2.832400879474325E+02
6.583291645822735E+02	2.836420050270326E+02
6.588294147073360E+02	2.840440650859412E+02
6.593296648323985E+02	2.844462678832041E+02
6.598299149574610E+02	2.848486131782807E+02
6.603301650825235E+02	2.852511007310376E+02
6.608304152075860E+02	2.856537303017538E+02
6.613306653326486E+02	2.860565016511182E+02
6.618309154577111E+02	2.864594145402261E+02
6.623311655827736E+02	2.868624687305843E+02
6.628314157078361E+02	2.872656639841050E+02
6.633316658328986E+02	2.876690000631089E+02
6.638319159579611E+02	2.880724767303241E+02
6.643321660830236E+02	2.884760937488844E+02
6.648324162080861E+02	2.888798508823295E+02
6.653326663331486E+02	2.892837478946049E+02
6.658329164582111E+02	2.896877845500600E+02
6.663331665832736E+02	2.900919606134490E+02
6.668334167083361E+02	2.904962758499308E+02
6.673336668333986E+02	2.909007300250656E+02
6.678339169584611E+02	2.913053229048176E+02
6.683341670835237E+02	2.917100542555531E+02
6.688344172085862E+02	2.921149238440397E+02
6.693346673336487E+02	2.925199314374461E+02
6.698349174587112E+02	2.929250768033423E+02
6.703351675837737E+02	2.933303597096971E+02
6.708354177088362E+02	2.937357799248802E+02
6.713356678338987E+02	2.941413372176589E+02
6.718359179589612E+02	2.945470313572003E+02
6.723361680840237E+02	2.949528621130690E+02
6.728364182090862E+02	2.953588292552261E+02
6.733366683341487E+02	2.957649325540310E+02
6.738369184592112E+02	2.961711717802385E+02
6.743371685842737E+02	2.965775467050003E+02
6.748374187093362E+02	2.969840570998612E+02
6.753376688343988E+02	2.973907027367637E+02
6.758379189594613E+02	2.977974833880417E+02
6.763381690845238E+02	2.982043988264249E+02
6.768384192095863E+02	2.986114488250343E+02
6.773386693346488E+02	2.990186331573857E+02
6.778389194597113E+02	2.994259515973846E+02
6.783391695847738E+02	2.998334039193305E+02
6.788394197098363E+02	3.002409898979108E+02
6.793396698348988E+02	3.006487093082067E+02
6.798399199599613E+02	3.010565619256878E+02
6.803401700850238E+02	3.014645475262120E+02
6.808404202100863E+02	3.018726658860281E+02
6.813406703351488E+02	3.022809167817718E+02
6.818409204602114E+02	3.026892999904670E+02
6.823411705852739E+02	3.030978152895245E+02
6.828414207103364E+02	3.035064624567434E+02
6.833416708353989E+02	3.039152412703069E+02
6.838419209604614E+02	3.043241515087835E+02
6.843421710855239E+02	3.047331929511308E+02
6.848424212105864E+02	3.051423653766851E+02
6.853426713356489E+02	3.055516685651707E+02
6.858429214607114E+02	3.059611022966949E+02
6.863431715857739E+02	3.063706663517468E+02
6.868434217108364E+02	3.067803605111988E+02
6.873436718358989E+02	3.071901845563038E+02
6.878439219609614E+02	3.076001382686982E+02
6.883441720860239E+02	3.080102214303963E+02
6.888444222110865E+02	3.084204338237960E+02
6.893446723361490E+02	3.088307752316721E+02
6.898449224612115E+02	3.092412454371786E+02
6.903451725862740E+02	3.096518442238510E+02
6.908454227113365E+02	3.100625713755988E+02
6.913456728363990E+02	3.104734266767124E+02
6.918459229614615E+02	3.108844099118574E+02
6.923461730865240E+02	3.112955208660759E+02
6.928464232115865E+02	3.117067593247862E+02
6.933466733366490E+02	3.121181250737819E+02
6.938469234617115E+02	3.125296178992311E+02
6.943471735867740E+02	3.129412375876773E+02
6.948474237118365E+02	3.133529839260361E+02
6.953476738368990E+02	3.137648567015970E+02
6.958479239619616E+02	3.141768557020212E+02
6.963481740870241E+02	3.145889807153447E+02
6.968484242120866E+02	3.150012315299709E+02
6.973486743371491E+02	3.154136079346785E+02
6.978489244622116E+02	3.158261097186132E+02
6.983491745872741E+02	3.162387366712923E+02
6.988494247123366E+02	3.166514885826021E+02
6.993496748373991E+02	3.170643652427968E+02
6.998499249624616E+02	3.174773664425010E+02
7.003501750875241E+02	3.178904919727051E+02
7.008504252125866E+02	3.183037416247677E+02
7.013506753376491E+02	3.187171151904126E+02
7.018509254627116E+02	3.191306124617315E+02
7.023511755877742E+02	3.195442332311805E+02
7.028514257128367E+02	3.199579772915818E+02
7.033516758378992E+02	3.203718444361195E+02
7.038519259629617E+02	3.207858344583447E+02
7.043521760880242E+02	3.211999471521706E+02
7.048524262130867E+02	3.216141823118717E+02
7.053526763381492E+02	3.220285397320872E+02
7.058529264632117E+02	3.224430192078170E+02
7.063531765882742E+02	3.228576205344218E+02
7.068534267133367E+02	3.232723435076234E+02
7.073536768383992E+02	3.236871879235032E+02
7.078539269634617E+02	3.241021535785030E+02
7.083541770885242E+02	3.245172402694228E+02
7.088544272135867E+02	3.249324477934217E+02
7.093546773386493E+02	3.253477759480154E+02
7.098549274637118E+02	3.257632245310787E+02
7.103551775887743E+02	3.261787933408428E+02
7.108554277138368E+02	3.265944821758950E+02
7.113556778388993E+02	3.270102908351759E+02
7.118559279639618E+02	3.274262191179862E+02
7.123561780890243E+02	3.278422668239767E+02
7.128564282140868E+02	3.282584337531554E+02
7.133566783391493E+02	3.286747197058812E+02
7.138569284642118E+02	3.290911244828698E+02
7.143571785892743E+02	3.295076478851848E+02
7.148574287143368E+02	3.299242897142447E+02
7.153576788393993E+02	3.303410497718187E+02
7.158579289644618E+02	3.307579278600271E+02
7.163581790895244E+02	3.311749237813398E+02
7.168584292145869E+02	3.315920373385767E+02
7.173586793396494E+02	3.320092683349068E+02
7.178589294647119E+02	3.324266165738490E+02
7.183591795897744E+02	3.328440818592686E+02
7.188594297148369E+02	3.332616639953801E+02
7.193596798398994E+02	3.336793627867428E+02
7.198599299649619E+02	3.340971780382652E+02
7.203601800900244E+02	3.345151095551997E+02
7.208604302150869E+02	3.349331571431452E+02
7.213606803401494E+02	3.353513206080453E+02
7.218609304652119E+02	3.357695997561869E+02
7.223611805902744E+02	3.361879943942034E+02
7.228614307153370E+02	3.366065043290679E+02
7.233616808403995E+02	3.370251293680991E+02
7.238619309654620E+02	3.374438693189568E+02
7.243621810905245E+02	3.378627239896421E+02
7.248624312155870E+02	3.382816931884971E+02
7.253626813406495E+02	3.387007767242055E+02
7.258629314657120E+02	3.391199744057899E+02
7.263631815907745E+02	3.395392860426146E+02
7.268634317158370E+02	3.399587114443792E+02
7.273636818408995E+02	3.403782504211241E+02
7.278639319659620E+02	3.407979027832277E+02
7.283641820910245E+02	3.412176683414049E+02
7.288644322160870E+02	3.416375469067081E+02
7.293646823411495E+02	3.420575382905247E+02
7.298649324662121E+02	3.424776423045796E+02
7.303651825912746E+02	3.428978587609311E+02
7.308654327163371E+02	3.433181874719735E+02
7.313656828413996E+02	3.437386282504351E+02
7.318659329664621E+02	3.441591809093773E+02
7.323661830915246E+02	3.445798452621931E+02
7.328664332165871E+02	3.450006211226125E+02
7.333666833416496E+02	3.454215083046915E+02
7.338669334667121E+02	3.458425066228222E+02
7.343671835917746E+02	3.462636158917260E+02
7.348674337168371E+02	3.466848359264549E+02
7.353676838418996E+02	3.471061665423888E+02
7.358679339669621E+02	3.475276075552406E+02
7.363681840920246E+02	3.479491587810497E+02
7.368684342170872E+02	3.483708200361829E+02
7.373686843421497E+02	3.487925911373358E+02
7.378689344672122E+02	3.492144719015324E+02
7.383691845922747E+02	3.496364621461219E+02
7.388694347173372E+02	3.500585616887783E+02
7.393696848423997E+02	3.504807703475047E+02
7.398699349674622E+02	3.509030879406266E+02
7.403701850925247E+02	3.513255142867944E+02
7.408704352175872E+02	3.517480492049829E+02
7.413706853426497E+02	3.521706925144908E+02
7.418709354677122E+02	3.525934440349382E+02
7.423711855927747E+02	3.530163035862694E+02
7.428714357178372E+02	3.534392709887494E+02
7.433716858428998E+02	3.538623460629654E+02
7.438719359679623E+02	3.542855286298241E+02
7.443721860930248E+02	3.547088185105542E+02
7.448724362180873E+02	3.551322155267020E+02
7.453726863431498E+02	3.555557195001354E+02
7.458729364682123E+02	3.559793302530404E+02
7.463731865932748E+02	3.564030476079199E+02
7.468734367183373E+02	3.568268713875950E+02
7.473736868433998E+02	3.572508014152044E+02
7.478739369684623E+02	3.576748375142038E+02
7.483741870935248E+02	3.580989795083642E+02
7.488744372185873E+02	3.585232272217726E+02
7.493746873436498E+02	3.589475804788289E+02
7.498749374687123E+02	3.593720391042530E+02
7.503751875937749E+02	3.597966029230722E+02
7.508754377188374E+02	3.602212717606317E+02
7.513756878438999E+02	3.606460454425874E+02
7.518759379689624E+02	3.610709237949094E+02
7.523761880940249E+02	3.614959066438777E+02
7.528764382190874E+02	3.619209938160863E+02
7.533766883441499E+02	3.623461851384378E+02
7.538769384692124E+02	3.627714804381450E+02
7.543771885942749E+02	3.631968795427321E+02
7.548774387193374E+02	3.636223822800327E+02
7.553776888443999E+02	3.640479884781875E+02
7.558779389694624E+02	3.644736979656465E+02
7.563781890945249E+02	3.648995105711679E+02
7.568784392195874E+02	3.653254261238164E+02
7.573786893446500E+02	3.657514444529629E+02
7.578789394697125E+02	3.661775653882852E+02
7.583791895947750E+02	3.666037887597686E+02
7.588794397198375E+02	3.670301143977002E+02
7.593796898449000E+02	3.674565421326733E+02
7.598799399699625E+02	3.678830717955861E+02
7.603801900950250E+02	3.683097032176401E+02
7.608804402200875E+02	3.687364362303381E+02
7.613806903451500E+02	3.691632706654880E+02
7.618809404702125E+02	3.695902063551990E+02
7.623811905952750E+02	3.700172431318802E+02
7.628814407203375E+02	3.704443808282458E+02
7.633816908454000E+02	3.708716192773061E+02
7.638819409704626E+02	3.712989583123729E+02
7.643821910955251E+02	3.717263977670592E+02
7.648824412205876E+02	3.721539374752753E+02
7.653826913456501E+02	3.725815772712309E+02
7.658829414707126E+02	3.730093169894331E+02
7.663831915957751E+02	3.734371564646868E+02
7.668834417208376E+02	3.738650955320937E+02
7.673836918459001E+02	3.742931340270524E+02
7.678839419709626E+02	3.747212717852570E+02
7.683841920960251E+02	3.751495086426975E+02
7.688844422210876E+02	3.755778444356587E+02
7.693846923461501E+02	3.760062790007196E+02
7.698849424712126E+02	3.764348121747538E+02
7.703851925962751E+02	3.768634437949282E+02
7.708854427213377E+02	3.772921736987017E+02
7.713856928464002E+02	3.777210017238269E+02
7.718859429714627E+02	3.781499277083479E+02
7.723861930965252E+02	3.785789514906003E+02
7.728864432215877E+02	3.790080729092108E+02
7.733866933466502E+02	3.794372918030948E+02
7.738869434717127E+02	3.798666080114609E+02
7.743871935967752E+02	3.802960213738056E+02
7.748874437218377E+02	3.807255317299129E+02
7.753876938469002E+02	3.811551389198567E+02
7.758879439719627E+02	3.815848427839993E+02
7.763881940970252E+02	3.820146431629901E+02
7.768884442220877E+02	3.824445398977651E+02
7.773886943471502E+02	3.828745328295451E+02
7.778889444722128E+02	3.833046217998403E+02
7.783891945972753E+02	3.837348066504450E+02
7.788894447223378E+02	3.841650872234375E+02
7.793896948474003E+02	3.845954633611806E+02
7.798899449724628E+02	3.850259349063235E+02
7.803901950975253E+02	3.854565017017961E+02
7.808904452225878E+02	3.858871635908118E+02
7.813906953476503E+02	3.863179204168679E+02
7.818909454727128E+02	3.867487720237434E+02
7.823911955977753E+02	3.871797182554971E+02
7.828914457228378E+02	3.876107589564708E+02
7.833916958479003E+02	3.880418939712856E+02
7.838919459729628E+02	3.884731231448433E+02
7.843921960980254E+02	3.889044463223254E+02
7.848924462230879E+02	3.893358633491926E+02
7.853926963481504E+02	3.897673740711829E+02
7.858929464732129E+02	3.901989783343139E+02
7.863931965982754E+02	3.906306759848797E+02
7.868934467233379E+02	3.910624668694535E+02
7.873936968484004E+02	3.914943508348824E+02
7.878939469734629E+02	3.919263277282902E+02
7.883941970985254E+02	3.923583973970793E+02
7.888944472235879E+02	3.927905596889232E+02
7.893946973486504E+02	3.932228144517741E+02
7.898949474737129E+02	3.936551615338544E+02
7.903951975987754E+02	3.940876007836637E+02
7.908954477238379E+02	3.945201320499730E+02
7.913956978489005E+02	3.949527551818266E+02
7.918959479739630E+02	3.953854700285404E+02
7.923961980990255E+02	3.958182764397023E+02
7.928964482240880E+02	3.962511742651748E+02
7.933966983491505E+02	3.966841633550853E+02
7.938969484742130E+02	3.971172435598366E+02
7.943971985992755E+02	3.975504147300991E+02
7.948974487243380E+02	3.979836767168126E+02
7.953976988494005E+02	3.984170293711875E+02
7.958979489744630E+02	3.988504725447005E+02
7.963981990995255E+02	3.992840060890974E+02
7.968984492245880E+02	3.997176298563928E+02
7.973986993496505E+02	4.001513436988653E+02
7.978989494747130E+02	4.005851474690631E+02
7.983991995997756E+02	4.010190410197982E+02
7.988994497248381E+02	4.014530242041510E+02
7.993996998499006E+02	4.018870968754645E+02
7.998999499749631E+02	4.023212588873467E+02
8.004002001000256E+02	4.027555100936705E+02
8.009004502250881E+02	4.031898503485738E+02
8.014007003501506E+02	4.036242795064559E+02
8.019009504752131E+02	4.040587974219786E+02
8.024012006002756E+02	4.044934039500679E+02
8.029014507253381E+02	4.049280989459114E+02
8.034017008504006E+02	4.053628822649557E+02
8.039019509754631E+02	4.057977537629116E+02
8.044022011005256E+02	4.062327132957481E+02
8.049024512255882E+02	4.066677607196963E+02
8.054027013506507E+02	4.071028958912445E+02
8.059029514757132E+02	4.075381186671418E+02
8.064032016007757E+02	4.079734289043947E+02
8.069034517258382E+02	4.084088264602691E+02
8.074037018509007E+02	4.088443111922883E+02
8.079039519759632E+02	4.092798829582325E+02
8.084042021010257E+02	4.097155416161388E+02
8.089044522260882E+02	4.101512870243002E+02
8.094047023511507E+02	4.105871190412661E+02
8.099049524762132E+02	4.110230375258420E+02
8.104052026012757E+02	4.114590423370871E+02
8.109054527263382E+02	4.118951333343163E+02
8.114057028514007E+02	4.123313103770963E+02
8.119059529764633E+02	4.127675733252495E+02
8.124062031015258E+02	4.132039220388526E+02
8.129064532265883E+02	4.136403563782309E+02
8.134067033516508E+02	4.140768762039656E+02
8.139069534767133E+02	4.145134813768873E+02
8.144072036017758E+02	4.149501717580796E+02
8.149074537268383E+02	4.153869472088767E+02
8.154077038519008E+02	4.158238075908633E+02
8.159079539769633E+02	4.162607527658718E+02
8.164082041020258E+02	4.166977825959868E+02
8.169084542270883E+02	4.171348969435410E+02
8.174087043521508E+02	4.175720956711163E+02
8.179089544772133E+02	4.180093786415416E+02
8.184092046022758E+02	4.184467457178939E+02
8.189094547273384E+02	4.188841967634985E+02
8.194097048524009E+02	4.193217316419262E+02
8.199099549774634E+02	4.197593502169954E+02
8.204102051025259E+02	4.201970523527682E+02
8.209104552275884E+02	4.206348379135550E+02
8.214107053526509E+02	4.210727067639095E+02
8.219109554777134E+02	4.215106587686300E+02
8.224112056027759E+02	4.219486937927615E+02
8.229114557278384E+02	4.223868117015871E+02
8.234117058529009E+02	4.228250123606395E+02
8.239119559779634E+02	4.232632956356903E+02
8.244122061030259E+02	4.237016613927547E+02
8.249124562280884E+02	4.241401094980901E+02
8.254127063531510E+02	4.245786398181937E+02
8.259129564782135E+02	4.250172522198067E+02
8.264132066032760E+02	4.254559465699086E+02
8.269134567283385E+02	4.258947227357195E+02
8.274137068534010E+02	4.263335805847000E+02
8.279139569784635E+02	4.267725199845497E+02
8.284142071035260E+02	4.272115408032067E+02
8.289144572285885E+02	4.276506429088480E+02
8.294147073536510E+02	4.280898261698885E+02
8.299149574787135E+02	4.285290904549798E+02
8.304152076037760E+02	4.289684356330125E+02
8.309154577288385E+02	4.294078615731123E+02
8.314157078539010E+02	4.298473681446424E+02
8.319159579789635E+02	4.302869552172002E+02
8.324162081040261E+02	4.307266226606195E+02
8.329164582290886E+02	4.311663703449709E+02
8.334167083541511E+02	4.316061981405559E+02
8.339169584792136E+02	4.320461059179125E+02
8.344172086042761E+02	4.324860935478124E+02
8.349174587293386E+02	4.329261609012603E+02
8.354177088544011E+02	4.333663078494924E+02
8.359179589794636E+02	4.338065342639794E+02
8.364182091045261E+02	4.342468400164228E+02
8.369184592295886E+02	4.346872249787554E+02
8.374187093546511E+02	4.351276890231428E+02
8.379189594797136E+02	4.355682320219798E+02
8.384192096047761E+02	4.360088538478921E+02
8.389194597298386E+02	4.364495543737355E+02
8.394197098549012E+02	4.368903334725932E+02
8.399199599799637E+02	4.373311910177819E+02
8.404202101050262E+02	4.377721268828407E+02
8.409204602300887E+02	4.382131409415435E+02
8.414207103551512E+02	4.386542330678867E+02
8.419209604802137E+02	4.390954031360976E+02
8.424212106052762E+02	4.395366510206283E+02
8.429214607303387E+02	4.399779765961588E+02
8.434217108554012E+02	4.404193797375945E+02
8.439219609804637E+02	4.408608603200652E+02
8.444222111055262E+02	4.413024182189296E+02
8.449224612305887E+02	4.417440533097681E+02
8.454227113556512E+02	4.421857654683852E+02
8.459229614807138E+02	4.426275545708126E+02
8.464232116057763E+02	4.430694204933044E+02
8.469234617308388E+02	4.435113631123339E+02
8.474237118559013E+02	4.439533823046037E+02
8.479239619809638E+02	4.443954779470346E+02
8.484242121060263E+02	4.448376499167704E+02
8.489244622310888E+02	4.452798980911768E+02
8.494247123561513E+02	4.457222223478406E+02
8.499249624812138E+02	4.461646225645680E+02
8.504252126062763E+02	4.466070986193889E+02
8.509254627313388E+02	4.470496503905482E+02
8.514257128564013E+02	4.474922777565152E+02
8.519259629814638E+02	4.479349805959771E+02
8.524262131065263E+02	4.483777587878357E+02
8.529264632315889E+02	4.488206122112163E+02
8.534267133566514E+02	4.492635407454605E+02
8.539269634817139E+02	4.497065442701273E+02
8.544272136067764E+02	4.501496226649903E+02
8.549274637318389E+02	4.505927758100453E+02
8.554277138569014E+02	4.510360035854990E+02
8.559279639819639E+02	4.514793058717776E+02
8.564282141070264E+02	4.519226825495204E+02
8.569284642320889E+02	4.523661334995844E+02
8.574287143571514E+02	4.528096586030378E+02
8.579289644822139E+02	4.532532577411669E+02
8.584292146072764E+02	4.536969307954686E+02
8.589294647323389E+02	4.541406776476555E+02
8.594297148574014E+02	4.545844981796531E+02
8.599299649824640E+02	4.550283922735991E+02
8.604302151075265E+02	4.554723598118433E+02
8.609304652325890E+02	4.559164006769479E+02
8.614307153576515E+02	4.563605147516856E+02
8.619309654827140E+02	4.568047019190431E+02
8.624312156077765E+02	4.572489620622136E+02
8.629314657328390E+02	4.576932950646053E+02
8.634317158579015E+02	4.581377008098329E+02
8.639319659829640E+02	4.585821791817215E+02
8.644322161080265E+02	4.590267300643072E+02
8.649324662330890E+02	4.594713533418314E+02
8.654327163581515E+02	4.599160488987479E+02
8.659329664832140E+02	4.603608166197151E+02
8.664332166082766E+02	4.608056563896018E+02
8.669334667333391E+02	4.612505680934819E+02
8.674337168584016E+02	4.616955516166387E+02
8.679339669834641E+02	4.621406068445587E+02
8.684342171085266E+02	4.625857336629361E+02
8.689344672335891E+02	4.630309319576713E+02
8.694347173586516E+02	4.634762016148706E+02
8.699349674837141E+02	4.639215425208431E+02
8.704352176087766E+02	4.643669545621048E+02
8.709354677338391E+02	4.648124376253733E+02
8.714357178589016E+02	4.652579915975734E+02
8.719359679839641E+02	4.657036163658287E+02
8.724362181090266E+02	4.661493118174706E+02
8.729364682340891E+02	4.665950778400319E+02
8.734367183591517E+02	4.670409143212443E+02
8.739369684842142E+02	4.674868211490441E+02
8.744372186092767E+02	4.679327982115732E+02
8.749374687343392E+02	4.683788453971659E+02
8.754377188594017E+02	4.688249625943631E+02
8.759379689844642E+02	4.692711496919069E+02
8.764382191095267E+02	4.697174065787340E+02
8.769384692345892E+02	4.701637331439876E+02
8.774387193596517E+02	4.706101292770044E+02
8.779389694847142E+02	4.710565948673237E+02
8.784392196097767E+02	4.715031298046822E+02
8.789394697348392E+02	4.719497339790121E+02
8.794397198599017E+02	4.723964072804492E+02
8.799399699849643E+02	4.728431495993226E+02
8.804402201100268E+02	4.732899608261569E+02
8.809404702350893E+02	4.737368408516789E+02
8.814407203601518E+02	4.741837895668068E+02
8.819409704852143E+02	4.746308068626575E+02
8.824412206102768E+02	4.750778926305414E+02
8.829414707353393E+02	4.755250467619660E+02
8.834417208604018E+02	4.759722691486341E+02
8.839419709854643E+02	4.764195596824392E+02
8.844422211105268E+02	4.768669182554734E+02
8.849424712355893E+02	4.773143447600204E+02
8.854427213606518E+02	4.777618390885563E+02
8.859429714857143E+02	4.782094011337540E+02
8.864432216107768E+02	4.786570307884747E+02
8.869434717358394E+02	4.791047279457728E+02
8.874437218609019E+02	4.795524924988990E+02
8.879439719859644E+02	4.800003243412895E+02
8.884442221110269E+02	4.804482233665763E+02
8.889444722360894E+02	4.808961894685778E+02
8.894447223611519E+02	4.813442225413065E+02
8.899449724862144E+02	4.817923224789670E+02
8.904452226112769E+02	4.822404891759475E+02
8.909454727363394E+02	4.826887225268295E+02
8.914457228614019E+02	4.831370224263845E+02
8.919459729864644E+02	4.835853887695697E+02
8.924462231115269E+02	4.840338214515326E+02
8.929464732365894E+02	4.844823203676091E+02
8.934467233616519E+02	4.849308854133200E+02
8.939469734867145E+02	4.853795164843772E+02
8.944472236117770E+02	4.858282134766781E+02
8.949474737368395E+02	4.862769762863051E+02
8.954477238619020E+02	4.867258048095285E+02
8.959479739869645E+02	4.871746989428046E+02
8.964482241120270E+02	4.876236585827731E+02
8.969484742370895E+02	4.880726836262629E+02
8.974487243621520E+02	4.885217739702848E+02
8.979489744872145E+02	4.889709295120331E+02
8.984492246122770E+02	4.894201501488902E+02
8.989494747373395E+02	4.898694357784188E+02
8.994497248624020E+02	4.903187862983669E+02
8.999499749874645E+02	4.907682016066642E+02
9.004502251125271E+02	4.912176816014240E+02
9.009504752375896E+02	4.916672261809441E+02
9.014507253626521E+02	4.921168352436992E+02
9.019509754877146E+02	4.925665086883511E+02
9.024512256127771E+02	4.930162464137392E+02
9.029514757378396E+02	4.934660483188865E+02
9.034517258629021E+02	4.939159143029962E+02
9.039519759879646E+02	4.943658442654506E+02
9.044522261130271E+02	4.948158381058137E+02
9.049524762380896E+02	4.952658957238264E+02
9.054527263631521E+02	4.957160170194137E+02
9.059529764882146E+02	4.961662018926752E+02
9.064532266132771E+02	4.966164502438899E+02
9.069534767383396E+02	4.970667619735179E+02
9.074537268634022E+02	4.975171369821946E+02
9.079539769884647E+02	4.979675751707343E+02
9.084542271135272E+02	4.984180764401282E+02
9.089544772385897E+02	4.988686406915433E+02
9.094547273636522E+02	4.993192678263275E+02
9.099549774887147E+02	4.997699577459998E+02
9.104552276137772E+02	5.002207103522564E+02
9.109554777388397E+02	5.006715255469731E+02
9.114557278639022E+02	5.011224032321965E+02
9.119559779889647E+02	5.015733433101503E+02
9.124562281140272E+02	5.020243456832318E+02
9.129564782390897E+02	5.024754102540144E+02
9.134567283641522E+02	5.029265369252438E+02
9.139569784892147E+02	5.033777255998403E+02
9.144572286142773E+02	5.038289761808969E+02
9.149574787393398E+02	5.042802885716798E+02
9.154577288644023E+02	5.047316626756289E+02
9.159579789894648E+02	5.051830983963549E+02
9.164582291145273E+02	5.056345956376406E+02
9.169584792395898E+02	5.060861543034425E+02
9.174587293646523E+02	5.065377742978873E+02
9.179589794897148E+02	5.069894555252714E+02
9.184592296147773E+02	5.074411978900639E+02
9.189594797398398E+02	5.078930012969041E+02
9.194597298649023E+02	5.083448656505999E+02
9.199599799899648E+02	5.087967908561317E+02
9.204602301150273E+02	5.092487768186455E+02
9.209604802400899E+02	5.097008234434603E+02
9.214607303651524E+02	5.101529306360618E+02
9.219609804902149E+02	5.106050983021029E+02
9.224612306152774E+02	5.110573263474101E+02
9.229614807403399E+02	5.115096146779705E+02
9.234617308654024E+02	5.119619631999443E+02
9.239619809904649E+02	5.124143718196557E+02
9.244622311155274E+02	5.128668404435981E+02
9.249624812405899E+02	5.133193689784307E+02
9.254627313656524E+02	5.137719573309768E+02
9.259629814907149E+02	5.142246054082292E+02
9.264632316157774E+02	5.146773131173444E+02
9.269634817408399E+02	5.151300803656428E+02
9.274637318659024E+02	5.155829070606145E+02
9.279639819909650E+02	5.160357931099105E+02
9.284642321160275E+02	5.164887384213461E+02
9.289644822410900E+02	5.169417429029010E+02
9.294647323661525E+02	5.173948064627194E+02
9.299649824912150E+02	5.178479290091103E+02
9.304652326162775E+02	5.183011104505448E+02
9.309654827413400E+02	5.187543506956547E+02
9.314657328664025E+02	5.192076496532353E+02
9.319659829914650E+02	5.196610072322480E+02
9.324662331165275E+02	5.201144233418107E+02
9.329664832415900E+02	5.205678978912052E+02
9.334667333666525E+02	5.210214307898752E+02
9.339669834917150E+02	5.214750219474237E+02
9.344672336167775E+02	5.219286712736174E+02
9.349674837418401E+02	5.223823786783788E+02
9.354677338669026E+02	5.228361440717955E+02
9.359679839919651E+02	5.232899673641125E+02
9.364682341170276E+02	5.237438484657315E+02
9.369684842420901E+02	5.241977872872184E+02
9.374687343671526E+02	5.246517837392955E+02
9.379689844922151E+02	5.251058377328426E+02
9.384692346172776E+02	5.255599491789006E+02
9.389694847423401E+02	5.260141179886658E+02
9.394697348674026E+02	5.264683440734934E+02
9.399699849924651E+02	5.269226273448947E+02
9.404702351175276E+02	5.273769677145418E+02
9.409704852425901E+02	5.278313650942575E+02
9.414707353676527E+02	5.282858193960251E+02
9.419709854927152E+02	5.287403305319851E+02
9.424712356177777E+02	5.291948984144302E+02
9.429714857428402E+02	5.296495229558107E+02
9.434717358679027E+02	5.301042040687328E+02
9.439719859929652E+02	5.305589416659576E+02
9.444722361180277E+02	5.310137356603990E+02
9.449724862430902E+02	5.314685859651264E+02
9.454727363681527E+02	5.319234924933628E+02
9.459729864932152E+02	5.323784551584876E+02
9.464732366182777E+02	5.328334738740310E+02
9.469734867433402E+02	5.332885485536750E+02
9.474737368684027E+02	5.337436791112596E+02
9.479739869934652E+02	5.341988654607741E+02
9.484742371185278E+02	5.346541075163583E+02
9.489744872435903E+02	5.351094051923095E+02
9.494747373686528E+02	5.355647584030719E+02
9.499749874937153E+02	5.360201670632418E+02
9.504752376187778E+02	5.364756310875697E+02
9.509754877438403E+02	5.369311503909541E+02
9.514757378689028E+02	5.373867248884445E+02
9.519759879939653E+02	5.378423544952440E+02
9.524762381190278E+02	5.382980391266993E+02
9.529764882440903E+02	5.387537786983129E+02
9.534767383691528E+02	5.392095731257349E+02
9.539769884942153E+02	5.396654223247630E+02
9.544772386192778E+02	5.401213262113445E+02
9.549774887443403E+02	5.405772847015776E+02
9.554777388694029E+02	5.410332977117070E+02
9.559779889944654E+02	5.414893651581241E+02
9.564782391195279E+02	5.419454869573702E+02
9.569784892445904E+02	5.424016630261343E+02
9.574787393696529E+02	5.428578932812489E+02
9.579789894947154E+02	5.433141776396991E+02
9.584792396197779E+02	5.437705160186141E+02
9.589794897448404E+02	5.442269083352672E+02
9.594797398699029E+02	5.446833545070793E+02
9.599799899949654E+02	5.451398544516209E+02
9.604802401200279E+02	5.455964080866031E+02
9.609804902450904E+02	5.460530153298818E+02
9.614807403701529E+02	5.465096760994624E+02
9.619809904952155E+02	5.469663903134928E+02
9.624812406202780E+02	5.474231578902643E+02
9.629814907453405E+02	5.478799787482125E+02
9.634817408704030E+02	5.483368528059198E+02
9.639819909954655E+02	5.487937799821075E+02
9.644822411205280E+02	5.492507601956444E+02
9.649824912455905E+02	5.497077933655402E+02
9.654827413706530E+02	5.501648794109477E+02
9.659829914957155E+02	5.506220182511628E+02
9.664832416207780E+02	5.510792098056239E+02
9.669834917458405E+02	5.515364539939095E+02
9.674837418709030E+02	5.519937507357423E+02
9.679839919959655E+02	5.524510999509840E+02
9.684842421210280E+02	5.529085015596387E+02
9.689844922460906E+02	5.533659554818538E+02
9.694847423711531E+02	5.538234616379115E+02
9.699849924962156E+02	5.542810199482418E+02
9.704852426212781E+02	5.547386303334061E+02
9.709854927463406E+02	5.551962927141143E+02
9.714857428714031E+02	5.556540070112090E+02
9.719859929964656E+02	5.561117731456774E+02
9.724862431215281E+02	5.565695910386411E+02
9.729864932465906E+02	5.570274606113641E+02
9.734867433716531E+02	5.574853817852476E+02
9.739869934967156E+02	5.579433544818306E+02
9.744872436217781E+02	5.584013786227902E+02
9.749874937468406E+02	5.588594541299407E+02
9.754877438719031E+02	5.593175809252378E+02
9.759879939969657E+02	5.597757589307674E+02
9.764882441220282E+02	5.602339880687574E+02
9.769884942470907E+02	5.606922682615715E+02
9.774887443721532E+02	5.611505994317083E+02
9.779889944972157E+02	5.616089815018057E+02
9.784892446222782E+02	5.620674143946345E+02
9.789894947473407E+02	5.625258980331006E+02
9.794897448724032E+02	5.629844323402476E+02
9.799899949974657E+02	5.634430172392548E+02
9.804902451225282E+02	5.639016526534336E+02
9.809904952475907E+02	5.643603385062303E+02
9.814907453726532E+02	5.648190747212292E+02
9.819909954977157E+02	5.652778612221420E+02
9.824912456227783E+02	5.657366979328234E+02
9.829914957478408E+02	5.661955847772518E+02
9.834917458729033E+02	5.666545216795472E+02
9.839919959979658E+02	5.671135085639564E+02
9.844922461230283E+02	5.675725453548633E+02
9.849924962480908E+02	5.680316319767818E+02
9.854927463731533E+02	5.684907683543603E+02
9.859929964982158E+02	5.689499544123768E+02
9.864932466232783E+02	5.694091900757436E+02
9.869934967483408E+02	5.698684752695028E+02
9.874937468734033E+02	5.703278099188281E+02
9.879939969984658E+02	5.707871939490240E+02
9.884942471235283E+02	5.712466272855283E+02
9.889944972485908E+02	5.717061098539042E+02
9.894947473736534E+02	5.721656415798521E+02
9.899949974987159E+02	5.726252223891955E+02
9.904952476237784E+02	5.730848522078931E+02
9.909954977488409E+02	5.735445309620271E+02
9.914957478739034E+02	5.740042585778190E+02
9.919959979989659E+02	5.744640349816067E+02
9.924962481240284E+02	5.749238600998696E+02
9.929964982490909E+02	5.753837338592053E+02
9.934967483741534E+02	5.758436561863466E+02
9.939969984992159E+02	5.763036270081492E+02
9.944972486242784E+02	5.767636462516015E+02
9.949974987493409E+02	5.772237138438164E+02
9.954977488744034E+02	5.776838297120345E+02
9.959979989994659E+02	5.781439937836245E+02
9.964982491245285E+02	5.786042059860811E+02
9.969984992495910E+02	5.790644662470264E+02
9.974987493746535E+02	5.795247744942079E+02
9.979989994997160E+02	5.799851306555018E+02
9.984992496247785E+02	5.804455346589056E+02
9.989994997498410E+02	5.809059864325465E+02
9.994997498749035E+02	5.813664859046759E+02
9.999999999999660E+02	5.818270330036697E+02
