# barionic density, mass
1.109109109109109E-02	3.922354100112915E+02
1.218218218218218E-02	3.915335064163208E+02
1.327327327327328E-02	3.908163440475464E+02
1.436436436436437E-02	3.901144404525758E+02
1.545545545545546E-02	3.894125368576050E+02
1.654654654654655E-02	3.886953744888306E+02
1.763763763763764E-02	3.879934708938599E+02
1.872872872872873E-02	3.872763085250855E+02
1.981981981981983E-02	3.865744049301148E+02
2.091091091091092E-02	3.858725013351441E+02
2.200200200200201E-02	3.851553389663696E+02
2.309309309309310E-02	3.844534353713989E+02
2.418418418418419E-02	3.837362730026244E+02
2.527527527527529E-02	3.830343694076538E+02
2.636636636636638E-02	3.823172070388794E+02
2.745745745745747E-02	3.816153034439086E+02
2.854854854854856E-02	3.808981410751343E+02
2.963963963963965E-02	3.801962374801635E+02
3.073073073073074E-02	3.794790751113891E+02
3.182182182182183E-02	3.787619127426148E+02
3.291291291291292E-02	3.780600091476440E+02
3.400400400400401E-02	3.773428467788696E+02
3.509509509509510E-02	3.766256844100952E+02
3.618618618618619E-02	3.759085220413208E+02
3.727727727727728E-02	3.752066184463501E+02
3.836836836836836E-02	3.744894560775757E+02
3.945945945945945E-02	3.737722937088013E+02
4.055055055055054E-02	3.730551313400268E+02
4.164164164164163E-02	3.723379689712524E+02
4.273273273273272E-02	3.716208066024781E+02
4.382382382382381E-02	3.709036442337036E+02
4.491491491491489E-02	3.701864818649292E+02
4.600600600600598E-02	3.694693194961548E+02
4.709709709709707E-02	3.687521571273804E+02
4.818818818818816E-02	3.680349947586060E+02
4.927927927927925E-02	3.673178323898316E+02
5.037037037037034E-02	3.665854112472534E+02
5.146146146146142E-02	3.658682488784790E+02
5.255255255255251E-02	3.651510865097047E+02
5.364364364364360E-02	3.644186653671266E+02
5.473473473473469E-02	3.637015029983521E+02
5.582582582582578E-02	3.629843406295776E+02
5.691691691691687E-02	3.622519194869994E+02
5.800800800800796E-02	3.615347571182251E+02
5.909909909909904E-02	3.608023359756470E+02
6.019019019019013E-02	3.600699148330689E+02
6.128128128128122E-02	3.593527524642944E+02
6.237237237237231E-02	3.586203313217163E+02
6.346346346346340E-02	3.578879101791382E+02
6.455455455455450E-02	3.571707478103638E+02
6.564564564564560E-02	3.564383266677856E+02
6.673673673673669E-02	3.557059055252075E+02
6.782782782782779E-02	3.549734843826294E+02
6.891891891891888E-02	3.542410632400513E+02
7.001001001000998E-02	3.535086420974732E+02
7.110110110110107E-02	3.527762209548951E+02
7.219219219219217E-02	3.520437998123169E+02
7.328328328328326E-02	3.512961198959350E+02
7.437437437437436E-02	3.505636987533569E+02
7.546546546546545E-02	3.498312776107788E+02
7.655655655655655E-02	3.490988564682007E+02
7.764764764764764E-02	3.483511765518189E+02
7.873873873873874E-02	3.476187554092407E+02
7.982982982982983E-02	3.468710754928588E+02
8.092092092092093E-02	3.461386543502807E+02
8.201201201201203E-02	3.453909744338989E+02
8.310310310310312E-02	3.446432945175171E+02
8.419419419419422E-02	3.439108733749390E+02
8.528528528528531E-02	3.431631934585571E+02
8.637637637637641E-02	3.424155135421753E+02
8.746746746746750E-02	3.416678336257935E+02
8.855855855855860E-02	3.409201537094117E+02
8.964964964964969E-02	3.401724737930298E+02
9.074074074074079E-02	3.394247938766480E+02
9.183183183183188E-02	3.386771139602662E+02
9.292292292292298E-02	3.379294340438844E+02
9.401401401401407E-02	3.371817541275025E+02
9.510510510510517E-02	3.364188154373170E+02
9.619619619619627E-02	3.356711355209351E+02
9.728728728728736E-02	3.349234556045533E+02
9.837837837837846E-02	3.341605169143677E+02
9.946946946946955E-02	3.334128369979859E+02
1.005605605605606E-01	3.326498983078003E+02
1.016516516516517E-01	3.318869596176148E+02
1.027427427427428E-01	3.311392797012329E+02
1.038338338338339E-01	3.303763410110474E+02
1.049249249249250E-01	3.296134023208618E+02
1.060160160160161E-01	3.288504636306762E+02
1.071071071071072E-01	3.280875249404908E+02
1.081981981981983E-01	3.273245862503052E+02
1.092892892892894E-01	3.265616475601196E+02
1.103803803803805E-01	3.257987088699341E+02
1.114714714714716E-01	3.250205114059448E+02
1.125625625625627E-01	3.242575727157594E+02
1.136536536536538E-01	3.234946340255738E+02
1.147447447447449E-01	3.227164365615845E+02
1.158358358358360E-01	3.219534978713989E+02
1.169269269269271E-01	3.211753004074096E+02
1.180180180180182E-01	3.203971029434204E+02
1.191091091091093E-01	3.196341642532349E+02
1.202002002002004E-01	3.188559667892456E+02
1.212912912912915E-01	3.180777693252563E+02
1.223823823823826E-01	3.172995718612672E+02
1.234734734734736E-01	3.165213743972779E+02
1.245645645645647E-01	3.157431769332886E+02
1.256556556556558E-01	3.149497206954957E+02
1.267467467467469E-01	3.141715232315064E+02
1.278378378378380E-01	3.133933257675171E+02
1.289289289289291E-01	3.125998695297242E+02
1.300200200200202E-01	3.118216720657349E+02
1.311111111111113E-01	3.110282158279419E+02
1.322022022022024E-01	3.102500183639527E+02
1.332932932932935E-01	3.094565621261597E+02
1.343843843843846E-01	3.086631058883668E+02
1.354754754754757E-01	3.078696496505738E+02
1.365665665665668E-01	3.070761934127808E+02
1.376576576576579E-01	3.062827371749878E+02
1.387487487487490E-01	3.054892809371948E+02
1.398398398398401E-01	3.046958246994019E+02
1.409309309309312E-01	3.039023684616089E+02
1.420220220220223E-01	3.030936534500123E+02
1.431131131131134E-01	3.023001972122192E+02
1.442042042042045E-01	3.014914822006226E+02
1.452952952952956E-01	3.006980259628297E+02
1.463863863863867E-01	2.998893109512329E+02
1.474774774774777E-01	2.990805959396363E+02
1.485685685685688E-01	2.982718809280395E+02
1.496596596596599E-01	2.974631659164429E+02
1.507507507507510E-01	2.966544509048462E+02
1.518418418418421E-01	2.958457358932495E+02
1.529329329329332E-01	2.950370208816529E+02
1.540240240240243E-01	2.942283058700563E+02
1.551151151151154E-01	2.934043320846558E+02
1.562062062062065E-01	2.925956170730591E+02
1.572972972972976E-01	2.917716432876587E+02
1.583883883883887E-01	2.909476695022583E+02
1.594794794794798E-01	2.901389544906617E+02
1.605705705705709E-01	2.893149807052613E+02
1.616616616616620E-01	2.884910069198609E+02
1.627527527527531E-01	2.876670331344604E+02
1.638438438438442E-01	2.868430593490601E+02
1.649349349349353E-01	2.860038267898560E+02
1.660260260260264E-01	2.851798530044556E+02
1.671171171171175E-01	2.843406204452515E+02
1.682082082082086E-01	2.835166466598511E+02
1.692992992992997E-01	2.826774141006470E+02
1.703903903903908E-01	2.818534403152466E+02
1.714814814814818E-01	2.810142077560425E+02
1.725725725725729E-01	2.801749751968383E+02
1.736636636636640E-01	2.793357426376343E+02
1.747547547547551E-01	2.784965100784302E+02
1.758458458458462E-01	2.776420187454224E+02
1.769369369369373E-01	2.768027861862182E+02
1.780280280280284E-01	2.759635536270141E+02
1.791191191191195E-01	2.751090622940063E+02
1.802102102102106E-01	2.742545709609985E+02
1.813013013013017E-01	2.734153384017944E+02
1.823923923923928E-01	2.725608470687866E+02
1.834834834834839E-01	2.717063557357789E+02
1.845745745745750E-01	2.708518644027711E+02
1.856656656656661E-01	2.699821142959595E+02
1.867567567567572E-01	2.691276229629516E+02
1.878478478478483E-01	2.682731316299438E+02
1.889389389389394E-01	2.674033815231323E+02
1.900300300300305E-01	2.665336314163208E+02
1.911211211211216E-01	2.656791400833130E+02
1.922122122122127E-01	2.648093899765015E+02
1.933033033033038E-01	2.639396398696899E+02
1.943943943943948E-01	2.630698897628783E+02
1.954854854854859E-01	2.622001396560669E+02
1.965765765765770E-01	2.613151307754516E+02
1.976676676676681E-01	2.604453806686402E+02
1.987587587587592E-01	2.595603717880249E+02
1.998498498498503E-01	2.586906216812133E+02
2.009409409409414E-01	2.578056128005982E+02
2.020320320320325E-01	2.569206039199829E+02
2.031231231231236E-01	2.560355950393676E+02
2.042142142142147E-01	2.551505861587524E+02
2.053053053053058E-01	2.542503185043335E+02
2.063963963963969E-01	2.533653096237182E+02
2.074874874874880E-01	2.524650419692993E+02
2.085785785785791E-01	2.515800330886841E+02
2.096696696696702E-01	2.506797654342651E+02
2.107607607607613E-01	2.497794977798462E+02
2.118518518518524E-01	2.488792301254272E+02
2.129429429429435E-01	2.479789624710083E+02
2.140340340340346E-01	2.470634360427857E+02
2.151251251251257E-01	2.461631683883667E+02
2.162162162162168E-01	2.452476419601441E+02
2.173073073073079E-01	2.443473743057251E+02
2.183983983983989E-01	2.434318478775024E+02
2.194894894894900E-01	2.425163214492798E+02
2.205805805805811E-01	2.416007950210571E+02
2.216716716716722E-01	2.406700098190307E+02
2.227627627627633E-01	2.397544833908081E+02
2.238538538538544E-01	2.388389569625854E+02
2.249449449449455E-01	2.379081717605591E+02
2.260360360360366E-01	2.369773865585327E+02
2.271271271271277E-01	2.360466013565064E+02
2.282182182182188E-01	2.351158161544799E+02
2.293093093093099E-01	2.341850309524536E+02
2.304004004004010E-01	2.332542457504272E+02
2.314914914914921E-01	2.323082017745971E+02
2.325825825825832E-01	2.313621577987671E+02
2.336736736736743E-01	2.304313725967407E+02
2.347647647647654E-01	2.294853286209106E+02
2.358558558558565E-01	2.285392846450806E+02
2.369469469469476E-01	2.275779818954467E+02
2.380380380380387E-01	2.266319379196167E+02
2.391291291291298E-01	2.256706351699829E+02
2.402202202202209E-01	2.247245911941528E+02
2.413113113113119E-01	2.237632884445190E+02
2.424024024024030E-01	2.228019856948852E+02
2.434934934934941E-01	2.218406829452514E+02
2.445845845845852E-01	2.208793801956177E+02
2.456756756756763E-01	2.199028186721802E+02
2.467667667667674E-01	2.189415159225464E+02
2.478578578578585E-01	2.179649543991089E+02
2.489489489489496E-01	2.169883928756714E+02
2.500400400400407E-01	2.160118313522339E+02
2.511311311311318E-01	2.150352698287964E+02
2.522222222222228E-01	2.140434495315552E+02
2.533133133133139E-01	2.130668880081177E+02
2.544044044044050E-01	2.120750677108765E+02
2.554954954954960E-01	2.110832474136353E+02
2.565865865865871E-01	2.100914271163940E+02
2.576776776776782E-01	2.090996068191528E+02
2.587687687687693E-01	2.081077865219116E+02
2.598598598598603E-01	2.071007074508667E+02
2.609509509509514E-01	2.061088871536255E+02
2.620420420420425E-01	2.050979933891296E+02
2.631331331331335E-01	2.040909143180847E+02
2.642242242242246E-01	2.030838352470398E+02
2.653153153153157E-01	2.020691267890930E+02
2.664064064064067E-01	2.010544183311462E+02
2.674974974974978E-01	2.000397098731995E+02
2.685885885885889E-01	1.990173720283508E+02
2.696796796796799E-01	1.979950341835022E+02
2.707707707707710E-01	1.969726963386535E+02
2.718618618618621E-01	1.959427291069031E+02
2.729529529529531E-01	1.949127618751526E+02
2.740440440440442E-01	1.938827946434021E+02
2.751351351351353E-01	1.928451980247497E+02
2.762262262262263E-01	1.918076014060974E+02
2.773173173173174E-01	1.907700047874450E+02
2.784084084084085E-01	1.897324081687927E+02
2.794994994994995E-01	1.886871821632385E+02
2.805905905905906E-01	1.876343267707825E+02
2.816816816816817E-01	1.865891007652282E+02
2.827727727727727E-01	1.855362453727722E+02
2.838638638638638E-01	1.844833899803162E+02
2.849549549549549E-01	1.834229052009582E+02
2.860460460460459E-01	1.823624204216003E+02
2.871371371371370E-01	1.813019356422424E+02
2.882282282282281E-01	1.802338214759827E+02
2.893193193193191E-01	1.791657073097229E+02
2.904104104104102E-01	1.780975931434631E+02
2.915015015015013E-01	1.770294789772034E+02
2.925925925925923E-01	1.759537354240418E+02
2.936836836836834E-01	1.748779918708801E+02
2.947747747747745E-01	1.737946189308166E+02
2.958658658658656E-01	1.727188753776550E+02
2.969569569569566E-01	1.716355024375915E+02
2.980480480480477E-01	1.705445001106262E+02
2.991391391391388E-01	1.694611271705627E+02
3.002302302302298E-01	1.683701248435974E+02
3.013213213213209E-01	1.672714931297302E+02
3.024124124124120E-01	1.661804908027649E+02
3.035035035035030E-01	1.650818590888977E+02
3.045945945945941E-01	1.639832273750305E+02
3.056856856856852E-01	1.628845956611633E+02
3.067767767767762E-01	1.617783345603943E+02
3.078678678678673E-01	1.606797028465271E+02
3.089589589589584E-01	1.595734417457580E+02
3.100500500500494E-01	1.584595512580871E+02
3.111411411411405E-01	1.573532901573181E+02
3.122322322322316E-01	1.562393996696472E+02
3.133233233233226E-01	1.551255091819763E+02
3.144144144144137E-01	1.540116186943055E+02
3.155055055055048E-01	1.528977282066346E+02
3.165965965965958E-01	1.517838377189636E+02
3.176876876876869E-01	1.506623178443909E+02
3.187787787787780E-01	1.495407979698181E+02
3.198698698698690E-01	1.484192780952454E+02
3.209609609609601E-01	1.472977582206726E+02
3.220520520520512E-01	1.461762383460999E+02
3.231431431431422E-01	1.450547184715271E+02
3.242342342342333E-01	1.439331985969543E+02
3.253253253253244E-01	1.428040493354797E+02
3.264164164164154E-01	1.416825294609070E+02
3.275075075075065E-01	1.405610095863343E+02
3.285985985985976E-01	1.394318603248597E+02
3.296896896896886E-01	1.383103404502869E+02
3.307807807807797E-01	1.371811911888122E+02
3.318718718718708E-01	1.360596713142395E+02
3.329629629629619E-01	1.349305220527649E+02
3.340540540540529E-01	1.338090021781921E+02
3.351451451451440E-01	1.326874823036194E+02
3.362362362362351E-01	1.315659624290466E+02
3.373273273273261E-01	1.304444425544739E+02
3.384184184184172E-01	1.293229226799011E+02
3.395095095095083E-01	1.282014028053284E+02
3.406006006005993E-01	1.270875123176575E+02
3.416916916916904E-01	1.259736218299866E+02
3.427827827827815E-01	1.248597313423157E+02
3.438738738738725E-01	1.237458408546448E+02
3.449649649649636E-01	1.226395797538757E+02
3.460560560560547E-01	1.215333186531067E+02
3.471471471471457E-01	1.204270575523376E+02
3.482382382382368E-01	1.193284258384705E+02
3.493293293293279E-01	1.182297941246033E+02
3.504204204204189E-01	1.171387917976379E+02
3.515115115115100E-01	1.160477894706726E+02
3.526026026026011E-01	1.149644165306091E+02
3.536936936936921E-01	1.138810435905456E+02
3.547847847847832E-01	1.128053000373840E+02
3.558758758758743E-01	1.117295564842224E+02
3.569669669669653E-01	1.106614423179626E+02
3.580580580580564E-01	1.095933281517029E+02
3.591491491491475E-01	1.085404727592468E+02
3.602402402402385E-01	1.074876173667908E+02
3.613313313313296E-01	1.064347619743347E+02
3.624224224224207E-01	1.053971653556824E+02
3.635135135135117E-01	1.043595687370300E+02
3.646046046046028E-01	1.033296015052796E+02
3.656956956956939E-01	1.023072636604309E+02
3.667867867867849E-01	1.012925552024841E+02
3.678778778778760E-01	1.002854761314392E+02
3.689689689689671E-01	9.928602644729614E+01
3.700600600600581E-01	9.828657676315308E+01
3.711511511511492E-01	9.730238585281373E+01
3.722422422422403E-01	9.632582432937623E+01
3.733333333333314E-01	9.534926280593874E+01
3.744244244244224E-01	9.438796005630493E+01
3.755155155155135E-01	9.343428669357300E+01
3.766066066066046E-01	9.248824271774291E+01
3.776976976976956E-01	9.154982812881468E+01
3.787887887887867E-01	9.061904292678832E+01
3.798798798798778E-01	8.969588711166381E+01
3.809709709709688E-01	8.878799007034303E+01
3.820620620620599E-01	8.788772241592409E+01
3.831531531531510E-01	8.699508414840699E+01
3.842442442442420E-01	8.611007526779174E+01
3.853353353353331E-01	8.523269577407839E+01
3.864264264264242E-01	8.437057505416868E+01
3.875175175175152E-01	8.351608372116087E+01
3.886086086086063E-01	8.266922177505495E+01
3.896996996996974E-01	8.182998921585084E+01
3.907907907907884E-01	8.100601543045045E+01
3.918818818818795E-01	8.018967103195192E+01
3.929729729729706E-01	7.938095602035523E+01
3.940640640640616E-01	7.857987039566041E+01
3.951551551551527E-01	7.779404354476929E+01
3.962462462462438E-01	7.701584608078002E+01
3.973373373373348E-01	7.624527800369263E+01
3.984284284284259E-01	7.548996870040892E+01
3.995195195195170E-01	7.474228878402710E+01
4.006106106106080E-01	7.400223825454714E+01
4.017017017016991E-01	7.327744649887086E+01
4.027927927927902E-01	7.255265474319461E+01
4.038838838838812E-01	7.184312176132204E+01
4.049749749749723E-01	7.114884755325318E+01
4.060660660660634E-01	7.045457334518431E+01
4.071571571571544E-01	6.977555791091920E+01
4.082482482482455E-01	6.910417186355592E+01
4.093393393393366E-01	6.844041520309449E+01
4.104304304304277E-01	6.778428792953491E+01
4.115215215215187E-01	6.714341942977904E+01
4.126126126126098E-01	6.651018031692507E+01
4.137037037037009E-01	6.588457059097291E+01
4.147947947947919E-01	6.526659025192259E+01
4.158858858858830E-01	6.465623929977417E+01
4.169769769769741E-01	6.406114712142943E+01
4.180680680680651E-01	6.346605494308472E+01
4.191591591591562E-01	6.288622153854370E+01
4.202502502502473E-01	6.231401752090454E+01
4.213413413413383E-01	6.174944289016724E+01
4.224324324324294E-01	6.119249764633178E+01
4.235235235235205E-01	6.064318178939819E+01
4.246146146146115E-01	6.010149531936646E+01
4.257057057057026E-01	5.956743823623657E+01
4.267967967967937E-01	5.904101054000854E+01
4.278878878878847E-01	5.852221223068236E+01
4.289789789789758E-01	5.801104330825805E+01
4.300700700700669E-01	5.750750377273560E+01
4.311611611611579E-01	5.701159362411498E+01
4.322522522522490E-01	5.652331286239623E+01
4.333433433433401E-01	5.604266148757934E+01
4.344344344344311E-01	5.556963949966430E+01
4.355255255255222E-01	5.510424689865112E+01
4.366166166166133E-01	5.464648368453978E+01
4.377077077077043E-01	5.418872047042846E+01
4.387987987987954E-01	5.374621603012085E+01
4.398898898898865E-01	5.330371158981323E+01
4.409809809809775E-01	5.286883653640746E+01
4.420720720720686E-01	5.243968352317809E+01
4.431631631631597E-01	5.202006724357604E+01
4.442542542542507E-01	5.160426565742492E+01
4.453453453453418E-01	5.119227876472473E+01
4.464364364364329E-01	5.078792125892639E+01
4.475275275275239E-01	5.039119314002991E+01
4.486186186186150E-01	4.999827971458434E+01
4.497097097097061E-01	4.961299567604065E+01
4.508008008007972E-01	4.923152633094787E+01
4.518918918918882E-01	4.885387167930602E+01
4.529829829829793E-01	4.848384641456605E+01
4.540740740740704E-01	4.811763584327697E+01
4.551651651651614E-01	4.775523996543883E+01
4.562562562562525E-01	4.740047347450256E+01
4.573473473473436E-01	4.704952167701721E+01
4.584384384384346E-01	4.670619926643371E+01
4.595295295295257E-01	4.636287685585022E+01
4.606206206206168E-01	4.602718383216858E+01
4.617117117117078E-01	4.569530550193787E+01
4.628028028027989E-01	4.536724186515806E+01
4.638938938938900E-01	4.504680761528014E+01
4.649849849849810E-01	4.472637336540221E+01
4.660760760760721E-01	4.441356850242614E+01
4.671671671671632E-01	4.410076363945007E+01
4.682582582582542E-01	4.379558816337584E+01
4.693493493493453E-01	4.349422738075256E+01
4.704404404404364E-01	4.319668129158021E+01
4.715315315315274E-01	4.290294989585875E+01
4.726226226226185E-01	4.261303319358825E+01
4.737137137137096E-01	4.232693118476868E+01
4.748048048048006E-01	4.204464386940003E+01
4.758958958958917E-01	4.176617124748229E+01
4.769869869869828E-01	4.148769862556458E+01
4.780780780780738E-01	4.121685539054870E+01
4.791691691691649E-01	4.094982684898376E+01
4.802602602602560E-01	4.068279830741882E+01
4.813513513513470E-01	4.042339915275574E+01
4.824424424424381E-01	4.016399999809265E+01
4.835335335335292E-01	3.990841553688048E+01
4.846246246246202E-01	3.965664576911927E+01
4.857157157157113E-01	3.940869069480895E+01
4.868068068068024E-01	3.916455031394958E+01
4.878978978978935E-01	3.892040993309020E+01
4.889889889889845E-01	3.868008424568177E+01
4.900800800800756E-01	3.844357325172425E+01
4.911711711711667E-01	3.821087695121766E+01
4.922622622622577E-01	3.797818065071107E+01
4.933533533533488E-01	3.774929904365540E+01
4.944444444444399E-01	3.752423213005065E+01
4.955355355355309E-01	3.730297990989685E+01
4.966266266266220E-01	3.708172768974303E+01
4.977177177177131E-01	3.686429016304017E+01
4.988088088088041E-01	3.665066732978821E+01
4.998998998998952E-01	3.643704449653626E+01
5.009909909909863E-01	3.622723635673522E+01
5.020820820820774E-01	3.601742821693420E+01
5.031731731731685E-01	3.581143477058410E+01
5.042642642642595E-01	3.560925601768493E+01
5.053553553553506E-01	3.541089195823669E+01
5.064464464464417E-01	3.521252789878845E+01
5.075375375375327E-01	3.501416383934020E+01
5.086286286286238E-01	3.481961447334290E+01
5.097197197197149E-01	3.462887980079651E+01
5.108108108108059E-01	3.443814512825013E+01
5.119019019018970E-01	3.425122514915466E+01
5.129929929929881E-01	3.406811986351013E+01
5.140840840840791E-01	3.388501457786559E+01
5.151751751751702E-01	3.370190929222106E+01
5.162662662662613E-01	3.352261870002746E+01
5.173573573573523E-01	3.334714280128479E+01
5.184484484484434E-01	3.317166690254211E+01
5.195395395395345E-01	3.299619100379944E+01
5.206306306306255E-01	3.282452979850768E+01
5.217217217217166E-01	3.265286859321594E+01
5.228128128128077E-01	3.248502208137512E+01
5.239039039038987E-01	3.232099026298522E+01
5.249949949949898E-01	3.215695844459533E+01
5.260860860860809E-01	3.199292662620544E+01
5.271771771771719E-01	3.183270950126647E+01
5.282682682682630E-01	3.167249237632751E+01
5.293593593593541E-01	3.151227525138855E+01
5.304504504504451E-01	3.135587281990051E+01
5.315415415415362E-01	3.120328508186340E+01
5.326326326326273E-01	3.105069734382629E+01
5.337237237237183E-01	3.089810960578918E+01
5.348148148148094E-01	3.074933656120300E+01
5.359059059059005E-01	3.060056351661682E+01
5.369969969969915E-01	3.045179047203063E+01
5.380880880880826E-01	3.030683212089538E+01
5.391791791791737E-01	3.016187376976013E+01
5.402702702702648E-01	3.002073011207581E+01
5.413613613613558E-01	2.987958645439148E+01
5.424524524524469E-01	2.973844279670715E+01
5.435435435435380E-01	2.960111383247375E+01
5.446346346346290E-01	2.946378486824036E+01
5.457257257257201E-01	2.932645590400696E+01
5.468168168168112E-01	2.919294163322449E+01
5.479079079079022E-01	2.905942736244202E+01
5.489989989989933E-01	2.892591309165955E+01
5.500900900900844E-01	2.879621351432800E+01
5.511811811811754E-01	2.866651393699646E+01
5.522722722722665E-01	2.853681435966491E+01
5.533633633633576E-01	2.841092947578430E+01
5.544544544544486E-01	2.828504459190369E+01
5.555455455455397E-01	2.815915970802307E+01
5.566366366366308E-01	2.803708951759338E+01
5.577277277277218E-01	2.791120463371277E+01
5.588188188188129E-01	2.779294913673401E+01
5.599099099099040E-01	2.767087894630432E+01
5.610010010009950E-01	2.755262344932556E+01
5.620920920920861E-01	2.743436795234680E+01
5.631831831831772E-01	2.731611245536804E+01
5.642742742742682E-01	2.720167165184021E+01
5.653653653653593E-01	2.708723084831238E+01
5.664564564564504E-01	2.697279004478455E+01
5.675475475475414E-01	2.685834924125671E+01
5.686386386386325E-01	2.674772313117981E+01
5.697297297297236E-01	2.663709702110291E+01
5.708208208208146E-01	2.652647091102600E+01
5.719119119119057E-01	2.641584480094910E+01
5.730030030029968E-01	2.630903338432312E+01
5.740940940940878E-01	2.620222196769715E+01
5.751851851851789E-01	2.609541055107116E+01
5.762762762762700E-01	2.598859913444519E+01
5.773673673673611E-01	2.588560241127014E+01
5.784584584584521E-01	2.578260568809509E+01
5.795495495495432E-01	2.567960896492004E+01
5.806406406406343E-01	2.557661224174499E+01
5.817317317317253E-01	2.547743021202087E+01
5.828228228228164E-01	2.537443348884582E+01
5.839139139139075E-01	2.527525145912170E+01
5.850050050049985E-01	2.517606942939758E+01
5.860960960960896E-01	2.508070209312439E+01
5.871871871871807E-01	2.498152006340027E+01
5.882782782782717E-01	2.488615272712708E+01
5.893693693693628E-01	2.479078539085388E+01
5.904604604604539E-01	2.469541805458069E+01
5.915515515515449E-01	2.460386541175842E+01
5.926426426426360E-01	2.450849807548523E+01
5.937337337337271E-01	2.441694543266296E+01
5.948248248248181E-01	2.432539278984070E+01
5.959159159159092E-01	2.423384014701843E+01
5.970070070070003E-01	2.414610219764709E+01
5.980980980980913E-01	2.405454955482483E+01
5.991891891891824E-01	2.396681160545349E+01
6.002802802802735E-01	2.387907365608215E+01
6.013713713713645E-01	2.379133570671081E+01
6.024624624624556E-01	2.370359775733948E+01
6.035535535535467E-01	2.361967450141907E+01
6.046446446446377E-01	2.353575124549866E+01
6.057357357357288E-01	2.344801329612732E+01
6.068268268268199E-01	2.336409004020691E+01
6.079179179179109E-01	2.328016678428650E+01
6.090090090090020E-01	2.320005822181702E+01
6.101001001000931E-01	2.311613496589661E+01
6.111911911911841E-01	2.303602640342713E+01
6.122822822822752E-01	2.295591784095764E+01
6.133733733733663E-01	2.287580927848816E+01
6.144644644644573E-01	2.279570071601868E+01
6.155555555555484E-01	2.271559215354919E+01
6.166466466466395E-01	2.263929828453064E+01
6.177377377377306E-01	2.255918972206116E+01
6.188288288288216E-01	2.248289585304260E+01
6.199199199199127E-01	2.240660198402405E+01
6.210110110110038E-01	2.233030811500550E+01
6.221021021020948E-01	2.225401424598694E+01
6.231931931931859E-01	2.217772037696838E+01
6.242842842842770E-01	2.210524120140076E+01
6.253753753753680E-01	2.202894733238220E+01
6.264664664664591E-01	2.195646815681457E+01
6.275575575575502E-01	2.188398898124695E+01
6.286486486486412E-01	2.181150980567932E+01
6.297397397397323E-01	2.173903063011170E+01
6.308308308308234E-01	2.166655145454407E+01
6.319219219219144E-01	2.159788697242737E+01
6.330130130130055E-01	2.152540779685974E+01
6.341041041040966E-01	2.145674331474304E+01
6.351951951951876E-01	2.138807883262634E+01
6.362862862862787E-01	2.131941435050964E+01
6.373773773773698E-01	2.125074986839295E+01
6.384684684684608E-01	2.118208538627625E+01
6.395595595595519E-01	2.111342090415955E+01
6.406506506506430E-01	2.104857111549378E+01
6.417417417417340E-01	2.097990663337708E+01
6.428328328328251E-01	2.091505684471131E+01
6.439239239239162E-01	2.085020705604553E+01
6.450150150150072E-01	2.078154257392884E+01
6.461061061060983E-01	2.071669278526306E+01
6.471971971971894E-01	2.065565769004822E+01
6.482882882882804E-01	2.059080790138244E+01
6.493793793793715E-01	2.052595811271668E+01
6.504704704704626E-01	2.046492301750183E+01
6.515615615615536E-01	2.040007322883606E+01
6.526526526526447E-01	2.033903813362122E+01
6.537437437437358E-01	2.027800303840637E+01
6.548348348348269E-01	2.021696794319153E+01
6.559259259259179E-01	2.015593284797669E+01
6.570170170170090E-01	2.009489775276184E+01
6.581081081081001E-01	2.003386265754700E+01
6.591991991991911E-01	1.997282756233215E+01
6.602902902902822E-01	1.991560716056824E+01
6.613813813813733E-01	1.985457206535339E+01
6.624724724724643E-01	1.979735166358948E+01
6.635635635635554E-01	1.973631656837464E+01
6.646546546546465E-01	1.967909616661072E+01
6.657457457457375E-01	1.962187576484680E+01
6.668368368368286E-01	1.956465536308289E+01
6.679279279279197E-01	1.950743496131897E+01
6.690190190190107E-01	1.945021455955505E+01
6.701101101101018E-01	1.939680885124207E+01
6.712012012011929E-01	1.933958844947815E+01
6.722922922922839E-01	1.928236804771423E+01
6.733833833833750E-01	1.922896233940125E+01
6.744744744744661E-01	1.917555663108826E+01
6.755655655655571E-01	1.911833622932435E+01
6.766566566566482E-01	1.906493052101136E+01
6.777477477477393E-01	1.901152481269837E+01
6.788388388388303E-01	1.895811910438538E+01
6.799299299299214E-01	1.890471339607239E+01
6.810210210210125E-01	1.885130768775940E+01
6.821121121121035E-01	1.880171667289734E+01
6.832032032031946E-01	1.874831096458435E+01
6.842942942942857E-01	1.869490525627136E+01
6.853853853853767E-01	1.864531424140930E+01
6.864764764764678E-01	1.859190853309631E+01
6.875675675675589E-01	1.854231751823425E+01
6.886586586586499E-01	1.849272650337219E+01
6.897497497497410E-01	1.843932079505921E+01
6.908408408408321E-01	1.838972978019715E+01
6.919319319319231E-01	1.834013876533509E+01
6.930230230230142E-01	1.829054775047302E+01
6.941141141141053E-01	1.824477142906189E+01
6.952052052051964E-01	1.819518041419983E+01
6.962962962962874E-01	1.814558939933777E+01
6.973873873873785E-01	1.809599838447571E+01
6.984784784784696E-01	1.805022206306457E+01
6.995695695695606E-01	1.800063104820251E+01
7.006606606606517E-01	1.795485472679138E+01
7.017517517517428E-01	1.790526371192932E+01
7.028428428428338E-01	1.785948739051819E+01
7.039339339339249E-01	1.781371106910705E+01
7.050250250250160E-01	1.776793474769592E+01
7.061161161161070E-01	1.772215842628479E+01
7.072072072071981E-01	1.767638210487366E+01
7.082982982982892E-01	1.763060578346252E+01
7.093893893893802E-01	1.758482946205139E+01
7.104804804804713E-01	1.753905314064026E+01
7.115715715715624E-01	1.749327681922913E+01
7.126626626626534E-01	1.744750049781799E+01
7.137537537537445E-01	1.740553886985779E+01
7.148448448448356E-01	1.735976254844666E+01
7.159359359359266E-01	1.731780092048645E+01
7.170270270270177E-01	1.727202459907532E+01
7.181181181181088E-01	1.723006297111511E+01
7.192092092091998E-01	1.718810134315491E+01
7.203003003002909E-01	1.714232502174378E+01
7.213913913913820E-01	1.710036339378357E+01
7.224824824824730E-01	1.705840176582337E+01
7.235735735735641E-01	1.701644013786316E+01
7.246646646646552E-01	1.697447850990295E+01
7.257557557557462E-01	1.693251688194275E+01
7.268468468468373E-01	1.689055525398254E+01
7.279379379379284E-01	1.684859362602234E+01
7.290290290290194E-01	1.681044669151306E+01
7.301201201201105E-01	1.676848506355286E+01
7.312112112112016E-01	1.672652343559265E+01
7.323023023022927E-01	1.668837650108337E+01
7.333933933933837E-01	1.664641487312317E+01
7.344844844844748E-01	1.660826793861390E+01
7.355755755755659E-01	1.656630631065369E+01
7.366666666666569E-01	1.652815937614441E+01
7.377577577577480E-01	1.649001244163513E+01
7.388488488488391E-01	1.644805081367493E+01
7.399399399399301E-01	1.640990387916565E+01
7.410310310310212E-01	1.637175694465638E+01
7.421221221221123E-01	1.633361001014709E+01
7.432132132132033E-01	1.629546307563782E+01
7.443043043042944E-01	1.625731614112854E+01
7.453953953953855E-01	1.621916920661926E+01
7.464864864864765E-01	1.618102227210999E+01
7.475775775775676E-01	1.614287533760071E+01
7.486686686686587E-01	1.610472840309143E+01
7.497597597597497E-01	1.606658146858215E+01
7.508508508508408E-01	1.603224922752380E+01
7.519419419419319E-01	1.599410229301453E+01
7.530330330330229E-01	1.595977005195618E+01
7.541241241241140E-01	1.592162311744690E+01
7.552152152152051E-01	1.588347618293762E+01
7.563063063062961E-01	1.584914394187927E+01
7.573973973973872E-01	1.581481170082092E+01
7.584884884884783E-01	1.577666476631164E+01
7.595795795795693E-01	1.574233252525330E+01
7.606706706706604E-01	1.570800028419495E+01
7.617617617617515E-01	1.566985334968567E+01
7.628528528528425E-01	1.563552110862732E+01
7.639439439439336E-01	1.560118886756897E+01
7.650350350350247E-01	1.556685662651062E+01
7.661261261261157E-01	1.553252438545227E+01
7.672172172172068E-01	1.549819214439392E+01
7.683083083082979E-01	1.546385990333557E+01
7.693993993993890E-01	1.542952766227722E+01
7.704904904904800E-01	1.539519542121887E+01
7.715815815815711E-01	1.536086318016052E+01
7.726726726726622E-01	1.533034563255310E+01
7.737637637637532E-01	1.529601339149475E+01
7.748548548548443E-01	1.526168115043640E+01
7.759459459459354E-01	1.522734890937805E+01
7.770370370370264E-01	1.519683136177063E+01
7.781281281281175E-01	1.516249912071228E+01
7.792192192192086E-01	1.513198157310486E+01
7.803103103102996E-01	1.509764933204651E+01
7.814014014013907E-01	1.506713178443908E+01
7.824924924924818E-01	1.503279954338074E+01
7.835835835835728E-01	1.500228199577331E+01
7.846746746746639E-01	1.497176444816589E+01
7.857657657657550E-01	1.493743220710754E+01
7.868568568568460E-01	1.490691465950012E+01
7.879479479479371E-01	1.487639711189270E+01
7.890390390390282E-01	1.484587956428528E+01
7.901301301301192E-01	1.481536201667786E+01
7.912212212212103E-01	1.478102977561951E+01
7.923123123123014E-01	1.475051222801208E+01
7.934034034033924E-01	1.471999468040466E+01
7.944944944944835E-01	1.468947713279724E+01
7.955855855855746E-01	1.465895958518982E+01
7.966766766766656E-01	1.462844203758240E+01
7.977677677677567E-01	1.460173918342590E+01
7.988588588588478E-01	1.457122163581848E+01
7.999499499499388E-01	1.454070408821106E+01
8.010410410410299E-01	1.451018654060364E+01
8.021321321321210E-01	1.447966899299621E+01
8.032232232232120E-01	1.445296613883972E+01
8.043143143143031E-01	1.442244859123230E+01
8.054054054053942E-01	1.439193104362488E+01
8.064964964964852E-01	1.436522818946838E+01
8.075875875875763E-01	1.433471064186096E+01
8.086786786786674E-01	1.430800778770447E+01
8.097697697697585E-01	1.427749024009704E+01
8.108608608608495E-01	1.425078738594055E+01
8.119519519519406E-01	1.422026983833313E+01
8.130430430430317E-01	1.419356698417663E+01
8.141341341341227E-01	1.416304943656921E+01
8.152252252252138E-01	1.413634658241272E+01
8.163163163163049E-01	1.410964372825622E+01
8.174074074073959E-01	1.407912618064880E+01
8.184984984984870E-01	1.405242332649231E+01
8.195895895895781E-01	1.402572047233581E+01
8.206806806806691E-01	1.399901761817932E+01
8.217717717717602E-01	1.397231476402283E+01
8.228628628628513E-01	1.394561190986633E+01
8.239539539539423E-01	1.391509436225891E+01
8.250450450450334E-01	1.388839150810242E+01
8.261361361361245E-01	1.386168865394592E+01
8.272272272272155E-01	1.383498579978943E+01
8.283183183183066E-01	1.380828294563293E+01
8.294094094093977E-01	1.378158009147644E+01
8.305005005004887E-01	1.375869193077087E+01
8.315915915915798E-01	1.373198907661438E+01
8.326826826826709E-01	1.370528622245789E+01
8.337737737737619E-01	1.367858336830139E+01
8.348648648648530E-01	1.365188051414490E+01
8.359559559559441E-01	1.362517765998840E+01
8.370470470470351E-01	1.360228949928284E+01
8.381381381381262E-01	1.357558664512634E+01
8.392292292292173E-01	1.354888379096985E+01
8.403203203203083E-01	1.352599563026428E+01
8.414114114113994E-01	1.349929277610779E+01
8.425025025024905E-01	1.347258992195129E+01
8.435935935935815E-01	1.344970176124573E+01
8.446846846846726E-01	1.342299890708923E+01
8.457757757757637E-01	1.340011074638367E+01
8.468668668668548E-01	1.337340789222717E+01
8.479579579579458E-01	1.335051973152160E+01
8.490490490490369E-01	1.332381687736511E+01
8.501401401401280E-01	1.330092871665954E+01
8.512312312312190E-01	1.327804055595398E+01
8.523223223223101E-01	1.325133770179748E+01
8.534134134134012E-01	1.322844954109192E+01
8.545045045044922E-01	1.320556138038635E+01
8.555955955955833E-01	1.317885852622986E+01
8.566866866866744E-01	1.315597036552429E+01
8.577777777777654E-01	1.313308220481872E+01
8.588688688688565E-01	1.311019404411316E+01
8.599599599599476E-01	1.308349118995666E+01
8.610510510510386E-01	1.306060302925110E+01
8.621421421421297E-01	1.303771486854553E+01
8.632332332332208E-01	1.301482670783997E+01
8.643243243243118E-01	1.299193854713440E+01
8.654154154154029E-01	1.296905038642883E+01
8.665065065064940E-01	1.294616222572326E+01
8.675975975975850E-01	1.292327406501770E+01
8.686886886886761E-01	1.290038590431213E+01
8.697797797797672E-01	1.287749774360656E+01
8.708708708708582E-01	1.285460958290100E+01
8.719619619619493E-01	1.283172142219543E+01
8.730530530530404E-01	1.280883326148987E+01
8.741441441441314E-01	1.278594510078430E+01
8.752352352352225E-01	1.276305694007873E+01
8.763263263263136E-01	1.274398347282409E+01
8.774174174174046E-01	1.272109531211853E+01
8.785085085084957E-01	1.269820715141296E+01
8.795995995995868E-01	1.267531899070740E+01
8.806906906906778E-01	1.265243083000183E+01
8.817817817817689E-01	1.263335736274719E+01
8.828728728728600E-01	1.261046920204162E+01
8.839639639639510E-01	1.258758104133606E+01
8.850550550550421E-01	1.256850757408142E+01
8.861461461461332E-01	1.254561941337585E+01
8.872372372372243E-01	1.252654594612121E+01
8.883283283283153E-01	1.250365778541565E+01
8.894194194194064E-01	1.248076962471008E+01
8.905105105104975E-01	1.246169615745545E+01
8.916016016015885E-01	1.243880799674988E+01
8.926926926926796E-01	1.241973452949524E+01
8.937837837837707E-01	1.239684636878967E+01
8.948748748748617E-01	1.237777290153503E+01
8.959659659659528E-01	1.235488474082947E+01
8.970570570570439E-01	1.233581127357483E+01
8.981481481481349E-01	1.231673780632019E+01
8.992392392392260E-01	1.229384964561462E+01
9.003303303303171E-01	1.227477617835998E+01
9.014214214214081E-01	1.225570271110535E+01
9.025125125124992E-01	1.223281455039978E+01
9.036036036035903E-01	1.221374108314514E+01
9.046946946946813E-01	1.219466761589050E+01
9.057857857857724E-01	1.217177945518494E+01
9.068768768768635E-01	1.215270598793030E+01
9.079679679679545E-01	1.213363252067566E+01
9.090590590590456E-01	1.211455905342102E+01
9.101501501501367E-01	1.209548558616638E+01
9.112412412412277E-01	1.207259742546081E+01
9.123323323323188E-01	1.205352395820617E+01
9.134234234234099E-01	1.203445049095154E+01
9.145145145145009E-01	1.201537702369690E+01
9.156056056055920E-01	1.199630355644226E+01
9.166966966966831E-01	1.197723008918762E+01
9.177877877877741E-01	1.195815662193298E+01
9.188788788788652E-01	1.193908315467834E+01
9.199699699699563E-01	1.192000968742370E+01
9.210610610610473E-01	1.190093622016906E+01
9.221521521521384E-01	1.188186275291443E+01
9.232432432432295E-01	1.186278928565979E+01
9.243343343343206E-01	1.184371581840515E+01
9.254254254254116E-01	1.182464235115051E+01
9.265165165165027E-01	1.180556888389587E+01
9.276076076075938E-01	1.178649541664123E+01
9.286986986986848E-01	1.176742194938659E+01
9.297897897897759E-01	1.174834848213196E+01
9.308808808808670E-01	1.173308970832825E+01
9.319719719719580E-01	1.171401624107361E+01
9.330630630630491E-01	1.169494277381897E+01
9.341541541541402E-01	1.167586930656433E+01
9.352452452452312E-01	1.165679583930969E+01
9.363363363363223E-01	1.164153706550598E+01
9.374274274274134E-01	1.162246359825134E+01
9.385185185185044E-01	1.160339013099670E+01
9.396096096095955E-01	1.158431666374207E+01
9.407007007006866E-01	1.156905788993835E+01
9.417917917917776E-01	1.154998442268371E+01
9.428828828828687E-01	1.153091095542908E+01
9.439739739739598E-01	1.151565218162537E+01
9.450650650650508E-01	1.149657871437073E+01
9.461561561561419E-01	1.148131994056702E+01
9.472472472472330E-01	1.146224647331238E+01
9.483383383383240E-01	1.144317300605774E+01
9.494294294294151E-01	1.142791423225403E+01
9.505205205205062E-01	1.140884076499939E+01
9.516116116115972E-01	1.139358199119568E+01
9.527027027026883E-01	1.137450852394104E+01
9.537937937937794E-01	1.135924975013733E+01
9.548848848848704E-01	1.134017628288269E+01
9.559759759759615E-01	1.132491750907898E+01
9.570670670670526E-01	1.130584404182434E+01
9.581581581581436E-01	1.129058526802063E+01
9.592492492492347E-01	1.127151180076599E+01
9.603403403403258E-01	1.125625302696228E+01
9.614314314314168E-01	1.124099425315857E+01
9.625225225225079E-01	1.122192078590393E+01
9.636136136135990E-01	1.120666201210022E+01
9.647047047046901E-01	1.119140323829651E+01
9.657957957957811E-01	1.117232977104187E+01
9.668868868868722E-01	1.115707099723816E+01
9.679779779779633E-01	1.114181222343445E+01
9.690690690690543E-01	1.112273875617981E+01
9.701601601601454E-01	1.110747998237610E+01
9.712512512512365E-01	1.109222120857239E+01
9.723423423423275E-01	1.107314774131775E+01
9.734334334334186E-01	1.105788896751404E+01
9.745245245245097E-01	1.104263019371033E+01
9.756156156156007E-01	1.102737141990661E+01
9.767067067066918E-01	1.101211264610290E+01
9.777977977977829E-01	1.099303917884826E+01
9.788888888888739E-01	1.097778040504455E+01
9.799799799799650E-01	1.096252163124084E+01
9.810710710710561E-01	1.094726285743713E+01
9.821621621621471E-01	1.093200408363342E+01
9.832532532532382E-01	1.091674530982971E+01
9.843443443443293E-01	1.090148653602600E+01
9.854354354354203E-01	1.088622776222229E+01
9.865265265265114E-01	1.086715429496765E+01
9.876176176176025E-01	1.085189552116394E+01
9.887087087086935E-01	1.083663674736023E+01
9.897997997997846E-01	1.082137797355652E+01
9.908908908908757E-01	1.080611919975281E+01
9.919819819819667E-01	1.079086042594910E+01
9.930730730730578E-01	1.077560165214539E+01
9.941641641641489E-01	1.076034287834167E+01
9.952552552552399E-01	1.074508410453796E+01
9.963463463463310E-01	1.072982533073425E+01
9.974374374374221E-01	1.071456655693054E+01
9.985285285285131E-01	1.069930778312683E+01
9.996196196196042E-01	1.068786370277405E+01
1.000710710710695E+00	1.067260492897034E+01
1.001801801801786E+00	1.065734615516662E+01
1.002892892892878E+00	1.064208738136291E+01
1.003983983983969E+00	1.062682860755920E+01
1.005075075075060E+00	1.061156983375549E+01
1.006166166166151E+00	1.059631105995178E+01
1.007257257257242E+00	1.058105228614807E+01
1.008348348348333E+00	1.056960820579529E+01
1.009439439439424E+00	1.055434943199158E+01
1.010530530530515E+00	1.053909065818787E+01
1.011621621621606E+00	1.052383188438415E+01
1.012712712712697E+00	1.050857311058045E+01
1.013803803803788E+00	1.049712903022766E+01
1.014894894894879E+00	1.048187025642395E+01
1.015985985985970E+00	1.046661148262024E+01
1.017077077077061E+00	1.045135270881653E+01
1.018168168168152E+00	1.043990862846374E+01
1.019259259259244E+00	1.042464985466003E+01
1.020350350350335E+00	1.040939108085632E+01
1.021441441441426E+00	1.039794700050354E+01
1.022532532532517E+00	1.038268822669983E+01
1.023623623623608E+00	1.036742945289611E+01
1.024714714714699E+00	1.035598537254333E+01
1.025805805805790E+00	1.034072659873962E+01
1.026896896896881E+00	1.032546782493591E+01
1.027987987987972E+00	1.031402374458313E+01
1.029079079079063E+00	1.029876497077942E+01
1.030170170170154E+00	1.028732089042663E+01
1.031261261261245E+00	1.027206211662292E+01
1.032352352352336E+00	1.025680334281921E+01
1.033443443443427E+00	1.024535926246643E+01
1.034534534534518E+00	1.023010048866272E+01
1.035625625625610E+00	1.021865640830994E+01
1.036716716716701E+00	1.020339763450622E+01
1.037807807807792E+00	1.019195355415344E+01
1.038898898898883E+00	1.017669478034973E+01
1.039989989989974E+00	1.016525069999695E+01
1.041081081081065E+00	1.014999192619324E+01
1.042172172172156E+00	1.013854784584045E+01
1.043263263263247E+00	1.012328907203674E+01
1.044354354354338E+00	1.011184499168396E+01
1.045445445445429E+00	1.009658621788025E+01
1.046536536536520E+00	1.008514213752747E+01
1.047627627627611E+00	1.006988336372375E+01
1.048718718718702E+00	1.005843928337097E+01
1.049809809809793E+00	1.004699520301819E+01
1.050900900900885E+00	1.003173642921448E+01
1.051991991991976E+00	1.002029234886169E+01
1.053083083083067E+00	1.000503357505798E+01
1.054174174174158E+00	9.993589494705198E+00
1.055265265265249E+00	9.982145414352416E+00
1.056356356356340E+00	9.966886640548704E+00
1.057447447447431E+00	9.955442560195920E+00
1.058538538538522E+00	9.943998479843138E+00
1.059629629629613E+00	9.928739706039426E+00
1.060720720720704E+00	9.917295625686645E+00
1.061811811811795E+00	9.905851545333860E+00
1.062902902902886E+00	9.890592771530152E+00
1.063993993993977E+00	9.879148691177367E+00
1.065085085085068E+00	9.867704610824585E+00
1.066176176176159E+00	9.856260530471801E+00
1.067267267267251E+00	9.841001756668089E+00
1.068358358358342E+00	9.829557676315307E+00
1.069449449449433E+00	9.818113595962522E+00
1.070540540540524E+00	9.806669515609741E+00
1.071631631631615E+00	9.791410741806029E+00
1.072722722722706E+00	9.779966661453248E+00
1.073813813813797E+00	9.768522581100463E+00
1.074904904904888E+00	9.757078500747678E+00
1.075995995995979E+00	9.745634420394897E+00
1.077087087087070E+00	9.730375646591185E+00
1.078178178178161E+00	9.718931566238403E+00
1.079269269269252E+00	9.707487485885618E+00
1.080360360360343E+00	9.696043405532837E+00
1.081451451451434E+00	9.684599325180052E+00
1.082542542542525E+00	9.673155244827271E+00
1.083633633633617E+00	9.661711164474486E+00
1.084724724724708E+00	9.650267084121705E+00
1.085815815815799E+00	9.635008310317993E+00
1.086906906906890E+00	9.623564229965211E+00
1.087997997997981E+00	9.612120149612426E+00
1.089089089089072E+00	9.600676069259645E+00
1.090180180180163E+00	9.589231988906860E+00
1.091271271271254E+00	9.577787908554079E+00
1.092362362362345E+00	9.566343828201294E+00
1.093453453453436E+00	9.554899747848513E+00
1.094544544544527E+00	9.543455667495728E+00
1.095635635635618E+00	9.532011587142946E+00
1.096726726726709E+00	9.520567506790162E+00
1.097817817817800E+00	9.509123426437377E+00
1.098908908908891E+00	9.497679346084595E+00
1.099999999999983E+00	9.486235265731811E+00
1.101091091091074E+00	9.474791185379029E+00
