# barionic density, pressure 
1.109109109109109E-02	7.518261723816977E-02
1.218218218218218E-02	8.391583239153988E-02
1.327327327327328E-02	9.190200868988541E-02
1.436436436436437E-02	1.002131268346602E-01
1.545545545545546E-02	1.082712585598529E-01
1.654654654654655E-02	1.153180843894006E-01
1.763763763763764E-02	1.227188950583695E-01
1.872872872872873E-02	1.289554250656693E-01
1.981981981981983E-02	1.355835667322935E-01
2.091091091091092E-02	1.418121077335854E-01
2.200200200200201E-02	1.466704443432718E-01
2.309309309309310E-02	1.519942741974774E-01
2.418418418418419E-02	1.558220944525601E-01
2.527527527527529E-02	1.601734970217876E-01
2.636636636636638E-02	1.629102496453925E-01
2.745745745745747E-02	1.662337848356401E-01
2.854854854854856E-02	1.678299438340218E-01
2.963963963963965E-02	1.700801329257047E-01
3.073073073073074E-02	1.704951997835451E-01
3.182182182182183E-02	1.702849216317190E-01
3.291291291291292E-02	1.708357745783360E-01
3.400400400400401E-02	1.693975281596067E-01
3.509509509509510E-02	1.673142672716494E-01
3.618618618618619E-02	1.645808583289181E-01
3.727727727727728E-02	1.627596740991066E-01
3.836836836836836E-02	1.587559447593776E-01
3.945945945945945E-02	1.540899488595642E-01
4.055055055055054E-02	1.487587268570678E-01
4.164164164164163E-02	1.427597771280489E-01
4.273273273273272E-02	1.360910278363008E-01
4.382382382382381E-02	1.287508112391151E-01
4.491491491491489E-02	1.207378401709320E-01
4.600600600600598E-02	1.120511864569380E-01
4.709709709709707E-02	1.026902610819889E-01
4.818818818818816E-02	9.265479590067116E-02
4.927927927927925E-02	8.194482676481130E-02
5.037037037037034E-02	6.848864395897181E-02
5.146146146146142E-02	5.638990170700708E-02
5.255255255255251E-02	4.361860326571332E-02
5.364364364364360E-02	2.798077596389703E-02
5.473473473473469E-02	1.382741146289845E-02
5.582582582582578E-02	-9.943233403646445E-04
5.691691691691687E-02	-1.879926088531647E-02
5.800800800800796E-02	-3.499218487922917E-02
5.909909909909904E-02	-5.424431941855801E-02
6.019019019019013E-02	-7.423616492269502E-02
6.128128128128122E-02	-9.248750510050741E-02
6.237237237237231E-02	-1.139095686148721E-01
6.346346346346340E-02	-1.360618027515557E-01
6.455455455455450E-02	-1.563449933751144E-01
6.564564564564560E-02	-1.799073853244408E-01
6.673673673673669E-02	-2.041889552519933E-01
6.782782782782779E-02	-2.291856867318529E-01
6.891891891891888E-02	-2.548934244791781E-01
7.001001001000998E-02	-2.813078792137276E-01
7.110110110110107E-02	-3.084246322860054E-01
7.219219219219217E-02	-3.362391400555680E-01
7.328328328328326E-02	-3.676521622396649E-01
7.437437437437436E-02	-3.968860138793389E-01
7.546546546546545E-02	-4.268031061133115E-01
7.655655655655655E-02	-4.573984346502584E-01
7.764764764764764E-02	-4.917235332177370E-01
7.873873873873874E-02	-5.236971462300062E-01
7.982982982982983E-02	-5.594646272634236E-01
8.092092092092093E-02	-5.927945726989492E-01
8.201201201201203E-02	-6.299813876239568E-01
8.310310310310312E-02	-6.678875000102380E-01
8.419419419419422E-02	-7.032272980436574E-01
8.528528528528531E-02	-7.425166025595900E-01
8.637637637637641E-02	-7.825064684375320E-01
8.746746746746750E-02	-8.231904214881069E-01
8.855855855855860E-02	-8.645619066924155E-01
8.964964964964969E-02	-9.066142903147920E-01
9.074074074074079E-02	-9.493408619246111E-01
9.183183183183188E-02	-9.927348363530655E-01
9.292292292292298E-02	-1.036789355567635E+00
9.401401401401407E-02	-1.081497490486527E+00
9.510510510510517E-02	-1.130490060008469E+00
9.619619619619627E-02	-1.176519199521863E+00
9.728728728728736E-02	-1.223180573604623E+00
9.837837837837846E-02	-1.274209213789163E+00
9.946946946946955E-02	-1.322147682265040E+00
1.005605605605606E-01	-1.374507475789869E+00
1.016516516516517E-01	-1.427538420117344E+00
1.027427427427428E-01	-1.477352930076449E+00
1.038338338338339E-01	-1.531668121531311E+00
1.049249249249250E-01	-1.586630459733897E+00
1.060160160160161E-01	-1.642231765069482E+00
1.071071071071072E-01	-1.698463802506467E+00
1.081981981981983E-01	-1.755318282777353E+00
1.092892892892894E-01	-1.812786863542897E+00
1.103803803803805E-01	-1.870861150509427E+00
1.114714714714716E-01	-1.933678698798303E+00
1.125625625625627E-01	-1.992971443709393E+00
1.136536536536538E-01	-2.052844215593723E+00
1.147447447447449E-01	-2.117531560174939E+00
1.158358358358360E-01	-2.178570404529637E+00
1.169269269269271E-01	-2.244470214724970E+00
1.180180180180182E-01	-2.310978525642440E+00
1.191091091091093E-01	-2.373715373001687E+00
1.202002002002004E-01	-2.441381053222813E+00
1.212912912912915E-01	-2.509627182253098E+00
1.223823823823826E-01	-2.578444254477290E+00
1.234734734734736E-01	-2.647822721783541E+00
1.245645645645647E-01	-2.717752994398779E+00
1.256556556556558E-01	-2.792781776813626E+00
1.267467467467469E-01	-2.863816968826995E+00
1.278378378378380E-01	-2.935374748789854E+00
1.289289289289291E-01	-3.012092211527033E+00
1.300200200200202E-01	-3.084695501293936E+00
1.311111111111113E-01	-3.162498086122014E+00
1.322022022022024E-01	-3.236106757804009E+00
1.332932932932935E-01	-3.314953347675782E+00
1.343843843843846E-01	-3.394321016443428E+00
1.354754754754757E-01	-3.474199162474179E+00
1.365665665665668E-01	-3.554577148615863E+00
1.376576576576579E-01	-3.635444302907217E+00
1.387487487487490E-01	-3.716789919267740E+00
1.398398398398401E-01	-3.798603258189814E+00
1.409309309309312E-01	-3.880873547424471E+00
1.420220220220223E-01	-3.968582581400369E+00
1.431131131131134E-01	-4.051761767268090E+00
1.442042042042045E-01	-4.140412812892919E+00
1.452952952952956E-01	-4.224456550689411E+00
1.463863863863867E-01	-4.314004252894392E+00
1.474774774774777E-01	-4.403996659939367E+00
1.485685685685688E-01	-4.494422116787973E+00
1.496596596596599E-01	-4.585268938624267E+00
1.507507507507510E-01	-4.676525411498915E+00
1.518418418418421E-01	-4.768179792971750E+00
1.529329329329332E-01	-4.860220312753427E+00
1.540240240240243E-01	-4.952635173339786E+00
1.551151151151154E-01	-5.050723707263842E+00
1.562062062062065E-01	-5.143876846855164E+00
1.572972972972976E-01	-5.242730008530543E+00
1.583883883883887E-01	-5.341959433791999E+00
1.594794794794798E-01	-5.436141324535583E+00
1.605705705705709E-01	-5.536060868577806E+00
1.616616616616620E-01	-5.636318953089813E+00
1.627527527527531E-01	-5.736902875016767E+00
1.638438438438442E-01	-5.837799907459612E+00
1.649349349349353E-01	-5.944528569415070E+00
1.660260260260264E-01	-6.046036850016208E+00
1.671171171171175E-01	-6.153397630366271E+00
1.682082082082086E-01	-6.255465012176955E+00
1.692992992992997E-01	-6.363404697830902E+00
1.703903903903908E-01	-6.465978859147071E+00
1.714814814814818E-01	-6.574444062725888E+00
1.725725725725729E-01	-6.683163023591987E+00
1.736636636636640E-01	-6.792122084536913E+00
1.747547547547551E-01	-6.901307568632546E+00
1.758458458458462E-01	-7.016461501502363E+00
1.769369369369373E-01	-7.126079858490357E+00
1.780280280280284E-01	-7.235883243398348E+00
1.791191191191195E-01	-7.351676556095299E+00
1.802102102102106E-01	-7.467668405784480E+00
1.813013013013017E-01	-7.577984539345834E+00
1.823923923923928E-01	-7.694309649754814E+00
1.834834834834839E-01	-7.810789844958435E+00
1.845745745745750E-01	-7.927410521518595E+00
1.856656656656661E-01	-8.050095720406262E+00
1.867567567567572E-01	-8.166972572480063E+00
1.878478478478483E-01	-8.283945743412460E+00
1.889389389389394E-01	-8.406995949204884E+00
1.900300300300305E-01	-8.530149970240927E+00
1.911211211211216E-01	-8.647360125327396E+00
1.922122122122127E-01	-8.770657293313434E+00
1.933033033033038E-01	-8.894012039255813E+00
1.943943943943948E-01	-9.017408836182312E+00
1.954854854854859E-01	-9.140832146370485E+00
1.965765765765770E-01	-9.270385867843288E+00
1.976676676676681E-01	-9.393832179591300E+00
1.987587587587592E-01	-9.523410713270096E+00
1.998498498498503E-01	-9.646816658552780E+00
2.009409409409414E-01	-9.776355485046679E+00
2.020320320320325E-01	-9.905858109867495E+00
2.031231231231236E-01	-1.003530809724998E+01
2.042142142142147E-01	-1.016468900502241E+01
2.053053053053058E-01	-1.030023056340815E+01
2.063963963963969E-01	-1.042943855250951E+01
2.074874874874880E-01	-1.056480308867231E+01
2.085785785785791E-01	-1.069377118358716E+01
2.096696696696702E-01	-1.082889054521456E+01
2.107607607607613E-01	-1.096386856558684E+01
2.118518518518524E-01	-1.109868790432211E+01
2.129429429429435E-01	-1.123333121976566E+01
2.140340340340346E-01	-1.137413726171962E+01
2.151251251251257E-01	-1.150838893804712E+01
2.162162162162168E-01	-1.164879310230299E+01
2.173073073073079E-01	-1.178258258599908E+01
2.183983983983989E-01	-1.192251312019698E+01
2.194894894894900E-01	-1.206218563497760E+01
2.205805805805811E-01	-1.220158189627455E+01
2.216716716716722E-01	-1.234712145181902E+01
2.227627627627633E-01	-1.248592099174084E+01
2.238538538538544E-01	-1.262438930077224E+01
2.249449449449455E-01	-1.276897656645042E+01
2.260360360360366E-01	-1.291321540628178E+01
2.271271271271277E-01	-1.305708669096703E+01
2.282182182182188E-01	-1.320057130088480E+01
2.293093093093099E-01	-1.334365012722674E+01
2.304004004004010E-01	-1.348630407312385E+01
2.314914914914921E-01	-1.363503586094657E+01
2.325825825825832E-01	-1.378332025701457E+01
2.336736736736743E-01	-1.392460000402343E+01
2.347647647647654E-01	-1.407192233913838E+01
2.358558558558565E-01	-1.421873758768879E+01
2.369469469469476E-01	-1.437158369565941E+01
2.380380380380387E-01	-1.451733110954865E+01
2.391291291291298E-01	-1.466908140371652E+01
2.402202202202209E-01	-1.481367993068216E+01
2.413113113113119E-01	-1.496425211264886E+01
2.424024024024030E-01	-1.511420692794809E+01
2.434934934934941E-01	-1.526352353592165E+01
2.445845845845852E-01	-1.541218112197066E+01
2.456756756756763E-01	-1.556675795663341E+01
2.467667667667674E-01	-1.571403879993386E+01
2.478578578578585E-01	-1.586720404942571E+01
2.489489489489496E-01	-1.601963292213350E+01
2.500400400400407E-01	-1.617130372536076E+01
2.511311311311318E-01	-1.632219480047706E+01
2.522222222222228E-01	-1.647890052136108E+01
2.533133133133139E-01	-1.662816891512148E+01
2.544044044044050E-01	-1.678321136651766E+01
2.554954954954960E-01	-1.693738931486814E+01
2.565865865865871E-01	-1.709068023805457E+01
2.576776776776782E-01	-1.724306165718190E+01
2.587687687687693E-01	-1.739451113819950E+01
2.598598598598603E-01	-1.755162626760330E+01
2.609509509509514E-01	-1.770114389983019E+01
2.620420420420425E-01	-1.785793459020260E+01
2.631331331331335E-01	-1.801204570061191E+01
2.642242242242246E-01	-1.816510874290952E+01
2.653153153153157E-01	-1.832040651777925E+01
2.664064064064067E-01	-1.847460716697242E+01
2.674974974974978E-01	-1.862768704438167E+01
2.685885885885889E-01	-1.878292396843790E+01
2.696796796796799E-01	-1.893698919667804E+01
2.707707707707710E-01	-1.908985871554296E+01
2.718618618618621E-01	-1.924480366979378E+01
2.729529529529531E-01	-1.939850012963234E+01
2.740440440440442E-01	-1.955092372702074E+01
2.751351351351353E-01	-1.970533721483116E+01
2.762262262262263E-01	-1.985842320278289E+01
2.773173173173174E-01	-2.001015698270521E+01
2.784084084084085E-01	-2.016051392709915E+01
2.794994994994995E-01	-2.031274309303262E+01
2.805905905905906E-01	-2.046680845869241E+01
2.816816816816817E-01	-2.061614158024940E+01
2.827727727727727E-01	-2.076725260067315E+01
2.838638638638638E-01	-2.091684645406758E+01
2.849549549549549E-01	-2.106815017953022E+01
2.860460460460459E-01	-2.121787663123087E+01
2.871371371371370E-01	-2.136600018102854E+01
2.882282282282281E-01	-2.151573235643491E+01
2.893193193193191E-01	-2.166379974029314E+01
2.904104104104102E-01	-2.181017643661289E+01
2.915015015015013E-01	-2.195483666142263E+01
2.925925925925923E-01	-2.210096862851560E+01
2.936836836836834E-01	-2.224532031818489E+01
2.947747747747745E-01	-2.239106673696642E+01
2.958658658658656E-01	-2.253177322583451E+01
2.969569569569566E-01	-2.267380893039035E+01
2.980480480480477E-01	-2.281712678748818E+01
2.991391391391388E-01	-2.295533295713449E+01
3.002302302302298E-01	-2.309475409465676E+01
3.013213213213209E-01	-2.323534103505517E+01
3.024124124124120E-01	-2.337074460559916E+01
3.035035035035030E-01	-2.350724516377477E+01
3.045945945945941E-01	-2.364165866948451E+01
3.056856856856852E-01	-2.377395869213206E+01
3.067767767767762E-01	-2.390723429464924E+01
3.078678678678673E-01	-2.403521966279095E+01
3.089589589589584E-01	-2.416411004935344E+01
3.100500500500494E-01	-2.429385125551153E+01
3.111411411411405E-01	-2.441823234032108E+01
3.122322322322316E-01	-2.454339219105259E+01
3.133233233233226E-01	-2.466621681247761E+01
3.144144144144137E-01	-2.478667991545035E+01
3.155055055055048E-01	-2.490475539197269E+01
3.165965965965958E-01	-2.502041731767940E+01
3.176876876876869E-01	-2.513665526493651E+01
3.187787787787780E-01	-2.525040610930000E+01
3.198698698698690E-01	-2.536164391008015E+01
3.209609609609601E-01	-2.547034292390390E+01
3.220520520520512E-01	-2.557647760715054E+01
3.231431431431422E-01	-2.568002261836091E+01
3.242342342342333E-01	-2.578095282061031E+01
3.253253253253244E-01	-2.588217630038343E+01
3.264164164164154E-01	-2.597778979262739E+01
3.275075075075065E-01	-2.607071412780124E+01
3.285985985985976E-01	-2.616381985488988E+01
3.296896896896886E-01	-2.625128013588801E+01
3.307807807807797E-01	-2.633884727678787E+01
3.318718718718708E-01	-2.642074732710080E+01
3.329629629629619E-01	-2.650267985384744E+01
3.340540540540529E-01	-2.657892528089951E+01
3.351451451451440E-01	-2.665231555761420E+01
3.362362362362351E-01	-2.672282794792272E+01
3.373273273273261E-01	-2.679043994583071E+01
3.384184184184172E-01	-2.685512927727132E+01
3.395095095095083E-01	-2.691687390190464E+01
3.406006006005993E-01	-2.697291106945613E+01
3.416916916916904E-01	-2.702599012714563E+01
3.427827827827815E-01	-2.707609025224656E+01
3.438738738738725E-01	-2.712319085690797E+01
3.449649649649636E-01	-2.716459130325211E+01
3.460560560560547E-01	-2.720298286608795E+01
3.471471471471457E-01	-2.723834615326814E+01
3.482382382382368E-01	-2.726802860806038E+01
3.493293293293279E-01	-2.729467656127008E+01
3.504204204204189E-01	-2.731567019721842E+01
3.515115115115100E-01	-2.733362537970606E+01
3.526026026026011E-01	-2.734595540811233E+01
3.536936936936921E-01	-2.735524523579670E+01
3.547847847847832E-01	-2.735894162648037E+01
3.558758758758743E-01	-2.735959820359540E+01
3.569669669669653E-01	-2.735469552011364E+01
3.580580580580564E-01	-2.734675547382540E+01
3.591491491491475E-01	-2.733082194824829E+01
3.602402402402385E-01	-2.731188892150112E+01
3.613313313313296E-01	-2.728994288914646E+01
3.624224224224207E-01	-2.726012937764835E+01
3.635135135135117E-01	-2.722734412687669E+01
3.646046046046028E-01	-2.718918793534931E+01
3.656956956956939E-01	-2.714569959607252E+01
3.667867867867849E-01	-2.709691843348628E+01
3.678778778778760E-01	-2.704288427657184E+01
3.689689689689671E-01	-2.698363743231766E+01
3.700600600600581E-01	-2.692152173299701E+01
3.711511511511492E-01	-2.685195546603472E+01
3.722422422422403E-01	-2.677730006369347E+01
3.733333333333314E-01	-2.669985026353424E+01
3.744244244244224E-01	-2.661512616348227E+01
3.755155155155135E-01	-2.652543988449361E+01
3.766066066066046E-01	-2.643083437529731E+01
3.776976976976956E-01	-2.633135286399420E+01
3.787887887887867E-01	-2.622703883504755E+01
3.798798798798778E-01	-2.611793600668034E+01
3.809709709709688E-01	-2.600195141859103E+01
3.820620620620599E-01	-2.588129868784154E+01
3.831531531531510E-01	-2.575602193119084E+01
3.842442442442420E-01	-2.562616540095996E+01
3.853353353353331E-01	-2.549177346485021E+01
3.864264264264242E-01	-2.535083416078896E+01
3.875175175175152E-01	-2.520548016688144E+01
3.886086086086063E-01	-2.505575586207897E+01
3.896996996996974E-01	-2.490170565356129E+01
3.907907907907884E-01	-2.474138011808100E+01
3.918818818818795E-01	-2.457684833965095E+01
3.929729729729706E-01	-2.440815445308090E+01
3.940640640640616E-01	-2.423534254317883E+01
3.951551551551527E-01	-2.405652353781443E+01
3.962462462462438E-01	-2.387370432614762E+01
3.973373373373348E-01	-2.368692846692011E+01
3.984284284284259E-01	-2.349435047577890E+01
3.995195195195170E-01	-2.329793159046676E+01
4.006106106106080E-01	-2.309771466539814E+01
4.017017017016991E-01	-2.289189632849457E+01
4.027927927927902E-01	-2.268422532636941E+01
4.038838838838812E-01	-2.247106562726549E+01
4.049749749749723E-01	-2.225250064646207E+01
4.060660660660634E-01	-2.203219443880471E+01
4.071571571571544E-01	-2.180659277472159E+01
4.082482482482455E-01	-2.157754080430277E+01
4.093393393393366E-01	-2.134507899479740E+01
4.104304304304277E-01	-2.110924754191910E+01
4.115215215215187E-01	-2.086836131491555E+01
4.126126126126098E-01	-2.062421046807140E+01
4.137037037037009E-01	-2.037683395740078E+01
4.147947947947919E-01	-2.012627042612576E+01
4.158858858858830E-01	-1.987255819659731E+01
4.169769769769741E-01	-1.961407218607565E+01
4.180680680680651E-01	-1.935418824640101E+01
4.191591591591562E-01	-1.908962917848794E+01
4.202502502502473E-01	-1.882209462965784E+01
4.213413413413383E-01	-1.855162080945820E+01
4.224324324324294E-01	-1.827824355979646E+01
4.235235235235205E-01	-1.800199834888690E+01
4.246146146146115E-01	-1.772292026541663E+01
4.257057057057026E-01	-1.744104401295681E+01
4.267967967967937E-01	-1.715640390459021E+01
4.278878878878847E-01	-1.686903385775531E+01
4.289789789789758E-01	-1.657896738930322E+01
4.300700700700669E-01	-1.628623761076824E+01
4.311611611611579E-01	-1.599087722382546E+01
4.322522522522490E-01	-1.569291851595744E+01
4.333433433433401E-01	-1.539239335629827E+01
4.344344344344311E-01	-1.508933319167090E+01
4.355255255255222E-01	-1.478376904279730E+01
4.366166166166133E-01	-1.447573150068411E+01
4.377077077077043E-01	-1.416671074124542E+01
4.387987987987954E-01	-1.385380717635098E+01
4.398898898898865E-01	-1.353996099431833E+01
4.409809809809775E-01	-1.322374145353615E+01
4.420720720720686E-01	-1.290553320338950E+01
4.431631631631597E-01	-1.258465078937297E+01
4.442542542542507E-01	-1.226218305350403E+01
4.453453453453418E-01	-1.193814455886650E+01
4.464364364364329E-01	-1.161185555933162E+01
4.475275275275239E-01	-1.128334307786781E+01
4.486186186186150E-01	-1.095331954948097E+01
4.497097097097061E-01	-1.062111708034081E+01
4.508008008007972E-01	-1.028743927734649E+01
4.518918918918882E-01	-9.952299631418555E+00
4.529829829829793E-01	-9.615041756019764E+00
4.540740740740704E-01	-9.276356475831562E+00
4.551651651651614E-01	-8.936256791249434E+00
4.562562562562525E-01	-8.594097365401922E+00
4.573473473473436E-01	-8.250556685446554E+00
4.584384384384346E-01	-7.904996462678810E+00
4.595295295295257E-01	-7.558734331301366E+00
4.606206206206168E-01	-7.210484508731952E+00
4.617117117117078E-01	-6.860909794147574E+00
4.628028028027989E-01	-6.510022064342138E+00
4.638938938938900E-01	-6.157200050798110E+00
4.649849849849810E-01	-5.803724844935914E+00
4.660760760760721E-01	-5.448345228464404E+00
4.671671671671632E-01	-5.092328349995569E+00
4.682582582582542E-01	-4.734436261458995E+00
4.693493493493453E-01	-4.375306160509808E+00
4.704404404404364E-01	-4.014948901939988E+00
4.715315315315274E-01	-3.653375210638842E+00
4.726226226226185E-01	-3.290595681520699E+00
4.737137137137096E-01	-2.926620779486711E+00
4.748048048048006E-01	-2.561460839379379E+00
4.758958958958917E-01	-2.195126065956174E+00
4.769869869869828E-01	-1.828221213384040E+00
4.780780780780738E-01	-1.459563932458423E+00
4.791691691691649E-01	-1.089761691035619E+00
4.802602602602560E-01	-7.194101286754631E-01
4.813513513513470E-01	-3.473440721550105E-01
4.824424424424381E-01	2.525792019287110E-02
4.835335335335292E-01	3.989723915697141E-01
4.846246246246202E-01	7.737900598699525E-01
4.857157157157113E-01	1.149701772863409E+00
4.868068068068024E-01	1.526698508161189E+00
4.878978978978935E-01	1.904204576515440E+00
4.889889889889845E-01	2.282783208669116E+00
4.900800800800756E-01	2.662425653219543E+00
4.911711711711667E-01	3.043123288304287E+00
4.922622622622577E-01	3.424311096223846E+00
4.933533533533488E-01	3.806542196869032E+00
4.944444444444399E-01	4.189808238249498E+00
4.955355355355309E-01	4.574100997580445E+00
4.966266266266220E-01	4.958865648290612E+00
4.977177177177131E-01	5.344645676584150E+00
4.988088088088041E-01	5.731433128357821E+00
4.998998998998952E-01	6.118680498955200E+00
5.009909909909863E-01	6.506924328336481E+00
5.020820820820774E-01	6.895621844529160E+00
5.031731731731685E-01	7.285305050581883E+00
5.042642642642595E-01	7.675966398544006E+00
5.053553553553506E-01	8.067598468788219E+00
5.064464464464417E-01	8.459667712254486E+00
5.075375375375327E-01	8.852173376096744E+00
5.086286286286238E-01	9.245636621904850E+00
5.097197197197149E-01	9.640050305148634E+00
5.108108108108059E-01	1.003488965250017E+01
5.119019019018970E-01	1.043066960351189E+01
5.129929929929881E-01	1.082738327813104E+01
5.140840840840791E-01	1.122451225214763E+01
5.151751751751702E-01	1.162205582461138E+01
5.162662662662613E-01	1.202052094631244E+01
5.173573573573523E-01	1.241990100925796E+01
5.184484484484434E-01	1.281968571399557E+01
5.195395395395345E-01	1.321987438603674E+01
5.206306306306255E-01	1.362096631225495E+01
5.217217217217166E-01	1.402245705066616E+01
5.228128128128077E-01	1.442484215872719E+01
5.239039039038987E-01	1.482811543340040E+01
5.249949949949898E-01	1.523177816708539E+01
5.260860860860809E-01	1.563582972237054E+01
5.271771771771719E-01	1.604075847956392E+01
5.282682682682630E-01	1.644607122030311E+01
5.293593593593541E-01	1.685176732293939E+01
5.304504504504451E-01	1.725832991912512E+01
5.315415415415362E-01	1.766575321444725E+01
5.326326326326273E-01	1.807355112836649E+01
5.337237237237183E-01	1.848172306141487E+01
5.348148148148094E-01	1.889074545834910E+01
5.359059059059005E-01	1.930013735687362E+01
5.369969969969915E-01	1.970989817182954E+01
5.380880880880826E-01	2.012049946663728E+01
5.391791791791737E-01	2.053146527164608E+01
5.402702702702648E-01	2.094326399175043E+01
5.413613613613558E-01	2.135542291704314E+01
5.424524524524469E-01	2.176794148595945E+01
5.435435435435380E-01	2.218128346747062E+01
5.446346346346290E-01	2.259498089684212E+01
5.457257257257201E-01	2.300903322536078E+01
5.468168168168112E-01	2.342389970996146E+01
5.479079079079022E-01	2.383911700606086E+01
5.489989989989933E-01	2.425468457730312E+01
5.500900900900844E-01	2.467105729230661E+01
5.511811811811754E-01	2.508777630182885E+01
5.522722722722665E-01	2.550484108140336E+01
5.533633633633576E-01	2.592270223488913E+01
5.544544544544486E-01	2.634090528378192E+01
5.555455455455397E-01	2.675944971503759E+01
5.566366366366308E-01	2.717878199119878E+01
5.577277277277218E-01	2.759800626408060E+01
5.588188188188129E-01	2.801845887956415E+01
5.599099099099040E-01	2.843880249043423E+01
5.610010010009950E-01	2.885992380560674E+01
5.620920920920861E-01	2.928137807352869E+01
5.631831831831772E-01	2.970316480539168E+01
5.642742742742682E-01	3.012572120145796E+01
5.653653653653593E-01	3.054860650570890E+01
5.664564564564504E-01	3.097182023939195E+01
5.675475475475414E-01	3.139536192631613E+01
5.686386386386325E-01	3.181966372819579E+01
5.697297297297236E-01	3.224429003599016E+01
5.708208208208146E-01	3.266924038308616E+01
5.719119119119057E-01	3.309451430531635E+01
5.730030030029968E-01	3.352053909233155E+01
5.740940940940878E-01	3.394688411423567E+01
5.751851851851789E-01	3.437354891598397E+01
5.762762762762700E-01	3.480053304486637E+01
5.773673673673611E-01	3.522825908464711E+01
5.784584584584521E-01	3.565630121712820E+01
5.795495495495432E-01	3.608465899829253E+01
5.806406406406343E-01	3.651333198634939E+01
5.817317317317253E-01	3.694273822509922E+01
5.828228228228164E-01	3.737203916436329E+01
5.839139139139075E-01	3.780207023000185E+01
5.850050050049985E-01	3.823241250727961E+01
5.860960960960896E-01	3.866347962645659E+01
5.871871871871807E-01	3.909444193674335E+01
5.882782782782717E-01	3.952612606786806E+01
5.893693693693628E-01	3.995811753888847E+01
5.904604604604539E-01	4.039041593038974E+01
5.915515515515449E-01	4.082342956335560E+01
5.926426426426360E-01	4.125633948288305E+01
5.937337337337271E-01	4.168996173000278E+01
5.948248248248181E-01	4.212388715630595E+01
5.959159159159092E-01	4.255811535368821E+01
5.970070070070003E-01	4.299304954280069E+01
5.980980980980913E-01	4.342788104472902E+01
5.991891891891824E-01	4.386341573026266E+01
6.002802802802735E-01	4.429924957333105E+01
6.013713713713645E-01	4.473538217653186E+01
6.024624624624556E-01	4.517181314427535E+01
6.035535535535467E-01	4.560893982806647E+01
6.046446446446377E-01	4.604636217270354E+01
6.057357357357288E-01	4.648368392172233E+01
6.068268268268199E-01	4.692169736107826E+01
6.079179179179109E-01	4.736000529906460E+01
6.090090090090020E-01	4.779900040560960E+01
6.101001001000931E-01	4.823789525392658E+01
6.111911911911841E-01	4.867747467445815E+01
6.122822822822752E-01	4.911734523579798E+01
6.133733733733663E-01	4.955750656192822E+01
6.144644644644573E-01	4.999795827845219E+01
6.155555555555484E-01	5.043870001259302E+01
6.166466466466395E-01	5.088011817318738E+01
6.177377377377306E-01	5.132143793578507E+01
6.188288288288216E-01	5.176343163812362E+01
6.199199199199127E-01	5.220571213476569E+01
6.210110110110038E-01	5.264827906181154E+01
6.221021021020948E-01	5.309113205689073E+01
6.231931931931859E-01	5.353427075915306E+01
6.242842842842770E-01	5.397807561160016E+01
6.253753753753680E-01	5.442178379897950E+01
6.264664664664591E-01	5.486615575753649E+01
6.275575575575502E-01	5.531081033092778E+01
6.286486486486412E-01	5.575574716659366E+01
6.297397397397323E-01	5.620096591340871E+01
6.308308308308234E-01	5.664646622167720E+01
6.319219219219144E-01	5.709262286298053E+01
6.330130130130055E-01	5.753868444003638E+01
6.341041041040966E-01	5.798540007712290E+01
6.351951951951876E-01	5.843239431108123E+01
6.362862862862787E-01	5.887966679996362E+01
6.373773773773698E-01	5.932721720316886E+01
6.384684684684608E-01	5.977504518144406E+01
6.395595595595519E-01	6.022315039687464E+01
6.406506506506430E-01	6.067190147614338E+01
6.417417417417340E-01	6.112055938891717E+01
6.428328328328251E-01	6.156986100010363E+01
6.439239239239162E-01	6.201943701444361E+01
6.450150150150072E-01	6.246892108945622E+01
6.461061061060983E-01	6.291904564640527E+01
6.471971971971894E-01	6.336980817543144E+01
6.482882882882804E-01	6.382047850773870E+01
6.493793793793715E-01	6.427142160216272E+01
6.504704704704626E-01	6.472299955246353E+01
6.515615615615536E-01	6.517448647269885E+01
6.526526526526447E-01	6.562660619204007E+01
6.537437437437358E-01	6.607899597201549E+01
6.548348348348269E-01	6.653165549355390E+01
6.559259259259179E-01	6.698458443876598E+01
6.570170170170090E-01	6.743778249093384E+01
6.581081081081001E-01	6.789124933451376E+01
6.591991991991911E-01	6.834498465512388E+01
6.602902902902822E-01	6.879934439378894E+01
6.613813813813733E-01	6.925361504582952E+01
6.624724724724643E-01	6.970850816588109E+01
6.635635635635554E-01	7.016331290617427E+01
6.646546546546465E-01	7.061873816952402E+01
6.657457457457375E-01	7.107442872172851E+01
6.668368368368286E-01	7.153038425673776E+01
6.679279279279197E-01	7.198660446959366E+01
6.690190190190107E-01	7.244308905642674E+01
6.701101101101018E-01	7.290018814420637E+01
6.712012012011929E-01	7.335719992971144E+01
6.722922922922839E-01	7.381447518415735E+01
6.733833833833750E-01	7.427236215324456E+01
6.744744744744661E-01	7.473051075103331E+01
6.755655655655571E-01	7.518857333584174E+01
6.766566566566482E-01	7.564724490077106E+01
6.777477477477393E-01	7.610617720587925E+01
6.788388388388303E-01	7.656536995707256E+01
6.799299299299214E-01	7.702482286126906E+01
6.810210210210125E-01	7.748453562639315E+01
6.821121121121035E-01	7.794485170615098E+01
6.832032032031946E-01	7.840508272123679E+01
6.842942942942857E-01	7.886557272708933E+01
6.853853853853767E-01	7.932666342311541E+01
6.864764764764678E-01	7.978766994770740E+01
6.875675675675589E-01	8.024927543197373E+01
6.886586586586499E-01	8.071113760344269E+01
6.897497497497410E-01	8.117291646324384E+01
6.908408408408321E-01	8.163529171553955E+01
6.919319319319231E-01	8.209792280570991E+01
6.930230230230142E-01	8.256080945254689E+01
6.941141141141053E-01	8.302428886072403E+01
6.952052052051964E-01	8.348768522363662E+01
6.962962962962874E-01	8.395133630519240E+01
6.973873873873785E-01	8.441524182787225E+01
6.984784784784696E-01	8.487973681279936E+01
6.995695695695606E-01	8.534414983161059E+01
7.006606606606517E-01	8.580915068981858E+01
7.017517517517428E-01	8.627407010566913E+01
7.028428428428338E-01	8.673957574177666E+01
7.039339339339249E-01	8.720533310076371E+01
7.050250250250160E-01	8.767134191145988E+01
7.061161161161070E-01	8.813760190355561E+01
7.072072072071981E-01	8.860411280760036E+01
7.082982982982892E-01	8.907087435500080E+01
7.093893893893802E-01	8.953788627801396E+01
7.104804804804713E-01	9.000514830974817E+01
7.115715715715624E-01	9.047266018415530E+01
7.126626626626534E-01	9.094042163603081E+01
7.137537537537445E-01	9.140876044741617E+01
7.148448448448356E-01	9.187701974709444E+01
7.159359359359266E-01	9.234585489280289E+01
7.170270270270177E-01	9.281461098941463E+01
7.181181181181088E-01	9.328394142187472E+01
7.192092092091998E-01	9.375351887075112E+01
7.203003003002909E-01	9.422301794920395E+01
7.213913913913820E-01	9.469308912558699E+01
7.224824824824730E-01	9.516340654236592E+01
7.235735735735641E-01	9.563396994245022E+01
7.246646646646552E-01	9.610477906953156E+01
7.257557557557462E-01	9.657583366808058E+01
7.268468468468373E-01	9.704713348334326E+01
7.279379379379284E-01	9.751867826133866E+01
7.290290290290194E-01	9.799078909791888E+01
7.301201201201105E-01	9.846282257012399E+01
7.312112112112016E-01	9.893510024768921E+01
7.323023023022927E-01	9.940794185452296E+01
7.333933933933837E-01	9.988070671828746E+01
7.344844844844748E-01	1.003540341097810E+02
7.355755755755659E-01	1.008272851618890E+02
7.366666666666569E-01	1.013010973430482E+02
7.377577577577480E-01	1.017751513330463E+02
7.388488488488391E-01	1.022491295732884E+02
7.399399399399301E-01	1.027236668714268E+02
7.410310310310212E-01	1.031984452408692E+02
7.421221221221123E-01	1.036734644371977E+02
7.432132132132033E-01	1.041487242167068E+02
7.443043043042944E-01	1.046242243364004E+02
7.453953953953855E-01	1.050999645539846E+02
7.464864864864765E-01	1.055759446278694E+02
7.475775775775676E-01	1.060521643171646E+02
7.486686686686587E-01	1.065286233816792E+02
7.497597597597497E-01	1.070053215819139E+02
7.508508508508408E-01	1.074825712649499E+02
7.519419419419319E-01	1.079597465908964E+02
7.530330330330229E-01	1.084374721077752E+02
7.541241241241140E-01	1.089151236094144E+02
7.552152152152051E-01	1.093930130594326E+02
7.563063063062961E-01	1.098714507453583E+02
7.573973973973872E-01	1.103501250927829E+02
7.584884884884783E-01	1.108287261173200E+02
7.595795795795693E-01	1.113078734720857E+02
7.606706706706604E-01	1.117872567875934E+02
7.617617617617515E-01	1.122665672850317E+02
7.628528528528425E-01	1.127464222123886E+02
7.639439439439336E-01	1.132265124055812E+02
7.650350350350247E-01	1.137068376342427E+02
7.661261261261157E-01	1.141873976686434E+02
7.672172172172068E-01	1.146681922796897E+02
7.683083083082979E-01	1.151492212389203E+02
7.693993993993890E-01	1.156304843185026E+02
7.704904904904800E-01	1.161119812912343E+02
7.715815815815711E-01	1.165937119305349E+02
7.726726726726622E-01	1.170759806878518E+02
7.737637637637532E-01	1.175581775956834E+02
7.748548548548443E-01	1.180406074939815E+02
7.759459459459354E-01	1.185232701586438E+02
7.770370370370264E-01	1.190064685382445E+02
7.781281281281175E-01	1.194895956780160E+02
7.792192192192086E-01	1.199732573566766E+02
7.803103103102996E-01	1.204568480820408E+02
7.814014014013907E-01	1.209409721723227E+02
7.824924924924818E-01	1.214250255985594E+02
7.835835835835728E-01	1.219096112177699E+02
7.846746746746639E-01	1.223944271002410E+02
7.857657657657550E-01	1.228791727350817E+02
7.868568568568460E-01	1.233644488311752E+02
7.879479479479371E-01	1.238499545353811E+02
7.890390390390282E-01	1.243356896304444E+02
7.901301301301192E-01	1.248216538996835E+02
7.912212212212103E-01	1.253075485985632E+02
7.923123123123014E-01	1.257939709122934E+02
7.934034034033924E-01	1.262806217536458E+02
7.944944944944835E-01	1.267675009082077E+02
7.955855855855746E-01	1.272546081621231E+02
7.966766766766656E-01	1.277419433020955E+02
7.977677677677567E-01	1.282298025788500E+02
7.988588588588478E-01	1.287175925087436E+02
7.999499499499388E-01	1.292056096880206E+02
8.010410410410299E-01	1.296938539055977E+02
8.021321321321210E-01	1.301823249509403E+02
8.032232232232120E-01	1.306713173995154E+02
8.043143143143031E-01	1.311602411258468E+02
8.054054054053942E-01	1.316493910514728E+02
8.064964964964852E-01	1.321390607637336E+02
8.075875875875763E-01	1.326286621178970E+02
8.086786786786674E-01	1.331187821984026E+02
8.097697697697585E-01	1.336088341513937E+02
8.108608608608495E-01	1.340994037721280E+02
8.119519519519406E-01	1.345899054984679E+02
8.130430430430317E-01	1.350809238355982E+02
8.141341341341227E-01	1.355718745140052E+02
8.152252252252138E-01	1.360633407478567E+02
8.163163163163049E-01	1.365550304738967E+02
8.174074074073959E-01	1.370466528762468E+02
8.184984984984870E-01	1.375387892771046E+02
8.195895895895781E-01	1.380311485613415E+02
8.206806806806691E-01	1.385237305269989E+02
8.217717717717602E-01	1.390165349726190E+02
8.228628628628513E-01	1.395095616972435E+02
8.239539539539423E-01	1.400025217384332E+02
8.250450450450334E-01	1.404959927212030E+02
8.261361361361245E-01	1.409896853831920E+02
8.272272272272155E-01	1.414835995254243E+02
8.283183183183066E-01	1.419777349494120E+02
8.294094094093977E-01	1.424720914571558E+02
8.305005005004887E-01	1.429669558051369E+02
8.315915915915798E-01	1.434617535865632E+02
8.326826826826709E-01	1.439567718605276E+02
8.337737737737619E-01	1.444520104309668E+02
8.348648648648530E-01	1.449474691022947E+02
8.359559559559441E-01	1.454431476794084E+02
8.370470470470351E-01	1.459393311562385E+02
8.381381381381262E-01	1.464354486588959E+02
8.392292292292173E-01	1.469317854847191E+02
8.403203203203083E-01	1.474286257682934E+02
8.414114114113994E-01	1.479254003582314E+02
8.425025025024905E-01	1.484223936929470E+02
8.435935935935815E-01	1.489198890464691E+02
8.446846846846726E-01	1.494173189922585E+02
8.457757757757637E-01	1.499152500150526E+02
8.468668668668548E-01	1.504131158077339E+02
8.479579579579458E-01	1.509114817369259E+02
8.490490490490369E-01	1.514097826159755E+02
8.501401401401280E-01	1.519085826923101E+02
8.512312312312190E-01	1.524075994304189E+02
8.523223223223101E-01	1.529065513686451E+02
8.534134134134012E-01	1.534060011216156E+02
8.545045045044922E-01	1.539056669720499E+02
8.555955955955833E-01	1.544052682780607E+02
8.566866866866744E-01	1.549053660190625E+02
8.577777777777654E-01	1.554056792971746E+02
8.588688688688565E-01	1.559062079264490E+02
8.599599599599476E-01	1.564066723438596E+02
8.610510510510386E-01	1.569076313768282E+02
8.621421421421297E-01	1.574088052058196E+02
8.632332332332208E-01	1.579101936466054E+02
8.643243243243118E-01	1.584117965153855E+02
8.654154154154029E-01	1.589136136287825E+02
8.665065065064940E-01	1.594156448038452E+02
8.675975975975850E-01	1.599178898580417E+02
8.686886886886761E-01	1.604203486092629E+02
8.697797797797672E-01	1.609230208758186E+02
8.708708708708582E-01	1.614259064764365E+02
8.719619619619493E-01	1.619290052302599E+02
8.730530530530404E-01	1.624323169568493E+02
8.741441441441314E-01	1.629358414761773E+02
8.752352352352225E-01	1.634395786086311E+02
8.763263263263136E-01	1.639438036756396E+02
8.774174174174046E-01	1.644479652374666E+02
8.785085085084957E-01	1.649523388758707E+02
8.795995995995868E-01	1.654569244128711E+02
8.806906906906778E-01	1.659617216708943E+02
8.817817817817689E-01	1.664670047229279E+02
8.828728728728600E-01	1.669722246313913E+02
8.839639639639510E-01	1.674776557303971E+02
8.850550550550421E-01	1.679835713618936E+02
8.861461461461332E-01	1.684894240534750E+02
8.872372372372243E-01	1.689957604543542E+02
8.883283283283153E-01	1.695020340371179E+02
8.894194194194064E-01	1.700085179341800E+02
8.905105105104975E-01	1.705154842826955E+02
8.916016016015885E-01	1.710223880248991E+02
8.926926926926796E-01	1.715297733978000E+02
8.937837837837707E-01	1.720370962915599E+02
8.948748748748617E-01	1.725448999962041E+02
8.959659659659528E-01	1.730526413510238E+02
8.970570570570439E-01	1.735608626978242E+02
8.981481481481349E-01	1.740692925018234E+02
8.992392392392260E-01	1.745776601286757E+02
9.003303303303171E-01	1.750865065459989E+02
9.014214214214081E-01	1.755955609076054E+02
9.025125125124992E-01	1.761045532694529E+02
9.036036036035903E-01	1.766140232223001E+02
9.046946946946813E-01	1.771237006098636E+02
9.057857857857724E-01	1.776333161798025E+02
9.068768768768635E-01	1.781434081432121E+02
9.079679679679545E-01	1.786537070350837E+02
9.090590590590456E-01	1.791642126873562E+02
9.101501501501367E-01	1.796749249323270E+02
9.112412412412277E-01	1.801855756396421E+02
9.123323323323188E-01	1.806967007826020E+02
9.134234234234099E-01	1.812080320174618E+02
9.145145145145009E-01	1.817195691779607E+02
9.156056056055920E-01	1.822313120981948E+02
9.166966966966831E-01	1.827432606126163E+02
9.177877877877741E-01	1.832554145560293E+02
9.188788788788652E-01	1.837677737635941E+02
9.199699699699563E-01	1.842803380708215E+02
9.210610610610473E-01	1.847931073135737E+02
9.221521521521384E-01	1.853060813280622E+02
9.232432432432295E-01	1.858192599508498E+02
9.243343343343206E-01	1.863326430188440E+02
9.254254254254116E-01	1.868462303693004E+02
9.265165165165027E-01	1.873600218398201E+02
9.276076076075938E-01	1.878740172683488E+02
9.286986986986848E-01	1.883882164931770E+02
9.297897897897759E-01	1.889026193529367E+02
9.308808808808670E-01	1.894174897697944E+02
9.319719719719580E-01	1.899322991995405E+02
9.330630630630491E-01	1.904473117819748E+02
9.341541541541402E-01	1.909625273570850E+02
9.352452452452312E-01	1.914779457651994E+02
9.363363363363223E-01	1.919938298953025E+02
9.374274274274134E-01	1.925096532737334E+02
9.385185185185044E-01	1.930256790079643E+02
9.396096096095955E-01	1.935419069396617E+02
9.407007007006866E-01	1.940585991388248E+02
9.417917917917776E-01	1.945752307730213E+02
9.428828828828687E-01	1.950920641314574E+02
9.439739739739598E-01	1.956093606813843E+02
9.450650650650508E-01	1.961265967982749E+02
9.461561561561419E-01	1.966442954078225E+02
9.472472472472330E-01	1.971619336569370E+02
9.483383383383240E-01	1.976797728480483E+02
9.494294294294151E-01	1.981980734582617E+02
9.505205205205062E-01	1.987163138472692E+02
9.516116116115972E-01	1.992350149581839E+02
9.527027027026883E-01	1.997536559252785E+02
9.537937937937794E-01	2.002727569177218E+02
9.548848848848704E-01	2.007917978456389E+02
9.559759759759615E-01	2.013112981029549E+02
9.570670670670526E-01	2.018307383769511E+02
9.581581581581436E-01	2.023506372849847E+02
9.592492492492347E-01	2.028704762928278E+02
9.603403403403258E-01	2.033907732399107E+02
9.614314314314168E-01	2.039112688938753E+02
9.625225225225079E-01	2.044317047487980E+02
9.636136136135990E-01	2.049525975287893E+02
9.647047047046901E-01	2.054736885603234E+02
9.657957957957811E-01	2.059947198981449E+02
9.668868868868722E-01	2.065162071481805E+02
9.679779779779633E-01	2.070378921971510E+02
9.690690690690543E-01	2.075595176619431E+02
9.701601601601454E-01	2.080815980273405E+02
9.712512512512365E-01	2.086038757417668E+02
9.723423423423275E-01	2.091260939857862E+02
9.734334334334186E-01	2.096487661199676E+02
9.745245245245097E-01	2.101716351559498E+02
9.756156156156007E-01	2.106947009452069E+02
9.767067067066918E-01	2.112179633394994E+02
9.777977977977829E-01	2.117411664256347E+02
9.788888888888739E-01	2.122648217568681E+02
9.799799799799650E-01	2.127886732503225E+02
9.810710710710561E-01	2.133127207589278E+02
9.821621621621471E-01	2.138369641359018E+02
9.832532532532382E-01	2.143614032347500E+02
9.843443443443293E-01	2.148860379092648E+02
9.854354354354203E-01	2.154108680135259E+02
9.865265265265114E-01	2.159356390597445E+02
9.876176176176025E-01	2.164608597585534E+02
9.887087087086935E-01	2.169862754512137E+02
9.897997997997846E-01	2.175118859929412E+02
9.908908908908757E-01	2.180376912392371E+02
9.919819819819667E-01	2.185636910458820E+02
9.930730730730578E-01	2.190898852689365E+02
9.941641641641489E-01	2.196162737647414E+02
9.952552552552399E-01	2.201428563899176E+02
9.963463463463310E-01	2.206696330013615E+02
9.974374374374221E-01	2.211966034562492E+02
9.985285285285131E-01	2.217237676120326E+02
9.996196196196042E-01	2.222513775975517E+02
1.000710710710695E+00	2.227789285548733E+02
1.001801801801786E+00	2.233066727869164E+02
1.002892892892878E+00	2.238346101522247E+02
1.003983983983969E+00	2.243627405096217E+02
1.005075075075060E+00	2.248910637181984E+02
1.006166166166151E+00	2.254195796373165E+02
1.007257257257242E+00	2.259482881266126E+02
1.008348348348333E+00	2.264774399793891E+02
1.009439439439424E+00	2.270065330138782E+02
1.010530530530515E+00	2.275358181988595E+02
1.011621621621606E+00	2.280652953950384E+02
1.012712712712697E+00	2.285949644633874E+02
1.013803803803788E+00	2.291250753783793E+02
1.014894894894879E+00	2.296551275989827E+02
1.015985985985970E+00	2.301853712760553E+02
1.017077077077061E+00	2.307158062716248E+02
1.018168168168152E+00	2.312466819135211E+02
1.019259259259244E+00	2.317774989564018E+02
1.020350350350335E+00	2.323085069052236E+02
1.021441441441426E+00	2.328399546155092E+02
1.022532532532517E+00	2.333713437883066E+02
1.023623623623608E+00	2.339029234568220E+02
1.024714714714699E+00	2.344349420027725E+02
1.025805805805790E+00	2.349669020765614E+02
1.026896896896881E+00	2.354990522381622E+02
1.027987987987972E+00	2.360316403939328E+02
1.029079079079063E+00	2.365641701466998E+02
1.030170170170154E+00	2.370971373246393E+02
1.031261261261245E+00	2.376300461282385E+02
1.032352352352336E+00	2.381631443448155E+02
1.033443443443427E+00	2.386966791045129E+02
1.034534534534518E+00	2.392301555653830E+02
1.035625625625610E+00	2.397640680012451E+02
1.036716716716701E+00	2.402979221710812E+02
1.037807807807792E+00	2.408322117481252E+02
1.038898898898883E+00	2.413664430935810E+02
1.039989989989974E+00	2.419011092787873E+02
1.041081081081065E+00	2.424357172684872E+02
1.042172172172156E+00	2.429707595307868E+02
1.043263263263247E+00	2.435057436353140E+02
1.044354354354338E+00	2.440411614455843E+02
1.045445445445429E+00	2.445765211374733E+02
1.046536536536520E+00	2.451123139685192E+02
1.047627627627611E+00	2.456480487222384E+02
1.048718718718702E+00	2.461842160487854E+02
1.049809809809793E+00	2.467205703654317E+02
1.050900900900885E+00	2.472568666394209E+02
1.051991991991976E+00	2.477935946670900E+02
1.053083083083067E+00	2.483302646972747E+02
1.054174174174158E+00	2.488673659154470E+02
1.055265265265249E+00	2.494046534726408E+02
1.056356356356340E+00	2.499418830730342E+02
1.057447447447431E+00	2.504795430433237E+02
1.058538538538522E+00	2.510173889647745E+02
1.059629629629613E+00	2.515551769736999E+02
1.060720720720704E+00	2.520933945350366E+02
1.061811811811795E+00	2.526317976617556E+02
1.062902902902886E+00	2.531701429238396E+02
1.063993993993977E+00	2.537089169213973E+02
1.065085085085068E+00	2.542478761006246E+02
1.066176176176159E+00	2.547870203340294E+02
1.067267267267251E+00	2.553261067518902E+02
1.068358358358342E+00	2.558656208370408E+02
1.069449449449433E+00	2.564053195953852E+02
1.070540540540524E+00	2.569452029003364E+02
1.071631631631615E+00	2.574850284451386E+02
1.072722722722706E+00	2.580252805899950E+02
1.073813813813797E+00	2.585657169031697E+02
1.074904904904888E+00	2.591063372589665E+02
1.075995995995979E+00	2.596471415319138E+02
1.077087087087070E+00	2.601878881074131E+02
1.078178178178161E+00	2.607290599654571E+02
1.079269269269252E+00	2.612704153656937E+02
1.080360360360343E+00	2.618119541835317E+02
1.081451451451434E+00	2.623536762945951E+02
1.082542542542525E+00	2.628955815747290E+02
1.083633633633617E+00	2.634376698999931E+02
1.084724724724708E+00	2.639799411466656E+02
1.085815815815799E+00	2.645221547791357E+02
1.086906906906890E+00	2.650647916259145E+02
1.087997997997981E+00	2.656076110243807E+02
1.089089089089072E+00	2.661506128516739E+02
1.090180180180163E+00	2.666937969851483E+02
1.091271271271254E+00	2.672371633023718E+02
1.092362362362345E+00	2.677807116811214E+02
1.093453453453436E+00	2.683244419993903E+02
1.094544544544527E+00	2.688683541353821E+02
1.095635635635618E+00	2.694124479675097E+02
1.096726726726709E+00	2.699567233743996E+02
1.097817817817800E+00	2.705011802348845E+02
1.098908908908891E+00	2.710458184280101E+02
1.099999999999983E+00	2.715906378330292E+02
1.101091091091074E+00	2.721356383294010E+02
