# barionic density, scalar density 
1.109109109109109E-02	-3.563981880471665E+00
1.218218218218218E-02	-3.557488095369440E+00
1.327327327327328E-02	-3.550921495745793E+00
1.436436436436437E-02	-3.544427515188806E+00
1.545545545545546E-02	-3.537933253070231E+00
1.654654654654655E-02	-3.531365181278496E+00
1.763763763763764E-02	-3.524869759036383E+00
1.872872872872873E-02	-3.518299945407712E+00
1.981981981981983E-02	-3.511802871737775E+00
2.091091091091092E-02	-3.505304895029943E+00
2.200200200200201E-02	-3.498731737505926E+00
2.309309309309310E-02	-3.492231522672686E+00
2.418418418418419E-02	-3.485655639038783E+00
2.527527527527529E-02	-3.479152868539514E+00
2.636636636636638E-02	-3.472573965087828E+00
2.745745745745747E-02	-3.466068365934160E+00
2.854854854854856E-02	-3.459486188916129E+00
2.963963963963965E-02	-3.452977524187793E+00
3.073073073073074E-02	-3.446391852502534E+00
3.182182182182183E-02	-3.439804277799944E+00
3.291291291291292E-02	-3.433290554655503E+00
3.400400400400401E-02	-3.426699203146031E+00
3.509509509509510E-02	-3.420105820302627E+00
3.618618618618619E-02	-3.413510368290702E+00
3.727727727727728E-02	-3.406989258242242E+00
3.836836836836836E-02	-3.400389725450137E+00
3.945945945945945E-02	-3.393788022350345E+00
4.055055055055054E-02	-3.387184118928884E+00
4.164164164164163E-02	-3.380577986819083E+00
4.273273273273272E-02	-3.373969599200816E+00
4.382382382382381E-02	-3.367358930708648E+00
4.491491491491489E-02	-3.360745957347927E+00
4.600600600600598E-02	-3.354130656417931E+00
4.709709709709707E-02	-3.347513006441373E+00
4.818818818818816E-02	-3.340892987099568E+00
4.927927927927925E-02	-3.334270579172717E+00
5.037037037037034E-02	-3.327567369809732E+00
5.146146146146142E-02	-3.320939969112699E+00
5.255255255255251E-02	-3.314310128273374E+00
5.364364364364360E-02	-3.307598947235378E+00
5.473473473473469E-02	-3.300964019014572E+00
5.582582582582578E-02	-3.294326607232304E+00
5.691691691691687E-02	-3.287607324581023E+00
5.800800800800796E-02	-3.280964746010802E+00
5.909909909909904E-02	-3.274239945493728E+00
6.019019019019013E-02	-3.267512286899718E+00
6.128128128128122E-02	-3.260861793908256E+00
6.237237237237231E-02	-3.254128555802360E+00
6.346346346346340E-02	-3.247392431795571E+00
6.455455455455450E-02	-3.240733940424766E+00
6.564564564564560E-02	-3.233992186706165E+00
6.673673673673669E-02	-3.227247524685745E+00
6.782782782782779E-02	-3.220499948020080E+00
6.891891891891888E-02	-3.213749450892670E+00
7.001001001000998E-02	-3.206996027997750E+00
7.110110110110107E-02	-3.200239674525002E+00
7.219219219219217E-02	-3.193480386145141E+00
7.328328328328326E-02	-3.186636308674501E+00
7.437437437437436E-02	-3.179870974062188E+00
7.546546546546545E-02	-3.173102694353020E+00
7.655655655655655E-02	-3.166331467013864E+00
7.764764764764764E-02	-3.159474774627310E+00
7.873873873873874E-02	-3.152697480992258E+00
7.982982982982983E-02	-3.145834385071316E+00
8.092092092092093E-02	-3.139051020112295E+00
8.201201201201203E-02	-3.132181517381207E+00
8.310310310310312E-02	-3.125308726452081E+00
8.419419419419422E-02	-3.118516169406463E+00
8.528528528528531E-02	-3.111636972478566E+00
8.637637637637641E-02	-3.104754489470897E+00
8.746746746746750E-02	-3.097868721813036E+00
8.855855855855860E-02	-3.090979671277934E+00
8.964964964964969E-02	-3.084087339975702E+00
9.074074074074079E-02	-3.077191730347733E+00
9.183183183183188E-02	-3.070292845161049E+00
9.292292292292298E-02	-3.063390687502942E+00
9.401401401401407E-02	-3.056485260775845E+00
9.510510510510517E-02	-3.049491359903422E+00
9.619619619619627E-02	-3.042579238108875E+00
9.728728728728736E-02	-3.035663859364401E+00
9.837837837837846E-02	-3.028659510371886E+00
9.946946946946955E-02	-3.021737463709738E+00
1.005605605605606E-01	-3.014726116502938E+00
1.016516516516517E-01	-3.007711192369862E+00
1.027427427427428E-01	-3.000779100133619E+00
1.038338338338339E-01	-2.993757212522524E+00
1.049249249249250E-01	-2.986731766748031E+00
1.060160160160161E-01	-2.979702769653259E+00
1.071071071071072E-01	-2.972670228359613E+00
1.081981981981983E-01	-2.965634150264019E+00
1.092892892892894E-01	-2.958594543036259E+00
1.103803803803805E-01	-2.951551414616431E+00
1.114714714714716E-01	-2.944416995729808E+00
1.125625625625627E-01	-2.937366678370787E+00
1.136536536536538E-01	-2.930312865332601E+00
1.147447447447449E-01	-2.923167269793362E+00
1.158358358358360E-01	-2.916106321500412E+00
1.169269269269271E-01	-2.908953263071451E+00
1.180180180180182E-01	-2.901796400403477E+00
1.191091091091093E-01	-2.894724736594706E+00
1.202002002002004E-01	-2.887560471789013E+00
1.212912912912915E-01	-2.880392434444644E+00
1.223823823823826E-01	-2.873220635682455E+00
1.234734734734736E-01	-2.866045086881870E+00
1.245645645645647E-01	-2.858865799679521E+00
1.256556556556558E-01	-2.851592744484659E+00
1.267467467467469E-01	-2.844405842025933E+00
1.278378378378380E-01	-2.837215237728825E+00
1.289289289289291E-01	-2.829930375632583E+00
1.300200200200202E-01	-2.822732231867380E+00
1.311111111111113E-01	-2.815439504252826E+00
1.322022022022024E-01	-2.808233874180368E+00
1.332932932932935E-01	-2.800933335744841E+00
1.343843843843846E-01	-2.793628824130259E+00
1.354754754754757E-01	-2.786320353916321E+00
1.365665665665668E-01	-2.779007939941638E+00
1.376576576576579E-01	-2.771691597303019E+00
1.387487487487490E-01	-2.764371341354789E+00
1.398398398398401E-01	-2.757047187708130E+00
1.409309309309312E-01	-2.749719152230460E+00
1.420220220220223E-01	-2.742294555403205E+00
1.431131131131134E-01	-2.734958628245687E+00
1.442042042042045E-01	-2.727525815393804E+00
1.452952952952956E-01	-2.720182063755189E+00
1.463863863863867E-01	-2.712741103774132E+00
1.474774774774777E-01	-2.705296006532829E+00
1.485685685685688E-01	-2.697846790217894E+00
1.496596596596599E-01	-2.690393473283395E+00
1.507507507507510E-01	-2.682936074450565E+00
1.518418418418421E-01	-2.675474612707485E+00
1.529329329329332E-01	-2.668009107308827E+00
1.540240240240243E-01	-2.660539577775583E+00
1.551151151151154E-01	-2.652971191547160E+00
1.562062062062065E-01	-2.645493494501682E+00
1.572972972972976E-01	-2.637916619365209E+00
1.583883883883887E-01	-2.630335439693965E+00
1.594794794794798E-01	-2.622845556887038E+00
1.605705705705709E-01	-2.615256015374609E+00
1.616616616616620E-01	-2.607662234427013E+00
1.627527527527531E-01	-2.600064236376542E+00
1.638438438438442E-01	-2.592462043837327E+00
1.649349349349353E-01	-2.584759189657332E+00
1.660260260260264E-01	-2.577148495773830E+00
1.671171171171175E-01	-2.569436820233797E+00
1.682082082082086E-01	-2.561817719814518E+00
1.692992992992997E-01	-2.554097319842074E+00
1.703903903903908E-01	-2.546469910003756E+00
1.714814814814818E-01	-2.538740884872221E+00
1.725725725725729E-01	-2.531007492972320E+00
1.736636636636640E-01	-2.523269760268189E+00
1.747547547547551E-01	-2.515527713024621E+00
1.758458458458462E-01	-2.507683049980092E+00
1.769369369369373E-01	-2.499932270446675E+00
1.780280280280284E-01	-2.492177257258287E+00
1.791191191191195E-01	-2.484319156816391E+00
1.802102102102106E-01	-2.476456508808223E+00
1.813013013013017E-01	-2.468688596621354E+00
1.823923923923928E-01	-2.460817126941725E+00
1.834834834834839E-01	-2.452941197273625E+00
1.845745745745750E-01	-2.445060837551593E+00
1.856656656656661E-01	-2.437076080620786E+00
1.867567567567572E-01	-2.429186766934254E+00
1.878478478478483E-01	-2.421293115262929E+00
1.889389389389394E-01	-2.413294601084376E+00
1.900300300300305E-01	-2.405291439331623E+00
1.911211211211216E-01	-2.397384595190035E+00
1.922122122122127E-01	-2.389372425117751E+00
1.933033033033038E-01	-2.381355706901547E+00
1.943943943943948E-01	-2.373334474490486E+00
1.954854854854859E-01	-2.365308762179945E+00
1.965765765765770E-01	-2.357176737323620E+00
1.976676676676681E-01	-2.349141983604128E+00
1.987587587587592E-01	-2.341000612184227E+00
1.998498498498503E-01	-2.332956959960014E+00
2.009409409409414E-01	-2.324806387869081E+00
2.020320320320325E-01	-2.316651176666933E+00
2.031231231231236E-01	-2.308491364326809E+00
2.042142142142147E-01	-2.300326989193929E+00
2.053053053053058E-01	-2.292054715435785E+00
2.063963963963969E-01	-2.283881144153050E+00
2.074874874874880E-01	-2.275599375013871E+00
2.085785785785791E-01	-2.267416767199669E+00
2.096696696696702E-01	-2.259125665601122E+00
2.107607607607613E-01	-2.250829864955929E+00
2.118518518518524E-01	-2.242529407629414E+00
2.129429429429435E-01	-2.234224336386152E+00
2.140340340340346E-01	-2.225809804468586E+00
2.151251251251257E-01	-2.217495447430268E+00
2.162162162162168E-01	-2.209071338059333E+00
2.173073073073079E-01	-2.200747873077193E+00
2.183983983983989E-01	-2.192314367750895E+00
2.194894894894900E-01	-2.183876138408405E+00
2.205805805805811E-01	-2.175433232203782E+00
2.216716716716722E-01	-2.166879475736426E+00
2.227627627627633E-01	-2.158427170307990E+00
2.238538538538544E-01	-2.149970332597698E+00
2.249449449449455E-01	-2.141402221687774E+00
2.260360360360366E-01	-2.132829298234448E+00
2.271271271271277E-01	-2.124251613696522E+00
2.282182182182188E-01	-2.115669219990400E+00
2.293093093093099E-01	-2.107082169489892E+00
2.304004004004010E-01	-2.098490515025975E+00
2.314914914914921E-01	-2.089786375887536E+00
2.325825825825832E-01	-2.081077359721004E+00
2.336736736736743E-01	-2.072471840511768E+00
2.347647647647654E-01	-2.063753430052103E+00
2.358558558558565E-01	-2.055030311669527E+00
2.369469469469476E-01	-2.046193654052764E+00
2.380380380380387E-01	-2.037461103976021E+00
2.391291291291298E-01	-2.028614750194266E+00
2.402202202202209E-01	-2.019873005270212E+00
2.413113113113119E-01	-2.011017196916317E+00
2.424024024024030E-01	-2.002156657836817E+00
2.434934934934941E-01	-1.993291450671715E+00
2.445845845845852E-01	-1.984421638579634E+00
2.456756756756763E-01	-1.975436873261851E+00
2.467667667667674E-01	-1.966557855203277E+00
2.478578578578585E-01	-1.957563634661750E+00
2.489489489489496E-01	-1.948564691159494E+00
2.500400400400407E-01	-1.939561092794809E+00
2.511311311311318E-01	-1.930552908216350E+00
2.522222222222228E-01	-1.921428654242093E+00
2.533133133133139E-01	-1.912411318118001E+00
2.544044044044050E-01	-1.903277675449400E+00
2.554954954954960E-01	-1.894139351986509E+00
2.565865865865871E-01	-1.884996421683043E+00
2.576776776776782E-01	-1.875848959074915E+00
2.587687687687693E-01	-1.866697039278862E+00
2.598598598598603E-01	-1.857427862490030E+00
2.609509509509514E-01	-1.848267070489307E+00
2.620420420420425E-01	-1.838960488050524E+00
2.631331331331335E-01	-1.829677650166520E+00
2.642242242242246E-01	-1.820390371746394E+00
2.653153153153157E-01	-1.811041826728483E+00
2.664064064064067E-01	-1.801688818564678E+00
2.674974974974978E-01	-1.792331431385807E+00
2.685885885885889E-01	-1.782912562147302E+00
2.696796796796799E-01	-1.773489298824651E+00
2.707707707707710E-01	-1.764061728959600E+00
2.718618618618621E-01	-1.754572474040705E+00
2.729529529529531E-01	-1.745078905402712E+00
2.740440440440442E-01	-1.735581114105836E+00
2.751351351351353E-01	-1.726021447900477E+00
2.762262262262263E-01	-1.716457560109748E+00
2.773173173173174E-01	-1.706889545420522E+00
2.784084084084085E-01	-1.697317499190235E+00
2.794994994994995E-01	-1.687683407713985E+00
2.805905905905906E-01	-1.677987095326505E+00
2.816816816816817E-01	-1.668344974015417E+00
2.827727727727727E-01	-1.658640650445132E+00
2.838638638638638E-01	-1.648932428417242E+00
2.849549549549549E-01	-1.639161848076546E+00
2.860460460460459E-01	-1.629387397284890E+00
2.871371371371370E-01	-1.619609182254293E+00
2.882282282282281E-01	-1.609768478557244E+00
2.893193193193191E-01	-1.599924048359199E+00
2.904104104104102E-01	-1.590076001931990E+00
2.915015015015013E-01	-1.580224450267510E+00
2.925925925925923E-01	-1.570310321044076E+00
2.936836836836834E-01	-1.560392737201981E+00
2.947747747747745E-01	-1.550412455075228E+00
2.958658658658656E-01	-1.540488222335936E+00
2.969569569569566E-01	-1.530501352473721E+00
2.980480480480477E-01	-1.520451706473859E+00
2.991391391391388E-01	-1.510458554339217E+00
3.002302302302298E-01	-1.500402698152790E+00
3.013213213213209E-01	-1.490284006817963E+00
3.024124124124120E-01	-1.480222265776713E+00
3.035035035035030E-01	-1.470097772978160E+00
3.045945945945941E-01	-1.459970528905210E+00
3.056856856856852E-01	-1.449840662596294E+00
3.067767767767762E-01	-1.439648016969650E+00
3.078678678678673E-01	-1.429513215640404E+00
3.089589589589584E-01	-1.419315736145488E+00
3.100500500500494E-01	-1.409055470551039E+00
3.111411411411405E-01	-1.398853533073401E+00
3.122322322322316E-01	-1.388588922791934E+00
3.133233233233226E-01	-1.378322307857707E+00
3.144144144144137E-01	-1.368053828017227E+00
3.155055055055048E-01	-1.357783623746668E+00
3.165965965965958E-01	-1.347511836243380E+00
3.176876876876869E-01	-1.337177535203173E+00
3.187787787787780E-01	-1.326841786177571E+00
3.198698698698690E-01	-1.316504735088572E+00
3.209609609609601E-01	-1.306166528568468E+00
3.220520520520512E-01	-1.295827313950365E+00
3.231431431431422E-01	-1.285487239258565E+00
3.242342342342333E-01	-1.275146453198786E+00
3.253253253253244E-01	-1.264743525073462E+00
3.264164164164154E-01	-1.254401696249768E+00
3.275075075075065E-01	-1.244059607082260E+00
3.285985985985976E-01	-1.233655624278542E+00
3.296896896896886E-01	-1.223313403020295E+00
3.307807807807797E-01	-1.212909461622729E+00
3.318718718718708E-01	-1.202567722369349E+00
3.329629629629619E-01	-1.192164442718448E+00
3.340540540540529E-01	-1.181823804460784E+00
3.351451451451440E-01	-1.171483980950616E+00
3.362362362362351E-01	-1.161145127725422E+00
3.373273273273261E-01	-1.150807400875664E+00
3.384184184184172E-01	-1.140470957033243E+00
3.395095095095083E-01	-1.130135953359821E+00
3.406006006005993E-01	-1.119865007850060E+00
3.416916916916904E-01	-1.109595928465916E+00
3.427827827827815E-01	-1.099328870921305E+00
3.438738738738725E-01	-1.089063991392702E+00
3.449649649649636E-01	-1.078864118745358E+00
3.460560560560547E-01	-1.068666838439551E+00
3.471471471471457E-01	-1.058472304980766E+00
3.482382382382368E-01	-1.048343491586730E+00
3.493293293293279E-01	-1.038217828398709E+00
3.504204204204189E-01	-1.028158377094693E+00
3.515115115115100E-01	-1.018102469411313E+00
3.526026026026011E-01	-1.008113250006645E+00
3.536936936936921E-01	-9.981279575980105E-01
3.547847847847832E-01	-9.882098143895747E-01
3.558758758758743E-01	-9.782959714306844E-01
3.569669669669653E-01	-9.684497230862776E-01
3.580580580580564E-01	-9.586081380524133E-01
3.591491491491475E-01	-9.488977949154950E-01
3.602402402402385E-01	-9.391925329418919E-01
3.613313313313296E-01	-9.294924898336807E-01
3.624224224224207E-01	-9.199244235649773E-01
3.635135135135117E-01	-9.103619666362922E-01
3.646046046046028E-01	-9.008686155979588E-01
3.656956956956939E-01	-8.914445794002963E-01
3.667867867867849E-01	-8.820900595720647E-01
3.678778778778760E-01	-8.728052502816553E-01
3.689689689689671E-01	-8.635903383998593E-01
3.700600600600581E-01	-8.543820309068607E-01
3.711511511511492E-01	-8.453074284428457E-01
3.722422422422403E-01	-8.363032423478776E-01
3.733333333333314E-01	-8.273061106730772E-01
3.744244244244224E-01	-8.184432125785311E-01
3.755155155155135E-01	-8.096511864316432E-01
3.766066066066046E-01	-8.009301698621710E-01
3.776976976976956E-01	-7.922802937530935E-01
3.787887887887867E-01	-7.837016823146375E-01
3.798798798798778E-01	-7.751944531592320E-01
3.809709709709688E-01	-7.668222972856399E-01
3.820620620620599E-01	-7.585217449727556E-01
3.831531531531510E-01	-7.502928905685892E-01
3.842442442442420E-01	-7.421358221990211E-01
3.853353353353331E-01	-7.340506218465326E-01
3.864264264264242E-01	-7.261009443572090E-01
3.875175175175152E-01	-7.182232724803035E-01
3.886086086086063E-01	-7.104176666027605E-01
3.896996996996974E-01	-7.026841813549307E-01
3.907907907907884E-01	-6.950864193167928E-01
3.918818818818795E-01	-6.875608514485390E-01
3.929729729729706E-01	-6.801075121852317E-01
3.940640640640616E-01	-6.727264305955253E-01
3.951551551551527E-01	-6.654811382779727E-01
3.962462462462438E-01	-6.583081173612612E-01
3.973373373373348E-01	-6.512073781178824E-01
3.984284284284259E-01	-6.442423863198566E-01
3.995195195195170E-01	-6.373496460429647E-01
4.006106106106080E-01	-6.305291498589909E-01
4.017017017016991E-01	-6.238442881999483E-01
4.027927927927902E-01	-6.171682181970769E-01
4.038838838838812E-01	-6.106277002338284E-01
4.049749749749723E-01	-6.042226383330882E-01
4.060660660660634E-01	-5.978263054130883E-01
4.071571571571544E-01	-5.915653079116739E-01
4.082482482482455E-01	-5.853762671081882E-01
4.093393393393366E-01	-5.792591352724829E-01
4.104304304304277E-01	-5.732138607458660E-01
4.115215215215187E-01	-5.673035611202843E-01
4.126126126126098E-01	-5.614649437339431E-01
4.137037037037009E-01	-5.556979431999511E-01
4.147947947947919E-01	-5.500024905564264E-01
4.158858858858830E-01	-5.443785133388709E-01
4.169769769769741E-01	-5.388889488189831E-01
4.180680680680651E-01	-5.334076572351767E-01
4.191591591591562E-01	-5.280605463529019E-01
4.202502502502473E-01	-5.227845151145450E-01
4.213413413413383E-01	-5.175794725301223E-01
4.224324324324294E-01	-5.124453245776565E-01
4.235235235235205E-01	-5.073819742698725E-01
4.246146146146115E-01	-5.023893217201250E-01
4.257057057057026E-01	-4.974672642075307E-01
4.267967967967937E-01	-4.926156962413030E-01
4.278878878878847E-01	-4.878345096242725E-01
4.289789789789758E-01	-4.831235935155824E-01
4.300700700700669E-01	-4.784828344925508E-01
4.311611611611579E-01	-4.739121166116878E-01
4.322522522522490E-01	-4.694113214688602E-01
4.333433433433401E-01	-4.649803282585946E-01
4.344344344344311E-01	-4.606190138325109E-01
4.355255255255222E-01	-4.563272527568801E-01
4.366166166166133E-01	-4.521049173692985E-01
4.377077077077043E-01	-4.478896320734492E-01
4.387987987987954E-01	-4.438058025930753E-01
4.398898898898865E-01	-4.397288502087211E-01
4.409809809809775E-01	-4.357208861291212E-01
4.420720720720686E-01	-4.317662589611687E-01
4.431631631631597E-01	-4.278958718392004E-01
4.442542542542507E-01	-4.240630759672380E-01
4.453453453453418E-01	-4.202678019229898E-01
4.464364364364329E-01	-4.165409128053422E-01
4.475275275275239E-01	-4.128822641539262E-01
4.486186186186150E-01	-4.092608260723881E-01
4.497097097097061E-01	-4.057073844467881E-01
4.508008008007972E-01	-4.021909568053753E-01
4.518918918918882E-01	-3.987114686499885E-01
4.529829829829793E-01	-3.952996278326890E-01
4.540740740740704E-01	-3.919245246846683E-01
4.551651651651614E-01	-3.885860826485495E-01
4.562562562562525E-01	-3.853149303441055E-01
4.573473473473436E-01	-3.820802324763491E-01
4.584384384384346E-01	-3.789125640470458E-01
4.595295295295257E-01	-3.757505129281551E-01
4.606206206206168E-01	-3.726552800697934E-01
4.617117117117078E-01	-3.695961317965199E-01
4.628028028027989E-01	-3.665729874495260E-01
4.638938938938900E-01	-3.636162866639018E-01
4.649849849849810E-01	-3.606648796012616E-01
4.660760760760721E-01	-3.577796986539181E-01
4.671671671671632E-01	-3.548997007589039E-01
4.682582582582542E-01	-3.520857095300932E-01
4.693493493493453E-01	-3.493071747378312E-01
4.704404404404364E-01	-3.465640126182188E-01
4.715315315315274E-01	-3.438561390496223E-01
4.726226226226185E-01	-3.411834695619650E-01
4.737137137137096E-01	-3.385459193458694E-01
4.748048048048006E-01	-3.359434032616624E-01
4.758958958958917E-01	-3.333758358482350E-01
4.769869869869828E-01	-3.308129398656445E-01
4.780780780780738E-01	-3.283150401848008E-01
4.791691691691649E-01	-3.258518310288085E-01
4.802602602602560E-01	-3.233931184954811E-01
4.813513513513470E-01	-3.209990583731651E-01
4.824424424424381E-01	-3.186093773111597E-01
4.835335335335292E-01	-3.162540952944168E-01
4.846246246246202E-01	-3.139331248068797E-01
4.857157157157113E-01	-3.116463780787793E-01
4.868068068068024E-01	-3.093937670942249E-01
4.878978978978935E-01	-3.071452952386259E-01
4.889889889889845E-01	-3.049308397124341E-01
4.900800800800756E-01	-3.027503120044310E-01
4.911711711711667E-01	-3.006036233809017E-01
4.922622622622577E-01	-2.984608914112368E-01
4.933533533533488E-01	-2.963518781521085E-01
4.944444444444399E-01	-2.942764944294575E-01
4.955355355355309E-01	-2.922346508689779E-01
4.966266266266220E-01	-2.901965800916377E-01
4.977177177177131E-01	-2.881919282613845E-01
4.988088088088041E-01	-2.862206056152092E-01
4.998998998998952E-01	-2.842529316015225E-01
5.009909909909863E-01	-2.823184650577933E-01
5.020820820820774E-01	-2.803875835513817E-01
5.031731731731685E-01	-2.784897875719338E-01
5.042642642642595E-01	-2.766249868354841E-01
5.053553553553506E-01	-2.747930908996277E-01
5.064464464464417E-01	-2.729645939363891E-01
5.075375375375327E-01	-2.711394932886110E-01
5.086286286286238E-01	-2.693471429166374E-01
5.097197197197149E-01	-2.675874520926474E-01
5.108108108108059E-01	-2.658310322129908E-01
5.119019019018970E-01	-2.641071489805544E-01
5.129929929929881E-01	-2.624157114064785E-01
5.140840840840791E-01	-2.607274191064956E-01
5.151751751751702E-01	-2.590422694907176E-01
5.162662662662613E-01	-2.573894102445737E-01
5.173573573573523E-01	-2.557687501615261E-01
5.184484484484434E-01	-2.541511068796072E-01
5.195395395395345E-01	-2.525364778594237E-01
5.206306306306255E-01	-2.509538924452945E-01
5.217217217217166E-01	-2.493742570387456E-01
5.228128128128077E-01	-2.478265417245648E-01
5.239039039038987E-01	-2.463106550289944E-01
5.249949949949898E-01	-2.447975922419092E-01
5.260860860860809E-01	-2.432873509136012E-01
5.271771771771719E-01	-2.418087823589245E-01
5.282682682682630E-01	-2.403329709780461E-01
5.293593593593541E-01	-2.388599143626904E-01
5.304504504504451E-01	-2.374183746624880E-01
5.315415415415362E-01	-2.360082602295074E-01
5.326326326326273E-01	-2.346007744104394E-01
5.337237237237183E-01	-2.331959148681832E-01
5.348148148148094E-01	-2.318223246438112E-01
5.359059059059005E-01	-2.304512964710363E-01
5.369969969969915E-01	-2.290828280583223E-01
5.380880880880826E-01	-2.277454730488504E-01
5.391791791791737E-01	-2.264106136281326E-01
5.402702702702648E-01	-2.251067437930922E-01
5.413613613613558E-01	-2.238053054046955E-01
5.424524524524469E-01	-2.225062962583949E-01
5.435435435435380E-01	-2.212381208337700E-01
5.446346346346290E-01	-2.199723105763809E-01
5.457257257257201E-01	-2.187088633305527E-01
5.468168168168112E-01	-2.174760940207476E-01
5.479079079079022E-01	-2.162456237211977E-01
5.489989989989933E-01	-2.150174503260075E-01
5.500900900900844E-01	-2.138197991731060E-01
5.511811811811754E-01	-2.126243810028170E-01
5.522722722722665E-01	-2.114311937598647E-01
5.533633633633576E-01	-2.102683731703479E-01
5.544544544544486E-01	-2.091077196716896E-01
5.555455455455397E-01	-2.079492312600071E-01
5.566366366366308E-01	-2.068209540301568E-01
5.577277277277218E-01	-2.056667599471376E-01
5.588188188188129E-01	-2.045707016422474E-01
5.599099099099040E-01	-2.034487225871841E-01
5.610010010009950E-01	-2.023567675678958E-01
5.620920920920861E-01	-2.012668463777565E-01
5.631831831831772E-01	-2.001789571241277E-01
5.642742742742682E-01	-1.991209367784755E-01
5.653653653653593E-01	-1.980648848550144E-01
5.664564564564504E-01	-1.970107995142774E-01
5.675475475475414E-01	-1.959586789229551E-01
5.686386386386325E-01	-1.949362405791309E-01
5.697297297297236E-01	-1.939157036112764E-01
5.708208208208146E-01	-1.928970662396185E-01
5.719119119119057E-01	-1.918803266903230E-01
5.730030030029968E-01	-1.908930830383830E-01
5.740940940940878E-01	-1.899076739807516E-01
5.751851851851789E-01	-1.889240977974408E-01
5.762762762762700E-01	-1.879423527741844E-01
5.773673673673611E-01	-1.869899176213661E-01
5.784584584584521E-01	-1.860392505501403E-01
5.795495495495432E-01	-1.850903499003443E-01
5.806406406406343E-01	-1.841432140173210E-01
5.817317317317253E-01	-1.832252023131006E-01
5.828228228228164E-01	-1.822815612217392E-01
5.839139139139075E-01	-1.813669814201992E-01
5.850050050049985E-01	-1.804541002522354E-01
5.860960960960896E-01	-1.795701579371419E-01
5.871871871871807E-01	-1.786606394911982E-01
5.882782782782717E-01	-1.777799971660340E-01
5.893693693693628E-01	-1.769009876171228E-01
5.904604604604539E-01	-1.760236093140535E-01
5.915515515515449E-01	-1.751749536070532E-01
5.926426426426360E-01	-1.743008034769065E-01
5.937337337337271E-01	-1.734553134070205E-01
5.948248248248181E-01	-1.726113890506557E-01
5.959159159159092E-01	-1.717690289415029E-01
5.970070070070003E-01	-1.709551757339297E-01
5.980980980980913E-01	-1.701159100271913E-01
5.991891891891824E-01	-1.693050888852613E-01
6.002802802802735E-01	-1.684957667849088E-01
6.013713713713645E-01	-1.676879423233751E-01
6.024624624624556E-01	-1.668816141024582E-01
6.035535535535467E-01	-1.661035465926037E-01
6.046446446446377E-01	-1.653269131880753E-01
6.057357357357288E-01	-1.645250060485848E-01
6.068268268268199E-01	-1.637512664901460E-01
6.079179179179109E-01	-1.629789570040298E-01
6.090090090090020E-01	-1.622346938055231E-01
6.101001001000931E-01	-1.614652108522074E-01
6.111911911911841E-01	-1.607237122903546E-01
6.122822822822752E-01	-1.599835792961795E-01
6.133733733733663E-01	-1.592448105964167E-01
6.144644644644573E-01	-1.585074049218894E-01
6.155555555555484E-01	-1.577713610074865E-01
6.166466466466395E-01	-1.570630878696727E-01
6.177377377377306E-01	-1.563297341413813E-01
6.188288288288216E-01	-1.556240895696642E-01
6.199199199199127E-01	-1.549197426691887E-01
6.210110110110038E-01	-1.542166922360061E-01
6.221021021020948E-01	-1.535149370699984E-01
6.231931931931859E-01	-1.528144759748590E-01
6.242842842842770E-01	-1.521415112502243E-01
6.253753753753680E-01	-1.514436052375206E-01
6.264664664664591E-01	-1.507731342516448E-01
6.275575575575502E-01	-1.501038936606918E-01
6.286486486486412E-01	-1.494358823285122E-01
6.297397397397323E-01	-1.487690991225415E-01
6.308308308308234E-01	-1.481035429137809E-01
6.319219219219144E-01	-1.474652097778040E-01
6.330130130130055E-01	-1.468020747760196E-01
6.341041041040966E-01	-1.461661017795951E-01
6.351951951951876E-01	-1.455312925142951E-01
6.362862862862787E-01	-1.448976459102737E-01
6.373773773773698E-01	-1.442651609010329E-01
6.384684684684608E-01	-1.436338364234046E-01
6.395595595595519E-01	-1.430036714175341E-01
6.406506506506430E-01	-1.424004268982270E-01
6.417417417417340E-01	-1.417725483409346E-01
6.428328328328251E-01	-1.411715295130035E-01
6.439239239239162E-01	-1.405716073380779E-01
6.450150150150072E-01	-1.399471360469570E-01
6.461061061060983E-01	-1.393494334726818E-01
6.471971971971894E-01	-1.387784107281204E-01
6.482882882882804E-01	-1.381828651774573E-01
6.493793793793715E-01	-1.375884113013195E-01
6.504704704704626E-01	-1.370205465104129E-01
6.515615615615536E-01	-1.364282437993126E-01
6.526526526526447E-01	-1.358624697586485E-01
6.537437437437358E-01	-1.352977250554502E-01
6.548348348348269E-01	-1.347340087568356E-01
6.559259259259179E-01	-1.341713199327794E-01
6.570170170170090E-01	-1.336096576560975E-01
6.581081081081001E-01	-1.330490210024341E-01
6.591991991991911E-01	-1.324894090502466E-01
6.602902902902822E-01	-1.319560565215459E-01
6.613813813813733E-01	-1.313984620932045E-01
6.624724724724643E-01	-1.308670670129675E-01
6.635635635635554E-01	-1.303114865109692E-01
6.646546546546465E-01	-1.297820453481306E-01
6.657457457457375E-01	-1.292535652802298E-01
6.668368368368286E-01	-1.287260454463677E-01
6.679279279279197E-01	-1.281994849882423E-01
6.690190190190107E-01	-1.276738830501351E-01
6.701101101101018E-01	-1.271742126089162E-01
6.712012012011929E-01	-1.266504961306685E-01
6.722922922922839E-01	-1.261277356344215E-01
6.733833833833750E-01	-1.256308170545319E-01
6.744744744744661E-01	-1.251347947827076E-01
6.755655655655571E-01	-1.246148392328138E-01
6.766566566566482E-01	-1.241206361576892E-01
6.777477477477393E-01	-1.236273269864688E-01
6.788388388388303E-01	-1.231349109271478E-01
6.799299299299214E-01	-1.226433871900753E-01
6.810210210210125E-01	-1.221527549879429E-01
6.821121121121035E-01	-1.216876686755115E-01
6.832032032031946E-01	-1.211987882975117E-01
6.842942942942857E-01	-1.207107971201345E-01
6.853853853853767E-01	-1.202482628460988E-01
6.864764764764678E-01	-1.197620188858882E-01
6.875675675675589E-01	-1.193011725823008E-01
6.886586586586499E-01	-1.188411547242365E-01
6.897497497497410E-01	-1.183575114902869E-01
6.908408408408321E-01	-1.178991771586724E-01
6.919319319319231E-01	-1.174416690808618E-01
6.930230230230142E-01	-1.169849865351107E-01
6.941141141141053E-01	-1.165534667059394E-01
6.952052052051964E-01	-1.160984043042325E-01
6.962962962962874E-01	-1.156441652955119E-01
6.973873873873785E-01	-1.151907489663793E-01
6.984784784784696E-01	-1.147623775183672E-01
6.995695695695606E-01	-1.143105757073533E-01
7.006606606606517E-01	-1.138837599503292E-01
7.017517517517428E-01	-1.134335698823623E-01
7.028428428428338E-01	-1.130083071033342E-01
7.039339339339249E-01	-1.125838054636732E-01
7.050250250250160E-01	-1.121600643044924E-01
7.061161161161070E-01	-1.117370829688043E-01
7.072072072071981E-01	-1.113148608015116E-01
7.082982982982892E-01	-1.108933971493985E-01
7.093893893893802E-01	-1.104726913611222E-01
7.104804804804713E-01	-1.100527427872037E-01
7.115715715715624E-01	-1.096335507800196E-01
7.126626626626534E-01	-1.092151146937932E-01
7.137537537537445E-01	-1.088212558463079E-01
7.148448448448356E-01	-1.084043011316834E-01
7.159359359359266E-01	-1.080118653010852E-01
7.170270270270177E-01	-1.075963894499534E-01
7.181181181181088E-01	-1.072053741885132E-01
7.192092092091998E-01	-1.068150540454877E-01
7.203003003002909E-01	-1.064017775808276E-01
7.213913913913820E-01	-1.060128743746530E-01
7.224824824824730E-01	-1.056246644983488E-01
7.235735735735641E-01	-1.052371473635178E-01
7.246646646646552E-01	-1.048503223834196E-01
7.257557557557462E-01	-1.044641889729641E-01
7.268468468468373E-01	-1.040787465487033E-01
7.279379379379284E-01	-1.036939945288241E-01
7.290290290290194E-01	-1.033333557202144E-01
7.301201201201105E-01	-1.029499543968489E-01
7.312112112112016E-01	-1.025672417552189E-01
7.323023023022927E-01	-1.022085555091556E-01
7.333933933933837E-01	-1.018271901723396E-01
7.344844844844748E-01	-1.014697934258796E-01
7.355755755755659E-01	-1.010897731571047E-01
7.366666666666569E-01	-1.007336637318377E-01
7.377577577577480E-01	-1.003781830045869E-01
7.388488488488391E-01	-1.000001620363065E-01
7.399399399399301E-01	-9.964596539827686E-02
7.410310310310212E-01	-9.929239586847179E-02
7.421221221221123E-01	-9.893945292421277E-02
7.432132132132033E-01	-9.858713604426224E-02
7.443043043042944E-01	-9.823544470881668E-02
7.453953953953855E-01	-9.788437839949975E-02
7.464864864864765E-01	-9.753393659935704E-02
7.475775775775676E-01	-9.718411879284870E-02
7.486686686686587E-01	-9.683492446584424E-02
7.497597597597497E-01	-9.648635310561532E-02
7.508508508508408E-01	-9.616126232051893E-02
7.519419419419319E-01	-9.581390722975569E-02
7.530330330330229E-01	-9.548997544226832E-02
7.541241241241140E-01	-9.514383463761933E-02
7.552152152152051E-01	-9.479831428226912E-02
7.563063063062961E-01	-9.447613142967115E-02
7.573973973973872E-01	-9.415451186717259E-02
7.584884884884783E-01	-9.381079372749321E-02
7.595795795795693E-01	-9.349032741325947E-02
7.606706706706604E-01	-9.317042298886173E-02
7.617617617617515E-01	-9.282850271191755E-02
7.628528528528425E-01	-9.250974870866331E-02
7.639439439439336E-01	-9.219155520632819E-02
7.650350350350247E-01	-9.187392174863086E-02
7.661261261261157E-01	-9.155684788051394E-02
7.672172172172068E-01	-9.124033314813859E-02
7.683083083082979E-01	-9.092437709887900E-02
7.693993993993890E-01	-9.060897928131739E-02
7.704904904904800E-01	-9.029413924523884E-02
7.715815815815711E-01	-8.997985654162602E-02
7.726726726726622E-01	-8.968842836714690E-02
7.737637637637532E-01	-8.937523109098999E-02
7.748548548548443E-01	-8.906258981976486E-02
7.759459459459354E-01	-8.875050410917155E-02
7.770370370370264E-01	-8.846115963950141E-02
7.781281281281175E-01	-8.815015587622489E-02
7.792192192192086E-01	-8.786183678982094E-02
7.803103103102996E-01	-8.755191325985784E-02
7.814014014013907E-01	-8.726461789657441E-02
7.824924924924818E-01	-8.695577289489954E-02
7.835835835835728E-01	-8.666949960335540E-02
7.846746746746639E-01	-8.638372283800427E-02
7.857657657657550E-01	-8.607647857135016E-02
7.868568568568460E-01	-8.579172142917331E-02
7.879479479479371E-01	-8.550745961208479E-02
7.890390390390282E-01	-8.522369272588724E-02
7.901301301301192E-01	-8.494042037741231E-02
7.912212212212103E-01	-8.463581721716072E-02
7.923123123123014E-01	-8.435356046958567E-02
7.934034034033924E-01	-8.407179707423780E-02
7.944944944944835E-01	-8.379052664204331E-02
7.955855855855746E-01	-8.350974878493625E-02
7.966766766766656E-01	-8.322946311585390E-02
7.977677677677567E-01	-8.297132818229803E-02
7.988588588588478E-01	-8.269199810361676E-02
7.999499499499388E-01	-8.241315906974626E-02
8.010410410410299E-01	-8.213481069757554E-02
8.021321321321210E-01	-8.185695260497637E-02
8.032232232232120E-01	-8.160110530856059E-02
8.043143143143031E-01	-8.132419906399217E-02
8.054054054053942E-01	-8.104778197035843E-02
8.064964964964852E-01	-8.079329186377192E-02
8.075875875875763E-01	-8.051782440521854E-02
8.086786786786674E-01	-8.026422812475288E-02
8.097697697697585E-01	-7.998970884325805E-02
8.108608608608495E-01	-7.973700498205841E-02
8.119519519519406E-01	-7.946343242698073E-02
8.130430430430317E-01	-7.921161958537834E-02
8.141341341341227E-01	-7.893899231339653E-02
8.152252252252138E-01	-7.868806909885014E-02
8.163163163163049E-01	-7.843757645213686E-02
8.174074074073959E-01	-7.816635070094183E-02
8.184984984984870E-01	-7.791674561743776E-02
8.195895895895781E-01	-7.766757009135859E-02
8.206806806806691E-01	-7.741882379150823E-02
8.217717717717602E-01	-7.717050638752485E-02
8.228628628628513E-01	-7.692261754987735E-02
8.239539539539423E-01	-7.665415799099765E-02
8.250450450450334E-01	-7.640715265867340E-02
8.261361361361245E-01	-7.616057489744255E-02
8.272272272272155E-01	-7.591442438108373E-02
8.283183183183066E-01	-7.566870078418966E-02
8.294094094093977E-01	-7.542340378216422E-02
8.305005005004887E-01	-7.519936803607276E-02
8.315915915915798E-01	-7.495489596459508E-02
8.326826826826709E-01	-7.471084953051378E-02
8.337737737737619E-01	-7.446722841242495E-02
8.348648648648530E-01	-7.422403228971949E-02
8.359559559559441E-01	-7.398126084258022E-02
8.370470470470351E-01	-7.375958516507414E-02
8.381381381381262E-01	-7.351763489279152E-02
8.392292292292173E-01	-7.327610835271073E-02
8.403203203203083E-01	-7.305559500366202E-02
8.414114114113994E-01	-7.281488779277401E-02
8.425025025024905E-01	-7.257460337762434E-02
8.435935935935815E-01	-7.235524968399987E-02
8.446846846846726E-01	-7.211578276592789E-02
8.457757757757637E-01	-7.189719164993813E-02
8.468668668668548E-01	-7.165854102249281E-02
8.479579579579458E-01	-7.144071132576521E-02
8.490490490490369E-01	-7.120287578835025E-02
8.501401401401280E-01	-7.098580635819375E-02
8.512312312312190E-01	-7.076910308287715E-02
8.523223223223101E-01	-7.053247440538217E-02
8.534134134134012E-01	-7.031652968935009E-02
8.545045045044922E-01	-7.010095029443228E-02
8.555955955955833E-01	-6.986552584138064E-02
8.566866866866744E-01	-6.965070331088537E-02
8.577777777777654E-01	-6.943624527387159E-02
8.588688688688565E-01	-6.922215145950746E-02
8.599599599599476E-01	-6.898831957355800E-02
8.610510510510386E-01	-6.877498039025592E-02
8.621421421421297E-01	-6.856200460996636E-02
8.632332332332208E-01	-6.834939196447780E-02
8.643243243243118E-01	-6.813714218622303E-02
8.654154154154029E-01	-6.792525500827652E-02
8.665065065064940E-01	-6.771373016435207E-02
8.675975975975850E-01	-6.750256738880048E-02
8.686886886886761E-01	-6.729176641660668E-02
8.697797797797672E-01	-6.708132698338806E-02
8.708708708708582E-01	-6.687124882539115E-02
8.719619619619493E-01	-6.666153167949002E-02
8.730530530530404E-01	-6.645217528318340E-02
8.741441441441314E-01	-6.624317937459251E-02
8.752352352352225E-01	-6.603454369245867E-02
8.763263263263136E-01	-6.584596621838468E-02
8.774174174174046E-01	-6.563802337619229E-02
8.785085085084957E-01	-6.543043999116864E-02
8.795995995995868E-01	-6.522321580449456E-02
8.806906906906778E-01	-6.501635055795962E-02
8.817817817817689E-01	-6.482940817535604E-02
8.828728728728600E-01	-6.462323325904039E-02
8.839639639639510E-01	-6.441741652256473E-02
8.850550550550421E-01	-6.423144157990808E-02
8.861461461461332E-01	-6.402631369050690E-02
8.872372372372243E-01	-6.384097360480370E-02
8.883283283283153E-01	-6.363653358659099E-02
8.894194194194064E-01	-6.343245049632440E-02
8.905105105104975E-01	-6.324807430856114E-02
8.916016016015885E-01	-6.304467762352577E-02
8.926926926926796E-01	-6.286093396303385E-02
8.937837837837707E-01	-6.265822271863912E-02
8.948748748748617E-01	-6.247511066543249E-02
8.959659659659528E-01	-6.227308390153390E-02
8.970570570570439E-01	-6.209060253992169E-02
8.981481481481349E-01	-6.190842286252987E-02
8.992392392392260E-01	-6.170740771934290E-02
9.003303303303171E-01	-6.152585737850397E-02
9.014214214214081E-01	-6.134460806249274E-02
9.025125125124992E-01	-6.114460243573969E-02
9.036036036035903E-01	-6.096398111062683E-02
9.046946946946813E-01	-6.078366015554209E-02
9.057857857857724E-01	-6.058466195532037E-02
9.068768768768635E-01	-6.040496765476321E-02
9.079679679679545E-01	-6.022557307397693E-02
9.090590590590456E-01	-6.004647800067216E-02
9.101501501501367E-01	-5.986768222304596E-02
9.112412412412277E-01	-5.967034079171346E-02
9.123323323323188E-01	-5.949216947545898E-02
9.134234234234099E-01	-5.931429681205347E-02
9.145145145145009E-01	-5.913672259163834E-02
9.156056056055920E-01	-5.895944660483272E-02
9.166966966966831E-01	-5.878246864273156E-02
9.177877877877741E-01	-5.860578849690392E-02
9.188788788788652E-01	-5.842940595939150E-02
9.199699699699563E-01	-5.825332082270679E-02
9.210610610610473E-01	-5.807753287983106E-02
9.221521521521384E-01	-5.790204192421324E-02
9.232432432432295E-01	-5.772684774976791E-02
9.243343343343206E-01	-5.755195015087364E-02
9.254254254254116E-01	-5.737734892237123E-02
9.265165165165027E-01	-5.720304385956240E-02
9.276076076075938E-01	-5.702903475820778E-02
9.286986986986848E-01	-5.685532141452555E-02
9.297897897897759E-01	-5.668190362518949E-02
9.308808808808670E-01	-5.652715042888610E-02
9.319719719719580E-01	-5.635429681995896E-02
9.330630630630491E-01	-5.618173816815683E-02
9.341541541541402E-01	-5.600947427194505E-02
9.352452452452312E-01	-5.583750493023699E-02
9.363363363363223E-01	-5.568406767493985E-02
9.374274274274134E-01	-5.551266057071251E-02
9.385185185185044E-01	-5.534154743036174E-02
9.396096096095955E-01	-5.517072805456096E-02
9.407007007006866E-01	-5.501833494795848E-02
9.417917917917776E-01	-5.484807627477540E-02
9.428828828828687E-01	-5.467811078069831E-02
9.439739739739598E-01	-5.452649230213597E-02
9.450650650650508E-01	-5.435708637336150E-02
9.461561561561419E-01	-5.420597467640619E-02
9.472472472472330E-01	-5.403712756546213E-02
9.483383383383240E-01	-5.386857266964749E-02
9.494294294294151E-01	-5.371823290646591E-02
9.505205205205062E-01	-5.355023570356349E-02
9.516116116115972E-01	-5.340040095220995E-02
9.527027027026883E-01	-5.323296070289077E-02
9.537937937937794E-01	-5.308363026485875E-02
9.548848848848704E-01	-5.291674623299967E-02
9.559759759759615E-01	-5.276791941285998E-02
9.570670670670526E-01	-5.260159086552163E-02
9.581581581581436E-01	-5.245326697090082E-02
9.592492492492347E-01	-5.228749317830540E-02
9.603403403403258E-01	-5.213967151986466E-02
9.614314314314168E-01	-5.199208769092856E-02
9.625225225225079E-01	-5.182713164678831E-02
9.636136136135990E-01	-5.168004903533988E-02
9.647047047046901E-01	-5.153320376022542E-02
9.657957957957811E-01	-5.136906386898608E-02
9.668868868868722E-01	-5.122271879929103E-02
9.679779779779633E-01	-5.107661057598979E-02
9.690690690690543E-01	-5.091328525230385E-02
9.701601601601454E-01	-5.076767622890968E-02
9.712512512512365E-01	-5.062230356516609E-02
9.723423423423275E-01	-5.045979123378905E-02
9.734334334334186E-01	-5.031491677092895E-02
9.745245245245097E-01	-5.017027818414037E-02
9.756156156156007E-01	-5.002587531610168E-02
9.767067067066918E-01	-4.988170800982875E-02
9.777977977977829E-01	-4.972052991843860E-02
9.788888888888739E-01	-4.957685917488153E-02
9.799799799799650E-01	-4.943342351468499E-02
9.810710710710561E-01	-4.929022278221704E-02
9.821621621621471E-01	-4.914725682217745E-02
9.832532532532382E-01	-4.900452547959654E-02
9.843443443443293E-01	-4.886202859983412E-02
9.854354354354203E-01	-4.871976602857844E-02
9.865265265265114E-01	-4.856069842025442E-02
9.876176176176025E-01	-4.841892983785970E-02
9.887087087086935E-01	-4.827739509363924E-02
9.897997997997846E-01	-4.813609403459715E-02
9.908908908908757E-01	-4.799502650806046E-02
9.919819819819667E-01	-4.785419236167800E-02
9.930730730730578E-01	-4.771359144341931E-02
9.941641641641489E-01	-4.757322360157335E-02
9.952552552552399E-01	-4.743308868474782E-02
9.963463463463310E-01	-4.729318654186778E-02
9.974374374374221E-01	-4.715351702217483E-02
9.985285285285131E-01	-4.701407997522574E-02
9.996196196196042E-01	-4.689160505532981E-02
1.000710710710695E+00	-4.675260678170837E-02
1.001801801801786E+00	-4.661384054057912E-02
1.002892892892878E+00	-4.647530618273668E-02
1.003983983983969E+00	-4.633700355928609E-02
1.005075075075060E+00	-4.619893252164144E-02
1.006166166166151E+00	-4.606109292152503E-02
1.007257257257242E+00	-4.592348461096633E-02
1.008348348348333E+00	-4.580263171984139E-02
1.009439439439424E+00	-4.566545989684612E-02
1.010530530530515E+00	-4.552851893042093E-02
1.011621621621606E+00	-4.539180867380081E-02
1.012712712712697E+00	-4.525532898052292E-02
1.013803803803788E+00	-4.513547582159780E-02
1.014894894894879E+00	-4.499943121330788E-02
1.015985985985970E+00	-4.486361673980196E-02
1.017077077077061E+00	-4.472803225580328E-02
1.018168168168152E+00	-4.460897136682311E-02
1.019259259259244E+00	-4.447382085974080E-02
1.020350350350335E+00	-4.433889991709156E-02
1.021441441441426E+00	-4.422042546312772E-02
1.022532532532517E+00	-4.408593767677868E-02
1.023623623623608E+00	-4.395167903236259E-02
1.024714714714699E+00	-4.383378985356012E-02
1.025805805805790E+00	-4.369996354983781E-02
1.026896896896881E+00	-4.356636596809750E-02
1.027987987987972E+00	-4.344906091179676E-02
1.029079079079063E+00	-4.331589486010489E-02
1.030170170170154E+00	-4.319897008706340E-02
1.031261261261245E+00	-4.306623503363503E-02
1.032352352352336E+00	-4.293372801081523E-02
1.033443443443427E+00	-4.281738546384333E-02
1.034534534534518E+00	-4.268530863677951E-02
1.035625625625610E+00	-4.256934513003915E-02
1.036716716716701E+00	-4.243769797228721E-02
1.037807807807792E+00	-4.232211301565945E-02
1.038898898898883E+00	-4.219089500287777E-02
1.039989989989974E+00	-4.207568810824195E-02
1.041081081081065E+00	-4.194489871817814E-02
1.042172172172156E+00	-4.183006939939893E-02
1.043263263263247E+00	-4.169970811187668E-02
1.044354354354338E+00	-4.158525588479155E-02
1.045445445445429E+00	-4.145532218169734E-02
1.046536536536520E+00	-4.134124656410373E-02
1.047627627627611E+00	-4.121173992937374E-02
1.048718718718702E+00	-4.109804044101673E-02
1.049809809809793E+00	-4.098451617446162E-02
1.050900900900885E+00	-4.085563652318375E-02
1.051991991991976E+00	-4.074248767776695E-02
1.053083083083067E+00	-4.061403382220492E-02
1.054174174174158E+00	-4.050125992246243E-02
1.055265265265249E+00	-4.038866067613768E-02
1.056356356356340E+00	-4.026083192597497E-02
1.057447447447431E+00	-4.014860692429705E-02
1.058538538538522E+00	-4.003655623947536E-02
1.059629629629613E+00	-3.990935148183710E-02
1.060720720720704E+00	-3.979767434480967E-02
1.061811811811795E+00	-3.968617119010214E-02
1.062902902902886E+00	-3.955958931860891E-02
1.063993993993977E+00	-3.944845901897874E-02
1.065085085085068E+00	-3.933750236913803E-02
1.066176176176159E+00	-3.922671926152293E-02
1.067267267267251E+00	-3.910095780046166E-02
1.068358358358342E+00	-3.899054663632433E-02
1.069449449449433E+00	-3.888030868451597E-02
1.070540540540524E+00	-3.877024383832987E-02
1.071631631631615E+00	-3.864530086984999E-02
1.072722722722706E+00	-3.853560706267410E-02
1.073813813813797E+00	-3.842608603382467E-02
1.074904904904888E+00	-3.831673767744136E-02
1.075995995995979E+00	-3.820756188787115E-02
1.077087087087070E+00	-3.808363308361760E-02
1.078178178178161E+00	-3.797482721655983E-02
1.079269269269252E+00	-3.786619359221675E-02
1.080360360360343E+00	-3.775773210576858E-02
1.081451451451434E+00	-3.764944265259938E-02
1.082542542542525E+00	-3.754132512829664E-02
1.083633633633617E+00	-3.743337942865032E-02
1.084724724724708E+00	-3.732560544965274E-02
1.085815815815799E+00	-3.720327821220488E-02
1.086906906906890E+00	-3.709587240163292E-02
1.087997997997981E+00	-3.698863799260535E-02
1.089089089089072E+00	-3.688157488192737E-02
1.090180180180163E+00	-3.677468296660301E-02
1.091271271271254E+00	-3.666796214383478E-02
1.092362362362345E+00	-3.656141231102272E-02
1.093453453453436E+00	-3.645503336576416E-02
1.094544544544527E+00	-3.634882520585293E-02
1.095635635635618E+00	-3.624278772927871E-02
1.096726726726709E+00	-3.613692083422661E-02
1.097817817817800E+00	-3.603122441907644E-02
1.098908908908891E+00	-3.592569838240222E-02
1.099999999999983E+00	-3.582034262297146E-02
1.101091091091074E+00	-3.571515703974471E-02
