# energy / barionic density = energy by nucleon 
# barionic density, energy / barionic density
1.299299299299299E-02	4.573277904060330E+02
1.598598598598599E-02	4.580261917064635E+02
1.897897897897898E-02	4.572836768055528E+02
2.197197197197197E-02	4.575948905246899E+02
2.496496496496497E-02	4.577421405141783E+02
2.795795795795796E-02	4.570187641716122E+02
3.095095095095095E-02	4.570491379276228E+02
3.394394394394395E-02	4.570118959684526E+02
3.693693693693694E-02	4.569253798104879E+02
3.992992992992993E-02	4.568026860301575E+02
4.292292292292293E-02	4.566534460551006E+02
4.591591591591592E-02	4.564849208898316E+02
4.890890890890891E-02	4.563027012166850E+02
5.190190190190191E-02	4.561111702805895E+02
5.489489489489490E-02	4.559138188719737E+02
5.788788788788789E-02	4.557134651254918E+02
6.088088088088089E-02	4.558738835908645E+02
6.387387387387389E-02	4.556580550816961E+02
6.686686686686688E-02	4.554464223407667E+02
6.985985985985987E-02	4.555576508335046E+02
7.285285285285287E-02	4.553454285227145E+02
7.584584584584586E-02	4.554351923233091E+02
7.883883883883885E-02	4.552293133457834E+02
8.183183183183185E-02	4.553070606224259E+02
8.482482482482484E-02	4.551124586426329E+02
8.781781781781783E-02	4.551852466053515E+02
9.081081081081083E-02	4.552536798336533E+02
9.380380380380382E-02	4.553194259315288E+02
9.679679679679681E-02	4.551502307268609E+02
9.978978978978981E-02	4.552214037286307E+02
1.027827827827828E-01	4.552933888121032E+02
1.057757757757758E-01	4.553672161110571E+02
1.087687687687688E-01	4.554437984515491E+02
1.117617617617618E-01	4.555239465958670E+02
1.147547547547548E-01	4.556083821445682E+02
1.177477477477478E-01	4.556977485079314E+02
1.207407407407408E-01	4.557926202782633E+02
1.237337337337338E-01	4.558935112699048E+02
1.267267267267267E-01	4.560008814445400E+02
1.297197197197197E-01	4.561151428991804E+02
1.327127127127127E-01	4.564102540501805E+02
1.357057057057057E-01	4.565357401589432E+02
1.386986986986987E-01	4.566692640405196E+02
1.416916916916917E-01	4.568110827021378E+02
1.446846846846847E-01	4.571213127492777E+02
1.476776776776777E-01	4.572773012665293E+02
1.506706706706707E-01	4.575961062536370E+02
1.536636636636637E-01	4.577674514303598E+02
1.566566566566567E-01	4.579482260501817E+02
1.596496496496497E-01	4.582840124712463E+02
1.626426426426427E-01	4.586242705858217E+02
1.656356356356357E-01	4.588290209775903E+02
1.686286286286287E-01	4.591816886994883E+02
1.716216216216216E-01	4.594041459748009E+02
1.746146146146146E-01	4.597700962379967E+02
1.776076076076076E-01	4.601418598352315E+02
1.806006006006006E-01	4.603907046874159E+02
1.835935935935936E-01	4.607768517754542E+02
1.865865865865866E-01	4.611693862293795E+02
1.895795795795796E-01	4.614455530710517E+02
1.925725725725726E-01	4.618532888634372E+02
1.955655655655656E-01	4.622678473141054E+02
1.985585585585586E-01	4.626893648019465E+02
2.015515515515516E-01	4.631179648622770E+02
2.045445445445446E-01	4.635537591085289E+02
2.075375375375376E-01	4.638845677728414E+02
2.105305305305306E-01	4.643366615639900E+02
2.135235235235236E-01	4.647961798030161E+02
2.165165165165165E-01	4.652631958417189E+02
2.195095095095095E-01	4.657377745961871E+02
2.225025025025025E-01	4.662199731049703E+02
2.254954954954955E-01	4.667098410437653E+02
2.284884884884885E-01	4.672074212005472E+02
2.314814814814815E-01	4.677127499146629E+02
2.344744744744745E-01	4.682258574830732E+02
2.374674674674675E-01	4.687467685365963E+02
2.404604604604605E-01	4.692755023887306E+02
2.434534534534535E-01	4.698120733593759E+02
2.464464464464465E-01	4.704505037766393E+02
2.494394394394395E-01	4.710015807559467E+02
2.524324324324325E-01	4.715605358943062E+02
2.554254254254255E-01	4.721273654933866E+02
2.584184184184184E-01	4.727020622095473E+02
2.614114114114114E-01	4.732846152625234E+02
2.644044044044044E-01	4.738750106303677E+02
2.673973973973974E-01	4.745593681926342E+02
2.703903903903904E-01	4.751643610984735E+02
2.733833833833834E-01	4.757771565110560E+02
2.763763763763764E-01	4.763977285344628E+02
2.793693693693694E-01	4.771081459124156E+02
2.823623623623624E-01	4.777432274364088E+02
2.853553553553554E-01	4.783860115421697E+02
2.883483483483484E-01	4.790364629117485E+02
2.913413413413414E-01	4.796945443107283E+02
2.943343343343344E-01	4.804376783547516E+02
2.973273273273274E-01	4.811100278173454E+02
3.003203203203204E-01	4.817899003106822E+02
3.033133133133133E-01	4.825521157395449E+02
3.063063063063063E-01	4.832460712571641E+02
3.092992992992993E-01	4.839474264031610E+02
3.122922922922923E-01	4.846561322911795E+02
3.152852852852853E-01	4.854437493830469E+02
3.182782782782783E-01	4.861662308027088E+02
3.212712712712713E-01	4.868959217616638E+02
3.242642642642643E-01	4.876327685026205E+02
3.272572572572573E-01	4.884452817156783E+02
3.302502502502503E-01	4.891955490002285E+02
3.332432432432433E-01	4.899528164151645E+02
3.362362362362363E-01	4.907834269984828E+02
3.392292292292293E-01	4.915538283298417E+02
3.422222222222223E-01	4.923310648953416E+02
3.452152152152153E-01	4.931150764882163E+02
3.482082082082082E-01	4.939694751182197E+02
3.512012012012012E-01	4.947662018209041E+02
3.541941941941942E-01	4.955695285987097E+02
3.571871871871872E-01	4.964411193121230E+02
3.601801801801802E-01	4.972568334845811E+02
3.631731731731732E-01	4.980789663209423E+02
3.661661661661662E-01	4.989074531771743E+02
3.691591591591592E-01	4.998014956639882E+02
3.721521521521522E-01	5.006419060076718E+02
3.751451451451452E-01	5.014884819659601E+02
3.781381381381382E-01	5.023411570487675E+02
3.811311311311312E-01	5.031998644084226E+02
3.841241241241242E-01	5.041209210742750E+02
3.871171171171172E-01	5.049909414347977E+02
3.901101101101102E-01	5.058667988828692E+02
3.931031031031031E-01	5.067484251761891E+02
3.960960960960961E-01	5.076357518095069E+02
3.990890890890891E-01	5.085287100303070E+02
4.020820820820821E-01	5.094272308538632E+02
4.050750750750751E-01	5.103839128648530E+02
4.080680680680681E-01	5.112928496368273E+02
4.110610610610611E-01	5.122071471267972E+02
4.140540540540541E-01	5.131267354343556E+02
4.170470470470471E-01	5.140515444969188E+02
4.200400400400401E-01	5.149815041014322E+02
4.230330330330331E-01	5.159165438956298E+02
4.260260260260261E-01	5.168565933988680E+02
4.290190190190191E-01	5.178015820125758E+02
4.320120120120121E-01	5.187514390302882E+02
4.350050050050051E-01	5.197060936473371E+02
4.379979979979980E-01	5.206654749701831E+02
4.409909909909910E-01	5.216295120254185E+02
4.439839839839840E-01	5.225981337684432E+02
4.469769769769770E-01	5.235712690918458E+02
4.499699699699700E-01	5.245030900505113E+02
4.529629629629630E-01	5.254854574812932E+02
4.559559559559560E-01	5.264721201404554E+02
4.589489489489490E-01	5.274630068345791E+02
4.619419419419420E-01	5.284580463433206E+02
4.649349349349350E-01	5.294134422004347E+02
4.679279279279280E-01	5.304169693845874E+02
4.709209209209210E-01	5.314244313117085E+02
4.739139139139140E-01	5.324357567986174E+02
4.769069069069070E-01	5.334086930303180E+02
4.798998998999000E-01	5.344279111898175E+02
4.828928928928929E-01	5.354093341721134E+02
4.858858858858859E-01	5.364361445807127E+02
4.888788788788789E-01	5.374664550607089E+02
4.918718718718719E-01	5.384598421615552E+02
4.948648648648649E-01	5.394972999225270E+02
4.978578578578579E-01	5.404983917982505E+02
5.008508508508509E-01	5.415033889618844E+02
5.038438438438440E-01	5.425511840939508E+02
5.068368368368370E-01	5.435634160404145E+02
5.098298298298301E-01	5.446176124495113E+02
5.128228228228231E-01	5.456367702988841E+02
5.158158158158161E-01	5.466594374404937E+02
5.188088088088092E-01	5.477228496823665E+02
5.218018018018022E-01	5.487519795021552E+02
5.247947947947953E-01	5.497843834572017E+02
5.277877877877883E-01	5.508199827202941E+02
5.307807807807814E-01	5.518586987618221E+02
5.337737737737744E-01	5.529004533496060E+02
5.367667667667675E-01	5.539451685488059E+02
5.397597597597605E-01	5.549927667218842E+02
5.427527527527536E-01	5.560431705286555E+02
5.457457457457466E-01	5.570963029263818E+02
5.487387387387397E-01	5.581520871699387E+02
5.517317317317327E-01	5.592104468120423E+02
5.547247247247258E-01	5.602713057035295E+02
5.577177177177188E-01	5.613345879936891E+02
5.607107107107119E-01	5.624002181306641E+02
5.637037037037049E-01	5.634352772816723E+02
5.666966966966980E-01	5.645056559337422E+02
5.696896896896910E-01	5.655781553583207E+02
5.726826826826841E-01	5.666206747891706E+02
5.756756756756771E-01	5.676974649731314E+02
5.786686686686702E-01	5.687761518266626E+02
5.816616616616632E-01	5.698254339275485E+02
5.846546546546563E-01	5.709079601248901E+02
5.876476476476493E-01	5.719614526462418E+02
5.906406406406424E-01	5.730170615677521E+02
5.936336336336354E-01	5.741049177549097E+02
5.966266266266285E-01	5.751642795355708E+02
5.996196196196215E-01	5.762255282212674E+02
6.026126126126146E-01	5.773180470140136E+02
6.056056056056076E-01	5.783825985874072E+02
6.085985985986007E-01	5.794488115448314E+02
6.115915915915937E-01	5.805166110954015E+02
6.145845845845868E-01	5.815859229163165E+02
6.175775775775798E-01	5.826566731532228E+02
6.205705705705729E-01	5.837287884206435E+02
6.235635635635659E-01	5.848021958025313E+02
6.265565565565590E-01	5.858768228529040E+02
6.295495495495520E-01	5.869252722430265E+02
6.325425425425450E-01	5.880023535915147E+02
6.355355355355381E-01	5.890804388977027E+02
6.385285285285311E-01	5.901594576415987E+02
6.415215215215242E-01	5.912129194381688E+02
6.445145145145172E-01	5.922938212926907E+02
6.475075075075103E-01	5.933494677560805E+02
6.505005005005033E-01	5.944319722795879E+02
6.534934934934964E-01	5.954895212112469E+02
6.564864864864894E-01	5.965733522419076E+02
6.594794794794825E-01	5.976325260306389E+02
6.624724724724755E-01	5.986925151658058E+02
6.654654654654686E-01	5.997532512515306E+02
6.684584584584616E-01	6.008391428759129E+02
6.714514514514547E-01	6.019009611014005E+02
6.744444444444477E-01	6.029633255228922E+02
6.774374374374408E-01	6.040261702709182E+02
6.804304304304338E-01	6.050894301233318E+02
6.834234234234269E-01	6.061530405081402E+02
6.864164164164199E-01	6.071937076655448E+02
6.894094094094130E-01	6.082580341064431E+02
6.924024024024060E-01	6.093225209224250E+02
6.953953953953991E-01	6.103871062112630E+02
6.983883883883921E-01	6.114293127066351E+02
7.013813813813852E-01	6.124941167959535E+02
7.043743743743782E-01	6.135588374462147E+02
7.073673673673713E-01	6.146016052174161E+02
7.103603603603643E-01	6.156445724752693E+02
7.133533533533574E-01	6.167090991852697E+02
7.163463463463504E-01	6.177520962351355E+02
7.193393393393435E-01	6.187951214548425E+02
7.223323323323365E-01	6.198589402046462E+02
7.253253253253296E-01	6.209016598168827E+02
7.283183183183226E-01	6.219442438000789E+02
7.313113113113157E-01	6.229866393424721E+02
7.343043043043087E-01	6.240287945196047E+02
7.372972972973018E-01	6.250706583008150E+02
7.402902902902948E-01	6.261121805558424E+02
7.432832832832879E-01	6.271533120615468E+02
7.462762762762809E-01	6.281747656978969E+02
7.492692692692740E-01	6.292151714012492E+02
7.522622622622670E-01	6.302550447848297E+02
7.552552552552600E-01	6.312756951411370E+02
7.582482482482531E-01	6.323145700633969E+02
7.612412412412461E-01	6.333345314325726E+02
7.642342342342392E-01	6.343722366427230E+02
7.672272272272322E-01	6.353913451795268E+02
7.702202202202253E-01	6.364100676020121E+02
7.732132132132183E-01	6.374458183224127E+02
7.762062062062114E-01	6.384634596607997E+02
7.791991991992044E-01	6.394806074566339E+02
7.821921921921975E-01	6.405014393278744E+02
7.851851851851905E-01	6.415174511590218E+02
7.881781781781836E-01	6.425328736605744E+02
7.911711711711766E-01	6.435476774891341E+02
7.941641641641697E-01	6.445538246038149E+02
7.971571571571627E-01	6.455674128818434E+02
8.001501501501558E-01	6.465803028636909E+02
8.031431431431488E-01	6.475847755117053E+02
8.061361361361419E-01	6.485887156991713E+02
8.091291291291349E-01	6.495921045455844E+02
8.121221221221280E-01	6.506022996294325E+02
8.151151151151210E-01	6.516044264702903E+02
8.181081081081141E-01	6.525987961840486E+02
8.211011011011071E-01	6.535998202244504E+02
8.240940940941002E-01	6.546002206635168E+02
8.270870870870932E-01	6.555931642560184E+02
8.300800800800863E-01	6.565924031814211E+02
8.330730730730793E-01	6.575843989219242E+02
8.360660660660724E-01	6.585824538177591E+02
8.390590590590654E-01	6.595734905464262E+02
8.420520520520585E-01	6.605641065890422E+02
8.450450450450515E-01	6.615543055679511E+02
8.480380380380446E-01	6.625440928744380E+02
8.510310310310376E-01	6.635334756836907E+02
8.540240240240307E-01	6.645167010963369E+02
8.570170170170237E-01	6.655054285333599E+02
8.600100100100168E-01	6.664882737577138E+02
8.630030030030098E-01	6.674764026425582E+02
8.659959959960029E-01	6.684589385305439E+02
8.689889889889959E-01	6.694414164157726E+02
8.719819819819890E-01	6.704288540529418E+02
8.749749749749820E-01	6.714111601726480E+02
8.779679679679750E-01	6.723934887875121E+02
8.809609609609681E-01	6.733758714641141E+02
8.839539539539611E-01	6.743583418685513E+02
8.869469469469542E-01	6.753366323551995E+02
8.899399399399472E-01	6.763195313792611E+02
8.929329329329403E-01	6.773026339176337E+02
8.959259259259333E-01	6.782821153915346E+02
8.989189189189264E-01	6.792659038653458E+02
9.019119119119194E-01	6.802464660693532E+02
9.049049049049125E-01	6.812311355673329E+02
9.078978978979055E-01	6.822129915542923E+02
9.108908908908986E-01	6.831956593597005E+02
9.138838838838916E-01	6.841821361967652E+02
9.168768768768847E-01	6.851664541542498E+02
9.198698698698777E-01	6.861517761965888E+02
9.228628628628708E-01	6.871381719433787E+02
9.258558558558638E-01	6.881257133788816E+02
9.288488488488569E-01	6.891144748490844E+02
9.318418418418499E-01	6.901045330570893E+02
9.348348348348430E-01	6.910959670567648E+02
9.378278278278360E-01	6.920888582445737E+02
9.408208208208291E-01	6.930832903495018E+02
9.438138138138221E-01	6.940793494210044E+02
9.468068068068152E-01	6.950771238148866E+02
9.497997997998082E-01	6.960767041770337E+02
9.527927927928013E-01	6.970781834249054E+02
9.557857857857943E-01	6.980816567267073E+02
9.587787787787874E-01	6.990870244187489E+02
9.617717717717804E-01	7.000949859350447E+02
9.647647647647735E-01	7.011052433682095E+02
9.677577577577665E-01	7.021179006606070E+02
9.707507507507596E-01	7.031330638615268E+02
9.737437437437526E-01	7.041508410903857E+02
9.767367367367457E-01	7.051713424969566E+02
9.797297297297387E-01	7.061946802185216E+02
9.827227227227318E-01	7.072209683338616E+02
9.857157157157248E-01	7.082503228139765E+02
9.887087087087179E-01	7.092828614694437E+02
9.917017017017109E-01	7.103187038943173E+02
9.946946946947040E-01	7.113579714064687E+02
9.976876876876970E-01	7.124007869842706E+02
1.000680680680690E+00	7.134472751995336E+02
1.003673673673683E+00	7.144975621465932E+02
1.006666666666676E+00	7.155517753674550E+02
1.009659659659669E+00	7.166063070525746E+02
1.012652652652662E+00	7.176684998910578E+02
1.015645645645655E+00	7.187350062205321E+02
1.018638638638648E+00	7.198014296457508E+02
1.021631631631641E+00	7.208718916322512E+02
1.024624624624634E+00	7.219515895776933E+02
1.027617617617627E+00	7.230307806121689E+02
1.030610610610621E+00	7.241143903865110E+02
1.033603603603614E+00	7.252084586423133E+02
1.036596596596607E+00	7.263015742346016E+02
1.039589589589600E+00	7.273994950786205E+02
1.042582582582593E+00	7.284955701235959E+02
1.045575575575586E+00	7.296031929559018E+02
1.048568568568579E+00	7.307160052208916E+02
1.051561561561572E+00	7.318341363312961E+02
1.054554554554565E+00	7.329497385307426E+02
1.057547547547558E+00	7.340785888455630E+02
1.060540540540551E+00	7.352045504819225E+02
1.063533533533544E+00	7.363357212076693E+02
1.066526526526537E+00	7.374722214037263E+02
1.069519519519530E+00	7.386141710890222E+02
1.072512512512523E+00	7.397616898038926E+02
1.075505505505516E+00	7.409148964902033E+02
1.078498498498509E+00	7.420739093681822E+02
1.081491491491502E+00	7.432280213526659E+02
1.084484484484495E+00	7.443986697457601E+02
1.087477477477488E+00	7.455639888214163E+02
1.090470470470482E+00	7.467349112245557E+02
1.093463463463475E+00	7.479115441901740E+02
1.096456456456468E+00	7.490939938865073E+02
1.099449449449461E+00	7.502823652984198E+02
1.102442442442454E+00	7.514767621083442E+02
1.105435435435447E+00	7.526637836320555E+02
1.108428428428440E+00	7.538701942874098E+02
1.111421421421433E+00	7.550687416595161E+02
1.114414414414426E+00	7.562875573960009E+02
1.117407407407419E+00	7.574980102843832E+02
1.120400400400412E+00	7.587143802988561E+02
1.123393393393405E+00	7.599367563332528E+02
1.126386386386398E+00	7.611492966222457E+02
1.129379379379391E+00	7.623835937965159E+02
1.132372372372384E+00	7.636075197701762E+02
1.135365365365377E+00	7.648540693296876E+02
1.138358358358370E+00	7.660897022361651E+02
1.141351351351363E+00	7.673311271125505E+02
1.144344344344356E+00	7.685784182776981E+02
1.147337337337349E+00	7.698316481605317E+02
1.150330330330342E+00	7.710861970502792E+02
1.153323323323336E+00	7.723418662176902E+02
1.156316316316329E+00	7.736130601909634E+02
1.159309309309322E+00	7.748706323288817E+02
1.162302302302315E+00	7.761438560727040E+02
1.165295295295308E+00	7.774127821261042E+02
1.168288288288301E+00	7.786873846067859E+02
1.171281281281294E+00	7.799677202754250E+02
1.174274274274287E+00	7.812430346486716E+02
1.177267267267280E+00	7.825348208615210E+02
1.180260260260273E+00	7.838213327661808E+02
1.183253253253266E+00	7.851134291449799E+02
1.186246246246259E+00	7.863996346104168E+02
1.189239239239252E+00	7.877028633701615E+02
1.192232232232245E+00	7.889999353651608E+02
1.195225225225238E+00	7.903024166047142E+02
1.198218218218231E+00	7.915981138463201E+02
1.201211211211224E+00	7.929113585918244E+02
1.204204204204217E+00	7.942175426663241E+02
1.207197197197210E+00	7.955289375964431E+02
1.210190190190203E+00	7.968455786742451E+02
1.213183183183197E+00	7.981674992073919E+02
1.216176176176190E+00	7.994814396203257E+02
1.219169169169183E+00	8.008003718551914E+02
1.222162162162176E+00	8.021243261236997E+02
1.225155155155169E+00	8.034533307597018E+02
1.228148148148162E+00	8.047734234314175E+02
1.231141141141155E+00	8.061124349726470E+02
1.234134134134148E+00	8.074422387663413E+02
1.237127127127141E+00	8.087768476454153E+02
1.240120120120134E+00	8.101016058482589E+02
1.243113113113127E+00	8.114457206557598E+02
1.246106106106120E+00	8.127796845011848E+02
1.249099099099113E+00	8.141181960970911E+02
1.252092092092106E+00	8.154612744462688E+02
1.255085085085099E+00	8.168089368668798E+02
1.258078078078092E+00	8.181455034817660E+02
1.261071071071085E+00	8.195022143473268E+02
1.264064064064078E+00	8.208475247957566E+02
1.267057057057071E+00	8.221971451225206E+02
1.270050050050064E+00	8.235510885898506E+02
1.273043043043057E+00	8.248928413356851E+02
1.276036036036051E+00	8.262553030300653E+02
1.279029029029044E+00	8.276052680647063E+02
1.282022022022037E+00	8.289592735794819E+02
1.285015015015030E+00	8.303173297597967E+02
1.288008008008023E+00	8.316794453510955E+02
1.291001001001016E+00	8.330456276350035E+02
1.293993993994009E+00	8.343982255995896E+02
1.296986986987002E+00	8.357545848740389E+02
1.299979979979995E+00	8.371147134281364E+02
1.302972972972988E+00	8.384786179441003E+02
1.305965965965981E+00	8.398463037969385E+02
1.308958958958974E+00	8.412177750349261E+02
1.311951951951967E+00	8.425744327888227E+02
1.314944944944960E+00	8.439533313173473E+02
1.317937937937953E+00	8.453171143990410E+02
1.320930930930946E+00	8.466843878076481E+02
1.323923923923939E+00	8.480551545799511E+02
1.326916916916932E+00	8.494294165713657E+02
1.329909909909925E+00	8.507876580010336E+02
1.332902902902918E+00	8.521687652334152E+02
1.335895895895912E+00	8.535335539434222E+02
1.338888888888905E+00	8.549015432949118E+02
1.341881881881898E+00	8.562727349926878E+02
1.344874874874891E+00	8.576471297090360E+02
1.347867867867884E+00	8.590247270711395E+02
1.350860860860877E+00	8.604055256485927E+02
1.353853853853870E+00	8.617688285197412E+02
1.356846846846863E+00	8.631558824766896E+02
1.359839839839856E+00	8.645251506467740E+02
1.362832832832849E+00	8.658973277145266E+02
1.365825825825842E+00	8.672724130475910E+02
1.368818818818835E+00	8.686504051080788E+02
1.371811811811828E+00	8.700313014427276E+02
1.374804804804821E+00	8.714150986731462E+02
1.377797797797814E+00	8.727799710897074E+02
1.380790790790807E+00	8.741694244520975E+02
1.383783783783800E+00	8.755396716874211E+02
1.386776776776793E+00	8.769125331805665E+02
1.389769769769786E+00	8.782880071524916E+02
1.392762762762779E+00	8.796660910489778E+02
1.395755755755772E+00	8.810467815330162E+02
1.398748748748766E+00	8.824300744772532E+02
1.401741741741759E+00	8.838159649565058E+02
1.404734734734752E+00	8.851814144891874E+02
1.407727727727745E+00	8.865723577592190E+02
1.410720720720738E+00	8.879425895894963E+02
1.413713713713731E+00	8.893385650521438E+02
1.416706706706724E+00	8.907135637853025E+02
1.419699699699717E+00	8.920908740784173E+02
1.422692692692710E+00	8.934704919794410E+02
1.425685685685703E+00	8.948524128718026E+02
1.428678678678696E+00	8.962366314687220E+02
1.431671671671689E+00	8.975989630857531E+02
1.434664664664682E+00	8.989876401399985E+02
1.437657657657675E+00	9.003541694328813E+02
1.440650650650668E+00	9.017472843636841E+02
1.443643643643661E+00	9.031179963141240E+02
1.446636636636654E+00	9.044907300286528E+02
1.449629629629647E+00	9.058903983688830E+02
1.452622622622640E+00	9.072672853858215E+02
1.455615615615633E+00	9.086461798891715E+02
1.458608608608627E+00	9.100270766545240E+02
1.461601601601620E+00	9.113845819401174E+02
1.464594594594613E+00	9.127693526743892E+02
1.467587587587606E+00	9.141561088216665E+02
1.470580580580599E+00	9.155191065332766E+02
1.473573573573592E+00	9.169097043837216E+02
1.476566566566585E+00	9.182763017498412E+02
1.479559559559578E+00	9.196707159925598E+02
1.482552552552571E+00	9.210408938857423E+02
1.485545545545564E+00	9.224127958095651E+02
1.488538538538557E+00	9.237864175262213E+02
1.491531531531550E+00	9.251617543565009E+02
1.494524524524543E+00	9.265388011767260E+02
1.497517517517536E+00	9.279175524157115E+02
1.500510510510529E+00	9.292980020517448E+02
1.503503503503522E+00	9.306801436095948E+02
1.506496496496515E+00	9.320368980325471E+02
1.509489489489508E+00	9.334223028724886E+02
1.512482482482501E+00	9.347820906084079E+02
1.515475475475494E+00	9.361707360475961E+02
1.518468468468487E+00	9.375335407051313E+02
1.521461461461481E+00	9.389254007522072E+02
1.524454454454474E+00	9.402912028773554E+02
1.527447447447467E+00	9.416584413896576E+02
1.530440440440460E+00	9.430271122250766E+02
1.533433433433453E+00	9.443972109736519E+02
1.536426426426446E+00	9.457687328773490E+02
1.539419419419439E+00	9.471416728279265E+02
1.542412412412432E+00	9.485160253648180E+02
1.545405405405425E+00	9.498917846730257E+02
1.548398398398418E+00	9.512689445810340E+02
1.551391391391411E+00	9.526474985587364E+02
1.554384384384404E+00	9.539987248032611E+02
1.557377377377397E+00	9.553799578908607E+02
1.560370370370390E+00	9.567625654965407E+02
1.563363363363383E+00	9.581175421867009E+02
1.566356356356376E+00	9.594736884685348E+02
1.569349349349369E+00	9.608602116300485E+02
1.572342342342362E+00	9.622187924971602E+02
1.575335335335355E+00	9.635785324503775E+02
1.578328328328348E+00	9.649689167905773E+02
1.581321321321342E+00	9.663310622174808E+02
1.584314314314335E+00	9.676943537368063E+02
1.587307307307328E+00	9.690587870859483E+02
1.590300300300321E+00	9.704243577377831E+02
1.593293293293314E+00	9.717910608992445E+02
1.596286286286307E+00	9.731588915099074E+02
1.599279279279300E+00	9.745278442405815E+02
1.602272272272293E+00	9.758979134919126E+02
1.605265265265286E+00	9.772387925558861E+02
1.608258258258279E+00	9.786109967410911E+02
1.611251251251272E+00	9.799843011158881E+02
1.614244244244265E+00	9.813281335046246E+02
1.617237237237258E+00	9.826958791277252E+02
1.620230230230251E+00	9.840569816564026E+02
1.623223223223244E+00	9.854190809057716E+02
1.626216216216237E+00	9.867821722415414E+02
1.629209209209230E+00	9.881462508000303E+02
1.632202202202223E+00	9.895113114870392E+02
1.635195195195216E+00	9.908617649456135E+02
1.638188188188209E+00	9.922287356525965E+02
1.641181181181202E+00	9.935810054651283E+02
1.644174174174196E+00	9.949498670441637E+02
1.647167167167189E+00	9.963039369745319E+02
1.650160160160182E+00	9.976588790584283E+02
1.653153153153175E+00	9.990146895418383E+02
1.656146146146168E+00	1.000371364479752E+03
1.659139139139161E+00	1.001728899735265E+03
1.662132132132154E+00	1.003087290978678E+03
1.665125125125147E+00	1.004446533686610E+03
1.668118118118140E+00	1.005790588469769E+03
1.671111111111133E+00	1.007151483650577E+03
1.674104104104126E+00	1.008513216537811E+03
1.677097097097119E+00	1.009859632500128E+03
1.680090090090112E+00	1.011222991506021E+03
1.683083083083105E+00	1.012570948538393E+03
1.686076076076098E+00	1.013919649865870E+03
1.689069069069091E+00	1.015269092264323E+03
1.692062062062084E+00	1.016619272352135E+03
1.695055055055077E+00	1.017970186589505E+03
1.698048048048070E+00	1.019321831277748E+03
1.701041041041063E+00	1.020674202558607E+03
1.704034034034057E+00	1.022027296413561E+03
1.707027027027050E+00	1.023381108663141E+03
1.710020020020043E+00	1.024735634966245E+03
1.713013013013036E+00	1.026074268248167E+03
1.716006006006029E+00	1.027430177193379E+03
1.718998998999022E+00	1.028770111431410E+03
1.721991991992015E+00	1.030127387500427E+03
1.724984984985008E+00	1.031468610108499E+03
1.727977977978001E+00	1.032810452391538E+03
1.730970970970994E+00	1.034169733862395E+03
1.733963963963987E+00	1.035512844409553E+03
1.736956956956980E+00	1.036856565247044E+03
1.739949949949973E+00	1.038200893262456E+03
1.742942942942966E+00	1.039545825214591E+03
1.745935935935959E+00	1.040891357732938E+03
1.748928928928952E+00	1.042237487317154E+03
1.751921921921945E+00	1.043584210336552E+03
1.754914914914938E+00	1.044914427298820E+03
1.757907907907931E+00	1.046262295572689E+03
1.760900900900924E+00	1.047610746519855E+03
1.763893893893917E+00	1.048942580470715E+03
1.766886886886911E+00	1.050292156671302E+03
1.769879879879904E+00	1.051625041889779E+03
1.772872872872897E+00	1.052975729389079E+03
1.775865865865890E+00	1.054309654847732E+03
1.778858858858883E+00	1.055644077839585E+03
1.781851851851876E+00	1.056978996080239E+03
1.784844844844869E+00	1.058331838356272E+03
1.787837837837862E+00	1.059667773784448E+03
1.790830830830855E+00	1.061004196197014E+03
1.793823823823848E+00	1.062341102898176E+03
1.796816816816841E+00	1.063678491090383E+03
1.799809809809834E+00	1.065016357873945E+03
1.802802802802827E+00	1.066354700246659E+03
1.805795795795820E+00	1.067693515103429E+03
1.808788788788813E+00	1.069015119609469E+03
1.811781781781806E+00	1.070354842460911E+03
1.814774774774799E+00	1.071695028735063E+03
1.817767767767792E+00	1.073017902431965E+03
1.820760760760785E+00	1.074358980211623E+03
1.823753753753778E+00	1.075700511463358E+03
1.826746746746772E+00	1.077024634415315E+03
1.829739739739765E+00	1.078349144754794E+03
1.832732732732758E+00	1.079691970668155E+03
1.835725725725751E+00	1.081017285810201E+03
1.838718718718744E+00	1.082360966854287E+03
1.841711711711737E+00	1.083687076866142E+03
1.844704704704730E+00	1.085013564151958E+03
1.847697697697723E+00	1.086340426743355E+03
1.850690690690716E+00	1.087667662595299E+03
1.853683683683709E+00	1.088995269585841E+03
1.856676676676702E+00	1.090323245515852E+03
1.859669669669695E+00	1.091669774033423E+03
1.862662662662688E+00	1.092980295010256E+03
1.865655655655681E+00	1.094309363788105E+03
1.868648648648674E+00	1.095638791931806E+03
1.871641641641667E+00	1.096968576852374E+03
1.874634634634660E+00	1.098298715882070E+03
1.877627627627653E+00	1.099629206274145E+03
1.880620620620646E+00	1.100941665513142E+03
1.883613613613639E+00	1.102272827857869E+03
1.886606606606632E+00	1.103604333691889E+03
1.889599599599626E+00	1.104917719789288E+03
1.892592592592619E+00	1.106249883572191E+03
1.895585585585612E+00	1.107563866839500E+03
1.898578578578605E+00	1.108896679057562E+03
1.901571571571598E+00	1.110211252717530E+03
1.904564564564591E+00	1.111544703296453E+03
1.907557557557584E+00	1.112859860063474E+03
1.910550550550577E+00	1.114175289476231E+03
1.913543543543570E+00	1.115509670441679E+03
1.916536536536563E+00	1.116825671808730E+03
1.919529529529556E+00	1.118141941039901E+03
1.922522522522549E+00	1.119458476653766E+03
1.925515515515542E+00	1.120794058007572E+03
1.928508508508535E+00	1.122111149464916E+03
1.931501501501528E+00	1.123428501815136E+03
1.934494494494521E+00	1.124746113347633E+03
1.937487487487514E+00	1.126063982295618E+03
1.940480480480507E+00	1.127382106835938E+03
1.943473473473500E+00	1.128700485088908E+03
1.946466466466493E+00	1.130019115118139E+03
1.949459459459487E+00	1.131337994930365E+03
1.952452452452480E+00	1.132638118031698E+03
1.955445445445473E+00	1.133957470088517E+03
1.958438438438466E+00	1.135277066373684E+03
1.961431431431459E+00	1.136596904671051E+03
1.964424424424452E+00	1.137916982706767E+03
1.967417417417445E+00	1.139218176408987E+03
1.970410410410438E+00	1.140538709532988E+03
1.973403403403431E+00	1.141859476025136E+03
1.976396396396424E+00	1.143161282193231E+03
1.979389389389417E+00	1.144482492817919E+03
1.982382382382410E+00	1.145784689384609E+03
1.985375375375403E+00	1.147106336829433E+03
1.988368368368396E+00	1.148408919058171E+03
1.991361361361389E+00	1.149730995613349E+03
1.994354354354382E+00	1.151033958414619E+03
1.997347347347375E+00	1.152356455970761E+03
2.000340340340368E+00	1.153659793900034E+03
2.003333333333361E+00	1.154963302299842E+03
2.006326326326354E+00	1.156286411201643E+03
2.009319319319347E+00	1.157590286566566E+03
2.012312312312341E+00	1.158894329105122E+03
2.015305305305334E+00	1.160198537844496E+03
2.018298298298327E+00	1.161522431807487E+03
2.021291291291320E+00	1.162826995881944E+03
2.024284284284313E+00	1.164131722376944E+03
2.027277277277306E+00	1.165436610164597E+03
2.030270270270299E+00	1.166741658079251E+03
2.033263263263292E+00	1.168046864917392E+03
2.036256256256285E+00	1.169352229437541E+03
2.039249249249278E+00	1.170657750360155E+03
2.042242242242271E+00	1.171963426367523E+03
2.045235235235264E+00	1.173269256103668E+03
2.048228228228257E+00	1.174575238174239E+03
2.051221221221250E+00	1.175881371146422E+03
2.054214214214243E+00	1.177187653548824E+03
2.057207207207236E+00	1.178494083871389E+03
2.060200200200229E+00	1.179800660565289E+03
2.063193193193222E+00	1.181107382042822E+03
2.066186186186215E+00	1.182394389986355E+03
2.069179179179208E+00	1.183701380927161E+03
2.072172172172202E+00	1.185008512374559E+03
2.075165165165195E+00	1.186315782589639E+03
2.078158158158188E+00	1.187603252314897E+03
2.081151151151181E+00	1.188910782276962E+03
2.084144144144174E+00	1.190218446294347E+03
2.087137137137167E+00	1.191506245164917E+03
2.090130130130160E+00	1.192814161259401E+03
2.093123123123153E+00	1.194122206371372E+03
2.096116116116146E+00	1.195410327255127E+03
2.099109109109139E+00	1.196718616165820E+03
2.102102102102132E+00	1.198006936367113E+03
2.105095095095125E+00	1.199315463684956E+03
2.108088088088118E+00	1.200603980198336E+03
2.111081081081111E+00	1.201912740271093E+03
2.114074074074104E+00	1.203201449866796E+03
2.117067067067097E+00	1.204510436780320E+03
2.120060060060090E+00	1.205799336003158E+03
2.123053053053083E+00	1.207088314150094E+03
2.126046046046076E+00	1.208397628748407E+03
2.129039039039069E+00	1.209686791506484E+03
2.132032032032062E+00	1.210976031409859E+03
2.135025025025056E+00	1.212285661106050E+03
2.138018018018049E+00	1.213575080117595E+03
2.141011011011042E+00	1.214864574270527E+03
2.144004004004035E+00	1.216154143026732E+03
2.146996996997028E+00	1.217464172911582E+03
2.149989989990021E+00	1.218753913090014E+03
2.152982982983014E+00	1.220043725569293E+03
2.155975975976007E+00	1.221333609716815E+03
2.158968968969000E+00	1.222623564877213E+03
2.161961961961993E+00	1.223913590372310E+03
2.164954954954986E+00	1.225224179062775E+03
2.167947947947979E+00	1.226514363490995E+03
2.170940940940972E+00	1.227804615504770E+03
2.173933933933965E+00	1.229094934330111E+03
2.176926926926958E+00	1.230385319169955E+03
2.179919919919951E+00	1.231675769204112E+03
2.182912912912944E+00	1.232966283589208E+03
2.185905905905937E+00	1.234256861458644E+03
2.188898898898930E+00	1.235547501922535E+03
2.191891891891923E+00	1.236838204067665E+03
2.194884884884917E+00	1.238128966957436E+03
2.197877877877910E+00	1.239419789631815E+03
2.200870870870903E+00	1.240689971858462E+03
2.203863863863896E+00	1.241980897933378E+03
2.206856856856889E+00	1.243271881397915E+03
2.209849849849882E+00	1.244562921201928E+03
2.212842842842875E+00	1.245854016271592E+03
2.215835835835868E+00	1.247145165509353E+03
2.218828828828861E+00	1.248415567315197E+03
2.221821821821854E+00	1.249706811962318E+03
2.224814814814847E+00	1.250998107992585E+03
2.227807807807840E+00	1.252289454217195E+03
2.230800800800833E+00	1.253559982513914E+03
2.233793793793826E+00	1.254851418387390E+03
2.236786786786819E+00	1.256142901411565E+03
2.239779779779812E+00	1.257434430305651E+03
2.242772772772805E+00	1.258705079703062E+03
2.245765765765798E+00	1.259996691844867E+03
2.248758758758791E+00	1.261288346552138E+03
2.251751751751784E+00	1.262559073420790E+03
2.254744744744777E+00	1.263850806453580E+03
2.257737737737771E+00	1.265121571196029E+03
2.260730730730764E+00	1.266413379484294E+03
2.263723723723757E+00	1.267705224633449E+03
2.266716716716750E+00	1.268976061391706E+03
2.269709709709743E+00	1.270267976290526E+03
2.272702702702736E+00	1.271538847654332E+03
2.275695695695729E+00	1.272830828854406E+03
2.278688688688722E+00	1.274101733480725E+03
2.281681681681715E+00	1.275393777384267E+03
2.284674674674708E+00	1.276664713808418E+03
2.287667667667701E+00	1.277956816667690E+03
2.290660660660694E+00	1.279227783302869E+03
2.293653653653687E+00	1.280498749329735E+03
2.296646646646680E+00	1.281790936356420E+03
2.299639639639673E+00	1.283061930469169E+03
2.302632632632666E+00	1.284354167087245E+03
2.305625625625659E+00	1.285625187398244E+03
2.308618618618652E+00	1.286896206162149E+03
2.311611611611645E+00	1.288188513836159E+03
2.314604604604638E+00	1.289459556235948E+03
2.317597597597632E+00	1.290730596449801E+03
2.320590590590625E+00	1.292022967069744E+03
2.323583583583618E+00	1.293294028096662E+03
2.326576576576611E+00	1.294565086182352E+03
2.329569569569604E+00	1.295857511171077E+03
2.332562562562597E+00	1.297128586985112E+03
2.335555555555590E+00	1.298399658985512E+03
2.338548548548583E+00	1.299670727001203E+03
2.341541541541576E+00	1.300941790849947E+03
2.344534534534569E+00	1.302234297253766E+03
2.347527527527562E+00	1.303505373819376E+03
2.350520520520555E+00	1.304776445155027E+03
2.353513513513548E+00	1.306047511030779E+03
2.356506506506541E+00	1.307318571205427E+03
2.359499499499534E+00	1.308611136282875E+03
2.362492492492527E+00	1.309882203468133E+03
2.365485485485520E+00	1.311153263696962E+03
2.368478478478513E+00	1.312424316680030E+03
2.371471471471506E+00	1.313695362116634E+03
2.374464464464499E+00	1.314966399694688E+03
2.377457457457492E+00	1.316237429090699E+03
2.380450450450486E+00	1.317508449969751E+03
2.383443443443479E+00	1.318779461985481E+03
2.386436436436472E+00	1.320050464780064E+03
2.389429429429465E+00	1.321321457984195E+03
2.392422422422458E+00	1.322592441217066E+03
2.395415415415451E+00	1.323885081844079E+03
2.398408408408444E+00	1.325156057177284E+03
2.401401401401437E+00	1.326427020828449E+03
2.404394394394430E+00	1.327676266416200E+03
2.407387387387423E+00	1.328947193676793E+03
2.410380380380416E+00	1.330218108438696E+03
2.413373373373409E+00	1.331489010240062E+03
2.416366366366402E+00	1.332759898607393E+03
2.419359359359395E+00	1.334030773055518E+03
2.422352352352388E+00	1.335301633087578E+03
2.425345345345381E+00	1.336572478195003E+03
2.428338338338374E+00	1.337843307857495E+03
2.431331331331367E+00	1.339114121543010E+03
2.434324324324360E+00	1.340384918707739E+03
2.437317317317353E+00	1.341655698796090E+03
2.440310310310347E+00	1.342926461240665E+03
2.443303303303340E+00	1.344175342367528E+03
2.446296296296333E+00	1.345446062681652E+03
2.449289289289326E+00	1.346716764124685E+03
2.452282282282319E+00	1.347987446084823E+03
2.455275275275312E+00	1.349258107938368E+03
2.458268268268305E+00	1.350506819786874E+03
2.461261261261298E+00	1.351777436970093E+03
2.464254254254291E+00	1.353048032664416E+03
2.467247247247284E+00	1.354318606201406E+03
2.470240240240277E+00	1.355589156900642E+03
2.473233233233270E+00	1.356837700533194E+03
2.476226226226263E+00	1.358108203553967E+03
2.479219219219256E+00	1.359378682198527E+03
2.482212212212249E+00	1.360649135741383E+03
2.485205205205242E+00	1.361897535670312E+03
2.488198198198235E+00	1.363167938979725E+03
2.491191191191228E+00	1.364438315524931E+03
2.494184184184221E+00	1.365686596434794E+03
2.497177177177214E+00	1.366956920879348E+03
2.500170170170207E+00	1.368227216805834E+03
2.503163163163201E+00	1.369497483410016E+03
2.506156156156194E+00	1.370745620849976E+03
2.509149149149187E+00	1.372015832285982E+03
2.512142142142180E+00	1.373263876035340E+03
2.515135135135173E+00	1.374534031158756E+03
2.518128128128166E+00	1.375804153980770E+03
2.521121121121159E+00	1.377052079221165E+03
2.524114114114152E+00	1.378322143384512E+03
2.527107107107145E+00	1.379592173216211E+03
2.530100100100138E+00	1.380839979748860E+03
2.533093093093131E+00	1.382109948414851E+03
2.536086086086124E+00	1.383357661979393E+03
2.539079079079117E+00	1.384627568066471E+03
2.542072072072110E+00	1.385897436443287E+03
2.545065065065103E+00	1.387145030899732E+03
2.548058058058096E+00	1.388414833926124E+03
2.551051051051089E+00	1.389662335531026E+03
2.554044044044082E+00	1.390932071625580E+03
2.557037037037075E+00	1.392179480464181E+03
2.560030030030068E+00	1.393449147979938E+03
2.563023023023062E+00	1.394696464090174E+03
2.566016016016055E+00	1.395966061314461E+03
2.569009009009048E+00	1.397213284686840E+03
2.572002002002041E+00	1.398482809841101E+03
2.574994994995034E+00	1.399729940418582E+03
2.577987987988027E+00	1.400999391658209E+03
2.580980980981020E+00	1.402246429336085E+03
2.583973973974013E+00	1.403515804750249E+03
2.586966966967006E+00	1.404762749376026E+03
2.589959959959999E+00	1.406032046987505E+03
2.592952952952992E+00	1.407278898360782E+03
2.595945945945985E+00	1.408525685833904E+03
2.598938938938978E+00	1.409794873998149E+03
2.601931931931971E+00	1.411041568175304E+03
2.604924924924964E+00	1.412310673881047E+03
2.607917917917957E+00	1.413557274445657E+03
2.610910910910950E+00	1.414826295487237E+03
2.613903903903943E+00	1.416072802074412E+03
2.616896896896936E+00	1.417319245512576E+03
2.619889889889929E+00	1.418588148375447E+03
2.622882882882922E+00	1.419834497559372E+03
2.625875875875916E+00	1.421080783915460E+03
2.628868868868909E+00	1.422349564994429E+03
2.631861861861902E+00	1.423595756722275E+03
2.634854854854895E+00	1.424841885903268E+03
2.637847847847888E+00	1.426110541399514E+03
2.640840840840881E+00	1.427356575480738E+03
2.643833833833874E+00	1.428602547255775E+03
2.646826826826867E+00	1.429871073176168E+03
2.649819819819860E+00	1.431116949282050E+03
2.652812812812853E+00	1.432362763281967E+03
2.655805805805846E+00	1.433631155438390E+03
2.658798798798839E+00	1.434876873101581E+03
2.661791791791832E+00	1.436122528818449E+03
2.664784784784825E+00	1.437390782827126E+03
2.667777777777818E+00	1.438636341441180E+03
2.670770770770811E+00	1.439881838227846E+03
2.673763763763804E+00	1.441127273309413E+03
2.676756756756797E+00	1.442395348327585E+03
2.679749749749790E+00	1.443640685397212E+03
2.682742742742783E+00	1.444885960827932E+03
2.685735735735777E+00	1.446131174726672E+03
2.688728728728770E+00	1.447399063736432E+03
2.691721721721763E+00	1.448644178548317E+03
2.694714714714756E+00	1.449889231841458E+03
2.697707707707749E+00	1.451134223707364E+03
2.700700700700742E+00	1.452401919260961E+03
2.703693693693735E+00	1.453646810798605E+03
2.706686686686728E+00	1.454891640869077E+03
2.709679679679721E+00	1.456136409548409E+03
2.712672672672714E+00	1.457381116909138E+03
2.715665665665707E+00	1.458648570708842E+03
2.718658658658700E+00	1.459893176166852E+03
2.721651651651693E+00	1.461137720200887E+03
2.724644644644686E+00	1.462382202867937E+03
2.727637637637679E+00	1.463626624221489E+03
2.730630630630672E+00	1.464870984311526E+03
2.733623623623665E+00	1.466138142264419E+03
2.736616616616658E+00	1.467382398403578E+03
2.739609609609651E+00	1.468626593095968E+03
2.742602602602644E+00	1.469870726375935E+03
2.745595595595637E+00	1.471114798274300E+03
2.748588588588631E+00	1.472358808818366E+03
2.751581581581624E+00	1.473602758031906E+03
2.754574574574617E+00	1.474846645935167E+03
2.757567567567610E+00	1.476113401031982E+03
2.760560560560603E+00	1.477357182000478E+03
2.763553553553596E+00	1.478600901372710E+03
2.766546546546589E+00	1.479844559153174E+03
2.769539539539582E+00	1.481088155342818E+03
2.772532532532575E+00	1.482331689939048E+03
2.775525525525568E+00	1.483575162935716E+03
2.778518518518561E+00	1.484818574323123E+03
2.781511511511554E+00	1.486061924088013E+03
2.784504504504547E+00	1.487305212213574E+03
2.787497497497540E+00	1.488548438679430E+03
2.790490490490533E+00	1.489814613639336E+03
2.793483483483526E+00	1.491057728414368E+03
2.796476476476519E+00	1.492300781103264E+03
2.799469469469512E+00	1.493543771669746E+03
2.802462462462505E+00	1.494786700073959E+03
2.805455455455498E+00	1.496029566272467E+03
2.808448448448492E+00	1.497272370218252E+03
2.811441441441485E+00	1.498515111860711E+03
2.814434434434478E+00	1.499757791145652E+03
2.817427427427471E+00	1.501000408015290E+03
2.820420420420464E+00	1.502242962408247E+03
2.823413413413457E+00	1.503485454259549E+03
2.826406406406450E+00	1.504727883500622E+03
2.829399399399443E+00	1.505970250059287E+03
2.832392392392436E+00	1.507212553859761E+03
2.835385385385429E+00	1.508454794822654E+03
2.838378378378422E+00	1.509696972864962E+03
2.841371371371415E+00	1.510939087900069E+03
2.844364364364408E+00	1.512181139837741E+03
2.847357357357401E+00	1.513423128584125E+03
2.850350350350394E+00	1.514665054041744E+03
2.853343343343387E+00	1.515906916109497E+03
2.856336336336380E+00	1.517148714682654E+03
2.859329329329373E+00	1.518390449652853E+03
2.862322322322366E+00	1.519632120908099E+03
2.865315315315359E+00	1.520850532501666E+03
2.868308308308352E+00	1.522092073363585E+03
2.871301301301346E+00	1.523333550537956E+03
2.874294294294339E+00	1.524574963899896E+03
2.877287287287332E+00	1.525816313320875E+03
2.880280280280325E+00	1.527057598668713E+03
2.883273273273318E+00	1.528298819807578E+03
2.886266266266311E+00	1.529539976597982E+03
2.889259259259304E+00	1.530781068896780E+03
2.892252252252297E+00	1.532022096557164E+03
2.895245245245290E+00	1.533263059428663E+03
2.898238238238283E+00	1.534503957357141E+03
2.901231231231276E+00	1.535744790184790E+03
2.904224224224269E+00	1.536962275792670E+03
2.907217217217262E+00	1.538202980168415E+03
2.910210210210255E+00	1.539443619354423E+03
2.913203203203248E+00	1.540684193179879E+03
2.916196196196241E+00	1.541924701470286E+03
2.919189189189234E+00	1.543165144047459E+03
2.922182182182227E+00	1.544405520729529E+03
2.925175175175220E+00	1.545645831330931E+03
2.928168168168213E+00	1.546862738076169E+03
2.931161161161207E+00	1.548102921189470E+03
2.934154154154200E+00	1.549343038062847E+03
2.937147147147193E+00	1.550583088497657E+03
2.940140140140186E+00	1.551823072291555E+03
2.943133133133179E+00	1.553062989238486E+03
2.946126126126172E+00	1.554302839128690E+03
2.949119119119165E+00	1.555519242671378E+03
2.952112112112158E+00	1.556758965724316E+03
2.955105105105151E+00	1.557998621499981E+03
2.958098098098144E+00	1.559238209775468E+03
2.961091091091137E+00	1.560477730324149E+03
2.964084084084130E+00	1.561717182915671E+03
2.967077077077123E+00	1.562933153391290E+03
2.970070070070116E+00	1.564172479593612E+03
2.973063063063109E+00	1.565411737566135E+03
2.976056056056102E+00	1.566650927065310E+03
2.979049049049095E+00	1.567890047843851E+03
2.982042042042088E+00	1.569105650926174E+03
2.985035035035081E+00	1.570344645654656E+03
2.988028028028074E+00	1.571583571347070E+03
2.991021021021067E+00	1.572822427742890E+03
2.994014014014061E+00	1.574061214577838E+03
2.997007007007054E+00	1.575276456198255E+03
3.000000000000047E+00	1.576515117206004E+03
3.002992992993040E+00	1.577753708294526E+03
