# density, grand canonical potential per unit volume
1.034034034034034E-02	-2.768351560317674E+02
1.068068068068068E-02	-2.768334864720540E+02
1.102102102102102E-02	-2.768317463369186E+02
1.136136136136136E-02	-2.768299357579183E+02
1.170170170170170E-02	-2.768280548781651E+02
1.204204204204204E-02	-2.768261038515026E+02
1.238238238238239E-02	-2.768240828417794E+02
1.272272272272273E-02	-2.768219920221669E+02
1.306306306306307E-02	-2.768198315745573E+02
1.340340340340341E-02	-2.768176016890031E+02
1.374374374374375E-02	-2.768153025632121E+02
1.408408408408409E-02	-2.768129344020828E+02
1.442442442442443E-02	-2.768104974172784E+02
1.476476476476477E-02	-2.768079918268235E+02
1.510510510510511E-02	-2.768108916770082E+02
1.544544544544545E-02	-2.768083723149150E+02
1.578578578578579E-02	-2.768057849980003E+02
1.612612612612613E-02	-2.768031299664492E+02
1.646646646646647E-02	-2.768004074652574E+02
1.680680680680681E-02	-2.767976177439798E+02
1.714714714714715E-02	-2.767947610565049E+02
1.748748748748749E-02	-2.767918376608428E+02
1.782782782782784E-02	-2.767888478189165E+02
1.816816816816818E-02	-2.767857917963842E+02
1.850850850850852E-02	-2.767826698624606E+02
1.884884884884886E-02	-2.767794822897509E+02
1.918918918918920E-02	-2.767831675061824E+02
1.952952952952954E-02	-2.767799717834094E+02
1.986986986986988E-02	-2.767767112205564E+02
2.021021021021022E-02	-2.767733861023275E+02
2.055055055055056E-02	-2.767699967161340E+02
2.089089089089090E-02	-2.767665433519790E+02
2.123123123123124E-02	-2.767630263023520E+02
2.157157157157158E-02	-2.767594458621262E+02
2.191191191191192E-02	-2.767558023284601E+02
2.225225225225226E-02	-2.767520960007153E+02
2.259259259259261E-02	-2.767483271803584E+02
2.293293293293295E-02	-2.767527710985524E+02
2.327327327327329E-02	-2.767490000737034E+02
2.361361361361363E-02	-2.767451674341858E+02
2.395395395395397E-02	-2.767412734890887E+02
2.429429429429431E-02	-2.767373185492411E+02
2.463463463463465E-02	-2.767333029271500E+02
2.497497497497499E-02	-2.767292269369380E+02
2.531531531531533E-02	-2.767250908942898E+02
2.565565565565567E-02	-2.767208951163914E+02
2.599599599599601E-02	-2.767166399218866E+02
2.633633633633635E-02	-2.767123256308155E+02
2.667667667667669E-02	-2.767175594416814E+02
2.701701701701703E-02	-2.767132493575368E+02
2.735735735735738E-02	-2.767088811059505E+02
2.769769769769772E-02	-2.767044550120588E+02
2.803803803803806E-02	-2.766999714021759E+02
2.837837837837840E-02	-2.766954306037652E+02
2.871871871871874E-02	-2.766908329453999E+02
2.905905905905908E-02	-2.766861787567246E+02
2.939939939939942E-02	-2.766814683684283E+02
2.973973973973976E-02	-2.766767021122084E+02
3.008008008008010E-02	-2.766826932214632E+02
3.042042042042044E-02	-2.766779372612039E+02
3.076076076076078E-02	-2.766731263941600E+02
3.110110110110112E-02	-2.766682609556838E+02
3.144144144144146E-02	-2.766633412819963E+02
3.178178178178180E-02	-2.766583677101511E+02
3.212212212212214E-02	-2.766533405780266E+02
3.246246246246248E-02	-2.766482602242891E+02
3.280280280280282E-02	-2.766431269883749E+02
3.314314314314316E-02	-2.766498353460868E+02
3.348348348348350E-02	-2.766447180309199E+02
3.382382382382385E-02	-2.766395488158116E+02
3.416416416416419E-02	-2.766343280429786E+02
3.450450450450453E-02	-2.766290560553018E+02
3.484484484484487E-02	-2.766237331963154E+02
3.518518518518521E-02	-2.766183598101866E+02
3.552552552552555E-02	-2.766129362416974E+02
3.586586586586589E-02	-2.766074628362347E+02
3.620620620620623E-02	-2.766149118981269E+02
3.654654654654657E-02	-2.766094601447969E+02
3.688688688688691E-02	-2.766039595527338E+02
3.722722722722725E-02	-2.765984104694687E+02
3.756756756756759E-02	-2.765928132430577E+02
3.790790790790793E-02	-2.765871682220719E+02
3.824824824824827E-02	-2.765814757555872E+02
3.858858858858862E-02	-2.765757361931628E+02
3.892892892892896E-02	-2.765838762425552E+02
3.926926926926930E-02	-2.765781634844507E+02
3.960960960960964E-02	-2.765724046397022E+02
3.994994994994998E-02	-2.765666000595976E+02
4.029029029029032E-02	-2.765607500958611E+02
4.063063063063066E-02	-2.765548551006386E+02
4.097097097097100E-02	-2.765489154264898E+02
4.131131131131134E-02	-2.765429314263751E+02
4.165165165165168E-02	-2.765369034536543E+02
4.199199199199202E-02	-2.765458294064557E+02
4.233233233233236E-02	-2.765398341038616E+02
4.267267267267270E-02	-2.765337958477774E+02
4.301301301301304E-02	-2.765277149929312E+02
4.335335335335339E-02	-2.765215918944060E+02
4.369369369369373E-02	-2.765154269076294E+02
4.403403403403407E-02	-2.765092203883671E+02
4.437437437437441E-02	-2.765029726927158E+02
4.471471471471475E-02	-2.765126300919130E+02
4.505505505505509E-02	-2.765064203098185E+02
4.539539539539543E-02	-2.765001703773314E+02
4.573573573573577E-02	-2.764938806516752E+02
4.607607607607611E-02	-2.764875514903763E+02
4.641641641641645E-02	-2.764811832512510E+02
4.675675675675679E-02	-2.764747762924034E+02
4.709709709709713E-02	-2.764683309722200E+02
4.743743743743747E-02	-2.764787390061135E+02
4.777777777777781E-02	-2.764723368715338E+02
4.811811811811816E-02	-2.764658974071663E+02
4.845845845845850E-02	-2.764594209723309E+02
4.879879879879884E-02	-2.764529079266109E+02
4.913913913913918E-02	-2.764463586298348E+02
4.947947947947952E-02	-2.764397734420821E+02
4.981981981981986E-02	-2.764508680273011E+02
5.016016016016020E-02	-2.764443306441063E+02
5.050050050050054E-02	-2.764377584054224E+02
5.084084084084088E-02	-2.764311516721311E+02
5.118118118118122E-02	-2.764245108053419E+02
5.152152152152156E-02	-2.764178361663881E+02
5.186186186186190E-02	-2.764111281168213E+02
5.220220220220224E-02	-2.764043870184072E+02
5.254254254254258E-02	-2.764162683150259E+02
5.288288288288293E-02	-2.764095803300203E+02
5.322322322322327E-02	-2.764028603354153E+02
5.356356356356361E-02	-2.763961086936603E+02
5.390390390390395E-02	-2.763893257674047E+02
5.424424424424429E-02	-2.763825119194971E+02
5.458458458458463E-02	-2.763756675129777E+02
5.492492492492497E-02	-2.763882668742446E+02
5.526526526526531E-02	-2.763814802243945E+02
5.560560560560565E-02	-2.763746640578499E+02
5.594594594594599E-02	-2.763678187382502E+02
5.628628628628633E-02	-2.763609446294128E+02
5.662662662662667E-02	-2.763540420953376E+02
5.696696696696701E-02	-2.763471115001993E+02
5.730730730730735E-02	-2.763604436148215E+02
5.764764764764770E-02	-2.763535754268075E+02
5.798798798798804E-02	-2.763466802218908E+02
5.832832832832838E-02	-2.763397583647735E+02
5.866866866866872E-02	-2.763328102203250E+02
5.900900900900906E-02	-2.763258361535821E+02
5.934934934934940E-02	-2.763188365297427E+02
5.968968968968974E-02	-2.763329160779632E+02
6.003003003003008E-02	-2.763259835169173E+02
6.037037037037042E-02	-2.763190264448234E+02
6.071071071071076E-02	-2.763120452273528E+02
6.105105105105110E-02	-2.763050402303301E+02
6.139139139139144E-02	-2.762980118197353E+02
6.173173173173178E-02	-2.762909603617035E+02
6.207207207207213E-02	-2.763058020079098E+02
6.241241241241247E-02	-2.762988222719217E+02
6.275275275275280E-02	-2.762918205361463E+02
6.309309309309313E-02	-2.762847971671461E+02
6.343343343343347E-02	-2.762777525316284E+02
6.377377377377380E-02	-2.762706869964470E+02
6.411411411411413E-02	-2.762636009286034E+02
6.445445445445447E-02	-2.762792193150398E+02
6.479479479479480E-02	-2.762722096307153E+02
6.513513513513514E-02	-2.762651804627504E+02
6.547547547547547E-02	-2.762581321785384E+02
6.581581581581580E-02	-2.762510651456140E+02
6.615615615615614E-02	-2.762439797316516E+02
6.649649649649647E-02	-2.762368763044604E+02
6.683683683683680E-02	-2.762532860458566E+02
6.717717717717714E-02	-2.762462636647760E+02
6.751751751751747E-02	-2.762392243206837E+02
6.785785785785781E-02	-2.762321683817619E+02
6.819819819819814E-02	-2.762250962163268E+02
6.853853853853847E-02	-2.762180081928323E+02
6.887887887887881E-02	-2.762109046798652E+02
6.921921921921914E-02	-2.762281203588375E+02
6.955955955955948E-02	-2.762211025547781E+02
6.989989989989981E-02	-2.762140703125127E+02
7.024024024024014E-02	-2.762070240009784E+02
7.058058058058048E-02	-2.761999639892488E+02
7.092092092092081E-02	-2.761928906465276E+02
7.126126126126114E-02	-2.762108241594863E+02
7.160160160160148E-02	-2.762038405052816E+02
7.194194194194181E-02	-2.761968445720913E+02
7.228228228228215E-02	-2.761898367294569E+02
7.262262262262248E-02	-2.761828173470549E+02
7.296296296296281E-02	-2.761757867946959E+02
7.330330330330315E-02	-2.761687454423176E+02
7.364364364364348E-02	-2.761875118172906E+02
7.398398398398381E-02	-2.761805648144656E+02
7.432432432432415E-02	-2.761736080645036E+02
7.466466466466448E-02	-2.761666419376755E+02
7.500500500500482E-02	-2.761596668043867E+02
7.534534534534515E-02	-2.761526830351746E+02
7.568568568568548E-02	-2.761721901508558E+02
7.602602602602582E-02	-2.761653047078993E+02
7.636636636636615E-02	-2.761584116825263E+02
7.670670670670648E-02	-2.761515114456031E+02
7.704704704704682E-02	-2.761446043681287E+02
7.738738738738715E-02	-2.761376908212368E+02
7.772772772772749E-02	-2.761307711761939E+02
7.806806806806782E-02	-2.761511379307659E+02
7.840840840840815E-02	-2.761443212696113E+02
7.874874874874849E-02	-2.761374995646098E+02
7.908908908908882E-02	-2.761306731873577E+02
7.942942942942915E-02	-2.761238425095860E+02
7.976976976976949E-02	-2.761170079031654E+02
8.011011011010982E-02	-2.761381381684967E+02
8.045045045045016E-02	-2.761314105186473E+02
8.079079079079049E-02	-2.761246799950427E+02
8.113113113113082E-02	-2.761179469698827E+02
8.147147147147116E-02	-2.761112118155083E+02
8.181181181181149E-02	-2.761044749043986E+02
8.215215215215182E-02	-2.761263791115341E+02
8.249249249249216E-02	-2.761197531274423E+02
8.283283283283249E-02	-2.761131264421000E+02
8.317317317317283E-02	-2.761064994283249E+02
8.351351351351316E-02	-2.760998724590785E+02
8.385385385385349E-02	-2.760932459074637E+02
8.419419419419383E-02	-2.760866201467253E+02
8.453453453453416E-02	-2.761094227977383E+02
8.487487487487450E-02	-2.761029126149895E+02
8.521521521521483E-02	-2.760964042794114E+02
8.555555555555516E-02	-2.760898981646010E+02
8.589589589589550E-02	-2.760833946443022E+02
8.623623623623583E-02	-2.760768940924030E+02
8.657657657657616E-02	-2.761004932350492E+02
8.691691691691650E-02	-2.760941122268956E+02
8.725725725725683E-02	-2.760877352440708E+02
8.759759759759717E-02	-2.760813626608279E+02
8.793793793793750E-02	-2.760749948515700E+02
8.827827827827783E-02	-2.760686321908515E+02
8.861861861861817E-02	-2.760930381492336E+02
8.895895895895850E-02	-2.760867989956731E+02
8.929929929929883E-02	-2.760805660482482E+02
8.963963963963917E-02	-2.760743396818906E+02
8.997997997997950E-02	-2.760681202716866E+02
9.032032032031984E-02	-2.760619081928794E+02
9.066066066066017E-02	-2.760871312557581E+02
9.100100100100050E-02	-2.760810466452162E+02
9.134134134134084E-02	-2.760749704243788E+02
9.168168168168117E-02	-2.760689029688798E+02
9.202202202202150E-02	-2.760628446545165E+02
9.236236236236184E-02	-2.760567958572465E+02
9.270270270270217E-02	-2.760828462775705E+02
9.304304304304251E-02	-2.760769289074408E+02
9.338338338338284E-02	-2.760710221134718E+02
9.372372372372317E-02	-2.760651262720311E+02
9.406406406406351E-02	-2.760592417596532E+02
9.440440440440384E-02	-2.760533689530412E+02
9.474474474474417E-02	-2.760802569475635E+02
9.508508508508451E-02	-2.760745195248330E+02
9.542542542542484E-02	-2.760687948677534E+02
9.576576576576518E-02	-2.760630833534547E+02
9.610610610610551E-02	-2.760573853592429E+02
9.644644644644584E-02	-2.760517012625959E+02
9.678678678678618E-02	-2.760794370115616E+02
9.712712712712651E-02	-2.760738922535297E+02
9.746746746746685E-02	-2.760683624538308E+02
9.780780780780718E-02	-2.760628479903909E+02
9.814814814814751E-02	-2.760573492413191E+02
9.848848848848785E-02	-2.760518665849046E+02
9.882882882882818E-02	-2.760464003996190E+02
9.916916916916851E-02	-2.760751208668834E+02
9.950950950950885E-02	-2.760697986563383E+02
9.984984984984918E-02	-2.760644939789307E+02
1.001901901901895E-01	-2.760592072136090E+02
1.005305305305298E-01	-2.760539387395062E+02
1.008708708708702E-01	-2.760486889359507E+02
1.012112112112105E-01	-2.760782791594824E+02
1.015515515515509E-01	-2.760731772820382E+02
1.018918918918912E-01	-2.760680951381946E+02
1.022322322322315E-01	-2.760630331077753E+02
1.025725725725719E-01	-2.760579915708039E+02
1.029129129129122E-01	-2.760529709074959E+02
1.032532532532525E-01	-2.760834409516050E+02
1.035935935935929E-01	-2.760785721643373E+02
1.039339339339332E-01	-2.760737253149169E+02
1.042742742742735E-01	-2.760689007840882E+02
1.046146146146139E-01	-2.760640989527957E+02
1.049549549549542E-01	-2.760593202021931E+02
1.052952952952945E-01	-2.760906800940650E+02
1.056356356356349E-01	-2.760860571682050E+02
1.059759759759752E-01	-2.760814583884360E+02
1.063163163163155E-01	-2.760768841364607E+02
1.066566566566559E-01	-2.760723347941928E+02
1.069969969969962E-01	-2.760678107437607E+02
1.073373373373365E-01	-2.761000704734377E+02
1.076776776776769E-01	-2.760957061954653E+02
1.080180180180172E-01	-2.760913682760431E+02
1.083583583583575E-01	-2.760870570978760E+02
1.086986986986979E-01	-2.760827730438919E+02
1.090390390390382E-01	-2.760785164972393E+02
1.093793793793785E-01	-2.761116860176497E+02
1.097197197197189E-01	-2.761075931904405E+02
1.100600600600592E-01	-2.761035289386884E+02
1.104004004003995E-01	-2.760994936461473E+02
1.107407407407399E-01	-2.760954876968031E+02
1.110810810810802E-01	-2.760915114748710E+02
1.114214214214205E-01	-2.761256007018926E+02
1.117617617617609E-01	-2.761217921459287E+02
1.121021021021012E-01	-2.761180143870171E+02
1.124424424424415E-01	-2.761142678100089E+02
1.127827827827819E-01	-2.761105527999952E+02
1.131231231231222E-01	-2.761068697423074E+02
1.134634634634625E-01	-2.761418885548693E+02
1.138038038038029E-01	-2.761383771095011E+02
1.141441441441432E-01	-2.761348986877206E+02
1.144844844844835E-01	-2.761314536755240E+02
1.148248248248239E-01	-2.761280424591581E+02
1.151651651651642E-01	-2.761246654251183E+02
1.155055055055045E-01	-2.761606236653403E+02
1.158458458458449E-01	-2.761574221901025E+02
1.161861861861852E-01	-2.761542559701871E+02
1.165265265265255E-01	-2.761511253927867E+02
1.168668668668659E-01	-2.761480308453545E+02
1.172072072072062E-01	-2.761449727156032E+02
1.175475475475465E-01	-2.761818801889596E+02
1.178878878878869E-01	-2.761790015649385E+02
1.182282282282272E-01	-2.761761604334418E+02
1.185685685685675E-01	-2.761733571829122E+02
1.189089089089079E-01	-2.761705922020618E+02
1.192492492492482E-01	-2.761678658798732E+02
1.195895895895885E-01	-2.761651786056001E+02
1.199299299299289E-01	-2.762031894866409E+02
1.202702702702692E-01	-2.762006863533591E+02
1.206106106106095E-01	-2.761982233452973E+02
1.209509509509499E-01	-2.761958008524796E+02
1.212912912912902E-01	-2.761934192652116E+02
1.216316316316305E-01	-2.761910789740817E+02
1.219719719719709E-01	-2.762300602906997E+02
1.223123123123112E-01	-2.762279080901433E+02
1.226526526526515E-01	-2.762257982651444E+02
1.229929929929919E-01	-2.762237312070972E+02
1.233333333333322E-01	-2.762217073076861E+02
1.236736736736725E-01	-2.762197269588904E+02
1.240140140140129E-01	-2.762596884031463E+02
1.243543543543532E-01	-2.762579000960496E+02
1.246946946946935E-01	-2.762561564212323E+02
1.250350350350339E-01	-2.762544577715131E+02
1.253753753753742E-01	-2.762528045400121E+02
1.257157157157145E-01	-2.762511971201566E+02
1.260560560560549E-01	-2.762921483484807E+02
1.263963963963952E-01	-2.762907369233657E+02
1.267367367367356E-01	-2.762893723939357E+02
1.270770770770759E-01	-2.762880551544921E+02
1.274174174174162E-01	-2.762867855996531E+02
1.277577577577566E-01	-2.762855641243494E+02
1.280980980980969E-01	-2.762843911238321E+02
1.284384384384372E-01	-2.763264932326120E+02
1.287787787787776E-01	-2.763255208734690E+02
1.291191191191179E-01	-2.763245980762584E+02
1.294594594594582E-01	-2.763237252371500E+02
1.297997997997986E-01	-2.763229027526438E+02
1.301401401401389E-01	-2.763221310195675E+02
1.304804804804792E-01	-2.763652438009740E+02
1.308208208208196E-01	-2.763646766683620E+02
1.311611611611599E-01	-2.763641613770003E+02
1.315015015015002E-01	-2.763636983246762E+02
1.318418418418406E-01	-2.763632879095157E+02
1.321821821821809E-01	-2.763629305299877E+02
1.325225225225212E-01	-2.763626265849030E+02
1.328628628628616E-01	-2.764069147141445E+02
1.332032032032019E-01	-2.764068200256042E+02
1.335435435435422E-01	-2.764067798647981E+02
1.338838838838826E-01	-2.764067946315438E+02
1.342242242242229E-01	-2.764068647260123E+02
1.345645645645632E-01	-2.764069905487294E+02
1.349049049049036E-01	-2.764523100822455E+02
1.352452452452439E-01	-2.764526491285851E+02
1.355855855855842E-01	-2.764530449994523E+02
1.359259259259246E-01	-2.764534980964206E+02
1.362662662662649E-01	-2.764540088214266E+02
1.366066066066052E-01	-2.764545775767772E+02
1.369469469469456E-01	-2.764552047651468E+02
1.372872872872859E-01	-2.765017239392205E+02
1.376276276276262E-01	-2.765025690191126E+02
1.379679679679666E-01	-2.765034736321564E+02
1.383083083083069E-01	-2.765044381821230E+02
1.386486486486472E-01	-2.765054630731618E+02
1.389889889889876E-01	-2.765065487098073E+02
1.393293293293279E-01	-2.765541198668801E+02
1.396696696696682E-01	-2.765554273721531E+02
1.400100100100086E-01	-2.765567967264805E+02
1.403503503503489E-01	-2.765582283355322E+02
1.406906906906892E-01	-2.765597226053711E+02
1.410310310310296E-01	-2.765612799424553E+02
1.413713713713699E-01	-2.765629007536403E+02
1.417117117117102E-01	-2.766116956743969E+02
1.420520520520506E-01	-2.766135430364192E+02
1.423923923923909E-01	-2.766154549802429E+02
1.427327327327312E-01	-2.766174319139101E+02
1.430730730730716E-01	-2.766194742458719E+02
1.434134134134119E-01	-2.766215823849903E+02
1.437537537537522E-01	-2.766237567405407E+02
1.440940940940926E-01	-2.766737883980595E+02
1.444344344344329E-01	-2.766761939957904E+02
1.447747747747732E-01	-2.766786669221270E+02
1.451151151151136E-01	-2.766812075875829E+02
1.454554554554539E-01	-2.766838164030962E+02
1.457957957957942E-01	-2.766864937800307E+02
1.461361361361346E-01	-2.766892401301791E+02
1.464764764764749E-01	-2.767405214526214E+02
1.468168168168152E-01	-2.767435037462081E+02
1.471571571571556E-01	-2.767465561298844E+02
1.474974974974959E-01	-2.767496790167349E+02
1.478378378378362E-01	-2.767528728202834E+02
1.481781781781766E-01	-2.767561379544961E+02
1.485185185185169E-01	-2.767594748337851E+02
1.488588588588572E-01	-2.768120187053333E+02
1.491991991991976E-01	-2.768155962400301E+02
1.495395395395379E-01	-2.768192466416108E+02
1.498798798798782E-01	-2.768229703258313E+02
1.502202202202186E-01	-2.768267677089044E+02
1.505605605605589E-01	-2.768306392075004E+02
1.509009009008992E-01	-2.768345852387528E+02
1.512412412412396E-01	-2.768884045005717E+02
1.515815815815799E-01	-2.768925959107231E+02
1.519219219219202E-01	-2.768968629805059E+02
1.522622622622606E-01	-2.769012061284508E+02
1.526026026026009E-01	-2.769056257735618E+02
1.529429429429413E-01	-2.769226895893435E+02
1.532832832832816E-01	-2.769272870956358E+02
1.536236236236219E-01	-2.769319623265978E+02
1.539639639639623E-01	-2.769619906905253E+02
1.543043043043026E-01	-2.769668696583881E+02
1.546446446446429E-01	-2.769718275493473E+02
1.549849849849833E-01	-2.769768647854257E+02
1.553253253253236E-01	-2.770074432056775E+02
1.556656656656639E-01	-2.770126871667027E+02
1.560060060060043E-01	-2.770180116755140E+02
1.563463463463446E-01	-2.770234171558728E+02
1.566866866866849E-01	-2.770545508632241E+02
1.570270270270253E-01	-2.770601660650735E+02
1.573673673673656E-01	-2.770658634454713E+02
1.577077077077059E-01	-2.770974283398095E+02
1.580480480480463E-01	-2.771033376623524E+02
1.583883883883866E-01	-2.771093303735832E+02
1.587287287287269E-01	-2.771154069003339E+02
1.590690690690673E-01	-2.771475361924157E+02
1.594094094094076E-01	-2.771538276728069E+02
1.597497497497479E-01	-2.771602041833575E+02
1.600900900900883E-01	-2.771666661527388E+02
1.604304304304286E-01	-2.771732140101514E+02
1.607707707707689E-01	-2.772060450366412E+02
1.611111111111093E-01	-2.772128116583137E+02
1.614514514514496E-01	-2.772196653886019E+02
1.617917917917899E-01	-2.772266066585938E+02
1.621321321321303E-01	-2.772600139699800E+02
1.624724724724706E-01	-2.772671770369305E+02
1.628128128128109E-01	-2.772744288688920E+02
1.631531531531513E-01	-2.772817698988757E+02
1.634934934934916E-01	-2.773157587647947E+02
1.638338338338319E-01	-2.773233246340261E+02
1.641741741741723E-01	-2.773309809314090E+02
1.645145145145126E-01	-2.773387280919175E+02
1.648548548548529E-01	-2.773733037906924E+02
1.651951951951933E-01	-2.773812788425491E+02
1.655355355355336E-01	-2.773893459925820E+02
1.658758758758739E-01	-2.773975056777637E+02
1.662162162162143E-01	-2.774326734967135E+02
1.665565565565546E-01	-2.774410641353821E+02
1.668968968968949E-01	-2.774495485492720E+02
1.672372372372353E-01	-2.774581271773945E+02
1.675775775775756E-01	-2.774668004593442E+02
1.679179179179159E-01	-2.775027050671526E+02
1.682582582582563E-01	-2.775116131805904E+02
1.685985985985966E-01	-2.775206171945425E+02
1.689389389389369E-01	-2.775297175506905E+02
1.692792792792773E-01	-2.775389146913146E+02
1.696196196196176E-01	-2.775755645497235E+02
1.699599599599579E-01	-2.775850004175232E+02
1.703003003002983E-01	-2.775945343232648E+02
1.706406406406386E-01	-2.776041667113655E+02
1.709809809809789E-01	-2.776414274057698E+02
1.713213213213193E-01	-2.776513016210727E+02
1.716616616616596E-01	-2.776612755775832E+02
1.720020020019999E-01	-2.776713497218919E+02
1.723423423423403E-01	-2.776815245012125E+02
1.726826826826806E-01	-2.777195456681970E+02
1.730230230230209E-01	-2.777299662029432E+02
1.733633633633613E-01	-2.777404886386267E+02
1.737037037037016E-01	-2.777511134246870E+02
1.740440440440419E-01	-2.777618410111967E+02
1.743843843843823E-01	-2.778006311792811E+02
1.747247247247226E-01	-2.778116084684573E+02
1.750650650650629E-01	-2.778226898312556E+02
1.754054054054033E-01	-2.778338757200260E+02
1.757457457457436E-01	-2.778451665877668E+02
1.760860860860839E-01	-2.778565628881306E+02
1.764264264264243E-01	-2.778962788484400E+02
1.767667667667646E-01	-2.779079296451459E+02
1.771071071071049E-01	-2.779196871567352E+02
1.774474474474453E-01	-2.779315518391974E+02
1.777877877877856E-01	-2.779435241491879E+02
1.781281281281260E-01	-2.779840280377732E+02
1.784684684684663E-01	-2.779962588354116E+02
1.788088088088066E-01	-2.780085985504626E+02
1.791491491491470E-01	-2.780210476419678E+02
1.794894894894873E-01	-2.780336065696532E+02
1.798298298298276E-01	-2.780462757939270E+02
1.801701701701680E-01	-2.780877284289982E+02
1.805105105105083E-01	-2.781006609900728E+02
1.808508508508486E-01	-2.781137051471668E+02
1.811911911911890E-01	-2.781268613631397E+02
1.815315315315293E-01	-2.781401301015480E+02
1.818718718718696E-01	-2.781535118266500E+02
1.822122122122100E-01	-2.781959258440723E+02
1.825525525525503E-01	-2.782095757869195E+02
1.828928928928906E-01	-2.782233400256946E+02
1.832332332332310E-01	-2.782372190271685E+02
1.835735735735713E-01	-2.782512132588279E+02
1.839139139139116E-01	-2.782653231888773E+02
1.842542542542520E-01	-2.783087112808365E+02
1.845945945945923E-01	-2.783230943422517E+02
1.849349349349326E-01	-2.783375944213503E+02
1.852752752752730E-01	-2.783522119889120E+02
1.856156156156133E-01	-2.783669475164498E+02
1.859559559559536E-01	-2.783818014762140E+02
1.862962962962940E-01	-2.783967743411921E+02
1.866366366366343E-01	-2.784413084314156E+02
1.869769769769746E-01	-2.784565602315640E+02
1.873173173173150E-01	-2.784719322684335E+02
1.876576576576553E-01	-2.784874250176621E+02
1.879979979979956E-01	-2.785030389556412E+02
1.883383383383360E-01	-2.785187745595194E+02
1.886786786786763E-01	-2.785346323072042E+02
1.890190190190166E-01	-2.785506126773658E+02
1.893593593593570E-01	-2.785964725683144E+02
1.896996996996973E-01	-2.786127385913189E+02
1.900400400400376E-01	-2.786291285828404E+02
1.903803803803780E-01	-2.786456430242840E+02
1.907207207207183E-01	-2.786622823978336E+02
1.910610610610586E-01	-2.786790471864524E+02
1.914014014013990E-01	-2.786959378738867E+02
1.917417417417393E-01	-2.787129549446702E+02
1.920820820820796E-01	-2.787300988841251E+02
1.924224224224200E-01	-2.787774735276856E+02
1.927627627627603E-01	-2.787949107802293E+02
1.931031031031006E-01	-2.788124762645227E+02
1.934434434434410E-01	-2.788301704687219E+02
1.937837837837813E-01	-2.788479938817866E+02
1.941241241241216E-01	-2.788659469934832E+02
1.944644644644620E-01	-2.788840302943890E+02
1.948048048048023E-01	-2.789022442758944E+02
1.951451451451426E-01	-2.789205894302061E+02
1.954854854854830E-01	-2.789390662503500E+02
1.958258258258233E-01	-2.789881550734776E+02
1.961661661661636E-01	-2.790069338438225E+02
1.965065065065040E-01	-2.790258456628335E+02
1.968468468468443E-01	-2.790448910264788E+02
1.971871871871846E-01	-2.790640704315604E+02
1.975275275275250E-01	-2.790833843757175E+02
1.978678678678653E-01	-2.791028333574295E+02
1.982082082082056E-01	-2.791224178760189E+02
1.985485485485460E-01	-2.791421384316550E+02
1.988888888888863E-01	-2.791619955253563E+02
1.992292292292266E-01	-2.791819896589949E+02
1.995695695695670E-01	-2.792021213352969E+02
1.999099099099073E-01	-2.792223910578491E+02
2.002502502502476E-01	-2.792427993310998E+02
2.005905905905880E-01	-2.792943370126799E+02
2.009309309309283E-01	-2.793150596031054E+02
2.012712712712686E-01	-2.793359221564071E+02
2.016116116116090E-01	-2.793569251801288E+02
2.019519519519493E-01	-2.793780691826888E+02
2.022922922922896E-01	-2.793993546733864E+02
2.026326326326300E-01	-2.794207821624026E+02
2.029729729729703E-01	-2.794423521608041E+02
2.033133133133107E-01	-2.794640651805464E+02
2.036536536536510E-01	-2.794859217344770E+02
2.039939939939913E-01	-2.795079223363381E+02
2.043343343343317E-01	-2.795300675007699E+02
2.046746746746720E-01	-2.795523577433140E+02
2.050150150150123E-01	-2.795747935804153E+02
2.053553553553527E-01	-2.795973755294269E+02
2.056956956956930E-01	-2.796201041086114E+02
2.060360360360333E-01	-2.796429798371454E+02
2.063763763763737E-01	-2.796660032351213E+02
2.067167167167140E-01	-2.796891748235515E+02
2.070570570570543E-01	-2.797124951243705E+02
2.073973973973947E-01	-2.797359646604389E+02
2.077377377377350E-01	-2.797595839555451E+02
2.080780780780753E-01	-2.797833535344105E+02
2.084184184184157E-01	-2.798072739226893E+02
2.087587587587560E-01	-2.798313456469756E+02
2.090990990990963E-01	-2.798555692348025E+02
2.094394394394367E-01	-2.798799452146479E+02
2.097797797797770E-01	-2.799044741159362E+02
2.101201201201173E-01	-2.799291564690413E+02
2.104604604604577E-01	-2.799539928052905E+02
2.108008008007980E-01	-2.799789836569669E+02
2.111411411411383E-01	-2.800041295573118E+02
2.114814814814787E-01	-2.800294310405291E+02
2.118218218218190E-01	-2.800548886417869E+02
2.121621621621593E-01	-2.800805028972209E+02
2.125025025024997E-01	-2.801062743439384E+02
2.128428428428400E-01	-2.801322035200200E+02
2.131831831831803E-01	-2.801582909645225E+02
2.135235235235207E-01	-2.801845372174826E+02
2.138638638638610E-01	-2.802109428199203E+02
2.142042042042013E-01	-2.802375083138395E+02
2.145445445445417E-01	-2.802642342422338E+02
2.148848848848820E-01	-2.802911211490879E+02
2.152252252252223E-01	-2.803181695793804E+02
2.155655655655627E-01	-2.803453800790872E+02
2.159059059059030E-01	-2.803727531951839E+02
2.162462462462433E-01	-2.804002894756500E+02
2.165865865865837E-01	-2.803954427070481E+02
2.169269269269240E-01	-2.804232767004274E+02
2.172672672672643E-01	-2.804512756339489E+02
2.176076076076047E-01	-2.804794400600744E+02
2.179479479479450E-01	-2.805077705322858E+02
2.182882882882853E-01	-2.805362676050846E+02
2.186286286286257E-01	-2.805649318339979E+02
2.189689689689660E-01	-2.805937637755789E+02
2.193093093093063E-01	-2.806227639874109E+02
2.196496496496467E-01	-2.806519330281095E+02
2.199899899899870E-01	-2.806812714573256E+02
2.203303303303273E-01	-2.807107798357480E+02
2.206706706706677E-01	-2.807404587251070E+02
2.210110110110080E-01	-2.807373793501562E+02
2.213513513513483E-01	-2.807673723763528E+02
2.216916916916887E-01	-2.807975377367088E+02
2.220320320320290E-01	-2.808278759976046E+02
2.223723723723693E-01	-2.808583877264772E+02
2.227127127127097E-01	-2.808890734918209E+02
2.230530530530500E-01	-2.809199338631914E+02
2.233933933933903E-01	-2.809509694112086E+02
2.237337337337307E-01	-2.809490275597181E+02
2.240740740740710E-01	-2.809803876898594E+02
2.244144144144113E-01	-2.810119248505040E+02
2.247547547547517E-01	-2.810436396170230E+02
2.250950950950920E-01	-2.810755325658660E+02
2.254354354354323E-01	-2.811076042745626E+02
2.257757757757727E-01	-2.811398553217260E+02
2.261161161161130E-01	-2.811722862870552E+02
2.264564564564533E-01	-2.811715297616477E+02
2.267967967967937E-01	-2.812042959384158E+02
2.271371371371340E-01	-2.812372439184905E+02
2.274774774774743E-01	-2.812703742864198E+02
2.278178178178147E-01	-2.813036876278508E+02
2.281581581581550E-01	-2.813371845295330E+02
2.284984984984954E-01	-2.813373428427934E+02
2.288388388388357E-01	-2.813711831272738E+02
2.291791791791760E-01	-2.814052088814159E+02
2.295195195195164E-01	-2.814394206968904E+02
2.298598598598567E-01	-2.814738191664812E+02
2.302002002001970E-01	-2.814747575364932E+02
2.305405405405374E-01	-2.815095063346284E+02
2.308808808808777E-01	-2.815444437170535E+02
2.312212212212180E-01	-2.815795702815324E+02
2.315615615615584E-01	-2.816148866269573E+02
2.319019019018987E-01	-2.816166252325835E+02
2.322422422422390E-01	-2.816522989320108E+02
2.325825825825794E-01	-2.816881643635646E+02
2.329229229229197E-01	-2.817242221311724E+02
2.332632632632600E-01	-2.817604728399024E+02
2.336036036036004E-01	-2.817630321114091E+02
2.339439439439407E-01	-2.817996472802560E+02
2.342842842842810E-01	-2.818364573626506E+02
2.346246246246214E-01	-2.818734629687502E+02
2.349649649649617E-01	-2.818766894566633E+02
2.353053053053020E-01	-2.819140653319569E+02
2.356456456456424E-01	-2.819516387208743E+02
2.359859859859827E-01	-2.819894102387058E+02
2.363263263263230E-01	-2.819933176049615E+02
2.366666666666634E-01	-2.820314652556692E+02
2.370070070070037E-01	-2.820698130428506E+02
2.373473473473440E-01	-2.821083615869699E+02
2.376876876876844E-01	-2.821129636331638E+02
2.380280280280247E-01	-2.821518942289177E+02
2.383683683683650E-01	-2.821910276069531E+02
2.387087087087054E-01	-2.822303643929477E+02
2.390490490490457E-01	-2.822356750615839E+02
2.393893893893860E-01	-2.822753998735023E+02
2.397297297297264E-01	-2.823153301366453E+02
2.400700700700667E-01	-2.823211769646149E+02
2.404104104104070E-01	-2.823614998576456E+02
2.407507507507474E-01	-2.824020302591243E+02
2.410910910910877E-01	-2.824084215218706E+02
2.414314314314280E-01	-2.824493491907862E+02
2.417717717717684E-01	-2.824904864394096E+02
2.421121121121087E-01	-2.824974304782830E+02
2.424524524524490E-01	-2.825389696656724E+02
2.427927927927894E-01	-2.825807205181398E+02
2.431331331331297E-01	-2.825882257408074E+02
2.434734734734700E-01	-2.826303832373382E+02
2.438138138138104E-01	-2.826727544984998E+02
2.441541541541507E-01	-2.826808293793426E+02
2.444944944944910E-01	-2.827236120240153E+02
2.448348348348314E-01	-2.827666105471220E+02
2.451751751751717E-01	-2.827752636276214E+02
2.455155155155120E-01	-2.828186783080125E+02
2.458558558558524E-01	-2.828623109949580E+02
2.461961961961927E-01	-2.828715508840687E+02
2.465365365365330E-01	-2.829156045365645E+02
2.468768768768734E-01	-2.829252357455986E+02
2.472172172172137E-01	-2.829697137126269E+02
2.475575575575540E-01	-2.830144133226457E+02
2.478978978978944E-01	-2.830246460515285E+02
2.482382382382347E-01	-2.830697748435448E+02
2.485785785785750E-01	-2.830804091226429E+02
2.489189189189154E-01	-2.831259704875540E+02
2.492592592592557E-01	-2.831717571741327E+02
2.495995995995960E-01	-2.831830078826032E+02
2.499399399399364E-01	-2.832292320691798E+02
2.502802802802767E-01	-2.832408946979481E+02
2.506206206206171E-01	-2.832875598176395E+02
2.509609609609574E-01	-2.832996386443019E+02
2.513013013012978E-01	-2.833467481477690E+02
2.516416416416382E-01	-2.833940882305704E+02
2.519819819819785E-01	-2.834068048294591E+02
2.523223223223189E-01	-2.834545943081300E+02
2.526626626626592E-01	-2.834677376743573E+02
2.530030030029996E-01	-2.835159800421634E+02
2.533433433433400E-01	-2.835295545359846E+02
2.536836836836803E-01	-2.835782533038866E+02
2.540240240240207E-01	-2.835922633098488E+02
2.543643643643611E-01	-2.836414220065412E+02
2.547047047047014E-01	-2.836558719335517E+02
2.550450450450418E-01	-2.837054941055010E+02
2.553853853853821E-01	-2.837203883868930E+02
2.557257257257225E-01	-2.837704775983731E+02
2.560660660660629E-01	-2.837858206919669E+02
2.564064064064032E-01	-2.838363805250919E+02
2.567467467467436E-01	-2.838521769132549E+02
2.570870870870839E-01	-2.838681980040683E+02
2.574274274274243E-01	-2.839194651577132E+02
2.577677677677647E-01	-2.839359465565714E+02
2.581081081081050E-01	-2.839876935748536E+02
2.584484484484454E-01	-2.840046398276153E+02
2.587887887887858E-01	-2.840568703568192E+02
2.591291291291261E-01	-2.840742860340819E+02
2.594694694694665E-01	-2.841270037384548E+02
2.598098098098068E-01	-2.841448934355994E+02
2.601501501501472E-01	-2.841630193618197E+02
2.604904904904876E-01	-2.842164703346035E+02
2.608308308308279E-01	-2.842350774727564E+02
2.611711711711683E-01	-2.842890250763912E+02
2.615115115115086E-01	-2.843081180859093E+02
2.618518518518490E-01	-2.843274539186558E+02
2.621921921921894E-01	-2.843821496144076E+02
2.625325325325297E-01	-2.844019786117407E+02
2.628728728728701E-01	-2.844220544902836E+02
2.632132132132105E-01	-2.844775074000058E+02
2.635535535535508E-01	-2.844980837984441E+02
2.638938938938912E-01	-2.845189111718407E+02
2.642342342342315E-01	-2.845751304890703E+02
2.645745745745719E-01	-2.845964657998805E+02
2.649149149149123E-01	-2.846180562152449E+02
2.652552552552526E-01	-2.846750512052586E+02
2.655955955955930E-01	-2.846971570378635E+02
2.659359359359333E-01	-2.847195221405348E+02
2.662762762762737E-01	-2.847773021403756E+02
2.666166166166141E-01	-2.848001902024989E+02
2.669569569569544E-01	-2.848233417361719E+02
2.672972972972948E-01	-2.848467582476737E+02
2.676376376376352E-01	-2.849055982524196E+02
2.679779779779755E-01	-2.849295480592389E+02
2.683183183183159E-01	-2.849537670945413E+02
2.686586586586562E-01	-2.849782568825627E+02
2.689989989989966E-01	-2.850381744355307E+02
2.693393393393370E-01	-2.850632079713346E+02
2.696796796796773E-01	-2.850885165597363E+02
2.700200200200177E-01	-2.851141017429507E+02
2.703603603603580E-01	-2.851751145710646E+02
2.707007007006984E-01	-2.852012540711389E+02
2.710410410410388E-01	-2.852276745151469E+02
2.713813813813791E-01	-2.852543774632896E+02
2.717217217217195E-01	-2.852813644805770E+02
2.720620620620599E-01	-2.853437714273803E+02
2.724024024024002E-01	-2.853713262804719E+02
2.727427427427406E-01	-2.853991696142230E+02
2.730830830830809E-01	-2.854273030116217E+02
2.734234234234213E-01	-2.854557280604621E+02
2.737637637637617E-01	-2.854844463533425E+02
2.741041041041020E-01	-2.855134594876644E+02
2.744444444444424E-01	-2.855778674172163E+02
2.747847847847827E-01	-2.856074678641140E+02
2.751251251251231E-01	-2.856373676525371E+02
2.754654654654635E-01	-2.856675683978170E+02
2.758058058058038E-01	-2.856980717200756E+02
2.761461461461442E-01	-2.857288792442233E+02
2.764864864864846E-01	-2.857599925999553E+02
2.768268268268249E-01	-2.857914134217480E+02
2.771671671671653E-01	-2.858231433488554E+02
2.775075075075056E-01	-2.858551840253040E+02
2.778478478478460E-01	-2.858875370998895E+02
2.781881881881864E-01	-2.859202042261713E+02
2.785285285285267E-01	-2.859531870624671E+02
2.788688688688671E-01	-2.859864872718478E+02
2.792092092092074E-01	-2.860201065221318E+02
2.795495495495478E-01	-2.860540464858785E+02
2.798898898898882E-01	-2.860883088403823E+02
2.802302302302285E-01	-2.861228952676650E+02
2.805705705705689E-01	-2.861578074544697E+02
2.809109109109093E-01	-2.861930470922526E+02
2.812512512512496E-01	-2.862286158771755E+02
2.815915915915900E-01	-2.862645155100975E+02
2.819319319319303E-01	-2.863007476965664E+02
2.822722722722707E-01	-2.863373141468105E+02
2.826126126126111E-01	-2.863742165757284E+02
2.829529529529514E-01	-2.864114567028802E+02
2.832932932932918E-01	-2.864490362524773E+02
2.836336336336321E-01	-2.864521688665004E+02
2.839739739739725E-01	-2.864904487449736E+02
2.843143143143129E-01	-2.865290736016136E+02
2.846546546546532E-01	-2.865680451804025E+02
2.849949949949936E-01	-2.866073652299182E+02
2.853353353353340E-01	-2.866470355033214E+02
2.856756756756743E-01	-2.866870577583435E+02
2.860160160160147E-01	-2.866927747924793E+02
2.863563563563550E-01	-2.867335251659745E+02
2.866966966966954E-01	-2.867746331860275E+02
2.870370370370358E-01	-2.868161006297834E+02
2.873773773773761E-01	-2.868233557651639E+02
2.877177177177165E-01	-2.868655677934961E+02
2.880580580580568E-01	-2.869081449736966E+02
2.883983983983972E-01	-2.869510891020794E+02
2.887387387387376E-01	-2.869599202863653E+02
2.890790790790779E-01	-2.870036256519437E+02
2.894194194194183E-01	-2.870477037562927E+02
2.897597597597587E-01	-2.870921564146196E+02
2.901001001000990E-01	-2.871026020385554E+02
2.904404404404394E-01	-2.871478327708555E+02
2.907807807807797E-01	-2.871934439092425E+02
2.911211211211201E-01	-2.872051340137419E+02
2.914614614614605E-01	-2.872515361795845E+02
2.918018018018008E-01	-2.872640797934356E+02
2.921421421421412E-01	-2.873112819585020E+02
2.924824824824815E-01	-2.873588745152458E+02
2.928228228228219E-01	-2.873727010616373E+02
2.931631631631623E-01	-2.874211067487515E+02
2.935035035035026E-01	-2.874358134183676E+02
2.938438438438430E-01	-2.874850413297413E+02
2.941841841841834E-01	-2.875006390708265E+02
2.945245245245237E-01	-2.875506983496025E+02
2.948648648648641E-01	-2.875671981728687E+02
2.952052052052044E-01	-2.876180980109369E+02
2.955455455455448E-01	-2.876355109889801E+02
2.958858858858852E-01	-2.876872606264455E+02
2.962262262262255E-01	-2.877055978931315E+02
2.965665665665659E-01	-2.877582066177567E+02
2.969069069069062E-01	-2.877774793675751E+02
2.972472472472466E-01	-2.878309565141962E+02
2.975875875875870E-01	-2.878511760015828E+02
2.979279279279273E-01	-2.878718944449902E+02
2.982682682682677E-01	-2.879267084901269E+02
2.986086086086081E-01	-2.879483911802524E+02
2.989489489489484E-01	-2.880040976325001E+02
2.992892892892888E-01	-2.880267559740278E+02
2.996296296296291E-01	-2.880499291018924E+02
2.999699699699695E-01	-2.880736204329467E+02
3.003103103103099E-01	-2.881311763049271E+02
3.006506506506502E-01	-2.881558673228599E+02
3.009909909909906E-01	-2.881810862839307E+02
3.013313313313309E-01	-2.882068366422283E+02
3.016716716716713E-01	-2.882662839945422E+02
3.020120120120117E-01	-2.882930583259295E+02
3.023523523523520E-01	-2.883203738964985E+02
3.026926926926924E-01	-2.883482341964453E+02
3.030330330330328E-01	-2.883766427253199E+02
3.033733733733731E-01	-2.884385242989245E+02
3.037137137137135E-01	-2.884679877706941E+02
3.040540540540538E-01	-2.884980094374977E+02
3.043943943943942E-01	-2.885285928334296E+02
3.047347347347346E-01	-2.885597415015130E+02
3.050750750750749E-01	-2.885914589936064E+02
3.054154154154153E-01	-2.886237488703104E+02
3.057557557557556E-01	-2.886566147008696E+02
3.060960960960960E-01	-2.886900600630754E+02
3.064364364364364E-01	-2.887240885431652E+02
3.067767767767767E-01	-2.887587037357205E+02
3.071171171171171E-01	-2.887939092435628E+02
3.074574574574575E-01	-2.888297086776477E+02
3.077977977977978E-01	-2.888580549571635E+02
3.081381381381382E-01	-2.888950680617918E+02
3.084784784784785E-01	-2.889166471616307E+02
3.088188188188189E-01	-2.889549043656584E+02
3.091591591591593E-01	-2.889937741312370E+02
3.094994994994996E-01	-2.890173168421621E+02
3.098398398398400E-01	-2.890574542006600E+02
3.101801801801803E-01	-2.890823386386716E+02
3.105205205205207E-01	-2.891237595512994E+02
3.108608608608611E-01	-2.891500030479903E+02
3.112012012012014E-01	-2.891769506249754E+02
3.115415415415418E-01	-2.892203435035531E+02
3.118818818818822E-01	-2.892486766237708E+02
3.122222222222225E-01	-2.892777276386523E+02
3.125625625625629E-01	-2.893075012933224E+02
3.129029029029032E-01	-2.893535929564741E+02
3.132432432432436E-01	-2.893847879548229E+02
3.135835835835840E-01	-2.894167195188189E+02
3.139239239239243E-01	-2.894493924305920E+02
3.142642642642647E-01	-2.894828114812680E+02
3.146046046046050E-01	-2.895015855947582E+02
3.149449449449454E-01	-2.895365513898954E+02
3.152852852852858E-01	-2.895722781216608E+02
3.156256256256261E-01	-2.896087706159074E+02
3.159659659659665E-01	-2.896308039184609E+02
3.163063063063069E-01	-2.896688840259872E+02
3.166466466466472E-01	-2.897077447960951E+02
3.169869869869876E-01	-2.897322908594381E+02
3.173273273273279E-01	-2.897727702685764E+02
3.176676676676683E-01	-2.897990346824129E+02
3.180080080080087E-01	-2.898261904219790E+02
3.183483483483490E-01	-2.898691591960847E+02
3.186886886886894E-01	-2.898980677472002E+02
3.190290290290297E-01	-2.899278855304299E+02
3.193693693693701E-01	-2.899586186768758E+02
3.197097097097105E-01	-2.899902733260052E+02
3.200500500500508E-01	-2.900228556252595E+02
3.203903903903912E-01	-2.900563717296568E+02
3.207307307307316E-01	-2.900908278013895E+02
3.210710710710719E-01	-2.901117119780128E+02
3.214114114114123E-01	-2.901481181759465E+02
3.217517517517526E-01	-2.901854833099379E+02
3.220920920920930E-01	-2.902094560114083E+02
3.224324324324334E-01	-2.902345102464384E+02
3.227727727727737E-01	-2.902748963303582E+02
3.231131131131141E-01	-2.903020783145490E+02
3.234534534534544E-01	-2.903303642104538E+02
3.237937937937948E-01	-2.903597616582690E+02
3.241341341341352E-01	-2.904042894982620E+02
3.244744744744755E-01	-2.904219217970856E+02
3.248148148148159E-01	-2.904546997931823E+02
3.251551551551563E-01	-2.904886199500516E+02
3.254954954954966E-01	-2.905236899286060E+02
3.258358358358370E-01	-2.905462166702916E+02
3.261761761761773E-01	-2.905836720510155E+02
3.265165165165177E-01	-2.906087305937966E+02
3.268568568568581E-01	-2.906486041161744E+02
3.271971971971984E-01	-2.906762293764388E+02
3.275375375375388E-01	-2.907051858365764E+02
3.278778778778791E-01	-2.907354827935783E+02
3.282182182182195E-01	-2.907671295426187E+02
3.285585585585599E-01	-2.908001353760205E+02
3.288988988989002E-01	-2.908214300991481E+02
3.292392392392406E-01	-2.908572543714292E+02
3.295795795795810E-01	-2.908815368789285E+02
3.299199199199213E-01	-2.909202190469806E+02
3.302602602602617E-01	-2.909475312168819E+02
3.306006006006020E-01	-2.909764137560304E+02
3.309409409409424E-01	-2.910068777435296E+02
3.312812812812828E-01	-2.910389342458921E+02
3.316216216216231E-01	-2.910725943155058E+02
3.319619619619635E-01	-2.910955023937930E+02
3.323023023023038E-01	-2.911202071204245E+02
3.326426426426442E-01	-2.911589113015414E+02
3.329829829829846E-01	-2.911871589379200E+02
3.333233233233249E-01	-2.912172415620392E+02
3.336636636636653E-01	-2.912491721409738E+02
3.340040040040057E-01	-2.912711360960478E+02
3.343443443443460E-01	-2.913068937103646E+02
3.346846846846864E-01	-2.913329019388883E+02
3.350250250250267E-01	-2.913610033732601E+02
3.353653653653671E-01	-2.913912130438797E+02
3.357057057057075E-01	-2.914122145471882E+02
3.360460460460478E-01	-2.914467871564818E+02
3.363863863863882E-01	-2.914723916449190E+02
3.367267267267285E-01	-2.915003766573051E+02
3.370670670670689E-01	-2.915307593815677E+02
3.374074074074093E-01	-2.915635569307431E+02
3.377477477477496E-01	-2.915881101763501E+02
3.380880880880900E-01	-2.916153423004145E+02
3.384284284284304E-01	-2.916452727936967E+02
3.387687687687707E-01	-2.916779210393596E+02
3.391091091091111E-01	-2.917031131242650E+02
3.394494494494514E-01	-2.917313104664561E+02
3.397897897897918E-01	-2.917625349072673E+02
3.401301301301322E-01	-2.917870063762843E+02
3.404704704704725E-01	-2.918148151219768E+02
3.408108108108129E-01	-2.918459855137409E+02
3.411511511511532E-01	-2.918711587105905E+02
3.414914914914936E-01	-2.919000271483177E+02
3.418318318318340E-01	-2.919235337053042E+02
3.421721721721743E-01	-2.919510914660849E+02
3.425125125125147E-01	-2.919827301855663E+02
3.428528528528551E-01	-2.920098680722915E+02
3.431931931931954E-01	-2.920330269215826E+02
3.435335335335358E-01	-2.920610169912657E+02
3.438738738738761E-01	-2.920857849339118E+02
3.442142142142165E-01	-2.921158103176634E+02
3.445545545545569E-01	-2.921434127646954E+02
3.448948948948972E-01	-2.921692013489834E+02
3.452352352352376E-01	-2.921938128635149E+02
3.455755755755779E-01	-2.922179122323657E+02
3.459159159159183E-01	-2.922490738914247E+02
3.462562562562587E-01	-2.922740276975573E+02
3.465965965965990E-01	-2.922990243309994E+02
3.469369369369394E-01	-2.923250315300327E+02
3.472772772772798E-01	-2.923515862161743E+02
3.476176176176201E-01	-2.923771398079201E+02
3.479579579579605E-01	-2.924034546357088E+02
3.482982982983008E-01	-2.924273917107334E+02
3.486386386386412E-01	-2.924542663286999E+02
3.489789789789816E-01	-2.924802991102744E+02
3.493193193193219E-01	-2.925042596353917E+02
3.496596596596623E-01	-2.925297374369245E+02
3.500000000000026E-01	-2.925544765277992E+02
3.503403403403430E-01	-2.925804540672619E+02
