# energy / barionic density = energy by nucleon 
# barionic density, energy / barionic density
1.034034034034034E-02	9.381232543463021E+02
1.068068068068068E-02	9.380610874197488E+02
1.102102102102102E-02	9.379984662388531E+02
1.136136136136136E-02	9.379354230152476E+02
1.170170170170170E-02	9.378719876841802E+02
1.204204204204204E-02	9.378081881232090E+02
1.238238238238239E-02	9.377440503451994E+02
1.272272272272273E-02	9.376795986692247E+02
1.306306306306307E-02	9.376148558700685E+02
1.340340340340341E-02	9.375498433125790E+02
1.374374374374375E-02	9.374845810701804E+02
1.408408408408409E-02	9.374190880315091E+02
1.442442442442443E-02	9.373533819957797E+02
1.476476476476477E-02	9.372874797578854E+02
1.510510510510511E-02	9.372213737997118E+02
1.544544544544545E-02	9.371550945552607E+02
1.578578578578579E-02	9.370886651768265E+02
1.612612612612613E-02	9.370220990807999E+02
1.646646646646647E-02	9.369554090032427E+02
1.680680680680681E-02	9.368886070461275E+02
1.714714714714715E-02	9.368217047206870E+02
1.748748748748749E-02	9.367547129859058E+02
1.782782782782784E-02	9.366876422845216E+02
1.816816816816818E-02	9.366205025755769E+02
1.850850850850852E-02	9.365533033649549E+02
1.884884884884886E-02	9.364860537327264E+02
1.918918918918920E-02	9.364187482462789E+02
1.952952952952954E-02	9.363513954152157E+02
1.986986986986988E-02	9.362840177532338E+02
2.021021021021022E-02	9.362166228418799E+02
2.055055055055056E-02	9.361492179494712E+02
2.089089089089090E-02	9.360818100480136E+02
2.123123123123124E-02	9.360144058298822E+02
2.157157157157158E-02	9.359470117222932E+02
2.191191191191192E-02	9.358796339012955E+02
2.225225225225226E-02	9.358122783049618E+02
2.259259259259261E-02	9.357449506452058E+02
2.293293293293295E-02	9.356776489359554E+02
2.327327327327329E-02	9.356103674983976E+02
2.361361361361363E-02	9.355431303785163E+02
2.395395395395397E-02	9.354759424695898E+02
2.429429429429431E-02	9.354088084901312E+02
2.463463463463465E-02	9.353417329919769E+02
2.497497497497499E-02	9.352747203680041E+02
2.531531531531533E-02	9.352077748593241E+02
2.565565565565567E-02	9.351409005621013E+02
2.599599599599601E-02	9.350741014338251E+02
2.633633633633635E-02	9.350073812996568E+02
2.667667667667669E-02	9.349407232575201E+02
2.701701701701703E-02	9.348741478843865E+02
2.735735735735738E-02	9.348076626194542E+02
2.769769769769772E-02	9.347412707974142E+02
2.803803803803806E-02	9.346749756468930E+02
2.837837837837840E-02	9.346087802945227E+02
2.871871871871874E-02	9.345426877691119E+02
2.905905905905908E-02	9.344767010053774E+02
2.939939939939942E-02	9.344108228478888E+02
2.973973973973976E-02	9.343450560541868E+02
3.008008008008010E-02	9.342793801229863E+02
3.042042042042044E-02	9.342138209297024E+02
3.076076076076078E-02	9.341483811943746E+02
3.110110110110112E-02	9.340830633484369E+02
3.144144144144146E-02	9.340178697518003E+02
3.178178178178180E-02	9.339528026958460E+02
3.212212212212214E-02	9.338878644055192E+02
3.246246246246248E-02	9.338230570417265E+02
3.280280280280282E-02	9.337583827036392E+02
3.314314314314316E-02	9.336938292755324E+02
3.348348348348350E-02	9.336294047184970E+02
3.382382382382385E-02	9.335651194011534E+02
3.416416416416419E-02	9.335009751879365E+02
3.450450450450453E-02	9.334369738917309E+02
3.484484484484487E-02	9.333731172754171E+02
3.518518518518521E-02	9.333094070535666E+02
3.552552552552555E-02	9.332458448939817E+02
3.586586586586589E-02	9.331824324191300E+02
3.620620620620623E-02	9.331191566591053E+02
3.654654654654657E-02	9.330560266123546E+02
3.688688688688691E-02	9.329930510901859E+02
3.722722722722725E-02	9.329302315412784E+02
3.756756756756759E-02	9.328675693758681E+02
3.790790790790793E-02	9.328050659669753E+02
3.824824824824827E-02	9.327427226512402E+02
3.858858858858862E-02	9.326805407305141E+02
3.892892892892896E-02	9.326185205129011E+02
3.926926926926930E-02	9.325566439582617E+02
3.960960960960964E-02	9.324949327090471E+02
3.994994994994998E-02	9.324333879310672E+02
4.029029029029032E-02	9.323720107600063E+02
4.063063063063066E-02	9.323108023023010E+02
4.097097097097100E-02	9.322497636359321E+02
4.131131131131134E-02	9.321888958111434E+02
4.165165165165168E-02	9.321281998512811E+02
4.199199199199202E-02	9.320676619279551E+02
4.233233233233236E-02	9.320072920925395E+02
4.267267267267270E-02	9.319470972182205E+02
4.301301301301304E-02	9.318870782232929E+02
4.335335335335339E-02	9.318272360027642E+02
4.369369369369373E-02	9.317675714287501E+02
4.403403403403407E-02	9.317080853513285E+02
4.437437437437441E-02	9.316487785989636E+02
4.471471471471475E-02	9.315896390198725E+02
4.505505505505509E-02	9.315306731545774E+02
4.539539539539543E-02	9.314718891384778E+02
4.573573573573577E-02	9.314132877151741E+02
4.607607607607611E-02	9.313548696094086E+02
4.641641641641645E-02	9.312966355274705E+02
4.675675675675679E-02	9.312385861576042E+02
4.709709709709713E-02	9.311807221705922E+02
4.743743743743747E-02	9.311230286286424E+02
4.777777777777781E-02	9.310655175793132E+02
4.811811811811816E-02	9.310081939716829E+02
4.845845845845850E-02	9.309510584070741E+02
4.879879879879884E-02	9.308941114714283E+02
4.913913913913918E-02	9.308373537354631E+02
4.947947947947952E-02	9.307807857551757E+02
4.981981981981986E-02	9.307244056417704E+02
5.016016016016020E-02	9.306681992502816E+02
5.050050050050054E-02	9.306121843345468E+02
5.084084084084088E-02	9.305563613918774E+02
5.118118118118122E-02	9.305007309064310E+02
5.152152152152156E-02	9.304452933495625E+02
5.186186186186190E-02	9.303900491801412E+02
5.220220220220224E-02	9.303349988446912E+02
5.254254254254258E-02	9.302801304722101E+02
5.288288288288293E-02	9.302254499349308E+02
5.322322322322327E-02	9.301709646258154E+02
5.356356356356361E-02	9.301166749424137E+02
5.390390390390395E-02	9.300625812713986E+02
5.424424424424429E-02	9.300086839886546E+02
5.458458458458463E-02	9.299549834596098E+02
5.492492492492497E-02	9.299014741655928E+02
5.526526526526531E-02	9.298481492735613E+02
5.560560560560565E-02	9.297950222878594E+02
5.594594594594599E-02	9.297420935317615E+02
5.628628628628633E-02	9.296893633192075E+02
5.662662662662667E-02	9.296368319548520E+02
5.696696696696701E-02	9.295844997343532E+02
5.730730730730735E-02	9.295323647099194E+02
5.764764764764770E-02	9.294804129386021E+02
5.798798798798804E-02	9.294286612551901E+02
5.832832832832838E-02	9.293771099188933E+02
5.866866866866872E-02	9.293257591807510E+02
5.900900900900906E-02	9.292746092838340E+02
5.934934934934940E-02	9.292236604633486E+02
5.968968968968974E-02	9.291729119270535E+02
6.003003003003008E-02	9.291223474782230E+02
6.037037037037042E-02	9.290719848687568E+02
6.071071071071076E-02	9.290218243021866E+02
6.105105105105110E-02	9.289718659748900E+02
6.139139139139144E-02	9.289221100763688E+02
6.173173173173178E-02	9.288725567892354E+02
6.207207207207213E-02	9.288232043747038E+02
6.241241241241247E-02	9.287740386061460E+02
6.275275275275280E-02	9.287250760536867E+02
6.309309309309313E-02	9.286763168721845E+02
6.343343343343347E-02	9.286277612102961E+02
6.377377377377380E-02	9.285794092105592E+02
6.411411411411413E-02	9.285312610095937E+02
6.445445445445447E-02	9.284833120909273E+02
6.479479479479480E-02	9.284355538759763E+02
6.513513513513514E-02	9.283879999255442E+02
6.547547547547547E-02	9.283406503518195E+02
6.581581581581580E-02	9.282935052614710E+02
6.615615615615614E-02	9.282465647558607E+02
6.649649649649647E-02	9.281998289310131E+02
6.683683683683680E-02	9.281532888973935E+02
6.717717717717714E-02	9.281069449276513E+02
6.751751751751747E-02	9.280608059818775E+02
6.785785785785781E-02	9.280148721345927E+02
6.819819819819814E-02	9.279691434554155E+02
6.853853853853847E-02	9.279236200092752E+02
6.887887887887881E-02	9.278783018563823E+02
6.921921921921914E-02	9.278331743457155E+02
6.955955955955948E-02	9.277882493877308E+02
6.989989989989981E-02	9.277435299575982E+02
7.024024024024014E-02	9.276990160964012E+02
7.058058058058048E-02	9.276547078409119E+02
7.092092092092081E-02	9.276106052237564E+02
7.126126126126114E-02	9.275667040470917E+02
7.160160160160148E-02	9.275229953718685E+02
7.194194194194181E-02	9.274794924860355E+02
7.228228228228215E-02	9.274361954048632E+02
7.262262262262248E-02	9.273931041396993E+02
7.296296296296281E-02	9.273502186980616E+02
7.330330330330315E-02	9.273075390837579E+02
7.364364364364348E-02	9.272650528734409E+02
7.398398398398381E-02	9.272227677109474E+02
7.432432432432415E-02	9.271806884391195E+02
7.466466466466448E-02	9.271388150462193E+02
7.500500500500482E-02	9.270971475170619E+02
7.534534534534515E-02	9.270556858329793E+02
7.568568568568548E-02	9.270144255150675E+02
7.602602602602582E-02	9.269733583938803E+02
7.636636636636615E-02	9.269324971132540E+02
7.670670670670648E-02	9.268918416404424E+02
7.704704704704682E-02	9.268513919395272E+02
7.738738738738715E-02	9.268111479714690E+02
7.772772772772749E-02	9.267711096941608E+02
7.806806806806782E-02	9.267312625396394E+02
7.840840840840815E-02	9.266916186600735E+02
7.874874874874849E-02	9.266521803949339E+02
7.908908908908882E-02	9.266129476893960E+02
7.942942942942915E-02	9.265739204857705E+02
7.976976976976949E-02	9.265350987235820E+02
8.011011011010982E-02	9.264964738153109E+02
8.045045045045016E-02	9.264580460416568E+02
8.079079079079049E-02	9.264198235772369E+02
8.113113113113082E-02	9.263818063499066E+02
8.147147147147116E-02	9.263439942849401E+02
8.181181181181149E-02	9.263063873050031E+02
8.215215215215182E-02	9.262689819230417E+02
8.249249249249216E-02	9.262317683147604E+02
8.283283283283249E-02	9.261947596080596E+02
8.317317317317283E-02	9.261579557149244E+02
8.351351351351316E-02	9.261213565449482E+02
8.385385385385349E-02	9.260849620053589E+02
8.419419419419383E-02	9.260487720010248E+02
8.453453453453416E-02	9.260127709570169E+02
8.487487487487450E-02	9.259769733812956E+02
8.521521521521483E-02	9.259413801027623E+02
8.555555555555516E-02	9.259059910166096E+02
8.589589589589550E-02	9.258708060158151E+02
8.623623623623583E-02	9.258358249912386E+02
8.657657657657616E-02	9.258010361588532E+02
8.691691691691650E-02	9.257664465504686E+02
8.725725725725683E-02	9.257320606373999E+02
8.759759759759717E-02	9.256978783015479E+02
8.793793793793750E-02	9.256638994227836E+02
8.827827827827783E-02	9.256301238790004E+02
8.861861861861817E-02	9.255965430856351E+02
8.895895895895850E-02	9.255631577861474E+02
8.929929929929883E-02	9.255299755012104E+02
8.963963963963917E-02	9.254969961004423E+02
8.997997997997950E-02	9.254642194516056E+02
9.032032032031984E-02	9.254316454206265E+02
9.066066066066017E-02	9.253992681135422E+02
9.100100100100050E-02	9.253670830076430E+02
9.134134134134084E-02	9.253351001625895E+02
9.168168168168117E-02	9.253033194366313E+02
9.202202202202150E-02	9.252717406863319E+02
9.236236236236184E-02	9.252403637664937E+02
9.270270270270217E-02	9.252091850425032E+02
9.304304304304251E-02	9.251781955922560E+02
9.338338338338284E-02	9.251474075815904E+02
9.372372372372317E-02	9.251168208582335E+02
9.406406406406351E-02	9.250864352683116E+02
9.440440440440384E-02	9.250562506563523E+02
9.474474474474417E-02	9.250262652887060E+02
9.508508508508451E-02	9.249964665645709E+02
9.542542542542484E-02	9.249668683960804E+02
9.576576576576518E-02	9.249374706211543E+02
9.610610610610551E-02	9.249082730762498E+02
9.644644644644584E-02	9.248792755963332E+02
9.678678678678618E-02	9.248504780149182E+02
9.712712712712651E-02	9.248218647682922E+02
9.746746746746685E-02	9.247934510906886E+02
9.780780780780718E-02	9.247652368553466E+02
9.814814814814751E-02	9.247372218896966E+02
9.848848848848785E-02	9.247094060197887E+02
9.882882882882818E-02	9.246817890703553E+02
9.916916916916851E-02	9.246543570223196E+02
9.950950950950885E-02	9.246271221505079E+02
9.984984984984918E-02	9.246000857159951E+02
1.001901901901895E-01	9.245732475378419E+02
1.005305305305298E-01	9.245466074337983E+02
1.008708708708702E-01	9.245201652203471E+02
1.012112112112105E-01	9.244939082631892E+02
1.015515515515509E-01	9.244678462011479E+02
1.018918918918912E-01	9.244419815214727E+02
1.022322322322315E-01	9.244163140353668E+02
1.025725725725719E-01	9.243908435528131E+02
1.029129129129122E-01	9.243655698826335E+02
1.032532532532525E-01	9.243404816749985E+02
1.035935935935929E-01	9.243155861368344E+02
1.039339339339332E-01	9.242908868794043E+02
1.042742742742735E-01	9.242663837065652E+02
1.046146146146139E-01	9.242420764210319E+02
1.049549549549542E-01	9.242179648244431E+02
1.052952952952945E-01	9.241940388084049E+02
1.056356356356349E-01	9.241703032375831E+02
1.059759759759752E-01	9.241467628021650E+02
1.063163163163155E-01	9.241234172991450E+02
1.066566566566559E-01	9.241002665244552E+02
1.069969969969962E-01	9.240773102729737E+02
1.073373373373365E-01	9.240545396898113E+02
1.076776776776769E-01	9.240319572767310E+02
1.080180180180172E-01	9.240095688128589E+02
1.083583583583575E-01	9.239873740887198E+02
1.086986986986979E-01	9.239653728938679E+02
1.090390390390382E-01	9.239435650168670E+02
1.093793793793785E-01	9.239219429216457E+02
1.097197197197189E-01	9.239005066199329E+02
1.100600600600592E-01	9.238792630428657E+02
1.104004004003995E-01	9.238582119749252E+02
1.107407407407399E-01	9.238373531996729E+02
1.110810810810802E-01	9.238166864997314E+02
1.114214214214205E-01	9.237962057747906E+02
1.117617617617609E-01	9.237759083161907E+02
1.121021021021012E-01	9.237558023216932E+02
1.124424424424415E-01	9.237358875701041E+02
1.127827827827819E-01	9.237161638393234E+02
1.131231231231222E-01	9.236966309063866E+02
1.134634634634625E-01	9.236772842738719E+02
1.138038038038029E-01	9.236581181820843E+02
1.141441441441432E-01	9.236391422600497E+02
1.144844844844835E-01	9.236203562811938E+02
1.148248248248239E-01	9.236017600181337E+02
1.151651651651642E-01	9.235833532426178E+02
1.155055055055045E-01	9.235651332762071E+02
1.158458458458449E-01	9.235470908796289E+02
1.161861861861852E-01	9.235292373266473E+02
1.165265265265255E-01	9.235115723856438E+02
1.168668668668659E-01	9.234940958242005E+02
1.172072072072062E-01	9.234768074091376E+02
1.175475475475465E-01	9.234597065448805E+02
1.178878878878869E-01	9.234427799884618E+02
1.182282282282272E-01	9.234260409195397E+02
1.185685685685675E-01	9.234094891017287E+02
1.189089089089079E-01	9.233931242978965E+02
1.192492492492482E-01	9.233769462701604E+02
1.195895895895885E-01	9.233609547799244E+02
1.199299299299289E-01	9.233451380729537E+02
1.202702702702692E-01	9.233295054323759E+02
1.206106106106095E-01	9.233140586540926E+02
1.209509509509499E-01	9.232987974965167E+02
1.212912912912902E-01	9.232837217173411E+02
1.216316316316305E-01	9.232688310735853E+02
1.219719719719709E-01	9.232541167447042E+02
1.223123123123112E-01	9.232395823161327E+02
1.226526526526515E-01	9.232252323347020E+02
1.229929929929919E-01	9.232110665545977E+02
1.233333333333322E-01	9.231970847293411E+02
1.236736736736725E-01	9.231832866117851E+02
1.240140140140129E-01	9.231696667208342E+02
1.243543543543532E-01	9.231562221367714E+02
1.246946946946935E-01	9.231429605598402E+02
1.250350350350339E-01	9.231298817402192E+02
1.253753753753742E-01	9.231169854274725E+02
1.257157157157145E-01	9.231042713705356E+02
1.260560560560549E-01	9.230917378785624E+02
1.263963963963952E-01	9.230793746291922E+02
1.267367367367356E-01	9.230671929234628E+02
1.270770770770759E-01	9.230551925077739E+02
1.274174174174162E-01	9.230433731279393E+02
1.277577577577566E-01	9.230317345291789E+02
1.280980980980969E-01	9.230202764561320E+02
1.284384384384372E-01	9.230089887477869E+02
1.287787787787776E-01	9.229978782472293E+02
1.291191191191179E-01	9.229869475474786E+02
1.294594594594582E-01	9.229761963907895E+02
1.297997997997986E-01	9.229656245188709E+02
1.301401401401389E-01	9.229552316728559E+02
1.304804804804792E-01	9.229450127140400E+02
1.308208208208196E-01	9.229349646275924E+02
1.311611611611599E-01	9.229250948319659E+02
1.315015015015002E-01	9.229154030660437E+02
1.318418418418406E-01	9.229058890681949E+02
1.321821821821809E-01	9.228965525762494E+02
1.325225225225212E-01	9.228873933275061E+02
1.328628628628616E-01	9.228783994801746E+02
1.332032032032019E-01	9.228695816602348E+02
1.335435435435422E-01	9.228609403372105E+02
1.338838838838826E-01	9.228524752463053E+02
1.342242242242229E-01	9.228441861222070E+02
1.345645645645632E-01	9.228360726991040E+02
1.349049049049036E-01	9.228281295817312E+02
1.352452452452439E-01	9.228203546992236E+02
1.355855855855842E-01	9.228127547624825E+02
1.359259259259246E-01	9.228053295037071E+02
1.362662662662649E-01	9.227980786546042E+02
1.366066066066052E-01	9.227910019464191E+02
1.369469469469456E-01	9.227840991099076E+02
1.372872872872859E-01	9.227773600232072E+02
1.376276276276262E-01	9.227707923137815E+02
1.379679679679666E-01	9.227643977109724E+02
1.383083083083069E-01	9.227581759436716E+02
1.386486486486472E-01	9.227521267403151E+02
1.389889889889876E-01	9.227462498288833E+02
1.393293293293279E-01	9.227405431512761E+02
1.396696696696682E-01	9.227349984139204E+02
1.400100100100086E-01	9.227296251955972E+02
1.403503503503489E-01	9.227244232225266E+02
1.406906906906892E-01	9.227193922204916E+02
1.410310310310296E-01	9.227145319148448E+02
1.413713713713699E-01	9.227098420305091E+02
1.417117117117102E-01	9.227053179720399E+02
1.420520520520506E-01	9.227009567771623E+02
1.423923923923909E-01	9.226967652221035E+02
1.427327327327312E-01	9.226927430301266E+02
1.430730730730716E-01	9.226888899240901E+02
1.434134134134119E-01	9.226852056264464E+02
1.437537537537522E-01	9.226816898592382E+02
1.440940940940926E-01	9.226783368009949E+02
1.444344344344329E-01	9.226751462045293E+02
1.447747747747732E-01	9.226721233490243E+02
1.451151151151136E-01	9.226692679549603E+02
1.454554554554539E-01	9.226665797424566E+02
1.457957957957942E-01	9.226640584312312E+02
1.461361361361346E-01	9.226617037406223E+02
1.464764764764749E-01	9.226595099952773E+02
1.468168168168152E-01	9.226574769255334E+02
1.471571571571556E-01	9.226556096795257E+02
1.474974974974959E-01	9.226539079751442E+02
1.478378378378362E-01	9.226523715299066E+02
1.481781781781766E-01	9.226510000609810E+02
1.485185185185169E-01	9.226497932851631E+02
1.488588588588572E-01	9.226487471072945E+02
1.491991991991976E-01	9.226478583741288E+02
1.495395395395379E-01	9.226471335303568E+02
1.498798798798782E-01	9.226465722914172E+02
1.502202202202186E-01	9.226461743724138E+02
1.505605605605589E-01	9.226459394881106E+02
1.509009009008992E-01	9.226458673529235E+02
1.512412412412396E-01	9.226459569489900E+02
1.515815815815799E-01	9.226461992526314E+02
1.519219219219202E-01	9.226466034953812E+02
1.522622622622606E-01	9.226471693903936E+02
1.526026026026009E-01	9.226478966505027E+02
1.529429429429413E-01	9.226487839189127E+02
1.532832832832816E-01	9.226498305502097E+02
1.536236236236219E-01	9.226510376955046E+02
1.539639639639623E-01	9.226524020720925E+02
1.543043043043026E-01	9.226539244531483E+02
1.546446446446429E-01	9.226556065068254E+02
1.549849849849833E-01	9.226574479438184E+02
1.553253253253236E-01	9.226594445909789E+02
1.556656656656639E-01	9.226615990875516E+02
1.560060060060043E-01	9.226639121227732E+02
1.563463463463446E-01	9.226663834061882E+02
1.566866866866849E-01	9.226690081660913E+02
1.570270270270253E-01	9.226717903253679E+02
1.573673673673656E-01	9.226747298850264E+02
1.577077077077059E-01	9.226778264551538E+02
1.580480480480463E-01	9.226810752582951E+02
1.583883883883866E-01	9.226844806118060E+02
1.587287287287269E-01	9.226880422233429E+02
1.590690690690673E-01	9.226917596136651E+02
1.594094094094076E-01	9.226956282729903E+02
1.597497497497479E-01	9.226996523374481E+02
1.600900900900883E-01	9.227038315136742E+02
1.604304304304286E-01	9.227081655080382E+02
1.607707707707689E-01	9.227126495634660E+02
1.611111111111093E-01	9.227172878415679E+02
1.614514514514496E-01	9.227220800814746E+02
1.617917917917899E-01	9.227270259885885E+02
1.621321321321303E-01	9.227321214342466E+02
1.624724724724706E-01	9.227373694154747E+02
1.628128128128109E-01	9.227427702050393E+02
1.631531531531513E-01	9.227483235074071E+02
1.634934934934916E-01	9.227540261443667E+02
1.638338338338319E-01	9.227598793058102E+02
1.641741741741723E-01	9.227658841187883E+02
1.645145145145126E-01	9.227720402869015E+02
1.648548548548529E-01	9.227783459106961E+02
1.651951951951933E-01	9.227847997178269E+02
1.655355355355336E-01	9.227914040165673E+02
1.658758758758739E-01	9.227981585096874E+02
1.662162162162143E-01	9.228050628997358E+02
1.665565565565546E-01	9.228121128186851E+02
1.668968968968949E-01	9.228193120549181E+02
1.672372372372353E-01	9.228266603218846E+02
1.675775775775756E-01	9.228341573213573E+02
1.679179179179159E-01	9.228418007407137E+02
1.682582582582563E-01	9.228495903563589E+02
1.685985985985966E-01	9.228575278363844E+02
1.689389389389369E-01	9.228656128818365E+02
1.692792792792773E-01	9.228738451935598E+02
1.696196196196176E-01	9.228822210126593E+02
1.699599599599579E-01	9.228907431361336E+02
1.703003003002983E-01	9.228994116554925E+02
1.706406406406386E-01	9.229082262709064E+02
1.709809809809789E-01	9.229171860881364E+02
1.713213213213193E-01	9.229262882774257E+02
1.716616616616596E-01	9.229355356907898E+02
1.720020020019999E-01	9.229449280277713E+02
1.723423423423403E-01	9.229544649877512E+02
1.726826826826806E-01	9.229641452931984E+02
1.730230230230209E-01	9.229739670136462E+02
1.733633633633613E-01	9.229839324832523E+02
1.737037037037016E-01	9.229940414008195E+02
1.740440440440419E-01	9.230042934649921E+02
1.743843843843823E-01	9.230146876307692E+02
1.747247247247226E-01	9.230252216380435E+02
1.750650650650629E-01	9.230358979164624E+02
1.754054054054033E-01	9.230467161641626E+02
1.757457457457436E-01	9.230576760791282E+02
1.760860860860839E-01	9.230687773592134E+02
1.764264264264243E-01	9.230800165153498E+02
1.767667667667646E-01	9.230913963433226E+02
1.771071071071049E-01	9.231029166592493E+02
1.774474474474453E-01	9.231145771605397E+02
1.777877877877856E-01	9.231263775444729E+02
1.781281281281260E-01	9.231383159683747E+02
1.784684684684663E-01	9.231503920767810E+02
1.788088088088066E-01	9.231626071895633E+02
1.791491491491470E-01	9.231749610036195E+02
1.794894894894873E-01	9.231874532157368E+02
1.798298298298276E-01	9.232000835225911E+02
1.801701701701680E-01	9.232128494000601E+02
1.805105105105083E-01	9.232257520308664E+02
1.808508508508486E-01	9.232387918770745E+02
1.811911911911890E-01	9.232519686350529E+02
1.815315315315293E-01	9.232652820010736E+02
1.818718718718696E-01	9.232787316713217E+02
1.822122122122100E-01	9.232923154416417E+02
1.825525525525503E-01	9.233060340343833E+02
1.828928928928906E-01	9.233198880513022E+02
1.832332332332310E-01	9.233338771883482E+02
1.835735735735713E-01	9.233480011413953E+02
1.839139139139116E-01	9.233622596062435E+02
1.842542542542520E-01	9.233766517244741E+02
1.845945945945923E-01	9.233911757109319E+02
1.849349349349326E-01	9.234058333287946E+02
1.852752752752730E-01	9.234206242737072E+02
1.856156156156133E-01	9.234355482412593E+02
1.859559559559536E-01	9.234506049269905E+02
1.862962962962940E-01	9.234657940263791E+02
1.866366366366343E-01	9.234811146774576E+02
1.869769769769746E-01	9.234965653238374E+02
1.873173173173150E-01	9.235121475034871E+02
1.876576576576553E-01	9.235278609118336E+02
1.879979979979956E-01	9.235437052442697E+02
1.883383383383360E-01	9.235596801961531E+02
1.886786786786763E-01	9.235757854628165E+02
1.890190190190166E-01	9.235920207395620E+02
1.893593593593570E-01	9.236083845197732E+02
1.896996996996973E-01	9.236248767985950E+02
1.900400400400376E-01	9.236414982077139E+02
1.903803803803780E-01	9.236582484424960E+02
1.907207207207183E-01	9.236751271982912E+02
1.910610610610586E-01	9.236921341704518E+02
1.914014014013990E-01	9.237092690543270E+02
1.917417417417393E-01	9.237265315452659E+02
1.920820820820796E-01	9.237439213386274E+02
1.924224224224200E-01	9.237614364924099E+02
1.927627627627603E-01	9.237790781788198E+02
1.931031031031006E-01	9.237968462893606E+02
1.934434434434410E-01	9.238147405195840E+02
1.937837837837813E-01	9.238327605650599E+02
1.941241241241216E-01	9.238509061213942E+02
1.944644644644620E-01	9.238691768842184E+02
1.948048048048023E-01	9.238875725492012E+02
1.951451451451426E-01	9.239060928120587E+02
1.954854854854830E-01	9.239247373685404E+02
1.958258258258233E-01	9.239435050603216E+02
1.961661661661636E-01	9.239623958467774E+02
1.965065065065040E-01	9.239814100513155E+02
1.968468468468443E-01	9.240005473700433E+02
1.971871871871846E-01	9.240198074991255E+02
1.975275275275250E-01	9.240391901348008E+02
1.978678678678653E-01	9.240586949733777E+02
1.982082082082056E-01	9.240783217112403E+02
1.985485485485460E-01	9.240980700448533E+02
1.988888888888863E-01	9.241179396707670E+02
1.992292292292266E-01	9.241379302856171E+02
1.995695695695670E-01	9.241580415861341E+02
1.999099099099073E-01	9.241782732691463E+02
2.002502502502476E-01	9.241986250315823E+02
2.005905905905880E-01	9.242190959038738E+02
2.009309309309283E-01	9.242396859921690E+02
2.012712712712686E-01	9.242603952901817E+02
2.016116116116090E-01	9.242812234954330E+02
2.019519519519493E-01	9.243021703055732E+02
2.022922922922896E-01	9.243232354183739E+02
2.026326326326300E-01	9.243444185317459E+02
2.029729729729703E-01	9.243657193437361E+02
2.033133133133107E-01	9.243871375525308E+02
2.036536536536510E-01	9.244086728564685E+02
2.039939939939913E-01	9.244303249540339E+02
2.043343343343317E-01	9.244520935438729E+02
2.046746746746720E-01	9.244739783247890E+02
2.050150150150123E-01	9.244959789957550E+02
2.053553553553527E-01	9.245180952559124E+02
2.056956956956930E-01	9.245403268045786E+02
2.060360360360333E-01	9.245626733412539E+02
2.063763763763737E-01	9.245851345656249E+02
2.067167167167140E-01	9.246077101775652E+02
2.070570570570543E-01	9.246303998771494E+02
2.073973973973947E-01	9.246532033646499E+02
2.077377377377350E-01	9.246761203405495E+02
2.080780780780753E-01	9.246991505055381E+02
2.084184184184157E-01	9.247222935605280E+02
2.087587587587560E-01	9.247455492066497E+02
2.090990990990963E-01	9.247689171452631E+02
2.094394394394367E-01	9.247923970779614E+02
2.097797797797770E-01	9.248159887065783E+02
2.101201201201173E-01	9.248396917331886E+02
2.104604604604577E-01	9.248635058601210E+02
2.108008008007980E-01	9.248874307899572E+02
2.111411411411383E-01	9.249114662255405E+02
2.114814814814787E-01	9.249356118699817E+02
2.118218218218190E-01	9.249598674266647E+02
2.121621621621593E-01	9.249842325992540E+02
2.125025025024997E-01	9.250087070916950E+02
2.128428428428400E-01	9.250332906082253E+02
2.131831831831803E-01	9.250579828533810E+02
2.135235235235207E-01	9.250827835319986E+02
2.138638638638610E-01	9.251076923492253E+02
2.142042042042013E-01	9.251327090105212E+02
2.145445445445417E-01	9.251578332216698E+02
2.148848848848820E-01	9.251830646887818E+02
2.152252252252223E-01	9.252084031183009E+02
2.155655655655627E-01	9.252338482170121E+02
2.159059059059030E-01	9.252593996920455E+02
2.162462462462433E-01	9.252850572508867E+02
2.165865865865837E-01	9.253108202498970E+02
2.169269269269240E-01	9.253366880328294E+02
2.172672672672643E-01	9.253626609780108E+02
2.176076076076047E-01	9.253887387942405E+02
2.179479479479450E-01	9.254149211907061E+02
2.182882882882853E-01	9.254412078769848E+02
2.186286286286257E-01	9.254675985630615E+02
2.189689689689660E-01	9.254940929593214E+02
2.193093093093063E-01	9.255206907765693E+02
2.196496496496467E-01	9.255473917260286E+02
2.199899899899870E-01	9.255741955193529E+02
2.203303303303273E-01	9.256011018686334E+02
2.206706706706677E-01	9.256281104864011E+02
2.210110110110080E-01	9.256552196202663E+02
2.213513513513483E-01	9.256824302222111E+02
2.216916916916887E-01	9.257097421845716E+02
2.220320320320290E-01	9.257371552215656E+02
2.223723723723693E-01	9.257646690478866E+02
2.227127127127097E-01	9.257922833787227E+02
2.230530530530500E-01	9.258199979297563E+02
2.233933933933903E-01	9.258478124171746E+02
2.237337337337307E-01	9.258757265292455E+02
2.240740740740710E-01	9.259037379440758E+02
2.244144144144113E-01	9.259318483971564E+02
2.247547547547517E-01	9.259600576066030E+02
2.250950950950920E-01	9.259883652910844E+02
2.254354354354323E-01	9.260167711698142E+02
2.257757757757727E-01	9.260452749625755E+02
2.261161161161130E-01	9.260738763897173E+02
2.264564564564533E-01	9.261025732330471E+02
2.267967967967937E-01	9.261313665808435E+02
2.271371371371340E-01	9.261602566763733E+02
2.274774774774743E-01	9.261892432421845E+02
2.278178178178147E-01	9.262183260014467E+02
2.281581581581550E-01	9.262475046779452E+02
2.284984984984954E-01	9.262767774202941E+02
2.288388388388357E-01	9.263061442711094E+02
2.291791791791760E-01	9.263356061620801E+02
2.295195195195164E-01	9.263651628194118E+02
2.298598598598567E-01	9.263948139699817E+02
2.302002002001970E-01	9.264245592274191E+02
2.305405405405374E-01	9.264543954374744E+02
2.308808808808777E-01	9.264843252723210E+02
2.312212212212180E-01	9.265143484614429E+02
2.315615615615584E-01	9.265444647350413E+02
2.319019019018987E-01	9.265746737324888E+02
2.322422422422390E-01	9.266049719770355E+02
2.325825825825794E-01	9.266353624469822E+02
2.329229229229197E-01	9.266658448753386E+02
2.332632632632600E-01	9.266964189958785E+02
2.336036036036004E-01	9.267270830077282E+02
2.339439439439407E-01	9.267578360394667E+02
2.342842842842810E-01	9.267886799144510E+02
2.346246246246214E-01	9.268196143694753E+02
2.349649649649617E-01	9.268506385827493E+02
2.353053053053020E-01	9.268817494986141E+02
2.356456456456424E-01	9.269129501541547E+02
2.359859859859827E-01	9.269442402893566E+02
2.363263263263230E-01	9.269756190754625E+02
2.366666666666634E-01	9.270070832419467E+02
2.370070070070037E-01	9.270386360568444E+02
2.373473473473440E-01	9.270702772635113E+02
2.376876876876844E-01	9.271020050255618E+02
2.380280280280247E-01	9.271338178562251E+02
2.383683683683650E-01	9.271657182570888E+02
2.387087087087054E-01	9.271977059750686E+02
2.390490490490457E-01	9.272297771508880E+02
2.393893893893860E-01	9.272619341093877E+02
2.397297297297264E-01	9.272941775736947E+02
2.400700700700667E-01	9.273265054589681E+02
2.404104104104070E-01	9.273589163597626E+02
2.407507507507474E-01	9.273914129630070E+02
2.410910910910877E-01	9.274239943564319E+02
2.414314314314280E-01	9.274566566064381E+02
2.417717717717684E-01	9.274894037638497E+02
2.421121121121087E-01	9.275222354802482E+02
2.424524524524490E-01	9.275551465097328E+02
2.427927927927894E-01	9.275881416602496E+02
2.431331331331297E-01	9.276212205316873E+02
2.434734734734700E-01	9.276543777953793E+02
2.438138138138104E-01	9.276876184027802E+02
2.441541541541507E-01	9.277209412797231E+02
2.444944944944910E-01	9.277543422579641E+02
2.448348348348314E-01	9.277878258120287E+02
2.451751751751717E-01	9.278213895645470E+02
2.455155155155120E-01	9.278550317644851E+02
2.458558558558524E-01	9.278887557821976E+02
2.461961961961927E-01	9.279225573012044E+02
2.465365365365330E-01	9.279564382580182E+02
2.468768768768734E-01	9.279903997618615E+02
2.472172172172137E-01	9.280244364833503E+02
2.475575575575540E-01	9.280585537615119E+02
2.478978978978944E-01	9.280927478192717E+02
2.482382382382347E-01	9.281270191871246E+02
2.485785785785750E-01	9.281613696409647E+02
2.489189189189154E-01	9.281957939453314E+02
2.492592592592557E-01	9.282302975751562E+02
2.495995995995960E-01	9.282648754347604E+02
2.499399399399364E-01	9.282995303604165E+02
2.502802802802767E-01	9.283342610695581E+02
2.506206206206171E-01	9.283690661608476E+02
2.509609609609574E-01	9.284039482799693E+02
2.513013013012978E-01	9.284389024162062E+02
2.516416416416382E-01	9.284739341956366E+02
2.519819819819785E-01	9.285090365832552E+02
2.523223223223189E-01	9.285442158192012E+02
2.526626626626592E-01	9.285794661363863E+02
2.530030030029996E-01	9.286147917337355E+02
2.533433433433400E-01	9.286501885682591E+02
2.536836836836803E-01	9.286856594424903E+02
2.540240240240207E-01	9.287212013904523E+02
2.543643643643611E-01	9.287568164679640E+02
2.547047047047014E-01	9.287925021341354E+02
2.550450450450418E-01	9.288282603525731E+02
2.553853853853821E-01	9.288640883507474E+02
2.557257257257225E-01	9.288999886593492E+02
2.560660660660629E-01	9.289359576127015E+02
2.564064064064032E-01	9.289719989726407E+02
2.567467467467436E-01	9.290081075140965E+02
2.570870870870839E-01	9.290442888374458E+02
2.574274274274243E-01	9.290805356714502E+02
2.577677677677647E-01	9.291168544594564E+02
2.581081081081050E-01	9.291532397244459E+02
2.584484484484454E-01	9.291896946353489E+02
2.587887887887858E-01	9.292262173366993E+02
2.591291291291261E-01	9.292628070398538E+02
2.594694694694665E-01	9.292994661965369E+02
2.598098098098068E-01	9.293361893728248E+02
2.601501501501472E-01	9.293729818704489E+02
2.604904904904876E-01	9.294098393600459E+02
2.608308308308279E-01	9.294467632793476E+02
2.611711711711683E-01	9.294837547540553E+02
2.615115115115086E-01	9.295208088058779E+02
2.618518518518490E-01	9.295579302783473E+02
2.621921921921894E-01	9.295951162432211E+02
2.625325325325297E-01	9.296323658419022E+02
2.628728728728701E-01	9.296696817169021E+02
2.632132132132105E-01	9.297070598819774E+02
2.635535535535508E-01	9.297445019055987E+02
2.638938938938912E-01	9.297820090741175E+02
2.642342342342315E-01	9.298195772013397E+02
2.645745745745719E-01	9.298572085712538E+02
2.649149149149123E-01	9.298949039684111E+02
2.652552552552526E-01	9.299326598740117E+02
2.655955955955930E-01	9.299704775574096E+02
2.659359359359333E-01	9.300083581650583E+02
2.662762762762737E-01	9.300462997220106E+02
2.666166166166141E-01	9.300843007345812E+02
2.669569569569544E-01	9.301223635839998E+02
2.672972972972948E-01	9.301604878751165E+02
2.676376376376352E-01	9.301986701332391E+02
2.679779779779755E-01	9.302369123079235E+02
2.683183183183159E-01	9.302752148587366E+02
2.686586586586562E-01	9.303135773974691E+02
2.689989989989966E-01	9.303519965906182E+02
2.693393393393370E-01	9.303904745576280E+02
2.696796796796773E-01	9.304290114706378E+02
2.700200200200177E-01	9.304676069490131E+02
2.703603603603580E-01	9.305062594644619E+02
2.707007007006984E-01	9.305449679867014E+02
2.710410410410388E-01	9.305837340579412E+02
2.713813813813791E-01	9.306225573057900E+02
2.717217217217195E-01	9.306614373598961E+02
2.720620620620599E-01	9.307003736767062E+02
2.724024024024002E-01	9.307393638477184E+02
2.727427427427406E-01	9.307784098430752E+02
2.730830830830809E-01	9.308175113015501E+02
2.734234234234213E-01	9.308566678641898E+02
2.737637637637617E-01	9.308958791743635E+02
2.741041041041020E-01	9.309351448778106E+02
2.744444444444424E-01	9.309744646173500E+02
2.747847847847827E-01	9.310138364685374E+02
2.751251251251231E-01	9.310532617845033E+02
2.754654654654635E-01	9.310927402214467E+02
2.758058058058038E-01	9.311322714381899E+02
2.761461461461442E-01	9.311718550962348E+02
2.764864864864846E-01	9.312114908598114E+02
2.768268268268249E-01	9.312511783959362E+02
2.771671671671653E-01	9.312909173744677E+02
2.775075075075056E-01	9.313307074681597E+02
2.778478478478460E-01	9.313705483527186E+02
2.781881881881864E-01	9.314104397068623E+02
2.785285285285267E-01	9.314503812123763E+02
2.788688688688671E-01	9.314903725541744E+02
2.792092092092074E-01	9.315304134203557E+02
2.795495495495478E-01	9.315705035022640E+02
2.798898898898882E-01	9.316106424945544E+02
2.802302302302285E-01	9.316508300952470E+02
2.805705705705689E-01	9.316910660057938E+02
2.809109109109093E-01	9.317313499311405E+02
2.812512512512496E-01	9.317716815797901E+02
2.815915915915900E-01	9.318120606638661E+02
2.819319319319303E-01	9.318524868991806E+02
2.822722722722707E-01	9.318929600052965E+02
2.826126126126111E-01	9.319334797055950E+02
2.829529529529514E-01	9.319740457273449E+02
2.832932932932918E-01	9.320146578017684E+02
2.836336336336321E-01	9.320553152433769E+02
2.839739739739725E-01	9.320960168419440E+02
2.843143143143129E-01	9.321367635810202E+02
2.846546546546532E-01	9.321775552080375E+02
2.849949949949936E-01	9.322183914747399E+02
2.853353353353340E-01	9.322592721372565E+02
2.856756756756743E-01	9.323001969561786E+02
2.860160160160147E-01	9.323411636897042E+02
2.863563563563550E-01	9.323821733855194E+02
2.866966966966954E-01	9.324232264145630E+02
2.870370370370358E-01	9.324643225557704E+02
2.873773773773761E-01	9.325054614417601E+02
2.877177177177165E-01	9.325466398682062E+02
2.880580580580568E-01	9.325878606393997E+02
2.883983983983972E-01	9.326291235539348E+02
2.887387387387376E-01	9.326704277689029E+02
2.890790790790779E-01	9.327117705262383E+02
2.894194194194183E-01	9.327531547194448E+02
2.897597597597587E-01	9.327945801681440E+02
2.901001001000990E-01	9.328360431774639E+02
2.904404404404394E-01	9.328775461877010E+02
2.907807807807797E-01	9.329190898102767E+02
2.911211211211201E-01	9.329606699610213E+02
2.914614614614605E-01	9.330022894717157E+02
2.918018018018008E-01	9.330439484386669E+02
2.921421421421412E-01	9.330856426768249E+02
2.924824824824815E-01	9.331273765247338E+02
2.928228228228219E-01	9.331691465078150E+02
2.931631631631623E-01	9.332109535828380E+02
2.935035035035026E-01	9.332527981380002E+02
2.938438438438430E-01	9.332946773993566E+02
2.941841841841834E-01	9.333365948358205E+02
2.945245245245237E-01	9.333785452937198E+02
2.948648648648641E-01	9.334205339689663E+02
2.952052052052044E-01	9.334625546865806E+02
2.955455455455448E-01	9.335046130085948E+02
2.958858858858852E-01	9.335467031040797E+02
2.962262262262255E-01	9.335888295336506E+02
2.965665665665659E-01	9.336309881822100E+02
2.969069069069062E-01	9.336731812352833E+02
2.972472472472466E-01	9.337154076712736E+02
2.975875875875870E-01	9.337576659213637E+02
2.979279279279273E-01	9.337999586897456E+02
2.982682682682677E-01	9.338422815210971E+02
2.986086086086081E-01	9.338846372685125E+02
2.989489489489484E-01	9.339270260897400E+02
2.992892892892888E-01	9.339694435437299E+02
2.996296296296291E-01	9.340118933415531E+02
2.999699699699695E-01	9.340543749880916E+02
3.003103103103099E-01	9.340968852956590E+02
3.006506506506502E-01	9.341394259180056E+02
3.009909909909906E-01	9.341819971651321E+02
3.013313313313309E-01	9.342245985756757E+02
3.016716716716713E-01	9.342672274772247E+02
3.020120120120117E-01	9.343098854157635E+02
3.023523523523520E-01	9.343525724023277E+02
3.026926926926924E-01	9.343952880127008E+02
3.030330330330328E-01	9.344380318323655E+02
3.033733733733731E-01	9.344808032196235E+02
3.037137137137135E-01	9.345236008448231E+02
3.040540540540538E-01	9.345664257134575E+02
3.043943943943942E-01	9.346092774526467E+02
3.047347347347346E-01	9.346521557004032E+02
3.050750750750749E-01	9.346950601058819E+02
3.054154154154153E-01	9.347379903296363E+02
3.057557557557556E-01	9.347809460438759E+02
3.060960960960960E-01	9.348239269327291E+02
3.064364364364364E-01	9.348669326925062E+02
3.067767767767767E-01	9.349099630319650E+02
3.071171171171171E-01	9.349530176725829E+02
3.074574574574575E-01	9.349960963488261E+02
3.077977977977978E-01	9.350391981099914E+02
3.081381381381382E-01	9.350823237593576E+02
3.084784784784785E-01	9.351254718913200E+02
3.088188188188189E-01	9.351686429212414E+02
3.091591591591593E-01	9.352118366988263E+02
3.094994994994996E-01	9.352550519397830E+02
3.098398398398400E-01	9.352982894030886E+02
3.101801801801803E-01	9.353415480329120E+02
3.105205205205207E-01	9.353848281258161E+02
3.108608608608611E-01	9.354281286639649E+02
3.112012012012014E-01	9.354714501502858E+02
3.115415415415418E-01	9.355147915530155E+02
3.118818818818822E-01	9.355581528438515E+02
3.122222222222225E-01	9.356015339123809E+02
3.125625625625629E-01	9.356449343589858E+02
3.129029029029032E-01	9.356883537203970E+02
3.132432432432436E-01	9.357317915707713E+02
3.135835835835840E-01	9.357752478467030E+02
3.139239239239243E-01	9.358187222246604E+02
3.142642642642647E-01	9.358622144012616E+02
3.146046046046050E-01	9.359057239693478E+02
3.149449449449454E-01	9.359492504722353E+02
3.152852852852858E-01	9.359927938553965E+02
3.156256256256261E-01	9.360363539009865E+02
3.159659659659665E-01	9.360799302902489E+02
3.163063063063069E-01	9.361235221060764E+02
3.166466466466472E-01	9.361671299352731E+02
3.169869869869876E-01	9.362107526914898E+02
3.173273273273279E-01	9.362543907953217E+02
3.176676676676683E-01	9.362980430863688E+02
3.180080080080087E-01	9.363417100392080E+02
3.183483483483490E-01	9.363853911323509E+02
3.186886886886894E-01	9.364290855694584E+02
3.190290290290297E-01	9.364727935340252E+02
3.193693693693701E-01	9.365165146524795E+02
3.197097097097105E-01	9.365602485816084E+02
3.200500500500508E-01	9.366039950093131E+02
3.203903903903912E-01	9.366477536553666E+02
3.207307307307316E-01	9.366915242721813E+02
3.210710710710719E-01	9.367353061326794E+02
3.214114114114123E-01	9.367790992973706E+02
3.217517517517526E-01	9.368229037369816E+02
3.220920920920930E-01	9.368667183043534E+02
3.224324324324334E-01	9.369105437089174E+02
3.227727727727737E-01	9.369543786043198E+02
3.231131131131141E-01	9.369982234424481E+02
3.234534534534544E-01	9.370420777835457E+02
3.237937937937948E-01	9.370859412050112E+02
3.241341341341352E-01	9.371298133034178E+02
3.244744744744755E-01	9.371736938222859E+02
3.248148148148159E-01	9.372175824000168E+02
3.251551551551563E-01	9.372614788242960E+02
3.254954954954966E-01	9.373053829066561E+02
3.258358358358370E-01	9.373492943494906E+02
3.261761761761773E-01	9.373932123659365E+02
3.265165165165177E-01	9.374371372911944E+02
3.268568568568581E-01	9.374810683786051E+02
3.271971971971984E-01	9.375250053611737E+02
3.275375375375388E-01	9.375689481053148E+02
3.278778778778791E-01	9.376128962288711E+02
3.282182182182195E-01	9.376568494153078E+02
3.285585585585599E-01	9.377008074154259E+02
3.288988988989002E-01	9.377447698465475E+02
3.292392392392406E-01	9.377887361881211E+02
3.295795795795810E-01	9.378327066584642E+02
3.299199199199213E-01	9.378766803695158E+02
3.302602602602617E-01	9.379206573278617E+02
3.306006006006020E-01	9.379646372323043E+02
3.309409409409424E-01	9.380086197147854E+02
3.312812812812828E-01	9.380526044988603E+02
3.316216216216231E-01	9.380965914021192E+02
3.319619619619635E-01	9.381405795517157E+02
3.323023023023038E-01	9.381845694254688E+02
3.326426426426442E-01	9.382285600754356E+02
3.329829829829846E-01	9.382725514947467E+02
3.333233233233249E-01	9.383165433919393E+02
3.336636636636653E-01	9.383605355029160E+02
3.340040040040057E-01	9.384045270981039E+02
3.343443443443460E-01	9.384485184881960E+02
3.346846846846864E-01	9.384925087956348E+02
3.350250250250267E-01	9.385364980763097E+02
3.353653653653671E-01	9.385804859523053E+02
3.357057057057075E-01	9.386244721989907E+02
3.360460460460478E-01	9.386684560561798E+02
3.363863863863882E-01	9.387124377681498E+02
3.367267267267285E-01	9.387564167731140E+02
3.370670670670689E-01	9.388003927044416E+02
3.374074074074093E-01	9.388443654055944E+02
3.377477477477496E-01	9.388883344572832E+02
3.380880880880900E-01	9.389322996364330E+02
3.384284284284304E-01	9.389762605279441E+02
3.387687687687707E-01	9.390202169818085E+02
3.391091091091111E-01	9.390641684449683E+02
3.394494494494514E-01	9.391081148222336E+02
3.397897897897918E-01	9.391520558238263E+02
3.401301301301322E-01	9.391959908578245E+02
3.404704704704725E-01	9.392399198998611E+02
3.408108108108129E-01	9.392838426459368E+02
3.411511511511532E-01	9.393277584984011E+02
3.414914914914936E-01	9.393716674593494E+02
3.418318318318340E-01	9.394155689999320E+02
3.421721721721743E-01	9.394594629592139E+02
3.425125125125147E-01	9.395033490594617E+02
3.428528528528551E-01	9.395472268197263E+02
3.431931931931954E-01	9.395910959330885E+02
3.435335335335358E-01	9.396349562619843E+02
3.438738738738761E-01	9.396788074076110E+02
3.442142142142165E-01	9.397226490701360E+02
3.445545545545569E-01	9.397664809416997E+02
3.448948948948972E-01	9.398103026531295E+02
3.452352352352376E-01	9.398541139435987E+02
3.455755755755779E-01	9.398979145565233E+02
3.459159159159183E-01	9.399417041085251E+02
3.462562562562587E-01	9.399854822730266E+02
3.465965965965990E-01	9.400292487980373E+02
3.469369369369394E-01	9.400730033634875E+02
3.472772772772798E-01	9.401167456530472E+02
3.476176176176201E-01	9.401604753506631E+02
3.479579579579605E-01	9.402041921565078E+02
3.482982982983008E-01	9.402478957516909E+02
3.486386386386412E-01	9.402915858271781E+02
3.489789789789816E-01	9.403352620848162E+02
3.493193193193219E-01	9.403789241974442E+02
3.496596596596623E-01	9.404225718692416E+02
3.500000000000026E-01	9.404662047894855E+02
3.503403403403430E-01	9.405098226417587E+02
