# barionic density, mass
1.034034034034034E-02	9.175421980590821E+02
1.068068068068068E-02	9.168097764282228E+02
1.102102102102102E-02	9.160773547973635E+02
1.136136136136136E-02	9.153449331665040E+02
1.170170170170170E-02	9.146125115356446E+02
1.204204204204204E-02	9.138800899047852E+02
1.238238238238239E-02	9.131476682739259E+02
1.272272272272273E-02	9.124152466430664E+02
1.306306306306307E-02	9.116828250122070E+02
1.340340340340341E-02	9.109504033813477E+02
1.374374374374375E-02	9.102179817504883E+02
1.408408408408409E-02	9.094855601196290E+02
1.442442442442443E-02	9.087531384887697E+02
1.476476476476477E-02	9.080207168579102E+02
1.510510510510511E-02	9.076545060424804E+02
1.544544544544545E-02	9.069220844116211E+02
1.578578578578579E-02	9.061896627807618E+02
1.612612612612613E-02	9.054572411499024E+02
1.646646646646647E-02	9.047248195190431E+02
1.680680680680681E-02	9.039923978881836E+02
1.714714714714715E-02	9.032599762573242E+02
1.748748748748749E-02	9.025275546264648E+02
1.782782782782784E-02	9.017951329956055E+02
1.816816816816818E-02	9.010627113647462E+02
1.850850850850852E-02	9.003302897338868E+02
1.884884884884886E-02	8.995978681030274E+02
1.918918918918920E-02	8.992316572875977E+02
1.952952952952954E-02	8.984992356567383E+02
1.986986986986988E-02	8.977668140258789E+02
2.021021021021022E-02	8.970343923950196E+02
2.055055055055056E-02	8.963019707641603E+02
2.089089089089090E-02	8.955695491333009E+02
2.123123123123124E-02	8.948371275024415E+02
2.157157157157158E-02	8.941047058715820E+02
2.191191191191192E-02	8.933722842407227E+02
2.225225225225226E-02	8.926398626098634E+02
2.259259259259261E-02	8.919074409790040E+02
2.293293293293295E-02	8.915412301635744E+02
2.327327327327329E-02	8.908088085327149E+02
2.361361361361363E-02	8.900763869018555E+02
2.395395395395397E-02	8.893439652709961E+02
2.429429429429431E-02	8.886115436401368E+02
2.463463463463465E-02	8.878791220092775E+02
2.497497497497499E-02	8.871467003784181E+02
2.531531531531533E-02	8.864142787475587E+02
2.565565565565567E-02	8.856818571166992E+02
2.599599599599601E-02	8.849494354858399E+02
2.633633633633635E-02	8.842170138549806E+02
2.667667667667669E-02	8.838508030395509E+02
2.701701701701703E-02	8.831183814086916E+02
2.735735735735738E-02	8.823859597778322E+02
2.769769769769772E-02	8.816535381469728E+02
2.803803803803806E-02	8.809211165161133E+02
2.837837837837840E-02	8.801886948852540E+02
2.871871871871874E-02	8.794562732543947E+02
2.905905905905908E-02	8.787238516235353E+02
2.939939939939942E-02	8.779914299926760E+02
2.973973973973976E-02	8.772590083618165E+02
3.008008008008010E-02	8.768927975463868E+02
3.042042042042044E-02	8.761603759155274E+02
3.076076076076078E-02	8.754279542846681E+02
3.110110110110112E-02	8.746955326538088E+02
3.144144144144146E-02	8.739631110229494E+02
3.178178178178180E-02	8.732306893920900E+02
3.212212212212214E-02	8.724982677612305E+02
3.246246246246248E-02	8.717658461303712E+02
3.280280280280282E-02	8.710334244995119E+02
3.314314314314316E-02	8.706672136840822E+02
3.348348348348350E-02	8.699347920532228E+02
3.382382382382385E-02	8.692023704223635E+02
3.416416416416419E-02	8.684699487915041E+02
3.450450450450453E-02	8.677375271606446E+02
3.484484484484487E-02	8.670051055297853E+02
3.518518518518521E-02	8.662726838989259E+02
3.552552552552555E-02	8.655402622680665E+02
3.586586586586589E-02	8.648078406372071E+02
3.620620620620623E-02	8.644416298217774E+02
3.654654654654657E-02	8.637092081909180E+02
3.688688688688691E-02	8.629767865600587E+02
3.722722722722725E-02	8.622443649291994E+02
3.756756756756759E-02	8.615119432983399E+02
3.790790790790793E-02	8.607795216674805E+02
3.824824824824827E-02	8.600471000366211E+02
3.858858858858862E-02	8.593146784057618E+02
3.892892892892896E-02	8.589484675903321E+02
3.926926926926930E-02	8.582160459594728E+02
3.960960960960964E-02	8.574836243286135E+02
3.994994994994998E-02	8.567512026977540E+02
4.029029029029032E-02	8.560187810668946E+02
4.063063063063066E-02	8.552863594360352E+02
4.097097097097100E-02	8.545539378051759E+02
4.131131131131134E-02	8.538215161743165E+02
4.165165165165168E-02	8.530890945434570E+02
4.199199199199202E-02	8.527228837280273E+02
4.233233233233236E-02	8.519904620971680E+02
4.267267267267270E-02	8.512580404663087E+02
4.301301301301304E-02	8.505256188354493E+02
4.335335335335339E-02	8.497931972045899E+02
4.369369369369373E-02	8.490607755737304E+02
4.403403403403407E-02	8.483283539428711E+02
4.437437437437441E-02	8.475959323120118E+02
4.471471471471475E-02	8.472297214965821E+02
4.505505505505509E-02	8.464972998657228E+02
4.539539539539543E-02	8.457648782348634E+02
4.573573573573577E-02	8.450324566040040E+02
4.607607607607611E-02	8.443000349731445E+02
4.641641641641645E-02	8.435676133422852E+02
4.675675675675679E-02	8.428351917114259E+02
4.709709709709713E-02	8.421027700805664E+02
4.743743743743747E-02	8.417365592651366E+02
4.777777777777781E-02	8.410041376342773E+02
4.811811811811816E-02	8.402717160034180E+02
4.845845845845850E-02	8.395392943725586E+02
4.879879879879884E-02	8.388068727416993E+02
4.913913913913918E-02	8.380744511108398E+02
4.947947947947952E-02	8.373420294799804E+02
4.981981981981986E-02	8.369758186645507E+02
5.016016016016020E-02	8.362433970336914E+02
5.050050050050054E-02	8.355109754028321E+02
5.084084084084088E-02	8.347785537719727E+02
5.118118118118122E-02	8.340461321411134E+02
5.152152152152156E-02	8.333137105102539E+02
5.186186186186190E-02	8.325812888793945E+02
5.220220220220224E-02	8.318488672485352E+02
5.254254254254258E-02	8.314826564331055E+02
5.288288288288293E-02	8.307502348022462E+02
5.322322322322327E-02	8.300178131713868E+02
5.356356356356361E-02	8.292853915405274E+02
5.390390390390395E-02	8.285529699096679E+02
5.424424424424429E-02	8.278205482788086E+02
5.458458458458463E-02	8.270881266479493E+02
5.492492492492497E-02	8.267219158325196E+02
5.526526526526531E-02	8.259894942016602E+02
5.560560560560565E-02	8.252570725708009E+02
5.594594594594599E-02	8.245246509399415E+02
5.628628628628633E-02	8.237922293090820E+02
5.662662662662667E-02	8.230598076782227E+02
5.696696696696701E-02	8.223273860473633E+02
5.730730730730735E-02	8.219611752319337E+02
5.764764764764770E-02	8.212287536010743E+02
5.798798798798804E-02	8.204963319702149E+02
5.832832832832838E-02	8.197639103393554E+02
5.866866866866872E-02	8.190314887084961E+02
5.900900900900906E-02	8.182990670776368E+02
5.934934934934940E-02	8.175666454467774E+02
5.968968968968974E-02	8.172004346313478E+02
6.003003003003008E-02	8.164680130004884E+02
6.037037037037042E-02	8.157355913696290E+02
6.071071071071076E-02	8.150031697387695E+02
6.105105105105110E-02	8.142707481079102E+02
6.139139139139144E-02	8.135383264770509E+02
6.173173173173178E-02	8.128059048461915E+02
6.207207207207213E-02	8.124396940307619E+02
6.241241241241247E-02	8.117072723999024E+02
6.275275275275280E-02	8.109748507690430E+02
6.309309309309313E-02	8.102424291381836E+02
6.343343343343347E-02	8.095100075073243E+02
6.377377377377380E-02	8.087775858764650E+02
6.411411411411413E-02	8.080451642456056E+02
6.445445445445447E-02	8.076789534301760E+02
6.479479479479480E-02	8.069465317993165E+02
6.513513513513514E-02	8.062141101684571E+02
6.547547547547547E-02	8.054816885375977E+02
6.581581581581580E-02	8.047492669067384E+02
6.615615615615614E-02	8.040168452758791E+02
6.649649649649647E-02	8.032844236450197E+02
6.683683683683680E-02	8.029182128295899E+02
6.717717717717714E-02	8.021857911987305E+02
6.751751751751747E-02	8.014533695678712E+02
6.785785785785781E-02	8.007209479370118E+02
6.819819819819814E-02	7.999885263061525E+02
6.853853853853847E-02	7.992561046752932E+02
6.887887887887881E-02	7.985236830444337E+02
6.921921921921914E-02	7.981574722290040E+02
6.955955955955948E-02	7.974250505981446E+02
6.989989989989981E-02	7.966926289672853E+02
7.024024024024014E-02	7.959602073364259E+02
7.058058058058048E-02	7.952277857055665E+02
7.092092092092081E-02	7.944953640747070E+02
7.126126126126114E-02	7.941291532592774E+02
7.160160160160148E-02	7.933967316284180E+02
7.194194194194181E-02	7.926643099975587E+02
7.228228228228215E-02	7.919318883666994E+02
7.262262262262248E-02	7.911994667358399E+02
7.296296296296281E-02	7.904670451049805E+02
7.330330330330315E-02	7.897346234741211E+02
7.364364364364348E-02	7.893684126586915E+02
7.398398398398381E-02	7.886359910278321E+02
7.432432432432415E-02	7.879035693969728E+02
7.466466466466448E-02	7.871711477661134E+02
7.500500500500482E-02	7.864387261352540E+02
7.534534534534515E-02	7.857063045043946E+02
7.568568568568548E-02	7.853400936889649E+02
7.602602602602582E-02	7.846076720581055E+02
7.636636636636615E-02	7.838752504272461E+02
7.670670670670648E-02	7.831428287963867E+02
7.704704704704682E-02	7.824104071655273E+02
7.738738738738715E-02	7.816779855346680E+02
7.772772772772749E-02	7.809455639038086E+02
7.806806806806782E-02	7.805793530883790E+02
7.840840840840815E-02	7.798469314575196E+02
7.874874874874849E-02	7.791145098266602E+02
7.908908908908882E-02	7.783820881958007E+02
7.942942942942915E-02	7.776496665649414E+02
7.976976976976949E-02	7.769172449340821E+02
8.011011011010982E-02	7.765510341186524E+02
8.045045045045016E-02	7.758186124877931E+02
8.079079079079049E-02	7.750861908569336E+02
8.113113113113082E-02	7.743537692260742E+02
8.147147147147116E-02	7.736213475952148E+02
8.181181181181149E-02	7.728889259643555E+02
8.215215215215182E-02	7.725227151489258E+02
8.249249249249216E-02	7.717902935180664E+02
8.283283283283249E-02	7.710578718872069E+02
8.317317317317283E-02	7.703254502563476E+02
8.351351351351316E-02	7.695930286254883E+02
8.385385385385349E-02	7.688606069946289E+02
8.419419419419383E-02	7.681281853637696E+02
8.453453453453416E-02	7.677619745483398E+02
8.487487487487450E-02	7.670295529174804E+02
8.521521521521483E-02	7.662971312866210E+02
8.555555555555516E-02	7.655647096557617E+02
8.589589589589550E-02	7.648322880249024E+02
8.623623623623583E-02	7.640998663940430E+02
8.657657657657616E-02	7.637336555786134E+02
8.691691691691650E-02	7.630012339477539E+02
8.725725725725683E-02	7.622688123168945E+02
8.759759759759717E-02	7.615363906860351E+02
8.793793793793750E-02	7.608039690551758E+02
8.827827827827783E-02	7.600715474243165E+02
8.861861861861817E-02	7.597053366088868E+02
8.895895895895850E-02	7.589729149780273E+02
8.929929929929883E-02	7.582404933471679E+02
8.963963963963917E-02	7.575080717163086E+02
8.997997997997950E-02	7.567756500854492E+02
9.032032032031984E-02	7.560432284545899E+02
9.066066066066017E-02	7.556770176391602E+02
9.100100100100050E-02	7.549445960083009E+02
9.134134134134084E-02	7.542121743774414E+02
9.168168168168117E-02	7.534797527465820E+02
9.202202202202150E-02	7.527473311157227E+02
9.236236236236184E-02	7.520149094848633E+02
9.270270270270217E-02	7.516486986694337E+02
9.304304304304251E-02	7.509162770385743E+02
9.338338338338284E-02	7.501838554077149E+02
9.372372372372317E-02	7.494514337768554E+02
9.406406406406351E-02	7.487190121459961E+02
9.440440440440384E-02	7.479865905151368E+02
9.474474474474417E-02	7.476203796997071E+02
9.508508508508451E-02	7.468879580688478E+02
9.542542542542484E-02	7.461555364379884E+02
9.576576576576518E-02	7.454231148071290E+02
9.610610610610551E-02	7.446906931762695E+02
9.644644644644584E-02	7.439582715454102E+02
9.678678678678618E-02	7.432258499145508E+02
9.712712712712651E-02	7.428596390991212E+02
9.746746746746685E-02	7.421272174682618E+02
9.780780780780718E-02	7.413947958374024E+02
9.814814814814751E-02	7.406623742065429E+02
9.848848848848785E-02	7.399299525756836E+02
9.882882882882818E-02	7.391975309448243E+02
9.916916916916851E-02	7.388313201293946E+02
9.950950950950885E-02	7.380988984985353E+02
9.984984984984918E-02	7.373664768676759E+02
1.001901901901895E-01	7.366340552368165E+02
1.005305305305298E-01	7.359016336059570E+02
1.008708708708702E-01	7.351692119750977E+02
1.012112112112105E-01	7.348030011596680E+02
1.015515515515509E-01	7.340705795288087E+02
1.018918918918912E-01	7.333381578979494E+02
1.022322322322315E-01	7.326057362670899E+02
1.025725725725719E-01	7.318733146362305E+02
1.029129129129122E-01	7.311408930053711E+02
1.032532532532525E-01	7.307746821899415E+02
1.035935935935929E-01	7.300422605590821E+02
1.039339339339332E-01	7.293098389282228E+02
1.042742742742735E-01	7.285774172973635E+02
1.046146146146139E-01	7.278449956665040E+02
1.049549549549542E-01	7.271125740356446E+02
1.052952952952945E-01	7.267463632202149E+02
1.056356356356349E-01	7.260139415893556E+02
1.059759759759752E-01	7.252815199584961E+02
1.063163163163155E-01	7.245490983276367E+02
1.066566566566559E-01	7.238166766967773E+02
1.069969969969962E-01	7.230842550659180E+02
1.073373373373365E-01	7.227180442504883E+02
1.076776776776769E-01	7.219856226196290E+02
1.080180180180172E-01	7.212532009887697E+02
1.083583583583575E-01	7.205207793579102E+02
1.086986986986979E-01	7.197883577270508E+02
1.090390390390382E-01	7.190559360961914E+02
1.093793793793785E-01	7.186897252807618E+02
1.097197197197189E-01	7.179573036499024E+02
1.100600600600592E-01	7.172248820190431E+02
1.104004004003995E-01	7.164924603881836E+02
1.107407407407399E-01	7.157600387573242E+02
1.110810810810802E-01	7.150276171264649E+02
1.114214214214205E-01	7.146614063110352E+02
1.117617617617609E-01	7.139289846801759E+02
1.121021021021012E-01	7.131965630493164E+02
1.124424424424415E-01	7.124641414184570E+02
1.127827827827819E-01	7.117317197875976E+02
1.131231231231222E-01	7.109992981567383E+02
1.134634634634625E-01	7.106330873413086E+02
1.138038038038029E-01	7.099006657104493E+02
1.141441441441432E-01	7.091682440795898E+02
1.144844844844835E-01	7.084358224487304E+02
1.148248248248239E-01	7.077034008178711E+02
1.151651651651642E-01	7.069709791870117E+02
1.155055055055045E-01	7.066047683715821E+02
1.158458458458449E-01	7.058723467407227E+02
1.161861861861852E-01	7.051399251098634E+02
1.165265265265255E-01	7.044075034790039E+02
1.168668668668659E-01	7.036750818481445E+02
1.172072072072062E-01	7.029426602172852E+02
1.175475475475465E-01	7.025764494018555E+02
1.178878878878869E-01	7.018440277709960E+02
1.182282282282272E-01	7.011116061401366E+02
1.185685685685675E-01	7.003791845092773E+02
1.189089089089079E-01	6.996467628784179E+02
1.192492492492482E-01	6.989143412475586E+02
1.195895895895885E-01	6.981819196166992E+02
1.199299299299289E-01	6.978157088012696E+02
1.202702702702692E-01	6.970832871704101E+02
1.206106106106095E-01	6.963508655395507E+02
1.209509509509499E-01	6.956184439086913E+02
1.212912912912902E-01	6.948860222778320E+02
1.216316316316305E-01	6.941536006469727E+02
1.219719719719709E-01	6.937873898315430E+02
1.223123123123112E-01	6.930549682006836E+02
1.226526526526515E-01	6.923225465698241E+02
1.229929929929919E-01	6.915901249389648E+02
1.233333333333322E-01	6.908577033081054E+02
1.236736736736725E-01	6.901252816772461E+02
1.240140140140129E-01	6.897590708618164E+02
1.243543543543532E-01	6.890266492309571E+02
1.246946946946935E-01	6.882942276000977E+02
1.250350350350339E-01	6.875618059692382E+02
1.253753753753742E-01	6.868293843383789E+02
1.257157157157145E-01	6.860969627075195E+02
1.260560560560549E-01	6.857307518920899E+02
1.263963963963952E-01	6.849983302612305E+02
1.267367367367356E-01	6.842659086303711E+02
1.270770770770759E-01	6.835334869995116E+02
1.274174174174162E-01	6.828010653686523E+02
1.277577577577566E-01	6.820686437377930E+02
1.280980980980969E-01	6.813362221069336E+02
1.284384384384372E-01	6.809700112915040E+02
1.287787787787776E-01	6.802375896606446E+02
1.291191191191179E-01	6.795051680297852E+02
1.294594594594582E-01	6.787727463989257E+02
1.297997997997986E-01	6.780403247680664E+02
1.301401401401389E-01	6.773079031372071E+02
1.304804804804792E-01	6.769416923217774E+02
1.308208208208196E-01	6.762092706909181E+02
1.311611611611599E-01	6.754768490600586E+02
1.315015015015002E-01	6.747444274291992E+02
1.318418418418406E-01	6.740120057983398E+02
1.321821821821809E-01	6.732795841674805E+02
1.325225225225212E-01	6.725471625366212E+02
1.328628628628616E-01	6.721809517211915E+02
1.332032032032019E-01	6.714485300903322E+02
1.335435435435422E-01	6.707161084594727E+02
1.338838838838826E-01	6.699836868286133E+02
1.342242242242229E-01	6.692512651977539E+02
1.345645645645632E-01	6.685188435668946E+02
1.349049049049036E-01	6.681526327514649E+02
1.352452452452439E-01	6.674202111206056E+02
1.355855855855842E-01	6.666877894897461E+02
1.359259259259246E-01	6.659553678588867E+02
1.362662662662649E-01	6.652229462280274E+02
1.366066066066052E-01	6.644905245971680E+02
1.369469469469456E-01	6.637581029663087E+02
1.372872872872859E-01	6.633918921508790E+02
1.376276276276262E-01	6.626594705200197E+02
1.379679679679666E-01	6.619270488891602E+02
1.383083083083069E-01	6.611946272583008E+02
1.386486486486472E-01	6.604622056274414E+02
1.389889889889876E-01	6.597297839965821E+02
1.393293293293279E-01	6.593635731811524E+02
1.396696696696682E-01	6.586311515502931E+02
1.400100100100086E-01	6.578987299194337E+02
1.403503503503489E-01	6.571663082885742E+02
1.406906906906892E-01	6.564338866577149E+02
1.410310310310296E-01	6.557014650268555E+02
1.413713713713699E-01	6.549690433959961E+02
1.417117117117102E-01	6.546028325805664E+02
1.420520520520506E-01	6.538704109497070E+02
1.423923923923909E-01	6.531379893188476E+02
1.427327327327312E-01	6.524055676879883E+02
1.430730730730716E-01	6.516731460571290E+02
1.434134134134119E-01	6.509407244262696E+02
1.437537537537522E-01	6.502083027954102E+02
1.440940940940926E-01	6.498420919799804E+02
1.444344344344329E-01	6.491096703491211E+02
1.447747747747732E-01	6.483772487182617E+02
1.451151151151136E-01	6.476448270874024E+02
1.454554554554539E-01	6.469124054565431E+02
1.457957957957942E-01	6.461799838256836E+02
1.461361361361346E-01	6.454475621948242E+02
1.464764764764749E-01	6.450813513793945E+02
1.468168168168152E-01	6.443489297485352E+02
1.471571571571556E-01	6.436165081176758E+02
1.474974974974959E-01	6.428840864868165E+02
1.478378378378362E-01	6.421516648559572E+02
1.481781781781766E-01	6.414192432250977E+02
1.485185185185169E-01	6.406868215942383E+02
1.488588588588572E-01	6.403206107788086E+02
1.491991991991976E-01	6.395881891479493E+02
1.495395395395379E-01	6.388557675170899E+02
1.498798798798782E-01	6.381233458862306E+02
1.502202202202186E-01	6.373909242553711E+02
1.505605605605589E-01	6.366585026245117E+02
1.509009009008992E-01	6.359260809936524E+02
1.512412412412396E-01	6.355598701782227E+02
1.515815815815799E-01	6.348274485473634E+02
1.519219219219202E-01	6.340950269165040E+02
1.522622622622606E-01	6.333626052856447E+02
1.526026026026009E-01	6.326301836547852E+02
1.529429429429413E-01	6.319893147277833E+02
1.532832832832816E-01	6.312568930969239E+02
1.536236236236219E-01	6.305244714660646E+02
1.539639639639623E-01	6.299751552429200E+02
1.543043043043026E-01	6.292427336120606E+02
1.546446446446429E-01	6.285103119812013E+02
1.549849849849833E-01	6.277778903503417E+02
1.553253253253236E-01	6.272285741271974E+02
1.556656656656639E-01	6.264961524963380E+02
1.560060060060043E-01	6.257637308654787E+02
1.563463463463446E-01	6.250313092346194E+02
1.566866866866849E-01	6.244819930114747E+02
1.570270270270253E-01	6.237495713806153E+02
1.573673673673656E-01	6.230171497497558E+02
1.577077077077059E-01	6.224678335266115E+02
1.580480480480463E-01	6.217354118957521E+02
1.583883883883866E-01	6.210029902648928E+02
1.587287287287269E-01	6.202705686340335E+02
1.590690690690673E-01	6.197212524108888E+02
1.594094094094076E-01	6.189888307800293E+02
1.597497497497479E-01	6.182564091491699E+02
1.600900900900883E-01	6.175239875183106E+02
1.604304304304286E-01	6.167915658874513E+02
1.607707707707689E-01	6.162422496643069E+02
1.611111111111093E-01	6.155098280334474E+02
1.614514514514496E-01	6.147774064025880E+02
1.617917917917899E-01	6.140449847717287E+02
1.621321321321303E-01	6.134956685485840E+02
1.624724724724706E-01	6.127632469177247E+02
1.628128128128109E-01	6.120308252868654E+02
1.631531531531513E-01	6.112984036560060E+02
1.634934934934916E-01	6.107490874328614E+02
1.638338338338319E-01	6.100166658020021E+02
1.641741741741723E-01	6.092842441711427E+02
1.645145145145126E-01	6.085518225402834E+02
1.648548548548529E-01	6.080025063171388E+02
1.651951951951933E-01	6.072700846862792E+02
1.655355355355336E-01	6.065376630554199E+02
1.658758758758739E-01	6.058052414245606E+02
1.662162162162143E-01	6.050728197937012E+02
1.665565565565546E-01	6.045235035705568E+02
1.668968968968949E-01	6.037910819396974E+02
1.672372372372353E-01	6.030586603088379E+02
1.675775775775756E-01	6.023262386779786E+02
1.679179179179159E-01	6.017769224548340E+02
1.682582582582563E-01	6.010445008239747E+02
1.685985985985966E-01	6.003120791931153E+02
1.689389389389369E-01	5.995796575622560E+02
1.692792792792773E-01	5.988472359313965E+02
1.696196196196176E-01	5.982979197082520E+02
1.699599599599579E-01	5.975654980773927E+02
1.703003003002983E-01	5.968330764465334E+02
1.706406406406386E-01	5.961006548156738E+02
1.709809809809789E-01	5.955513385925292E+02
1.713213213213193E-01	5.948189169616699E+02
1.716616616616596E-01	5.940864953308105E+02
1.720020020019999E-01	5.933540736999512E+02
1.723423423423403E-01	5.926216520690919E+02
1.726826826826806E-01	5.920723358459474E+02
1.730230230230209E-01	5.913399142150879E+02
1.733633633633613E-01	5.906074925842286E+02
1.737037037037016E-01	5.898750709533692E+02
1.740440440440419E-01	5.891426493225099E+02
1.743843843843823E-01	5.885933330993653E+02
1.747247247247226E-01	5.878609114685059E+02
1.750650650650629E-01	5.871284898376465E+02
1.754054054054033E-01	5.863960682067870E+02
1.757457457457436E-01	5.856636465759277E+02
1.760860860860839E-01	5.849312249450684E+02
1.764264264264243E-01	5.843819087219238E+02
1.767667667667646E-01	5.836494870910644E+02
1.771071071071049E-01	5.829170654602051E+02
1.774474474474453E-01	5.821846438293458E+02
1.777877877877856E-01	5.814522221984864E+02
1.781281281281260E-01	5.809029059753418E+02
1.784684684684663E-01	5.801704843444825E+02
1.788088088088066E-01	5.794380627136229E+02
1.791491491491470E-01	5.787056410827636E+02
1.794894894894873E-01	5.779732194519042E+02
1.798298298298276E-01	5.772407978210449E+02
1.801701701701680E-01	5.766914815979005E+02
1.805105105105083E-01	5.759590599670411E+02
1.808508508508486E-01	5.752266383361816E+02
1.811911911911890E-01	5.744942167053223E+02
1.815315315315293E-01	5.737617950744630E+02
1.818718718718696E-01	5.730293734436036E+02
1.822122122122100E-01	5.724800572204590E+02
1.825525525525503E-01	5.717476355895997E+02
1.828928928928906E-01	5.710152139587402E+02
1.832332332332310E-01	5.702827923278808E+02
1.835735735735713E-01	5.695503706970214E+02
1.839139139139116E-01	5.688179490661621E+02
1.842542542542520E-01	5.682686328430177E+02
1.845945945945923E-01	5.675362112121584E+02
1.849349349349326E-01	5.668037895812988E+02
1.852752752752730E-01	5.660713679504395E+02
1.856156156156133E-01	5.653389463195801E+02
1.859559559559536E-01	5.646065246887208E+02
1.862962962962940E-01	5.638741030578615E+02
1.866366366366343E-01	5.633247868347169E+02
1.869769769769746E-01	5.625923652038575E+02
1.873173173173150E-01	5.618599435729980E+02
1.876576576576553E-01	5.611275219421386E+02
1.879979979979956E-01	5.603951003112793E+02
1.883383383383360E-01	5.596626786804200E+02
1.886786786786763E-01	5.589302570495606E+02
1.890190190190166E-01	5.581978354187013E+02
1.893593593593570E-01	5.576485191955567E+02
1.896996996996973E-01	5.569160975646973E+02
1.900400400400376E-01	5.561836759338380E+02
1.903803803803780E-01	5.554512543029787E+02
1.907207207207183E-01	5.547188326721193E+02
1.910610610610586E-01	5.539864110412599E+02
1.914014014013990E-01	5.532539894104004E+02
1.917417417417393E-01	5.525215677795411E+02
1.920820820820796E-01	5.517891461486818E+02
1.924224224224200E-01	5.512398299255372E+02
1.927627627627603E-01	5.505074082946778E+02
1.931031031031006E-01	5.497749866638185E+02
1.934434434434410E-01	5.490425650329590E+02
1.937837837837813E-01	5.483101434020996E+02
1.941241241241216E-01	5.475777217712402E+02
1.944644644644620E-01	5.468453001403809E+02
1.948048048048023E-01	5.461128785095216E+02
1.951451451451426E-01	5.453804568786622E+02
1.954854854854830E-01	5.446480352478028E+02
1.958258258258233E-01	5.440987190246583E+02
1.961661661661636E-01	5.433662973937990E+02
1.965065065065040E-01	5.426338757629396E+02
1.968468468468443E-01	5.419014541320803E+02
1.971871871871846E-01	5.411690325012210E+02
1.975275275275250E-01	5.404366108703614E+02
1.978678678678653E-01	5.397041892395021E+02
1.982082082082056E-01	5.389717676086427E+02
1.985485485485460E-01	5.382393459777834E+02
1.988888888888863E-01	5.375069243469238E+02
1.992292292292266E-01	5.367745027160645E+02
1.995695695695670E-01	5.360420810852052E+02
1.999099099099073E-01	5.353096594543458E+02
2.002502502502476E-01	5.345772378234865E+02
2.005905905905880E-01	5.340279216003419E+02
2.009309309309283E-01	5.332954999694825E+02
2.012712712712686E-01	5.325630783386230E+02
2.016116116116090E-01	5.318306567077636E+02
2.019519519519493E-01	5.310982350769043E+02
2.022922922922896E-01	5.303658134460450E+02
2.026326326326300E-01	5.296333918151856E+02
2.029729729729703E-01	5.289009701843263E+02
2.033133133133107E-01	5.281685485534667E+02
2.036536536536510E-01	5.274361269226074E+02
2.039939939939913E-01	5.267037052917481E+02
2.043343343343317E-01	5.259712836608887E+02
2.046746746746720E-01	5.252388620300292E+02
2.050150150150123E-01	5.245064403991698E+02
2.053553553553527E-01	5.237740187683105E+02
2.056956956956930E-01	5.230415971374512E+02
2.060360360360333E-01	5.223091755065918E+02
2.063763763763737E-01	5.215767538757325E+02
2.067167167167140E-01	5.208443322448729E+02
2.070570570570543E-01	5.201119106140136E+02
2.073973973973947E-01	5.193794889831543E+02
2.077377377377350E-01	5.186470673522949E+02
2.080780780780753E-01	5.179146457214356E+02
2.084184184184157E-01	5.171822240905763E+02
2.087587587587560E-01	5.164498024597167E+02
2.090990990990963E-01	5.157173808288574E+02
2.094394394394367E-01	5.149849591979980E+02
2.097797797797770E-01	5.142525375671387E+02
2.101201201201173E-01	5.135201159362791E+02
2.104604604604577E-01	5.127876943054198E+02
2.108008008007980E-01	5.120552726745605E+02
2.111411411411383E-01	5.113228510437011E+02
2.114814814814787E-01	5.105904294128417E+02
2.118218218218190E-01	5.098580077819824E+02
2.121621621621593E-01	5.091255861511231E+02
2.125025025024997E-01	5.083931645202637E+02
2.128428428428400E-01	5.076607428894043E+02
2.131831831831803E-01	5.069283212585449E+02
2.135235235235207E-01	5.061958996276855E+02
2.138638638638610E-01	5.054634779968262E+02
2.142042042042013E-01	5.047310563659668E+02
2.145445445445417E-01	5.039986347351074E+02
2.148848848848820E-01	5.032662131042480E+02
2.152252252252223E-01	5.025337914733887E+02
2.155655655655627E-01	5.018013698425293E+02
2.159059059059030E-01	5.010689482116699E+02
2.162462462462433E-01	5.003365265808106E+02
2.165865865865837E-01	4.994209995422364E+02
2.169269269269240E-01	4.986885779113770E+02
2.172672672672643E-01	4.979561562805176E+02
2.176076076076047E-01	4.972237346496582E+02
2.179479479479450E-01	4.964913130187988E+02
2.182882882882853E-01	4.957588913879395E+02
2.186286286286257E-01	4.950264697570801E+02
2.189689689689660E-01	4.942940481262207E+02
2.193093093093063E-01	4.935616264953614E+02
2.196496496496467E-01	4.928292048645020E+02
2.199899899899870E-01	4.920967832336426E+02
2.203303303303273E-01	4.913643616027832E+02
2.206706706706677E-01	4.906319399719238E+02
2.210110110110080E-01	4.897164129333497E+02
2.213513513513483E-01	4.889839913024902E+02
2.216916916916887E-01	4.882515696716309E+02
2.220320320320290E-01	4.875191480407715E+02
2.223723723723693E-01	4.867867264099121E+02
2.227127127127097E-01	4.860543047790528E+02
2.230530530530500E-01	4.853218831481934E+02
2.233933933933903E-01	4.845894615173340E+02
2.237337337337307E-01	4.836739344787598E+02
2.240740740740710E-01	4.829415128479005E+02
2.244144144144113E-01	4.822090912170410E+02
2.247547547547517E-01	4.814766695861817E+02
2.250950950950920E-01	4.807442479553224E+02
2.254354354354323E-01	4.800118263244629E+02
2.257757757757727E-01	4.792794046936036E+02
2.261161161161130E-01	4.785469830627442E+02
2.264564564564533E-01	4.776314560241699E+02
2.267967967967937E-01	4.768990343933106E+02
2.271371371371340E-01	4.761666127624512E+02
2.274774774774743E-01	4.754341911315918E+02
2.278178178178147E-01	4.747017695007325E+02
2.281581581581550E-01	4.739693478698731E+02
2.284984984984954E-01	4.730538208312989E+02
2.288388388388357E-01	4.723213992004395E+02
2.291791791791760E-01	4.715889775695802E+02
2.295195195195164E-01	4.708565559387208E+02
2.298598598598567E-01	4.701241343078614E+02
2.302002002001970E-01	4.692086072692871E+02
2.305405405405374E-01	4.684761856384278E+02
2.308808808808777E-01	4.677437640075684E+02
2.312212212212180E-01	4.670113423767090E+02
2.315615615615584E-01	4.662789207458497E+02
2.319019019018987E-01	4.653633937072754E+02
2.322422422422390E-01	4.646309720764161E+02
2.325825825825794E-01	4.638985504455567E+02
2.329229229229197E-01	4.631661288146973E+02
2.332632632632600E-01	4.624337071838380E+02
2.336036036036004E-01	4.615181801452637E+02
2.339439439439407E-01	4.607857585144043E+02
2.342842842842810E-01	4.600533368835449E+02
2.346246246246214E-01	4.593209152526856E+02
2.349649649649617E-01	4.584053882141114E+02
2.353053053053020E-01	4.576729665832520E+02
2.356456456456424E-01	4.569405449523926E+02
2.359859859859827E-01	4.562081233215332E+02
2.363263263263230E-01	4.552925962829590E+02
2.366666666666634E-01	4.545601746520996E+02
2.370070070070037E-01	4.538277530212402E+02
2.373473473473440E-01	4.530953313903809E+02
2.376876876876844E-01	4.521798043518067E+02
2.380280280280247E-01	4.514473827209472E+02
2.383683683683650E-01	4.507149610900879E+02
2.387087087087054E-01	4.499825394592286E+02
2.390490490490457E-01	4.490670124206543E+02
2.393893893893860E-01	4.483345907897950E+02
2.397297297297264E-01	4.476021691589356E+02
2.400700700700667E-01	4.466866421203613E+02
2.404104104104070E-01	4.459542204895020E+02
2.407507507507474E-01	4.452217988586426E+02
2.410910910910877E-01	4.443062718200684E+02
2.414314314314280E-01	4.435738501892091E+02
2.417717717717684E-01	4.428414285583496E+02
2.421121121121087E-01	4.419259015197754E+02
2.424524524524490E-01	4.411934798889161E+02
2.427927927927894E-01	4.404610582580567E+02
2.431331331331297E-01	4.395455312194825E+02
2.434734734734700E-01	4.388131095886231E+02
2.438138138138104E-01	4.380806879577637E+02
2.441541541541507E-01	4.371651609191895E+02
2.444944944944910E-01	4.364327392883301E+02
2.448348348348314E-01	4.357003176574707E+02
2.451751751751717E-01	4.347847906188966E+02
2.455155155155120E-01	4.340523689880371E+02
2.458558558558524E-01	4.333199473571778E+02
2.461961961961927E-01	4.324044203186035E+02
2.465365365365330E-01	4.316719986877442E+02
2.468768768768734E-01	4.307564716491700E+02
2.472172172172137E-01	4.300240500183106E+02
2.475575575575540E-01	4.292916283874512E+02
2.478978978978944E-01	4.283761013488770E+02
2.482382382382347E-01	4.276436797180176E+02
2.485785785785750E-01	4.267281526794433E+02
2.489189189189154E-01	4.259957310485840E+02
2.492592592592557E-01	4.252633094177247E+02
2.495995995995960E-01	4.243477823791504E+02
2.499399399399364E-01	4.236153607482910E+02
2.502802802802767E-01	4.226998337097168E+02
2.506206206206171E-01	4.219674120788574E+02
2.509609609609574E-01	4.210518850402832E+02
2.513013013012978E-01	4.203194634094238E+02
2.516416416416382E-01	4.195870417785645E+02
2.519819819819785E-01	4.186715147399902E+02
2.523223223223189E-01	4.179390931091309E+02
2.526626626626592E-01	4.170235660705567E+02
2.530030030029996E-01	4.162911444396972E+02
2.533433433433400E-01	4.153756174011231E+02
2.536836836836803E-01	4.146431957702637E+02
2.540240240240207E-01	4.137276687316894E+02
2.543643643643611E-01	4.129952471008301E+02
2.547047047047014E-01	4.120797200622558E+02
2.550450450450418E-01	4.113472984313965E+02
2.553853853853821E-01	4.104317713928223E+02
2.557257257257225E-01	4.096993497619629E+02
2.560660660660629E-01	4.087838227233887E+02
2.564064064064032E-01	4.080514010925293E+02
2.567467467467436E-01	4.071358740539551E+02
2.570870870870839E-01	4.062203470153809E+02
2.574274274274243E-01	4.054879253845215E+02
2.577677677677647E-01	4.045723983459473E+02
2.581081081081050E-01	4.038399767150880E+02
2.584484484484454E-01	4.029244496765137E+02
2.587887887887858E-01	4.021920280456544E+02
2.591291291291261E-01	4.012765010070801E+02
2.594694694694665E-01	4.005440793762207E+02
2.598098098098068E-01	3.996285523376466E+02
2.601501501501472E-01	3.987130252990723E+02
2.604904904904876E-01	3.979806036682130E+02
2.608308308308279E-01	3.970650766296387E+02
2.611711711711683E-01	3.963326549987793E+02
2.615115115115086E-01	3.954171279602051E+02
2.618518518518490E-01	3.945016009216309E+02
2.621921921921894E-01	3.937691792907715E+02
2.625325325325297E-01	3.928536522521973E+02
2.628728728728701E-01	3.919381252136230E+02
2.632132132132105E-01	3.912057035827636E+02
2.635535535535508E-01	3.902901765441895E+02
2.638938938938912E-01	3.893746495056152E+02
2.642342342342315E-01	3.886422278747559E+02
2.645745745745719E-01	3.877267008361817E+02
2.649149149149123E-01	3.868111737976074E+02
2.652552552552526E-01	3.860787521667480E+02
2.655955955955930E-01	3.851632251281738E+02
2.659359359359333E-01	3.842476980895996E+02
2.662762762762737E-01	3.835152764587402E+02
2.666166166166141E-01	3.825997494201660E+02
2.669569569569544E-01	3.816842223815918E+02
2.672972972972948E-01	3.807686953430176E+02
2.676376376376352E-01	3.800362737121582E+02
2.679779779779755E-01	3.791207466735839E+02
2.683183183183159E-01	3.782052196350098E+02
2.686586586586562E-01	3.772896925964355E+02
2.689989989989966E-01	3.765572709655762E+02
2.693393393393370E-01	3.756417439270020E+02
2.696796796796773E-01	3.747262168884277E+02
2.700200200200177E-01	3.738106898498535E+02
2.703603603603580E-01	3.730782682189942E+02
2.707007007006984E-01	3.721627411804199E+02
2.710410410410388E-01	3.712472141418457E+02
2.713813813813791E-01	3.703316871032715E+02
2.717217217217195E-01	3.694161600646973E+02
2.720620620620599E-01	3.686837384338380E+02
2.724024024024002E-01	3.677682113952637E+02
2.727427427427406E-01	3.668526843566895E+02
2.730830830830809E-01	3.659371573181152E+02
2.734234234234213E-01	3.650216302795411E+02
2.737637637637617E-01	3.641061032409668E+02
2.741041041041020E-01	3.631905762023926E+02
2.744444444444424E-01	3.624581545715332E+02
2.747847847847827E-01	3.615426275329590E+02
2.751251251251231E-01	3.606271004943848E+02
2.754654654654635E-01	3.597115734558105E+02
2.758058058058038E-01	3.587960464172364E+02
2.761461461461442E-01	3.578805193786621E+02
2.764864864864846E-01	3.569649923400879E+02
2.768268268268249E-01	3.560494653015136E+02
2.771671671671653E-01	3.551339382629395E+02
2.775075075075056E-01	3.542184112243652E+02
2.778478478478460E-01	3.533028841857910E+02
2.781881881881864E-01	3.523873571472168E+02
2.785285285285267E-01	3.514718301086426E+02
2.788688688688671E-01	3.505563030700683E+02
2.792092092092074E-01	3.496407760314941E+02
2.795495495495478E-01	3.487252489929199E+02
2.798898898898882E-01	3.478097219543457E+02
2.802302302302285E-01	3.468941949157715E+02
2.805705705705689E-01	3.459786678771972E+02
2.809109109109093E-01	3.450631408386230E+02
2.812512512512496E-01	3.441476138000488E+02
2.815915915915900E-01	3.432320867614746E+02
2.819319319319303E-01	3.423165597229004E+02
2.822722722722707E-01	3.414010326843261E+02
2.826126126126111E-01	3.404855056457520E+02
2.829529529529514E-01	3.395699786071777E+02
2.832932932932918E-01	3.386544515686035E+02
2.836336336336321E-01	3.375558191223145E+02
2.839739739739725E-01	3.366402920837402E+02
2.843143143143129E-01	3.357247650451661E+02
2.846546546546532E-01	3.348092380065918E+02
2.849949949949936E-01	3.338937109680176E+02
2.853353353353340E-01	3.329781839294433E+02
2.856756756756743E-01	3.320626568908692E+02
2.860160160160147E-01	3.309640244445801E+02
2.863563563563550E-01	3.300484974060059E+02
2.866966966966954E-01	3.291329703674317E+02
2.870370370370358E-01	3.282174433288574E+02
2.873773773773761E-01	3.271188108825683E+02
2.877177177177165E-01	3.262032838439941E+02
2.880580580580568E-01	3.252877568054199E+02
2.883983983983972E-01	3.243722297668457E+02
2.887387387387376E-01	3.232735973205567E+02
2.890790790790779E-01	3.223580702819824E+02
2.894194194194183E-01	3.214425432434082E+02
2.897597597597587E-01	3.205270162048340E+02
2.901001001000990E-01	3.194283837585450E+02
2.904404404404394E-01	3.185128567199707E+02
2.907807807807797E-01	3.175973296813965E+02
2.911211211211201E-01	3.164986972351074E+02
2.914614614614605E-01	3.155831701965332E+02
2.918018018018008E-01	3.144845377502442E+02
2.921421421421412E-01	3.135690107116699E+02
2.924824824824815E-01	3.126534836730958E+02
2.928228228228219E-01	3.115548512268066E+02
2.931631631631623E-01	3.106393241882325E+02
2.935035035035026E-01	3.095406917419434E+02
2.938438438438430E-01	3.086251647033692E+02
2.941841841841834E-01	3.075265322570801E+02
2.945245245245237E-01	3.066110052185059E+02
2.948648648648641E-01	3.055123727722168E+02
2.952052052052044E-01	3.045968457336426E+02
2.955455455455448E-01	3.034982132873535E+02
2.958858858858852E-01	3.025826862487793E+02
2.962262262262255E-01	3.014840538024902E+02
2.965665665665659E-01	3.005685267639161E+02
2.969069069069062E-01	2.994698943176270E+02
2.972472472472466E-01	2.985543672790528E+02
2.975875875875870E-01	2.974557348327637E+02
2.979279279279273E-01	2.963571023864747E+02
2.982682682682677E-01	2.954415753479004E+02
2.986086086086081E-01	2.943429429016114E+02
2.989489489489484E-01	2.934274158630371E+02
2.992892892892888E-01	2.923287834167480E+02
2.996296296296291E-01	2.912301509704590E+02
2.999699699699695E-01	2.901315185241699E+02
3.003103103103099E-01	2.892159914855957E+02
3.006506506506502E-01	2.881173590393067E+02
3.009909909909906E-01	2.870187265930176E+02
3.013313313313309E-01	2.859200941467286E+02
3.016716716716713E-01	2.850045671081543E+02
3.020120120120117E-01	2.839059346618653E+02
3.023523523523520E-01	2.828073022155762E+02
3.026926926926924E-01	2.817086697692872E+02
3.030330330330328E-01	2.806100373229980E+02
3.033733733733731E-01	2.796945102844239E+02
3.037137137137135E-01	2.785958778381348E+02
3.040540540540538E-01	2.774972453918458E+02
3.043943943943942E-01	2.763986129455566E+02
3.047347347347346E-01	2.752999804992676E+02
3.050750750750749E-01	2.742013480529785E+02
3.054154154154153E-01	2.731027156066895E+02
3.057557557557556E-01	2.720040831604004E+02
3.060960960960960E-01	2.709054507141114E+02
3.064364364364364E-01	2.698068182678223E+02
3.067767767767767E-01	2.687081858215332E+02
3.071171171171171E-01	2.676095533752442E+02
3.074574574574575E-01	2.665109209289551E+02
3.077977977977978E-01	2.653665121307373E+02
3.081381381381382E-01	2.642678796844482E+02
3.084784784784785E-01	2.630776945343018E+02
3.088188188188189E-01	2.619790620880127E+02
3.091591591591593E-01	2.608804296417237E+02
3.094994994994996E-01	2.596902444915771E+02
3.098398398398400E-01	2.585916120452881E+02
3.101801801801803E-01	2.574014268951416E+02
3.105205205205207E-01	2.563027944488525E+02
3.108608608608611E-01	2.551126092987060E+02
3.112012012012014E-01	2.539224241485595E+02
3.115415415415418E-01	2.528237917022705E+02
3.118818818818822E-01	2.516336065521240E+02
3.122222222222225E-01	2.504434214019775E+02
3.125625625625629E-01	2.492532362518311E+02
3.129029029029032E-01	2.481546038055420E+02
3.132432432432436E-01	2.469644186553955E+02
3.135835835835840E-01	2.457742335052490E+02
3.139239239239243E-01	2.445840483551025E+02
3.142642642642647E-01	2.433938632049560E+02
3.146046046046050E-01	2.421121253509521E+02
3.149449449449454E-01	2.409219402008057E+02
3.152852852852858E-01	2.397317550506592E+02
3.156256256256261E-01	2.385415699005127E+02
3.159659659659665E-01	2.372598320465088E+02
3.163063063063069E-01	2.360696468963623E+02
3.166466466466472E-01	2.348794617462159E+02
3.169869869869876E-01	2.335977238922119E+02
3.173273273273279E-01	2.324075387420654E+02
3.176676676676683E-01	2.311258008880615E+02
3.180080080080087E-01	2.298440630340576E+02
3.183483483483490E-01	2.286538778839111E+02
3.186886886886894E-01	2.273721400299072E+02
3.190290290290297E-01	2.260904021759033E+02
3.193693693693701E-01	2.248086643218994E+02
3.197097097097105E-01	2.235269264678955E+02
3.200500500500508E-01	2.222451886138916E+02
3.203903903903912E-01	2.209634507598877E+02
3.207307307307316E-01	2.196817129058838E+02
3.210710710710719E-01	2.183084223480225E+02
3.214114114114123E-01	2.170266844940186E+02
3.217517517517526E-01	2.157449466400147E+02
3.220920920920930E-01	2.143716560821534E+02
3.224324324324334E-01	2.129983655242920E+02
3.227727727727737E-01	2.117166276702881E+02
3.231131131131141E-01	2.103433371124267E+02
3.234534534534544E-01	2.089700465545654E+02
3.237937937937948E-01	2.075967559967041E+02
3.241341341341352E-01	2.063150181427002E+02
3.244744744744755E-01	2.048501748809814E+02
3.248148148148159E-01	2.034768843231201E+02
3.251551551551563E-01	2.021035937652588E+02
3.254954954954966E-01	2.007303032073975E+02
3.258358358358370E-01	1.992654599456787E+02
3.261761761761773E-01	1.978921693878174E+02
3.265165165165177E-01	1.964273261260986E+02
3.268568568568581E-01	1.950540355682373E+02
3.271971971971984E-01	1.935891923065185E+02
3.275375375375388E-01	1.921243490447998E+02
3.278778778778791E-01	1.906595057830810E+02
3.282182182182195E-01	1.891946625213623E+02
3.285585585585599E-01	1.877298192596436E+02
3.288988988989002E-01	1.861734232940674E+02
3.292392392392406E-01	1.847085800323486E+02
3.295795795795810E-01	1.831521840667725E+02
3.299199199199213E-01	1.816873408050537E+02
3.302602602602617E-01	1.801309448394775E+02
3.306006006006020E-01	1.785745488739014E+02
3.309409409409424E-01	1.770181529083252E+02
3.312812812812828E-01	1.754617569427490E+02
3.316216216216231E-01	1.739053609771728E+02
3.319619619619635E-01	1.722574123077393E+02
3.323023023023038E-01	1.706094636383056E+02
3.326426426426442E-01	1.690530676727295E+02
3.329829829829846E-01	1.674051190032959E+02
3.333233233233249E-01	1.657571703338623E+02
3.336636636636653E-01	1.641092216644287E+02
3.340040040040057E-01	1.623697202911377E+02
3.343443443443460E-01	1.607217716217041E+02
3.346846846846864E-01	1.589822702484131E+02
3.350250250250267E-01	1.572427688751221E+02
3.353653653653671E-01	1.555032675018311E+02
3.357057057057075E-01	1.536722134246826E+02
3.360460460460478E-01	1.519327120513916E+02
3.363863863863882E-01	1.501016579742432E+02
3.367267267267285E-01	1.482706038970947E+02
3.370670670670689E-01	1.464395498199463E+02
3.374074074074093E-01	1.446084957427978E+02
3.377477477477496E-01	1.426858889617920E+02
3.380880880880900E-01	1.407632821807861E+02
3.384284284284304E-01	1.388406753997803E+02
3.387687687687707E-01	1.369180686187744E+02
3.391091091091111E-01	1.349039091339111E+02
3.394494494494514E-01	1.328897496490478E+02
3.397897897897918E-01	1.308755901641846E+02
3.401301301301322E-01	1.287698779754639E+02
3.404704704704725E-01	1.266641657867432E+02
3.408108108108129E-01	1.245584535980225E+02
3.411511511511532E-01	1.223611887054443E+02
3.414914914914936E-01	1.201639238128662E+02
3.418318318318340E-01	1.178751062164307E+02
3.421721721721743E-01	1.155862886199951E+02
3.425125125125147E-01	1.132974710235596E+02
3.428528528528551E-01	1.109171007232666E+02
3.431931931931954E-01	1.084451777191162E+02
3.435335335335358E-01	1.059732547149658E+02
3.438738738738761E-01	1.034097790069580E+02
3.442142142142165E-01	1.008463032989502E+02
3.445545545545569E-01	9.819127488708494E+01
3.448948948948972E-01	9.544469377136230E+01
3.452352352352376E-01	9.260655995178223E+01
3.455755755755779E-01	8.967687342834472E+01
3.459159159159183E-01	8.674718690490724E+01
3.462562562562587E-01	8.363439497375487E+01
3.465965965965990E-01	8.040716216278076E+01
3.469369369369394E-01	7.706548847198486E+01
3.472772772772798E-01	7.358648572540282E+01
3.476176176176201E-01	6.992437757110595E+01
3.479579579579605E-01	6.607916400909424E+01
3.482982982983008E-01	6.195929233551026E+01
3.486386386386412E-01	5.761053890228271E+01
3.489789789789816E-01	5.289557465362549E+01
3.493193193193219E-01	4.767707053375244E+01
3.496596596596623E-01	4.186347383880616E+01
3.500000000000026E-01	3.508857375335694E+01
3.503403403403430E-01	2.671150135040283E+01
