# barionic density, pressure
1.034034034034034E-02	-1.767997712539682E-02
1.068068068068068E-02	-1.934943644511122E-02
1.102102102102102E-02	-2.108947138196982E-02
1.136136136136136E-02	-2.289995037853032E-02
1.170170170170170E-02	-2.478073032796146E-02
1.204204204204204E-02	-2.673165738229955E-02
1.238238238238239E-02	-2.875256769254975E-02
1.272272272272273E-02	-3.084328808898817E-02
1.306306306306307E-02	-3.300363667847250E-02
1.340340340340341E-02	-3.523342340895397E-02
1.374374374374375E-02	-3.753245057072263E-02
1.408408408408409E-02	-3.990051326542243E-02
1.442442442442443E-02	-4.233739983476426E-02
1.476476476476477E-02	-4.484289224672011E-02
1.510510510510511E-02	-4.194294751056304E-02
1.544544544544545E-02	-4.446221191477662E-02
1.578578578578579E-02	-4.704943133526740E-02
1.612612612612613E-02	-4.970436558647862E-02
1.646646646646647E-02	-5.242676967617399E-02
1.680680680680681E-02	-5.521639404423695E-02
1.714714714714715E-02	-5.807298480368672E-02
1.748748748748749E-02	-6.099628394639467E-02
1.782782782782784E-02	-6.398602954737953E-02
1.816816816816818E-02	-6.704195594738849E-02
1.850850850850852E-02	-7.016379393468242E-02
1.884884884884886E-02	-7.335127090158267E-02
1.918918918918920E-02	-6.966596176431494E-02
1.952952952952954E-02	-7.286158914689622E-02
1.986986986986988E-02	-7.612205680260331E-02
2.021021021021022E-02	-7.944708002798961E-02
2.055055055055056E-02	-8.283637141403233E-02
2.089089089089090E-02	-8.628964095288438E-02
2.123123123123124E-02	-8.980659615821196E-02
2.157157157157158E-02	-9.338694215716714E-02
2.191191191191192E-02	-9.703038178764700E-02
2.225225225225226E-02	-1.007366156935063E-01
2.259259259259261E-02	-1.045053424036837E-01
2.293293293293295E-02	-1.000613331826798E-01
2.327327327327329E-02	-1.038322647346490E-01
2.361361361361363E-02	-1.076648111493910E-01
2.395395395395397E-02	-1.115586633372345E-01
2.429429429429431E-02	-1.155135104689293E-01
2.463463463463465E-02	-1.195290400374347E-01
2.497497497497499E-02	-1.236049379193105E-01
2.531531531531533E-02	-1.277408884316173E-01
2.565565565565567E-02	-1.319365743871117E-01
2.599599599599601E-02	-1.361916771429037E-01
2.633633633633635E-02	-1.405058766579259E-01
2.667667667667669E-02	-1.352719764372523E-01
2.701701701701703E-02	-1.395819693745466E-01
2.735735735735738E-02	-1.439501299466315E-01
2.769769769769772E-02	-1.483761330178481E-01
2.803803803803806E-02	-1.528596522728662E-01
2.837837837837840E-02	-1.574003602486869E-01
2.871871871871874E-02	-1.619979283738076E-01
2.905905905905908E-02	-1.666520269994294E-01
2.939939939939942E-02	-1.713623254408390E-01
2.973973973973976E-02	-1.761284919989521E-01
3.008008008008010E-02	-1.701372949005986E-01
3.042042042042044E-02	-1.748931658453330E-01
3.076076076076078E-02	-1.797039437680041E-01
3.110110110110112E-02	-1.845692933169971E-01
3.144144144144146E-02	-1.894888782698558E-01
3.178178178178180E-02	-1.944623615716523E-01
3.212212212212214E-02	-1.994894053481175E-01
3.246246246246248E-02	-2.045696709305957E-01
3.280280280280282E-02	-2.097028188806576E-01
3.314314314314316E-02	-2.029943746761660E-01
3.348348348348350E-02	-2.081116022283140E-01
3.382382382382385E-02	-2.132807299144019E-01
3.416416416416419E-02	-2.185014155183467E-01
3.450450450450453E-02	-2.237733161587130E-01
3.484484484484487E-02	-2.290960883015600E-01
3.518518518518521E-02	-2.344693877802229E-01
3.552552552552555E-02	-2.398928698114560E-01
3.586586586586589E-02	-2.453661890093599E-01
3.620620620620623E-02	-2.379170419742991E-01
3.654654654654657E-02	-2.433687093881645E-01
3.688688688688691E-02	-2.488692157272112E-01
3.722722722722725E-02	-2.544182134612356E-01
3.756756756756759E-02	-2.600153545328681E-01
3.790790790790793E-02	-2.656602903732050E-01
3.824824824824827E-02	-2.713526719039692E-01
3.858858858858862E-02	-2.770921495693415E-01
3.892892892892896E-02	-2.689520162279564E-01
3.926926926926930E-02	-2.746646899192910E-01
3.960960960960964E-02	-2.804234504493479E-01
3.994994994994998E-02	-2.862279465272763E-01
4.029029029029032E-02	-2.920778264294199E-01
4.063063063063066E-02	-2.979727380105714E-01
4.097097097097100E-02	-3.039123287127268E-01
4.131131131131134E-02	-3.098962455716787E-01
4.165165165165168E-02	-3.159241352292952E-01
4.199199199199202E-02	-3.069980998291157E-01
4.233233233233236E-02	-3.129933197058108E-01
4.267267267267270E-02	-3.190314932680849E-01
4.301301301301304E-02	-3.251122657848668E-01
4.335335335335339E-02	-3.312352821756690E-01
4.369369369369373E-02	-3.374001870088250E-01
4.403403403403407E-02	-3.436066245200777E-01
4.437437437437441E-02	-3.498542386134318E-01
4.471471471471475E-02	-3.401967580064706E-01
4.505505505505509E-02	-3.464064588907263E-01
4.539539539539543E-02	-3.526563103621925E-01
4.573573573573577E-02	-3.589459551936329E-01
4.607607607607611E-02	-3.652750358614867E-01
4.641641641641645E-02	-3.716431945491649E-01
4.675675675675679E-02	-3.780500731506891E-01
4.709709709709713E-02	-3.844953132829119E-01
4.743743743743747E-02	-3.740871991697645E-01
4.777777777777781E-02	-3.804892540431979E-01
4.811811811811816E-02	-3.869286389008835E-01
4.845845845845850E-02	-3.934049944164713E-01
4.879879879879884E-02	-3.999179610125907E-01
4.913913913913918E-02	-4.064671788558485E-01
4.947947947947952E-02	-4.130522878685383E-01
4.981981981981986E-02	-4.019576234650799E-01
5.016016016016020E-02	-4.084949282678849E-01
5.050050050050054E-02	-4.150670887536876E-01
5.084084084084088E-02	-4.216737440401630E-01
5.118118118118122E-02	-4.283145330164757E-01
5.152152152152156E-02	-4.349890943499872E-01
5.186186186186190E-02	-4.416970664917130E-01
5.220220220220224E-02	-4.484380876728551E-01
5.254254254254258E-02	-4.365567130595878E-01
5.288288288288293E-02	-4.432446211790761E-01
5.322322322322327E-02	-4.499645390928322E-01
5.356356356356361E-02	-4.567161043486863E-01
5.390390390390395E-02	-4.634989542987000E-01
5.424424424424429E-02	-4.703127260945053E-01
5.458458458458463E-02	-4.771570566958303E-01
5.492492492492497E-02	-4.645576184668698E-01
5.526526526526531E-02	-4.713441927459030E-01
5.560560560560565E-02	-4.781602839136099E-01
5.594594594594599E-02	-4.850055283291681E-01
5.628628628628633E-02	-4.918795621751428E-01
5.662662662662667E-02	-4.987820214519729E-01
5.696696696696701E-02	-5.057125419859290E-01
5.730730730730735E-02	-4.923803514374185E-01
5.764764764764770E-02	-4.992484651941709E-01
5.798798798798804E-02	-5.061435960485028E-01
5.832832832832838E-02	-5.130653792970747E-01
5.866866866866872E-02	-5.200134500687454E-01
5.900900900900906E-02	-5.269874433290056E-01
5.934934934934940E-02	-5.339869938787274E-01
5.968968968968974E-02	-5.199073707689763E-01
6.003003003003008E-02	-5.268398588722789E-01
6.037037037037042E-02	-5.337968582181816E-01
6.071071071071076E-02	-5.407780031363814E-01
6.105105105105110E-02	-5.477829277978685E-01
6.139139139139144E-02	-5.548112662250446E-01
6.173173173173178E-02	-5.618626522845034E-01
6.207207207207213E-02	-5.470209322203914E-01
6.241241241241247E-02	-5.540005965825685E-01
6.275275275275280E-02	-5.610022609271255E-01
6.309309309309313E-02	-5.680255586912040E-01
6.343343343343347E-02	-5.750701231658581E-01
6.377377377377380E-02	-5.821355874954293E-01
6.411411411411413E-02	-5.892215846841964E-01
6.445445445445447E-02	-5.736031254232330E-01
6.479479479479480E-02	-5.806127394405394E-01
6.513513513513514E-02	-5.876418372913008E-01
6.547547547547547E-02	-5.946900515834272E-01
6.581581581581580E-02	-6.017570147809579E-01
6.615615615615614E-02	-6.088423592125878E-01
6.649649649649647E-02	-6.159457170641076E-01
6.683683683683680E-02	-5.995359038774382E-01
6.717717717717714E-02	-6.065582159688461E-01
6.751751751751747E-02	-6.135974912646702E-01
6.785785785785781E-02	-6.206533615859939E-01
6.819819819819814E-02	-6.277254586131562E-01
6.853853853853847E-02	-6.348134138950741E-01
6.887887887887881E-02	-6.419168588424213E-01
6.921921921921914E-02	-6.247011091130616E-01
6.955955955955948E-02	-6.317188455013820E-01
6.989989989989981E-02	-6.387510202908970E-01
7.024024024024014E-02	-6.457972645429777E-01
7.058058058058048E-02	-6.528572091840488E-01
7.092092092092081E-02	-6.599304850125236E-01
7.126126126126114E-02	-6.419969021758334E-01
7.160160160160148E-02	-6.489804898348552E-01
7.194194194194181E-02	-6.559763566745005E-01
7.228228228228215E-02	-6.629841331527473E-01
7.262262262262248E-02	-6.700034495925138E-01
7.296296296296281E-02	-6.770339361839319E-01
7.330330330330315E-02	-6.840752229888380E-01
7.364364364364348E-02	-6.653087791731309E-01
7.398398398398381E-02	-6.722557167731225E-01
7.432432432432415E-02	-6.792124017056835E-01
7.466466466466448E-02	-6.861784636978996E-01
7.500500500500482E-02	-6.931535323465710E-01
7.534534534534515E-02	-7.001372371113916E-01
7.568568568568548E-02	-6.806300534664160E-01
7.602602602602582E-02	-6.875154323261086E-01
7.636636636636615E-02	-6.944083937965502E-01
7.670670670670648E-02	-7.013085670120631E-01
7.704704704704682E-02	-7.082155809732171E-01
7.738738738738715E-02	-7.151290645468293E-01
7.772772772772749E-02	-7.220486464663622E-01
7.806806806806782E-02	-7.016818249637140E-01
7.840840840840815E-02	-7.084984233435421E-01
7.874874874874849E-02	-7.153200657662069E-01
7.908908908908882E-02	-7.221463806348538E-01
7.942942942942915E-02	-7.289769962160904E-01
7.976976976976949E-02	-7.358115406424872E-01
8.011011011010982E-02	-7.146812092586856E-01
8.045045045045016E-02	-7.214087974623453E-01
8.079079079079049E-02	-7.281392596178762E-01
8.113113113113082E-02	-7.348722235221317E-01
8.147147147147116E-02	-7.416073168364505E-01
8.181181181181149E-02	-7.483441670808588E-01
8.215215215215182E-02	-7.264398947724544E-01
8.249249249249216E-02	-7.330658183488481E-01
8.283283283283249E-02	-7.396924433713821E-01
8.317317317317283E-02	-7.463193970207271E-01
8.351351351351316E-02	-7.529463063367530E-01
8.385385385385349E-02	-7.595727982175049E-01
8.419419419419383E-02	-7.661984994163049E-01
8.453453453453416E-02	-7.433957842648056E-01
8.487487487487450E-02	-7.499059078242567E-01
8.521521521521483E-02	-7.564141844075039E-01
8.555555555555516E-02	-7.629202404190778E-01
8.589589589589550E-02	-7.694237021144659E-01
8.623623623623583E-02	-7.759241956052279E-01
8.657657657657616E-02	-7.523249897001847E-01
8.691691691691650E-02	-7.587059397954476E-01
8.725725725725683E-02	-7.650828647568915E-01
8.759759759759717E-02	-7.714553903327328E-01
8.793793793793750E-02	-7.778231421189616E-01
8.827827827827783E-02	-7.841857455609897E-01
8.861861861861817E-02	-7.597797247995004E-01
8.895895895895850E-02	-7.660188214343862E-01
8.929929929929883E-02	-7.722517121289343E-01
8.963963963963917E-02	-7.784780219519121E-01
8.997997997997950E-02	-7.846973758170179E-01
9.032032032031984E-02	-7.909093984815740E-01
9.066066066066017E-02	-7.656862741017676E-01
9.100100100100050E-02	-7.717708288507197E-01
9.134134134134084E-02	-7.778469940918171E-01
9.168168168168117E-02	-7.839143941890256E-01
9.202202202202150E-02	-7.899726533486273E-01
9.236236236236184E-02	-7.960213956096709E-01
9.270270270270217E-02	-7.699709146634746E-01
9.304304304304251E-02	-7.758882301345125E-01
9.338338338338284E-02	-7.817949696408846E-01
9.372372372372317E-02	-7.876907568152660E-01
9.406406406406351E-02	-7.935752151232123E-01
9.440440440440384E-02	-7.994479678608286E-01
9.474474474474417E-02	-7.725599135949892E-01
9.508508508508451E-02	-7.782972828013612E-01
9.542542542542484E-02	-7.840218865542283E-01
9.576576576576518E-02	-7.897333477210964E-01
9.610610610610551E-02	-7.954312889984863E-01
9.644644644644584E-02	-8.011153329067611E-01
9.678678678678618E-02	-8.067851017906378E-01
9.712712712712651E-02	-7.789242307216568E-01
9.746746746746685E-02	-7.844539782287825E-01
9.780780780780718E-02	-7.899683896733336E-01
9.814814814814751E-02	-7.954670869467009E-01
9.848848848848785E-02	-8.009496917580918E-01
9.882882882882818E-02	-8.064158256377709E-01
9.916916916916851E-02	-7.776953005447353E-01
9.950950950950885E-02	-7.830174600350688E-01
9.984984984984918E-02	-7.883220865833778E-01
1.001901901901895E-01	-7.936088012446021E-01
1.005305305305298E-01	-7.988772248821192E-01
1.008708708708702E-01	-8.041269781693359E-01
1.012112112112105E-01	-7.745366976866421E-01
1.015515515515509E-01	-7.796385252137839E-01
1.018918918918912E-01	-7.847206193368379E-01
1.022322322322315E-01	-7.897826002320016E-01
1.025725725725719E-01	-7.948240878770889E-01
1.029129129129122E-01	-7.998447020547133E-01
1.032532532532525E-01	-7.693746018746310E-01
1.035935935935929E-01	-7.742433403634550E-01
1.039339339339332E-01	-7.790901412014364E-01
1.042742742742735E-01	-7.839146236463534E-01
1.046146146146139E-01	-7.887164067498134E-01
1.049549549549542E-01	-7.934951093613449E-01
1.052952952952945E-01	-7.621351622980228E-01
1.056356356356349E-01	-7.667580405191643E-01
1.059759759759752E-01	-7.713567728452517E-01
1.063163163163155E-01	-7.759309775753991E-01
1.066566566566559E-01	-7.804802727954439E-01
1.069969969969962E-01	-7.850042763761280E-01
1.073373373373365E-01	-7.527444923853182E-01
1.076776776776769E-01	-7.571087238586074E-01
1.080180180180172E-01	-7.614465969796242E-01
1.083583583583575E-01	-7.657577290415816E-01
1.086986986986979E-01	-7.700417371186745E-01
1.090390390390382E-01	-7.742982380614194E-01
1.093793793793785E-01	-7.411286642162622E-01
1.097197197197189E-01	-7.452214460675464E-01
1.100600600600592E-01	-7.492856526591254E-01
1.104004004003995E-01	-7.533209002360763E-01
1.107407407407399E-01	-7.573268048149089E-01
1.110810810810802E-01	-7.613029821787336E-01
1.114214214214205E-01	-7.272137026021142E-01
1.117617617617609E-01	-7.310222143494798E-01
1.121021021021012E-01	-7.347999292416034E-01
1.124424424424415E-01	-7.385464624289284E-01
1.127827827827819E-01	-7.422614288196314E-01
1.131231231231222E-01	-7.459444430817825E-01
1.134634634634625E-01	-7.109255788425912E-01
1.138038038038029E-01	-7.144369811371121E-01
1.141441441441432E-01	-7.179153600420136E-01
1.144844844844835E-01	-7.213603295597864E-01
1.148248248248239E-01	-7.247715034465045E-01
1.151651651651642E-01	-7.281484952025039E-01
1.155055055055045E-01	-6.921902041836461E-01
1.158458458458449E-01	-6.953916374910136E-01
1.161861861861852E-01	-6.985578156742918E-01
1.165265265265255E-01	-7.016883515404402E-01
1.168668668668659E-01	-7.047828576360757E-01
1.172072072072062E-01	-7.078409462490640E-01
1.175475475475465E-01	-6.709334229726096E-01
1.178878878878869E-01	-6.738120062089479E-01
1.182282282282272E-01	-6.766530971177076E-01
1.185685685685675E-01	-6.794563072570554E-01
1.189089089089079E-01	-6.822212479160044E-01
1.192492492492482E-01	-6.849475301111738E-01
1.195895895895885E-01	-6.876347645886653E-01
1.199299299299289E-01	-6.496238346617815E-01
1.202702702702692E-01	-6.521269285009907E-01
1.206106106106095E-01	-6.545898973181465E-01
1.209509509509499E-01	-6.570123510900885E-01
1.212912912912902E-01	-6.593938995101212E-01
1.216316316316305E-01	-6.617341519906859E-01
1.219719719719709E-01	-6.227527873647318E-01
1.223123123123112E-01	-6.249049496253747E-01
1.226526526526515E-01	-6.270147365256662E-01
1.229929929929919E-01	-6.290817566730880E-01
1.233333333333322E-01	-6.311056183832306E-01
1.236736736736725E-01	-6.330859296762696E-01
1.240140140140129E-01	-5.931244382898058E-01
1.243543543543532E-01	-5.949127082360519E-01
1.246946946946935E-01	-5.966563461025203E-01
1.250350350350339E-01	-5.983549590695247E-01
1.253753753753742E-01	-6.000081540162228E-01
1.257157157157145E-01	-6.016155375164658E-01
1.260560560560549E-01	-5.606642629399516E-01
1.263963963963952E-01	-5.620756520521581E-01
1.267367367367356E-01	-5.634401456791807E-01
1.270770770770759E-01	-5.647573495173788E-01
1.274174174174162E-01	-5.660268689507006E-01
1.277577577577566E-01	-5.672483090468745E-01
1.280980980980969E-01	-5.684212745563855E-01
1.284384384384372E-01	-5.263191205555700E-01
1.287787787787776E-01	-5.272914450430903E-01
1.291191191191179E-01	-5.282142077981007E-01
1.294594594594582E-01	-5.290870126484037E-01
1.297997997997986E-01	-5.299094630966010E-01
1.301401401401389E-01	-5.306811623135559E-01
1.304804804804792E-01	-4.875683365635837E-01
1.308208208208196E-01	-4.881354356689940E-01
1.311611611611599E-01	-4.886506937243666E-01
1.315015015015002E-01	-4.891137129405365E-01
1.318418418418406E-01	-4.895240951918254E-01
1.321821821821809E-01	-4.898814420103008E-01
1.325225225225212E-01	-4.901853545839572E-01
1.328628628628616E-01	-4.458971820294551E-01
1.332032032032019E-01	-4.459918384132493E-01
1.335435435435422E-01	-4.460319672612059E-01
1.338838838838826E-01	-4.460171687567254E-01
1.342242242242229E-01	-4.459470427286760E-01
1.345645645645632E-01	-4.458211886507115E-01
1.349049049049036E-01	-4.005016126995429E-01
1.352452452452439E-01	-4.001625353533314E-01
1.355855855855842E-01	-3.997666336783254E-01
1.359259259259246E-01	-3.993135061025441E-01
1.362662662662649E-01	-3.988027506872527E-01
1.366066066066052E-01	-3.982339651280427E-01
1.369469469469456E-01	-3.976067467483517E-01
1.372872872872859E-01	-3.510875312688881E-01
1.376276276276262E-01	-3.502424217208500E-01
1.379679679679666E-01	-3.493377792204342E-01
1.383083083083069E-01	-3.483731999971837E-01
1.386486486486472E-01	-3.473482799003591E-01
1.389889889889876E-01	-3.462626143960961E-01
1.393293293293279E-01	-2.986914167935879E-01
1.396696696696682E-01	-2.973838830170052E-01
1.400100100100086E-01	-2.960145003847288E-01
1.403503503503489E-01	-2.945828632276175E-01
1.406906906906892E-01	-2.930885654830035E-01
1.410310310310296E-01	-2.915312006929867E-01
1.413713713713699E-01	-2.899103620016490E-01
1.417117117117102E-01	-2.411154017452191E-01
1.420520520520506E-01	-2.392680125703350E-01
1.423923923923909E-01	-2.373560417944987E-01
1.427327327327312E-01	-2.353790813743899E-01
1.430730730730716E-01	-2.333367228591783E-01
1.434134134134119E-01	-2.312285573873964E-01
1.437537537537522E-01	-2.290541756833591E-01
1.440940940940926E-01	-1.790224796927191E-01
1.444344344344329E-01	-1.766168561623545E-01
1.447747747747732E-01	-1.741439042268098E-01
1.451151151151136E-01	-1.716032133704744E-01
1.454554554554539E-01	-1.689943726575507E-01
1.457957957957942E-01	-1.663169707233578E-01
1.461361361361346E-01	-1.635705957745017E-01
1.464764764764749E-01	-1.122892358886816E-01
1.468168168168152E-01	-1.093069178556902E-01
1.471571571571556E-01	-1.062545099331373E-01
1.474974974974959E-01	-1.031315990369421E-01
1.478378378378362E-01	-9.993777164214634E-02
1.481781781781766E-01	-9.667261378325520E-02
1.485185185185169E-01	-9.333571104804150E-02
1.488588588588572E-01	-4.079180308355035E-02
1.491991991991976E-01	-3.721424529447859E-02
1.495395395395379E-01	-3.356382082228038E-02
1.498798798798782E-01	-2.984011390969954E-02
1.502202202202186E-01	-2.604270834467570E-02
1.505605605605589E-01	-2.217118745687685E-02
1.509009009008992E-01	-1.822513411337923E-02
1.512412412412396E-01	3.559416309525432E-02
1.515815815815799E-01	3.978559498489176E-02
1.519219219219202E-01	4.405268630461023E-02
1.522622622622606E-01	4.839585558653425E-02
1.526026026026009E-01	5.281552183464555E-02
1.529429429429413E-01	6.987936198623856E-02
1.532832832832816E-01	7.447688902692562E-02
1.536236236236219E-01	7.915214053645059E-02
1.539639639639623E-01	1.091805317486205E-01
1.543043043043026E-01	1.140595197820744E-01
1.546446446446429E-01	1.190174307116081E-01
1.549849849849833E-01	1.240546865598731E-01
1.553253253253236E-01	1.546331334131423E-01
1.556656656656639E-01	1.598771138313850E-01
1.560060060060043E-01	1.652016418347557E-01
1.563463463463446E-01	1.706071411857124E-01
1.566866866866849E-01	2.017408744549130E-01
1.570270270270253E-01	2.073560949182252E-01
1.573673673673656E-01	2.130534937306265E-01
1.577077077077059E-01	2.446184134806231E-01
1.580480480480463E-01	2.505277540604425E-01
1.583883883883866E-01	2.565204831279857E-01
1.587287287287269E-01	2.625970275149143E-01
1.590690690690673E-01	2.947263443251131E-01
1.594094094094076E-01	3.010178419746126E-01
1.597497497497479E-01	3.073943695836192E-01
1.600900900900883E-01	3.138563558227929E-01
1.604304304304286E-01	3.204042298931427E-01
1.607707707707689E-01	3.532352802515675E-01
1.611111111111093E-01	3.600019182040342E-01
1.614514514514496E-01	3.668556645720287E-01
1.617917917917899E-01	3.737969504430225E-01
1.621321321321303E-01	4.072042850143589E-01
1.624724724724706E-01	4.143673674672641E-01
1.628128128128109E-01	4.216192147295601E-01
1.631531531531513E-01	4.289602598147439E-01
1.634934934934916E-01	4.629491482363619E-01
1.638338338338319E-01	4.705150321910878E-01
1.641741741741723E-01	4.781713440970066E-01
1.645145145145126E-01	4.859185189278037E-01
1.648548548548529E-01	5.204942395233161E-01
1.651951951951933E-01	5.284693053251885E-01
1.655355355355336E-01	5.365364691026571E-01
1.658758758758739E-01	5.446961678284765E-01
1.662162162162143E-01	5.529488390498614E-01
1.665565565565546E-01	5.882546597516125E-01
1.668968968968949E-01	5.967390866082951E-01
1.672372372372353E-01	6.053177274963559E-01
1.675775775775756E-01	6.139910220110210E-01
1.679179179179159E-01	6.498956500997224E-01
1.682582582582563E-01	6.588037757250618E-01
1.685985985985966E-01	6.678078016645941E-01
1.689389389389369E-01	6.769081695995851E-01
1.692792792792773E-01	6.861053218101461E-01
1.696196196196176E-01	7.227551996404600E-01
1.699599599599579E-01	7.321910786491799E-01
1.703003003002983E-01	7.417249953996929E-01
1.706406406406386E-01	7.513573943083998E-01
1.709809809809789E-01	7.886181074528054E-01
1.713213213213193E-01	7.984923331868004E-01
1.716616616616596E-01	8.084662999278294E-01
1.720020020019999E-01	8.185404542672359E-01
1.723423423423403E-01	8.287152434165819E-01
1.726826826826806E-01	8.667364282839003E-01
1.730230230230209E-01	8.771569724826804E-01
1.733633633633613E-01	8.876794174187808E-01
1.737037037037016E-01	8.983042125303200E-01
1.740440440440419E-01	9.090318078914379E-01
1.743843843843823E-01	9.478219930013552E-01
1.747247247247226E-01	9.587992906515979E-01
1.750650650650629E-01	9.698806617240052E-01
1.754054054054033E-01	9.810665585674201E-01
1.757457457457436E-01	9.923574341817698E-01
1.760860860860839E-01	1.003753742218180E+00
1.764264264264243E-01	1.043469718520498E+00
1.767667667667646E-01	1.055120522522031E+00
1.771071071071049E-01	1.066878041207133E+00
1.774474474474453E-01	1.078742730564272E+00
1.777877877877856E-01	1.090715047249319E+00
1.781281281281260E-01	1.131218950972311E+00
1.784684684684663E-01	1.143449754929350E+00
1.788088088088066E-01	1.155789476097539E+00
1.791491491491470E-01	1.168238573520739E+00
1.794894894894873E-01	1.180797506923341E+00
1.798298298298276E-01	1.193466736713901E+00
1.801701701701680E-01	1.234919385891715E+00
1.805105105105083E-01	1.247851952106771E+00
1.808508508508486E-01	1.260896114141303E+00
1.811911911911890E-01	1.274052334854275E+00
1.815315315315293E-01	1.287321077802858E+00
1.818718718718696E-01	1.300702807244647E+00
1.822122122122100E-01	1.343116837743366E+00
1.825525525525503E-01	1.356766784554281E+00
1.828928928928906E-01	1.370531027092795E+00
1.832332332332310E-01	1.384410032130177E+00
1.835735735735713E-01	1.398404267152785E+00
1.839139139139116E-01	1.412514200365422E+00
1.842542542542520E-01	1.455902304372614E+00
1.845945945945923E-01	1.470285368575730E+00
1.849349349349326E-01	1.484785450261086E+00
1.852752752752730E-01	1.499403020209911E+00
1.856156156156133E-01	1.514138549935694E+00
1.859559559559536E-01	1.528992511687022E+00
1.862962962962940E-01	1.543965378452924E+00
1.866366366366343E-01	1.588499479521715E+00
1.869769769769746E-01	1.603751281082168E+00
1.873173173173150E-01	1.619123319163691E+00
1.876576576576553E-01	1.634616069404672E+00
1.879979979979956E-01	1.650230008196559E+00
1.883383383383360E-01	1.665965612687671E+00
1.886786786786763E-01	1.681823360785245E+00
1.890190190190166E-01	1.697803731160093E+00
1.893593593593570E-01	1.743663631578386E+00
1.896996996996973E-01	1.759929654421228E+00
1.900400400400376E-01	1.776319645581282E+00
1.903803803803780E-01	1.792834086463984E+00
1.907207207207183E-01	1.809473459253297E+00
1.910610610610586E-01	1.826238246912112E+00
1.914014014013990E-01	1.843128933187074E+00
1.917417417417393E-01	1.860146002611600E+00
1.920820820820796E-01	1.877289940507978E+00
1.924224224224200E-01	1.924664591990052E+00
1.927627627627603E-01	1.942101842600948E+00
1.931031031031006E-01	1.959667324762620E+00
1.934434434434410E-01	1.977361526630318E+00
1.937837837837813E-01	1.995184937164368E+00
1.941241241241216E-01	2.013138046131075E+00
1.944644644644620E-01	2.031221344107848E+00
1.948048048048023E-01	2.049435322485351E+00
1.951451451451426E-01	2.067780473469327E+00
1.954854854854830E-01	2.086257290086792E+00
1.958258258258233E-01	2.135346119417477E+00
1.961661661661636E-01	2.154124885862643E+00
1.965065065065040E-01	2.173036700775185E+00
1.968468468468443E-01	2.192082060122630E+00
1.971871871871846E-01	2.211261460707874E+00
1.975275275275250E-01	2.230575400169698E+00
1.978678678678653E-01	2.250024376987483E+00
1.982082082082056E-01	2.269608890484051E+00
1.985485485485460E-01	2.289329440828567E+00
1.988888888888863E-01	2.309186529039664E+00
1.992292292292266E-01	2.329180656989024E+00
1.995695695695670E-01	2.349312327403936E+00
1.999099099099073E-01	2.369582043870423E+00
2.002502502502476E-01	2.389990310836652E+00
2.005905905905880E-01	2.441527996212358E+00
2.009309309309283E-01	2.462250579981855E+00
2.012712712712686E-01	2.483113126429373E+00
2.016116116116090E-01	2.504116143098258E+00
2.019519519519493E-01	2.525260138407248E+00
2.022922922922896E-01	2.546545621655866E+00
2.026326326326300E-01	2.567973103024826E+00
2.029729729729703E-01	2.589543093580971E+00
2.033133133133107E-01	2.611256105280290E+00
2.036536536536510E-01	2.633112650969849E+00
2.039939939939913E-01	2.655113244392226E+00
2.043343343343317E-01	2.677258400187384E+00
2.046746746746720E-01	2.699548633896995E+00
2.050150150150123E-01	2.721984461966315E+00
2.053553553553527E-01	2.744566401748102E+00
2.056956956956930E-01	2.767294971505578E+00
2.060360360360333E-01	2.790170690414925E+00
2.063763763763737E-01	2.813194078568642E+00
2.067167167167140E-01	2.836365656979410E+00
2.070570570570543E-01	2.859685947581738E+00
2.073973973973947E-01	2.883155473236286E+00
2.077377377377350E-01	2.906774757731569E+00
2.080780780780753E-01	2.930544325788730E+00
2.084184184184157E-01	2.954464703062627E+00
2.087587587587560E-01	2.978536416146653E+00
2.090990990990963E-01	3.002759992574738E+00
2.094394394394367E-01	3.027135960824580E+00
2.097797797797770E-01	3.051664850320435E+00
2.101201201201173E-01	3.076347191436810E+00
2.104604604604577E-01	3.101183515500622E+00
2.108008008007980E-01	3.126174354794841E+00
2.111411411411383E-01	3.151320242561553E+00
2.114814814814787E-01	3.176621713004181E+00
2.118218218218190E-01	3.202079301291064E+00
2.121621621621593E-01	3.227693543558132E+00
2.125025025024997E-01	3.253464976912596E+00
2.128428428428400E-01	3.279394139435169E+00
2.131831831831803E-01	3.305481570182735E+00
2.135235235235207E-01	3.331727809192387E+00
2.138638638638610E-01	3.358133397483414E+00
2.142042042042013E-01	3.384698877060828E+00
2.145445445445417E-01	3.411424790917863E+00
2.148848848848820E-01	3.438311683038933E+00
2.152252252252223E-01	3.465360098403153E+00
2.155655655655627E-01	3.492570582986218E+00
2.159059059059030E-01	3.519943683764552E+00
2.162462462462433E-01	3.547479948716898E+00
2.165865865865837E-01	3.542633152943210E+00
2.169269269269240E-01	3.570467130393979E+00
2.172672672672643E-01	3.598466047791646E+00
2.176076076076047E-01	3.626630457599106E+00
2.179479479479450E-01	3.654960913297259E+00
2.182882882882853E-01	3.683457969389281E+00
2.186286286286257E-01	3.712122181400844E+00
2.189689689689660E-01	3.740954105886146E+00
2.193093093093063E-01	3.769954300428083E+00
2.196496496496467E-01	3.799123323642618E+00
2.199899899899870E-01	3.828461735180895E+00
2.203303303303273E-01	3.857970095731673E+00
2.206706706706677E-01	3.887648967025427E+00
2.210110110110080E-01	3.884569562024410E+00
2.213513513513483E-01	3.914562569743111E+00
2.216916916916887E-01	3.944727911428060E+00
2.220320320320290E-01	3.975066153459522E+00
2.223723723723693E-01	4.005577863274652E+00
2.227127127127097E-01	4.036263609368007E+00
2.230530530530500E-01	4.067123961295465E+00
2.233933933933903E-01	4.098159489676618E+00
2.237337337337307E-01	4.096217606364291E+00
2.240740740740710E-01	4.127577716459314E+00
2.244144144144113E-01	4.159114856864903E+00
2.247547547547517E-01	4.190829602953272E+00
2.250950950950920E-01	4.222722531172849E+00
2.254354354354323E-01	4.254794219054588E+00
2.257757757757727E-01	4.287045245211175E+00
2.261161161161130E-01	4.319476189341742E+00
2.264564564564533E-01	4.318719630349051E+00
2.267967967967937E-01	4.351485785510363E+00
2.271371371371340E-01	4.384433743786758E+00
2.274774774774743E-01	4.417564089726966E+00
2.278178178178147E-01	4.450877408977760E+00
2.281581581581550E-01	4.484374288289132E+00
2.284984984984954E-01	4.484532566640894E+00
2.288388388388357E-01	4.518372828343786E+00
2.291791791791760E-01	4.552398559518110E+00
2.295195195195164E-01	4.586610351834167E+00
2.298598598598567E-01	4.621008798076787E+00
2.302002002001970E-01	4.621947132078219E+00
2.305405405405374E-01	4.656695906459959E+00
2.308808808808777E-01	4.691633264942027E+00
2.312212212212180E-01	4.726759805288680E+00
2.315615615615584E-01	4.762076126391889E+00
2.319019019018987E-01	4.763814694909343E+00
2.322422422422390E-01	4.799488369611424E+00
2.325825825825794E-01	4.835353776251452E+00
2.329229229229197E-01	4.871411518756702E+00
2.332632632632600E-01	4.907662202195581E+00
2.336036036036004E-01	4.910221435499977E+00
2.339439439439407E-01	4.946836578654086E+00
2.342842842842810E-01	4.983646635168157E+00
2.346246246246214E-01	5.020652215199334E+00
2.349649649649617E-01	5.023878664033361E+00
2.353053053053020E-01	5.061254512858341E+00
2.356456456456424E-01	5.098827875120094E+00
2.359859859859827E-01	5.136599366108669E+00
2.363263263263230E-01	5.140506692411691E+00
2.366666666666634E-01	5.178654315877964E+00
2.370070070070037E-01	5.217002075631456E+00
2.373473473473440E-01	5.255550592136672E+00
2.376876876876844E-01	5.260152597507556E+00
2.380280280280247E-01	5.299083165250295E+00
2.383683683683650E-01	5.338216515088789E+00
2.387087087087054E-01	5.377553272700993E+00
2.390490490490457E-01	5.382863899647191E+00
2.393893893893860E-01	5.422588682788046E+00
2.397297297297264E-01	5.462518916968236E+00
2.400700700700667E-01	5.468365702594156E+00
2.404104104104070E-01	5.508688566268006E+00
2.407507507507474E-01	5.549218938205968E+00
2.410910910910877E-01	5.555610157956380E+00
2.414314314314280E-01	5.596537796938549E+00
2.417717717717684E-01	5.637675015444756E+00
2.421121121121087E-01	5.644619010672557E+00
2.424524524524490E-01	5.686158167553685E+00
2.427927927927894E-01	5.727908989329762E+00
2.431331331331297E-01	5.735414167704391E+00
2.434734734734700E-01	5.777571633154025E+00
2.438138138138104E-01	5.819942863051949E+00
2.441541541541507E-01	5.828017698956899E+00
2.444944944944910E-01	5.870800311977860E+00
2.448348348348314E-01	5.913798803251382E+00
2.451751751751717E-01	5.922451838169707E+00
2.455155155155120E-01	5.965866486340644E+00
2.458558558558524E-01	6.009499140885225E+00
2.461961961961927E-01	6.018738983775052E+00
2.465365365365330E-01	6.062792603484525E+00
2.468768768768734E-01	6.072423765864301E+00
2.472172172172137E-01	6.116901699722177E+00
2.475575575575540E-01	6.161601276391139E+00
2.478978978978944E-01	6.171833957983608E+00
2.482382382382347E-01	6.216962716267517E+00
2.485785785785750E-01	6.227596947645054E+00
2.489189189189154E-01	6.273158278441826E+00
2.492592592592557E-01	6.318944930728719E+00
2.495995995995960E-01	6.330195590847381E+00
2.499399399399364E-01	6.376419742752148E+00
2.502802802802767E-01	6.388082322741411E+00
2.506206206206171E-01	6.434747407382588E+00
2.509609609609574E-01	6.446826184839949E+00
2.513013013012978E-01	6.493935652879486E+00
2.516416416416382E-01	6.541275700077279E+00
2.519819819819785E-01	6.553992249136570E+00
2.523223223223189E-01	6.601781691828307E+00
2.526626626626592E-01	6.614925007803834E+00
2.530030030029996E-01	6.663167339256859E+00
2.533433433433400E-01	6.676741782405088E+00
2.536836836836803E-01	6.725440513581191E+00
2.540240240240207E-01	6.739450468450855E+00
2.543643643643611E-01	6.788609128045778E+00
2.547047047047014E-01	6.803059003545854E+00
2.550450450450418E-01	6.852681138027776E+00
2.553853853853821E-01	6.867575367492691E+00
2.557257257257225E-01	6.917664541136560E+00
2.560660660660629E-01	6.933007582388313E+00
2.564064064064032E-01	6.983567377309726E+00
2.567467467467436E-01	6.999363712717468E+00
2.570870870870839E-01	7.015384750557928E+00
2.574274274274243E-01	7.066651865439269E+00
2.577677677677647E-01	7.083133210913559E+00
2.581081081081050E-01	7.134880190068770E+00
2.584484484484454E-01	7.151826389037353E+00
2.587887887887858E-01	7.204056878752169E+00
2.591291291291261E-01	7.221472501814333E+00
2.594694694694665E-01	7.274190166337746E+00
2.598098098098068E-01	7.292079808875997E+00
2.601501501501472E-01	7.310205680276283E+00
2.604904904904876E-01	7.363656612661089E+00
2.608308308308279E-01	7.382263695591064E+00
2.611711711711683E-01	7.436211258470451E+00
2.615115115115086E-01	7.455304212364581E+00
2.618518518518490E-01	7.474639989275829E+00
2.621921921921894E-01	7.529335643729098E+00
2.625325325325297E-01	7.549164584828759E+00
2.628728728728701E-01	7.569240406928600E+00
2.632132132132105E-01	7.624693274813183E+00
2.635535535535508E-01	7.645269616413259E+00
2.638938938938912E-01	7.666096932763310E+00
2.642342342342315E-01	7.722316207620395E+00
2.645745745745719E-01	7.743651460992055E+00
2.649149149149123E-01	7.765241818711388E+00
2.652552552552526E-01	7.822236765821742E+00
2.655955955955930E-01	7.844342540392518E+00
2.659359359359333E-01	7.866707584824894E+00
2.662762762762737E-01	7.924487541235976E+00
2.666166166166141E-01	7.947375544734427E+00
2.669569569569544E-01	7.970527019579890E+00
2.672972972972948E-01	7.993943472051740E+00
2.676376376376352E-01	8.052783432665422E+00
2.679779779779755E-01	8.076733180073575E+00
2.683183183183159E-01	8.100952155764048E+00
2.686586586586562E-01	8.125441883973963E+00
2.689989989989966E-01	8.185359392115458E+00
2.693393393393370E-01	8.210392867731002E+00
2.696796796796773E-01	8.235701395746446E+00
2.700200200200177E-01	8.261286518377176E+00
2.703603603603580E-01	8.322299300979466E+00
2.707007007006984E-01	8.348438740098288E+00
2.710410410410388E-01	8.374859122955399E+00
2.713813813813791E-01	8.401562009752581E+00
2.717217217217195E-01	8.428548965500511E+00
2.720620620620599E-01	8.490955865942851E+00
2.724024024024002E-01	8.518510657129639E+00
2.727427427427406E-01	8.546353928783958E+00
2.730830830830809E-01	8.574487263894696E+00
2.734234234234213E-01	8.602912250256566E+00
2.737637637637617E-01	8.631630480468743E+00
2.741041041041020E-01	8.660643551933788E+00
2.744444444444424E-01	8.725051433952842E+00
2.747847847847827E-01	8.754651817637352E+00
2.751251251251231E-01	8.784551542660722E+00
2.754654654654635E-01	8.814752224354606E+00
2.758058058058038E-01	8.845255482842333E+00
2.761461461461442E-01	8.876062943034583E+00
2.764864864864846E-01	8.907176234627627E+00
2.768268268268249E-01	8.938596992098780E+00
2.771671671671653E-01	8.970326854702307E+00
2.775075075075056E-01	9.002367466466069E+00
2.778478478478460E-01	9.034720476186465E+00
2.781881881881864E-01	9.067387537423656E+00
2.785285285285267E-01	9.100370308496224E+00
2.788688688688671E-01	9.133670452475883E+00
2.792092092092074E-01	9.167289637181909E+00
2.795495495495478E-01	9.201229535174832E+00
2.798898898898882E-01	9.235491823749328E+00
2.802302302302285E-01	9.270078184928593E+00
2.805705705705689E-01	9.304990305456442E+00
2.809109109109093E-01	9.340229876790147E+00
2.812512512512496E-01	9.375798595092135E+00
2.815915915915900E-01	9.411698161222660E+00
2.819319319319303E-01	9.447930280730588E+00
2.822722722722707E-01	9.484496663844595E+00
2.826126126126111E-01	9.521399025464859E+00
2.829529529529514E-01	9.558639085152038E+00
2.832932932932918E-01	9.596218567118456E+00
2.836336336336321E-01	9.599351097342492E+00
2.839739739739725E-01	9.637630907839764E+00
2.843143143143129E-01	9.676255696341002E+00
2.846546546546532E-01	9.715227206829354E+00
2.849949949949936E-01	9.754547187883588E+00
2.853353353353340E-01	9.794217392665757E+00
2.856756756756743E-01	9.834239578907841E+00
2.860160160160147E-01	9.839956527990864E+00
2.863563563563550E-01	9.880706832376120E+00
2.866966966966954E-01	9.921814783163711E+00
2.870370370370358E-01	9.963282157499805E+00
2.873773773773761E-01	9.970537207132281E+00
2.877177177177165E-01	1.001274916572402E+01
2.880580580580568E-01	1.005532627603316E+01
2.883983983983972E-01	1.009827033437472E+01
2.887387387387376E-01	1.010710143223861E+01
2.890790790790779E-01	1.015080672746484E+01
2.894194194194183E-01	1.019488476131539E+01
2.897597597597587E-01	1.023933734899862E+01
2.901001001000990E-01	1.024978288586004E+01
2.904404404404394E-01	1.029501354721606E+01
2.907807807807797E-01	1.034062461451720E+01
2.911211211211201E-01	1.035231463146505E+01
2.914614614614605E-01	1.039871672592903E+01
2.918018018018008E-01	1.041126025191426E+01
2.921421421421412E-01	1.045846234531501E+01
2.924824824824815E-01	1.050605483025788E+01
2.928228228228219E-01	1.051988128832920E+01
2.931631631631623E-01	1.056828690336380E+01
2.935035035035026E-01	1.058299348436117E+01
2.938438438438430E-01	1.063222132338223E+01
2.941841841841834E-01	1.064781897555702E+01
2.945245245245237E-01	1.069787818171295E+01
2.948648648648641E-01	1.071437791578381E+01
2.952052052052044E-01	1.076527768097088E+01
2.955455455455448E-01	1.078269056954065E+01
2.958858858858852E-01	1.083444013387015E+01
2.962262262262255E-01	1.085277731081158E+01
2.965665665665659E-01	1.090538596205181E+01
2.969069069069062E-01	1.092465862186208E+01
2.972472472472466E-01	1.097813569485561E+01
2.975875875875870E-01	1.099835509197754E+01
2.979279279279273E-01	1.101907344499114E+01
2.982682682682677E-01	1.107388741614420E+01
2.986086086086081E-01	1.109557001563115E+01
2.989489489489484E-01	1.115127639366892E+01
2.992892892892888E-01	1.117393464432058E+01
2.996296296296291E-01	1.119710768119046E+01
2.999699699699695E-01	1.122079892113351E+01
3.003103103103099E-01	1.127835471846487E+01
3.006506506506502E-01	1.130304564506542E+01
3.009909909909906E-01	1.132826451469407E+01
3.013313313313309E-01	1.135401478144206E+01
3.016716716716713E-01	1.141346205869735E+01
3.020120120120117E-01	1.144023629833072E+01
3.023523523523520E-01	1.146755177704495E+01
3.026926926926924E-01	1.149541198503880E+01
3.030330330330328E-01	1.152382042186434E+01
3.033733733733731E-01	1.158570191994050E+01
3.037137137137135E-01	1.161516529947897E+01
3.040540540540538E-01	1.164518687396230E+01
3.043943943943942E-01	1.167577017748789E+01
3.047347347347346E-01	1.170691875308108E+01
3.050750750750749E-01	1.173863615260319E+01
3.054154154154153E-01	1.177092593665708E+01
3.057557557557556E-01	1.180379167449024E+01
3.060960960960960E-01	1.183723694389670E+01
3.064364364364364E-01	1.187126533111638E+01
3.067767767767767E-01	1.190588043073348E+01
3.071171171171171E-01	1.194108584557216E+01
3.074574574574575E-01	1.197688518659072E+01
3.077977977977978E-01	1.200523136882640E+01
3.081381381381382E-01	1.204224438027200E+01
3.084784784784785E-01	1.206382337856923E+01
3.088188188188189E-01	1.210208048930991E+01
3.091591591591593E-01	1.214095016155318E+01
3.094994994994996E-01	1.216449277079897E+01
3.098398398398400E-01	1.220463003587525E+01
3.101801801801803E-01	1.222951437213305E+01
3.105205205205207E-01	1.227093519126549E+01
3.108608608608611E-01	1.229717858614111E+01
3.112012012012014E-01	1.232412606128753E+01
3.115415415415418E-01	1.236751884628478E+01
3.118818818818822E-01	1.239585186462324E+01
3.122222222222225E-01	1.242490277761243E+01
3.125625625625629E-01	1.245467633038157E+01
3.129029029029032E-01	1.250076789988680E+01
3.132432432432436E-01	1.253196279632232E+01
3.135835835835840E-01	1.256389425840752E+01
3.139239239239243E-01	1.259656706827548E+01
3.142642642642647E-01	1.262998601705641E+01
3.146046046046050E-01	1.264876002043496E+01
3.149449449449454E-01	1.268372571371549E+01
3.152852852852858E-01	1.271945234364608E+01
3.156256256256261E-01	1.275594473608413E+01
3.159659659659665E-01	1.277797792865806E+01
3.163063063063069E-01	1.281605793444783E+01
3.166466466466472E-01	1.285491860285782E+01
3.169869869869876E-01	1.287946455636990E+01
3.173273273273279E-01	1.291994386390866E+01
3.176676676676683E-01	1.294620816803979E+01
3.180080080080087E-01	1.297336379797565E+01
3.183483483483490E-01	1.301633247066763E+01
3.186886886886894E-01	1.304524091230780E+01
3.190290290290297E-01	1.307505858615281E+01
3.193693693693701E-01	1.310579162330970E+01
3.197097097097105E-01	1.313744616325130E+01
3.200500500500508E-01	1.317002835342430E+01
3.203903903903912E-01	1.320354434885223E+01
3.207307307307316E-01	1.323800031173295E+01
3.210710710710719E-01	1.325888437158829E+01
3.214114114114123E-01	1.329529046093484E+01
3.217517517517526E-01	1.333265548647353E+01
3.220920920920930E-01	1.335662807163595E+01
3.224324324324334E-01	1.338168219053460E+01
3.227727727727737E-01	1.342206816646842E+01
3.231131131131141E-01	1.344925003488453E+01
3.234534534534544E-01	1.347753581521130E+01
3.237937937937948E-01	1.350693314765243E+01
3.241341341341352E-01	1.355146088037463E+01
3.244744744744755E-01	1.356909305635969E+01
3.248148148148159E-01	1.360187093773567E+01
3.251551551551563E-01	1.363579098011638E+01
3.254954954954966E-01	1.367086084442133E+01
3.258358358358370E-01	1.369338746431072E+01
3.261761761761773E-01	1.373084273130621E+01
3.265165165165177E-01	1.375590115287122E+01
3.268568568568581E-01	1.379577456207306E+01
3.271971971971984E-01	1.382339970173462E+01
3.275375375375388E-01	1.385235604160107E+01
3.278778778778791E-01	1.388265287867216E+01
3.282182182182195E-01	1.391429950813125E+01
3.285585585585599E-01	1.394730522231021E+01
3.288988988989002E-01	1.396859981900860E+01
3.292392392392406E-01	1.400442397283837E+01
3.295795795795810E-01	1.402870635475568E+01
3.299199199199213E-01	1.406738840516670E+01
3.302602602602617E-01	1.409470045037455E+01
3.306006006006020E-01	1.412358286530508E+01
3.309409409409424E-01	1.415404672907289E+01
3.312812812812828E-01	1.418610310820191E+01
3.316216216216231E-01	1.421976305509105E+01
3.319619619619635E-01	1.424267100388141E+01
3.323023023023038E-01	1.426737560161865E+01
3.326426426426442E-01	1.430607966167560E+01
3.329829829829846E-01	1.433432717036726E+01
3.333233233233249E-01	1.436440966744146E+01
3.336636636636653E-01	1.439634011998635E+01
3.340040040040057E-01	1.441830394227810E+01
3.343443443443460E-01	1.445406143159761E+01
3.346846846846864E-01	1.448006952884413E+01
3.350250250250267E-01	1.450817083273660E+01
3.353653653653671E-01	1.453838037368990E+01
3.357057057057075E-01	1.455938174132490E+01
3.360460460460478E-01	1.459395422267460E+01
3.363863863863882E-01	1.461955857729095E+01
3.367267267267285E-01	1.464754345683531E+01
3.370670670670689E-01	1.467792604925341E+01
3.374074074074093E-01	1.471072346760036E+01
3.377477477477496E-01	1.473527657688936E+01
3.380880880880900E-01	1.476250856580231E+01
3.384284284284304E-01	1.479243892512125E+01
3.387687687687707E-01	1.482508703803001E+01
3.391091091091111E-01	1.485027898512936E+01
3.394494494494514E-01	1.487847619089388E+01
3.397897897897918E-01	1.490970049668255E+01
3.401301301301322E-01	1.493417182602394E+01
3.404704704704725E-01	1.496198043363330E+01
3.408108108108129E-01	1.499315068893458E+01
3.411511511511532E-01	1.501832374510911E+01
3.414914914914936E-01	1.504719204399004E+01
3.418318318318340E-01	1.507069845829119E+01
3.421721721721743E-01	1.509825607844209E+01
3.425125125125147E-01	1.512989465938409E+01
3.428528528528551E-01	1.515703240425631E+01
3.431931931931954E-01	1.518019110869119E+01
3.435335335335358E-01	1.520818103608514E+01
3.438738738738761E-01	1.523294883390855E+01
3.442142142142165E-01	1.526297407569234E+01
3.445545545545569E-01	1.529057637872751E+01
3.448948948948972E-01	1.531636481736768E+01
3.452352352352376E-01	1.534097618500010E+01
3.455755755755779E-01	1.536507540612121E+01
3.459159159159183E-01	1.539623692149866E+01
3.462562562562587E-01	1.542119057945524E+01
3.465965965965990E-01	1.544618706424495E+01
3.469369369369394E-01	1.547219411477664E+01
3.472772772772798E-01	1.549874865226963E+01
3.476176176176201E-01	1.552430209421084E+01
3.479579579579605E-01	1.555061677218504E+01
3.482982982983008E-01	1.557455369533119E+01
3.486386386386412E-01	1.560142816283320E+01
3.489789789789816E-01	1.562746079288178E+01
3.493193193193219E-01	1.565142116459492E+01
3.496596596596623E-01	1.567689881320786E+01
3.500000000000026E-01	1.570163775015777E+01
3.503403403403430E-01	1.572761513599949E+01
