# barionic density, scalar density
1.034034034034034E-02	-4.787246132166575E-01
1.068068068068068E-02	-4.783496678226042E-01
1.102102102102102E-02	-4.779746990252484E-01
1.136136136136136E-02	-4.775997063380568E-01
1.170170170170170E-02	-4.772246892923998E-01
1.204204204204204E-02	-4.768496474362969E-01
1.238238238238239E-02	-4.764745803332471E-01
1.272272272272273E-02	-4.760994875611869E-01
1.306306306306307E-02	-4.757243687115340E-01
1.340340340340341E-02	-4.753492233883240E-01
1.374374374374375E-02	-4.749740512074267E-01
1.408408408408409E-02	-4.745988517958070E-01
1.442442442442443E-02	-4.742236247908690E-01
1.476476476476477E-02	-4.738483698398465E-01
1.510510510510511E-02	-4.734920186822864E-01
1.544544544544545E-02	-4.731167451725533E-01
1.578578578578579E-02	-4.727414427799933E-01
1.612612612612613E-02	-4.723661111862930E-01
1.646646646646647E-02	-4.719907500805390E-01
1.680680680680681E-02	-4.716153591588388E-01
1.714714714714715E-02	-4.712399381239591E-01
1.748748748748749E-02	-4.708644866850038E-01
1.782782782782784E-02	-4.704890045570733E-01
1.816816816816818E-02	-4.701134914610239E-01
1.850850850850852E-02	-4.697379471231500E-01
1.884884884884886E-02	-4.693623712749525E-01
1.918918918918920E-02	-4.690061395993991E-01
1.952952952952954E-02	-4.686305390836208E-01
1.986986986986988E-02	-4.682549063528553E-01
2.021021021021022E-02	-4.678792411574784E-01
2.055055055055056E-02	-4.675035432520096E-01
2.089089089089090E-02	-4.671278123949359E-01
2.123123123123124E-02	-4.667520483485362E-01
2.157157157157158E-02	-4.663762508787379E-01
2.191191191191192E-02	-4.660004197549522E-01
2.225225225225226E-02	-4.656245547499446E-01
2.259259259259261E-02	-4.652486556397043E-01
2.293293293293295E-02	-4.648925111340392E-01
2.327327327327329E-02	-4.645165830437966E-01
2.361361361361363E-02	-4.641406202694692E-01
2.395395395395397E-02	-4.637646225989972E-01
2.429429429429431E-02	-4.633885898229704E-01
2.463463463463465E-02	-4.630125217345323E-01
2.497497497497499E-02	-4.626364181292660E-01
2.531531531531533E-02	-4.622602788051264E-01
2.565565565565567E-02	-4.618841035623451E-01
2.599599599599601E-02	-4.615078922033574E-01
2.633633633633635E-02	-4.611316445327075E-01
2.667667667667669E-02	-4.607755701073755E-01
2.701701701701703E-02	-4.603992899092300E-01
2.735735735735738E-02	-4.600229729031792E-01
2.769769769769772E-02	-4.596466189018261E-01
2.803803803803806E-02	-4.592702277195568E-01
2.837837837837840E-02	-4.588937991724785E-01
2.871871871871874E-02	-4.585173330783627E-01
2.905905905905908E-02	-4.581408292565892E-01
2.939939939939942E-02	-4.577642875280980E-01
2.973973973973976E-02	-4.573877077153350E-01
3.008008008008010E-02	-4.570316869705174E-01
3.042042042042044E-02	-4.566550718700054E-01
3.076076076076078E-02	-4.562784182418122E-01
3.110110110110112E-02	-4.559017259142195E-01
3.144144144144146E-02	-4.555249947167956E-01
3.178178178178180E-02	-4.551482244803459E-01
3.212212212212214E-02	-4.547714150368842E-01
3.246246246246248E-02	-4.543945662195945E-01
3.280280280280282E-02	-4.540176778627971E-01
3.314314314314316E-02	-4.536616995060693E-01
3.348348348348350E-02	-4.532847736599411E-01
3.382382382382385E-02	-4.529078078666390E-01
3.416416416416419E-02	-4.525308019649490E-01
3.450450450450453E-02	-4.521537557946279E-01
3.484484484484487E-02	-4.517766691963697E-01
3.518518518518521E-02	-4.513995420117984E-01
3.552552552552555E-02	-4.510223740834216E-01
3.586586586586589E-02	-4.506451652546074E-01
3.620620620620623E-02	-4.502892230816199E-01
3.654654654654657E-02	-4.499119747612611E-01
3.688688688688691E-02	-4.495346851606710E-01
3.722722722722725E-02	-4.491573541266912E-01
3.756756756756759E-02	-4.487799815069231E-01
3.790790790790793E-02	-4.484025671496797E-01
3.824824824824827E-02	-4.480251109039960E-01
3.858858858858862E-02	-4.476476126195754E-01
3.892892892892896E-02	-4.472917002544252E-01
3.926926926926930E-02	-4.469141608451042E-01
3.960960960960964E-02	-4.465365790371809E-01
3.994994994994998E-02	-4.461589546831777E-01
4.029029029029032E-02	-4.457812876362138E-01
4.063063063063066E-02	-4.454035777499839E-01
4.097097097097100E-02	-4.450258248787448E-01
4.131131131131134E-02	-4.446480288772948E-01
4.165165165165168E-02	-4.442701896009683E-01
4.199199199199202E-02	-4.439143040240810E-01
4.233233233233236E-02	-4.435364218949638E-01
4.267267267267270E-02	-4.431584961492686E-01
4.301301301301304E-02	-4.427805266445610E-01
4.335335335335339E-02	-4.424025132388707E-01
4.369369369369373E-02	-4.420244557906817E-01
4.403403403403407E-02	-4.416463541589001E-01
4.437437437437441E-02	-4.412682082028610E-01
4.471471471471475E-02	-4.409123452045404E-01
4.505505505505509E-02	-4.405341549637333E-01
4.539539539539543E-02	-4.401559200702904E-01
4.573573573573577E-02	-4.397776403853892E-01
4.607607607607611E-02	-4.393993157705612E-01
4.641641641641645E-02	-4.390209460877064E-01
4.675675675675679E-02	-4.386425311990700E-01
4.709709709709713E-02	-4.382640709672262E-01
4.743743743743747E-02	-4.379082277783058E-01
4.777777777777781E-02	-4.375297219024972E-01
4.811811811811816E-02	-4.371511703662713E-01
4.845845845845850E-02	-4.367725730337293E-01
4.879879879879884E-02	-4.363939297692516E-01
4.913913913913918E-02	-4.360152404375156E-01
4.947947947947952E-02	-4.356365049034625E-01
4.981981981981986E-02	-4.352806795149687E-01
5.016016016016020E-02	-4.349018972141976E-01
5.050050050050054E-02	-4.345230684023094E-01
5.084084084084088E-02	-4.341441929455350E-01
5.118118118118122E-02	-4.337652707103410E-01
5.152152152152156E-02	-4.333863015634251E-01
5.186186186186190E-02	-4.330072853717044E-01
5.220220220220224E-02	-4.326282220023160E-01
5.254254254254258E-02	-4.322724121147691E-01
5.288288288288293E-02	-4.318933007299244E-01
5.322322322322327E-02	-4.315141418667848E-01
5.356356356356361E-02	-4.311349353935522E-01
5.390390390390395E-02	-4.307556811786117E-01
5.424424424424429E-02	-4.303763790905278E-01
5.458458458458463E-02	-4.299970289980369E-01
5.492492492492497E-02	-4.296412336154483E-01
5.526526526526531E-02	-4.292618344700579E-01
5.560560560560565E-02	-4.288823870258809E-01
5.594594594594599E-02	-4.285028911525584E-01
5.628628628628633E-02	-4.281233467198789E-01
5.662662662662667E-02	-4.277437535977757E-01
5.696696696696701E-02	-4.273641116563081E-01
5.730730730730735E-02	-4.270083295165168E-01
5.764764764764770E-02	-4.266286375180986E-01
5.798798798798804E-02	-4.262488964114128E-01
5.832832832832838E-02	-4.258691060672954E-01
5.866866866866872E-02	-4.254892663566957E-01
5.900900900900906E-02	-4.251093771506724E-01
5.934934934934940E-02	-4.247294383203928E-01
5.968968968968974E-02	-4.243736683121866E-01
6.003003003003008E-02	-4.239936784509940E-01
6.037037037037042E-02	-4.236136386814576E-01
6.071071071071076E-02	-4.232335488753905E-01
6.105105105105110E-02	-4.228534089047011E-01
6.139139139139144E-02	-4.224732186413731E-01
6.173173173173178E-02	-4.220929779574685E-01
6.207207207207213E-02	-4.217372191100557E-01
6.241241241241247E-02	-4.213569264485904E-01
6.275275275275280E-02	-4.209765830867231E-01
6.309309309309313E-02	-4.205961888970798E-01
6.343343343343347E-02	-4.202157437523404E-01
6.377377377377380E-02	-4.198352475252450E-01
6.411411411411413E-02	-4.194547000885831E-01
6.445445445445447E-02	-4.190989515627022E-01
6.479479479479480E-02	-4.187183512267640E-01
6.513513513513514E-02	-4.183376994052293E-01
6.547547547547547E-02	-4.179569959713670E-01
6.581581581581580E-02	-4.175762407984797E-01
6.615615615615614E-02	-4.171954337599168E-01
6.649649649649647E-02	-4.168145747290525E-01
6.683683683683680E-02	-4.164588358094995E-01
6.717717717717714E-02	-4.160779229805767E-01
6.751751751751747E-02	-4.156969578867131E-01
6.785785785785781E-02	-4.153159404016863E-01
6.819819819819814E-02	-4.149348703992990E-01
6.853853853853847E-02	-4.145537477533726E-01
6.887887887887881E-02	-4.141725723377491E-01
6.921921921921914E-02	-4.138168424270491E-01
6.955955955955948E-02	-4.134356123358220E-01
6.989989989989981E-02	-4.130543292052989E-01
7.024024024024014E-02	-4.126729929096578E-01
7.058058058058048E-02	-4.122916033230882E-01
7.092092092092081E-02	-4.119101603197772E-01
7.126126126126114E-02	-4.115544407823990E-01
7.160160160160148E-02	-4.111729423870600E-01
7.194194194194181E-02	-4.107913903078548E-01
7.228228228228215E-02	-4.104097844192637E-01
7.262262262262248E-02	-4.100281245957693E-01
7.296296296296281E-02	-4.096464107118480E-01
7.330330330330315E-02	-4.092646426419653E-01
7.364364364364348E-02	-4.089089313239043E-01
7.398398398398381E-02	-4.085271070205542E-01
7.432432432432415E-02	-4.081452282666602E-01
7.466466466466448E-02	-4.077632949369361E-01
7.500500500500482E-02	-4.073813069060822E-01
7.534534534534515E-02	-4.069992640487824E-01
7.568568568568548E-02	-4.066435626312817E-01
7.602602602602582E-02	-4.062614628539419E-01
7.636636636636615E-02	-4.058793079876791E-01
7.670670670670648E-02	-4.054970979073839E-01
7.704704704704682E-02	-4.051148324879348E-01
7.738738738738715E-02	-4.047325116041781E-01
7.772772772772749E-02	-4.043501351309426E-01
7.806806806806782E-02	-4.039944415064903E-01
7.840840840840815E-02	-4.036120073043158E-01
7.874874874874849E-02	-4.032295172523634E-01
7.908908908908882E-02	-4.028469712256372E-01
7.942942942942915E-02	-4.024643690991158E-01
7.976976976976949E-02	-4.020817107477349E-01
8.011011011010982E-02	-4.017260268548924E-01
8.045045045045016E-02	-4.013433101152999E-01
8.079079079079049E-02	-4.009605368924047E-01
8.113113113113082E-02	-4.005777070613050E-01
8.147147147147116E-02	-4.001948204970642E-01
8.181181181181149E-02	-3.998118770747040E-01
8.215215215215182E-02	-3.994562029459158E-01
8.249249249249216E-02	-3.990732004881915E-01
8.283283283283249E-02	-3.986901409156642E-01
8.317317317317283E-02	-3.983070241034976E-01
8.351351351351316E-02	-3.979238499268125E-01
8.385385385385349E-02	-3.975406182606878E-01
8.419419419419383E-02	-3.971573289801598E-01
8.453453453453416E-02	-3.968016626528582E-01
8.487487487487450E-02	-3.964183135716182E-01
8.521521521521483E-02	-3.960349066211489E-01
8.555555555555516E-02	-3.956514416766079E-01
8.589589589589550E-02	-3.952679186131045E-01
8.623623623623583E-02	-3.948843373057009E-01
8.657657657657616E-02	-3.945286809962633E-01
8.691691691691650E-02	-3.941450392660560E-01
8.725725725725683E-02	-3.937613390387556E-01
8.759759759759717E-02	-3.933775801895374E-01
8.793793793793750E-02	-3.929937625935234E-01
8.827827827827783E-02	-3.926098861257869E-01
8.861861861861817E-02	-3.922542400584106E-01
8.895895895895850E-02	-3.918703025572133E-01
8.929929929929883E-02	-3.914863059326985E-01
8.963963963963917E-02	-3.911022500600419E-01
8.997997997997950E-02	-3.907181348143681E-01
9.032032032031984E-02	-3.903339600707482E-01
9.066066066066017E-02	-3.899783245294146E-01
9.100100100100050E-02	-3.895940881530239E-01
9.134134134134084E-02	-3.892097920286652E-01
9.168168168168117E-02	-3.888254360315126E-01
9.202202202202150E-02	-3.884410200366797E-01
9.236236236236184E-02	-3.880565439192319E-01
9.270270270270217E-02	-3.877009192475857E-01
9.304304304304251E-02	-3.873163809093632E-01
9.338338338338284E-02	-3.869317822000721E-01
9.372372372372317E-02	-3.865471229948730E-01
9.406406406406351E-02	-3.861624031688684E-01
9.440440440440384E-02	-3.857776225971127E-01
9.474474474474417E-02	-3.854220091985058E-01
9.508508508508451E-02	-3.850371658292975E-01
9.542542542542484E-02	-3.846522614674546E-01
9.576576576576518E-02	-3.842672959881272E-01
9.610610610610551E-02	-3.838822692664077E-01
9.644644644644584E-02	-3.834971811773389E-01
9.678678678678618E-02	-3.831120315959082E-01
9.712712712712651E-02	-3.827564280632008E-01
9.746746746746685E-02	-3.823712149987497E-01
9.780780780780718E-02	-3.819859401967941E-01
9.814814814814751E-02	-3.816006035324242E-01
9.848848848848785E-02	-3.812152048806764E-01
9.882882882882818E-02	-3.808297441165308E-01
9.916916916916851E-02	-3.804741529097992E-01
9.950950950950885E-02	-3.800886281104632E-01
9.984984984984918E-02	-3.797030409552147E-01
1.001901901901895E-01	-3.793173913191434E-01
1.005305305305298E-01	-3.789316790772863E-01
1.008708708708702E-01	-3.785459041046301E-01
1.012112112112105E-01	-3.781903258180018E-01
1.015515515515509E-01	-3.778044862696715E-01
1.018918918918912E-01	-3.774185837486912E-01
1.022322322322315E-01	-3.770326181301644E-01
1.025725725725719E-01	-3.766465892891455E-01
1.029129129129122E-01	-3.762604971006381E-01
1.032532532532525E-01	-3.759049323895952E-01
1.035935935935929E-01	-3.755187750968192E-01
1.039339339339332E-01	-3.751325542164227E-01
1.042742742742735E-01	-3.747462696235372E-01
1.046146146146139E-01	-3.743599211932528E-01
1.049549549549542E-01	-3.739735088006062E-01
1.052952952952945E-01	-3.736179583826930E-01
1.056356356356349E-01	-3.732314803693193E-01
1.059759759759752E-01	-3.728449381552346E-01
1.063163163163155E-01	-3.724583316156205E-01
1.066566566566559E-01	-3.720716606256163E-01
1.069969969969962E-01	-3.716849250603196E-01
1.073373373373365E-01	-3.713293897159683E-01
1.076776776776769E-01	-3.709425880259147E-01
1.080180180180172E-01	-3.705557215240716E-01
1.083583583583575E-01	-3.701687900856979E-01
1.086986986986979E-01	-3.697817935860071E-01
1.090390390390382E-01	-3.693947319001766E-01
1.093793793793785E-01	-3.690392124736541E-01
1.097197197197189E-01	-3.686520841717969E-01
1.100600600600592E-01	-3.682648904492488E-01
1.104004004003995E-01	-3.678776311813640E-01
1.107407407407399E-01	-3.674903062434639E-01
1.110810810810802E-01	-3.671029155108340E-01
1.114214214214205E-01	-3.667474129112792E-01
1.117617617617609E-01	-3.663599550844812E-01
1.121021021021012E-01	-3.659724312304397E-01
1.124424424424415E-01	-3.655848412246401E-01
1.127827827827819E-01	-3.651971849425390E-01
1.131231231231222E-01	-3.648094622595681E-01
1.134634634634625E-01	-3.644539774621572E-01
1.138038038038029E-01	-3.640661872204125E-01
1.141441441441432E-01	-3.636783303474245E-01
1.144844844844835E-01	-3.632904067188458E-01
1.148248248248239E-01	-3.629024162103028E-01
1.151651651651642E-01	-3.625143586974044E-01
1.155055055055045E-01	-3.621588927446029E-01
1.158458458458449E-01	-3.617707672223174E-01
1.161861861861852E-01	-3.613825744675635E-01
1.165265265265255E-01	-3.609943143561971E-01
1.168668668668659E-01	-3.606059867640601E-01
1.172072072072062E-01	-3.602175915669720E-01
1.175475475475465E-01	-3.598621455699082E-01
1.178878878878869E-01	-3.594736819272987E-01
1.182282282282272E-01	-3.590851504540168E-01
1.185685685685675E-01	-3.586965510261644E-01
1.189089089089079E-01	-3.583078835198349E-01
1.192492492492482E-01	-3.579191478111139E-01
1.195895895895885E-01	-3.575303437760792E-01
1.199299299299289E-01	-3.571749183756687E-01
1.202702702702692E-01	-3.567860453747076E-01
1.206106106106095E-01	-3.563971038245541E-01
1.209509509509499E-01	-3.560080936015984E-01
1.212912912912902E-01	-3.556190145822352E-01
1.216316316316305E-01	-3.552298666428557E-01
1.219719719719709E-01	-3.548744638205341E-01
1.223123123123112E-01	-3.544852465120438E-01
1.226526526526515E-01	-3.540959600633622E-01
1.229929929929919E-01	-3.537066043512307E-01
1.233333333333322E-01	-3.533171792524036E-01
1.236736736736725E-01	-3.529276846436432E-01
1.240140140140129E-01	-3.525723057381395E-01
1.243543543543532E-01	-3.521827413733807E-01
1.246946946946935E-01	-3.517931072813738E-01
1.250350350350339E-01	-3.514034033392707E-01
1.253753753753742E-01	-3.510136294242370E-01
1.257157157157145E-01	-3.506237854134609E-01
1.260560560560549E-01	-3.502684318389750E-01
1.263963963963952E-01	-3.498785177022724E-01
1.267367367367356E-01	-3.494885332555516E-01
1.270770770770759E-01	-3.490984783764275E-01
1.274174174174162E-01	-3.487083529425421E-01
1.277577577577566E-01	-3.483181568315665E-01
1.280980980980969E-01	-3.479278899212027E-01
1.284384384384372E-01	-3.475725634904978E-01
1.287787787787776E-01	-3.471822260131878E-01
1.291191191191179E-01	-3.467918175258795E-01
1.294594594594582E-01	-3.464013379067524E-01
1.297997997997986E-01	-3.460107870340285E-01
1.301401401401389E-01	-3.456201647859697E-01
1.304804804804792E-01	-3.452648669908799E-01
1.308208208208196E-01	-3.448741738448756E-01
1.311611611611599E-01	-3.444834091163804E-01
1.315015015015002E-01	-3.440925726841843E-01
1.318418418418406E-01	-3.437016644271244E-01
1.321821821821809E-01	-3.433106842240944E-01
1.325225225225212E-01	-3.429196319540428E-01
1.328628628628616E-01	-3.425643653182855E-01
1.332032032032019E-01	-3.421732417561855E-01
1.335435435435422E-01	-3.417820459240966E-01
1.338838838838826E-01	-3.413907777015460E-01
1.342242242242229E-01	-3.409994369681347E-01
1.345645645645632E-01	-3.406080236035277E-01
1.349049049049036E-01	-3.402527892927796E-01
1.352452452452439E-01	-3.398613043478098E-01
1.355855855855842E-01	-3.394697465726052E-01
1.359259259259246E-01	-3.390781158474660E-01
1.362662662662649E-01	-3.386864120527772E-01
1.366066066066052E-01	-3.382946350690008E-01
1.369469469469456E-01	-3.379027847766861E-01
1.372872872872859E-01	-3.375475861036549E-01
1.376276276276262E-01	-3.371556638884619E-01
1.379679679679666E-01	-3.367636681704668E-01
1.383083083083069E-01	-3.363715988309192E-01
1.386486486486472E-01	-3.359794557511658E-01
1.389889889889876E-01	-3.355872388126541E-01
1.393293293293279E-01	-3.352320765625118E-01
1.396696696696682E-01	-3.348397874597117E-01
1.400100100100086E-01	-3.344474243083554E-01
1.403503503503489E-01	-3.340549869906485E-01
1.406906906906892E-01	-3.336624753889089E-01
1.410310310310296E-01	-3.332698893855693E-01
1.413713713713699E-01	-3.328772288631841E-01
1.417117117117102E-01	-3.325221072212711E-01
1.420520520520506E-01	-3.321293742489060E-01
1.423923923923909E-01	-3.317365665731370E-01
1.427327327327312E-01	-3.313436840773496E-01
1.430730730730716E-01	-3.309507266450604E-01
1.434134134134119E-01	-3.305576941599224E-01
1.437537537537522E-01	-3.301645865057235E-01
1.440940940940926E-01	-3.298095083485331E-01
1.444344344344329E-01	-3.294163279914962E-01
1.447747747747732E-01	-3.290230722868727E-01
1.451151151151136E-01	-3.286297411193652E-01
1.454554554554539E-01	-3.282363343738285E-01
1.457957957957942E-01	-3.278428519352707E-01
1.461361361361346E-01	-3.274492936888594E-01
1.464764764764749E-01	-3.270942620505832E-01
1.468168168168152E-01	-3.267006308831062E-01
1.471571571571556E-01	-3.263069237354979E-01
1.474974974974959E-01	-3.259131404939222E-01
1.478378378378362E-01	-3.255192810447184E-01
1.481781781781766E-01	-3.251253452744007E-01
1.485185185185169E-01	-3.247313330696671E-01
1.488588588588572E-01	-3.243763511479385E-01
1.491991991991976E-01	-3.239822658404399E-01
1.495395395395379E-01	-3.235881039329334E-01
1.498798798798782E-01	-3.231938653132023E-01
1.502202202202186E-01	-3.227995498692247E-01
1.505605605605589E-01	-3.224051574891805E-01
1.509009009008992E-01	-3.220106880614547E-01
1.512412412412396E-01	-3.216557592233728E-01
1.515815815815799E-01	-3.212612165497237E-01
1.519219219219202E-01	-3.208665966699545E-01
1.522622622622606E-01	-3.204718994736314E-01
1.526026026026009E-01	-3.200771248505424E-01
1.529429429429413E-01	-3.196922705914230E-01
1.532832832832816E-01	-3.192973612783781E-01
1.536236236236219E-01	-3.189023742534374E-01
1.539639639639623E-01	-3.185274182178439E-01
1.543043043043026E-01	-3.181323166667260E-01
1.546446446446429E-01	-3.177371371655175E-01
1.549849849849833E-01	-3.173418796059096E-01
1.553253253253236E-01	-3.169668043673579E-01
1.556656656656639E-01	-3.165714319115186E-01
1.560060060060043E-01	-3.161759811631321E-01
1.563463463463446E-01	-3.157804520150883E-01
1.566866866866849E-01	-3.154052576724886E-01
1.570270270270253E-01	-3.150096132707046E-01
1.573673673673656E-01	-3.146138902393488E-01
1.577077077077059E-01	-3.142386136637088E-01
1.580480480480463E-01	-3.138427751547995E-01
1.583883883883866E-01	-3.134468577897983E-01
1.587287287287269E-01	-3.130508614638760E-01
1.590690690690673E-01	-3.126754660769989E-01
1.594094094094076E-01	-3.122793539393228E-01
1.597497497497479E-01	-3.118831626187730E-01
1.600900900900883E-01	-3.114868920118971E-01
1.604304304304286E-01	-3.110905420155607E-01
1.607707707707689E-01	-3.107149912585075E-01
1.611111111111093E-01	-3.103185250160604E-01
1.614514514514496E-01	-3.099219791680929E-01
1.617917917917899E-01	-3.095253536129354E-01
1.621321321321303E-01	-3.091496844562980E-01
1.624724724724706E-01	-3.087529423526530E-01
1.628128128128109E-01	-3.083561203307839E-01
1.631531531531513E-01	-3.079592182905581E-01
1.634934934934916E-01	-3.075834309923474E-01
1.638338338338319E-01	-3.071864121163499E-01
1.641741741741723E-01	-3.067893130162054E-01
1.645145145145126E-01	-3.063921335933899E-01
1.648548548548529E-01	-3.060162284463453E-01
1.651951951951933E-01	-3.056189319161278E-01
1.655355355355336E-01	-3.052215548629141E-01
1.658758758758739E-01	-3.048240971898706E-01
1.662162162162143E-01	-3.044265588005612E-01
1.665565565565546E-01	-3.040504994866448E-01
1.668968968968949E-01	-3.036528436363324E-01
1.672372372372353E-01	-3.032551068764920E-01
1.675775775775756E-01	-3.028572891124788E-01
1.679179179179159E-01	-3.024811126928902E-01
1.682582582582563E-01	-3.020831772334259E-01
1.685985985985966E-01	-3.016851605825198E-01
1.689389389389369E-01	-3.012870626474000E-01
1.692792792792773E-01	-3.008888833357413E-01
1.696196196196176E-01	-3.005125536875299E-01
1.699599599599579E-01	-3.001142563748520E-01
1.703003003002983E-01	-2.997158775061174E-01
1.706406406406386E-01	-2.993174169909806E-01
1.709809809809789E-01	-2.989409711733151E-01
1.713213213213193E-01	-2.985423924630289E-01
1.716616616616596E-01	-2.981437319333794E-01
1.720020020019999E-01	-2.977449894960948E-01
1.723423423423403E-01	-2.973461650634012E-01
1.726826826826806E-01	-2.969695672043886E-01
1.730230230230209E-01	-2.965706243230895E-01
1.733633633633613E-01	-2.961715992819053E-01
1.737037037037016E-01	-2.957724919952514E-01
1.740440440440419E-01	-2.953733023780712E-01
1.743843843843823E-01	-2.949965532236540E-01
1.747247247247226E-01	-2.945972449351446E-01
1.750650650650629E-01	-2.941978541605503E-01
1.754054054054033E-01	-2.937983808171248E-01
1.757457457457436E-01	-2.933988248226829E-01
1.760860860860839E-01	-2.929991860956035E-01
1.764264264264243E-01	-2.926222503476485E-01
1.767667667667646E-01	-2.922224926940785E-01
1.771071071071049E-01	-2.918226521635495E-01
1.774474474474453E-01	-2.914227286769032E-01
1.777877877877856E-01	-2.910227221555836E-01
1.781281281281260E-01	-2.906456370080161E-01
1.784684684684663E-01	-2.902455114099781E-01
1.788088088088066E-01	-2.898453026428729E-01
1.791491491491470E-01	-2.894450106307392E-01
1.794894894894873E-01	-2.890446352982495E-01
1.798298298298276E-01	-2.886441765707175E-01
1.801701701701680E-01	-2.882669072572227E-01
1.805105105105083E-01	-2.878663292888699E-01
1.808508508508486E-01	-2.874656678035884E-01
1.811911911911890E-01	-2.870649227294536E-01
1.815315315315293E-01	-2.866640939952195E-01
1.818718718718696E-01	-2.862631815303237E-01
1.822122122122100E-01	-2.858857295803479E-01
1.825525525525503E-01	-2.854846977640015E-01
1.828928928928906E-01	-2.850835821083545E-01
1.832332332332310E-01	-2.846823825457810E-01
1.835735735735713E-01	-2.842810990093782E-01
1.839139139139116E-01	-2.838797314329757E-01
1.842542542542520E-01	-2.835020985501780E-01
1.845945945945923E-01	-2.831006115680619E-01
1.849349349349326E-01	-2.826990404513274E-01
1.852752752752730E-01	-2.822973851369215E-01
1.856156156156133E-01	-2.818956455625609E-01
1.859559559559536E-01	-2.814938216667409E-01
1.862962962962940E-01	-2.810919133887491E-01
1.866366366366343E-01	-2.807140664406505E-01
1.869769769769746E-01	-2.803120387430036E-01
1.873173173173150E-01	-2.799099265859160E-01
1.876576576576553E-01	-2.795077299120122E-01
1.879979979979956E-01	-2.791054486647478E-01
1.883383383383360E-01	-2.787030827884177E-01
1.886786786786763E-01	-2.783006322281645E-01
1.890190190190166E-01	-2.778980969299891E-01
1.893593593593570E-01	-2.775200040588147E-01
1.896996996996973E-01	-2.771173494079952E-01
1.900400400400376E-01	-2.767146099632201E-01
1.903803803803780E-01	-2.763117856740986E-01
1.907207207207183E-01	-2.759088764911449E-01
1.910610610610586E-01	-2.755058823657820E-01
1.914014014013990E-01	-2.751028032503534E-01
1.917417417417393E-01	-2.746996390981350E-01
1.920820820820796E-01	-2.742963898633393E-01
1.924224224224200E-01	-2.739180209440745E-01
1.927627627627603E-01	-2.735146525560849E-01
1.931031031031006E-01	-2.731111990553045E-01
1.934434434434410E-01	-2.727076603998835E-01
1.937837837837813E-01	-2.723040365489607E-01
1.941241241241216E-01	-2.719003274626683E-01
1.944644644644620E-01	-2.714965331021523E-01
1.948048048048023E-01	-2.710926534295721E-01
1.951451451451426E-01	-2.706886884081162E-01
1.954854854854830E-01	-2.702846380020139E-01
1.958258258258233E-01	-2.699059652542892E-01
1.961661661661636E-01	-2.695017960918364E-01
1.965065065065040E-01	-2.690975415457927E-01
1.968468468468443E-01	-2.686932015847103E-01
1.971871871871846E-01	-2.682887761782305E-01
1.975275275275250E-01	-2.678842652970972E-01
1.978678678678653E-01	-2.674796689131654E-01
1.982082082082056E-01	-2.670749869994123E-01
1.985485485485460E-01	-2.666702195299491E-01
1.988888888888863E-01	-2.662653664800325E-01
1.992292292292266E-01	-2.658604278260764E-01
1.995695695695670E-01	-2.654554035456600E-01
1.999099099099073E-01	-2.650502936175442E-01
2.002502502502476E-01	-2.646450980216790E-01
2.005905905905880E-01	-2.642659997069794E-01
2.009309309309283E-01	-2.638606862219053E-01
2.012712712712686E-01	-2.634552871188883E-01
2.016116116116090E-01	-2.630498023828001E-01
2.019519519519493E-01	-2.626442319997576E-01
2.022922922922896E-01	-2.622385759571402E-01
2.026326326326300E-01	-2.618328342435992E-01
2.029729729729703E-01	-2.614270068490666E-01
2.033133133133107E-01	-2.610210937647747E-01
2.036536536536510E-01	-2.606150949832617E-01
2.039939939939913E-01	-2.602090104983891E-01
2.043343343343317E-01	-2.598028403053509E-01
2.046746746746720E-01	-2.593965844006877E-01
2.050150150150123E-01	-2.589902427822991E-01
2.053553553553527E-01	-2.585838154494581E-01
2.056956956956930E-01	-2.581773024028209E-01
2.060360360360333E-01	-2.577707036444433E-01
2.063763763763737E-01	-2.573640191777912E-01
2.067167167167140E-01	-2.569572490077561E-01
2.070570570570543E-01	-2.565503931406660E-01
2.073973973973947E-01	-2.561434515843007E-01
2.077377377377350E-01	-2.557364243479049E-01
2.080780780780753E-01	-2.553293114422022E-01
2.084184184184157E-01	-2.549221128794067E-01
2.087587587587560E-01	-2.545148286732398E-01
2.090990990990963E-01	-2.541074588389430E-01
2.094394394394367E-01	-2.537000033932912E-01
2.097797797797770E-01	-2.532924623546062E-01
2.101201201201173E-01	-2.528848357427750E-01
2.104604604604577E-01	-2.524771235792580E-01
2.108008008007980E-01	-2.520693258871092E-01
2.111411411411383E-01	-2.516614426909863E-01
2.114814814814787E-01	-2.512534740171691E-01
2.118218218218190E-01	-2.508454198935718E-01
2.121621621621593E-01	-2.504372803497567E-01
2.125025025024997E-01	-2.500290554169546E-01
2.128428428428400E-01	-2.496207451280731E-01
2.131831831831803E-01	-2.492123495177168E-01
2.135235235235207E-01	-2.488038686221999E-01
2.138638638638610E-01	-2.483953024795624E-01
2.142042042042013E-01	-2.479866511295875E-01
2.145445445445417E-01	-2.475779146138124E-01
2.148848848848820E-01	-2.471690929755492E-01
2.152252252252223E-01	-2.467601862598977E-01
2.155655655655627E-01	-2.463511945137629E-01
2.159059059059030E-01	-2.459421177858707E-01
2.162462462462433E-01	-2.455329561267821E-01
2.165865865865837E-01	-2.450949007235059E-01
2.169269269269240E-01	-2.446855110218124E-01
2.172672672672643E-01	-2.442760364494882E-01
2.176076076076047E-01	-2.438664770646760E-01
2.179479479479450E-01	-2.434568329274403E-01
2.182882882882853E-01	-2.430471040997854E-01
2.186286286286257E-01	-2.426372906456709E-01
2.189689689689660E-01	-2.422273926310310E-01
2.193093093093063E-01	-2.418174101237897E-01
2.196496496496467E-01	-2.414073431938798E-01
2.199899899899870E-01	-2.409971919132593E-01
2.203303303303273E-01	-2.405869563559301E-01
2.206706706706677E-01	-2.401766365979543E-01
2.210110110110080E-01	-2.397366353839771E-01
2.213513513513483E-01	-2.393260877445481E-01
2.216916916916887E-01	-2.389154560439474E-01
2.220320320320290E-01	-2.385047403667709E-01
2.223723723723693E-01	-2.380939407997698E-01
2.227127127127097E-01	-2.376830574318670E-01
2.230530530530500E-01	-2.372720903541781E-01
2.233933933933903E-01	-2.368610396600292E-01
2.237337337337307E-01	-2.364198049998877E-01
2.240740740740710E-01	-2.360085267839953E-01
2.244144144144113E-01	-2.355971651447128E-01
2.247547547547517E-01	-2.351857201845380E-01
2.250950950950920E-01	-2.347741920082766E-01
2.254354354354323E-01	-2.343625807230664E-01
2.257757757757727E-01	-2.339508864383922E-01
2.261161161161130E-01	-2.335391092661095E-01
2.264564564564533E-01	-2.330966384457016E-01
2.267967967967937E-01	-2.326846344118466E-01
2.271371371371340E-01	-2.322725477411268E-01
2.274774774774743E-01	-2.318603785552421E-01
2.278178178178147E-01	-2.314481269783663E-01
2.281581581581550E-01	-2.310357931371691E-01
2.284984984984954E-01	-2.305923728557372E-01
2.288388388388357E-01	-2.301798127963048E-01
2.291791791791760E-01	-2.297671707694908E-01
2.295195195195164E-01	-2.293544469123433E-01
2.298598598598567E-01	-2.289416413645154E-01
2.302002002001970E-01	-2.284974149300780E-01
2.305405405405374E-01	-2.280843838057059E-01
2.308808808808777E-01	-2.276712713281429E-01
2.312212212212180E-01	-2.272580776478866E-01
2.315615615615584E-01	-2.268448029181544E-01
2.319019019018987E-01	-2.263997699080980E-01
2.322422422422390E-01	-2.259862703849094E-01
2.325825825825794E-01	-2.255726901921549E-01
2.329229229229197E-01	-2.251590294943779E-01
2.332632632632600E-01	-2.247452884589603E-01
2.336036036036004E-01	-2.242994488269824E-01
2.339439439439407E-01	-2.238854839293772E-01
2.342842842842810E-01	-2.234714391184009E-01
2.346246246246214E-01	-2.230573145732618E-01
2.349649649649617E-01	-2.226108121717024E-01
2.353053053053020E-01	-2.221964645716674E-01
2.356456456456424E-01	-2.217820376988221E-01
2.359859859859827E-01	-2.213675317446174E-01
2.363263263263230E-01	-2.209203667392739E-01
2.366666666666634E-01	-2.205056386412597E-01
2.370070070070037E-01	-2.200908319616657E-01
2.373473473473440E-01	-2.196759469046153E-01
2.376876876876844E-01	-2.192281196834945E-01
2.380280280280247E-01	-2.188130135014441E-01
2.383683683683650E-01	-2.183978294815269E-01
2.387087087087054E-01	-2.179825678409770E-01
2.390490490490457E-01	-2.175340790233719E-01
2.393893893893860E-01	-2.171185973883957E-01
2.397297297297264E-01	-2.167030387136093E-01
2.400700700700667E-01	-2.162540314805255E-01
2.404104104104070E-01	-2.158382536756460E-01
2.407507507507474E-01	-2.154223994439113E-01
2.410910910910877E-01	-2.149728741282251E-01
2.414314314314280E-01	-2.145568016986799E-01
2.417717717717684E-01	-2.141406534882286E-01
2.421121121121087E-01	-2.136906105328236E-01
2.424524524524490E-01	-2.132742451267137E-01
2.427927927927894E-01	-2.128578046195277E-01
2.431331331331297E-01	-2.124072445806714E-01
2.434734734734700E-01	-2.119905879518098E-01
2.438138138138104E-01	-2.115738569364831E-01
2.441541541541507E-01	-2.111227804872838E-01
2.444944944944910E-01	-2.107058344981012E-01
2.448348348348314E-01	-2.102888148727663E-01
2.451751751751717E-01	-2.098372228066995E-01
2.455155155155120E-01	-2.094199894312080E-01
2.458558558558524E-01	-2.090026832065173E-01
2.461961961961927E-01	-2.085505764410356E-01
2.465365365365330E-01	-2.081330577678566E-01
2.468768768768734E-01	-2.076805769340468E-01
2.472172172172137E-01	-2.072628466502448E-01
2.475575575575540E-01	-2.068450448856967E-01
2.478978978978944E-01	-2.063920509999544E-01
2.482382382382347E-01	-2.059740390620720E-01
2.485785785785750E-01	-2.055206720425632E-01
2.489189189189154E-01	-2.051024508632193E-01
2.492592592592557E-01	-2.046841596822146E-01
2.495995995995960E-01	-2.042302816348308E-01
2.499399399399364E-01	-2.038117827915533E-01
2.502802802802767E-01	-2.033575328058474E-01
2.506206206206171E-01	-2.029388273305737E-01
2.509609609609574E-01	-2.024842058901100E-01
2.513013013012978E-01	-2.020652948541679E-01
2.516416416416382E-01	-2.016463160674244E-01
2.519819819819785E-01	-2.011911870045646E-01
2.523223223223189E-01	-2.007720044466314E-01
2.526626626626592E-01	-2.003165055130353E-01
2.530030030029996E-01	-1.998971203600833E-01
2.533433433433400E-01	-1.994412522016233E-01
2.536836836836803E-01	-1.990216656735645E-01
2.540240240240207E-01	-1.985654289849011E-01
2.543643643643611E-01	-1.981456423461867E-01
2.547047047047014E-01	-1.976890378717439E-01
2.550450450450418E-01	-1.972690524321818E-01
2.553853853853821E-01	-1.968120809671382E-01
2.557257257257225E-01	-1.963918980827120E-01
2.560660660660629E-01	-1.959345604740047E-01
2.564064064064032E-01	-1.955141815477110E-01
2.567467467467436E-01	-1.950564786950540E-01
2.570870870870839E-01	-1.945985437459756E-01
2.574274274274243E-01	-1.941778380346618E-01
2.577677677677647E-01	-1.937195391279475E-01
2.581081081081050E-01	-1.932986410007721E-01
2.584484484484454E-01	-1.928399791740917E-01
2.587887887887858E-01	-1.924188902068232E-01
2.591291291291261E-01	-1.919598665543490E-01
2.594694694694665E-01	-1.915385883737014E-01
2.598098098098068E-01	-1.910792040471896E-01
2.601501501501472E-01	-1.906195892562088E-01
2.604904904904876E-01	-1.901979945416044E-01
2.608308308308279E-01	-1.897380207571473E-01
2.611711711711683E-01	-1.893162410391228E-01
2.615115115115086E-01	-1.888559095634483E-01
2.618518518518490E-01	-1.883953487608263E-01
2.621921921921894E-01	-1.879732588527624E-01
2.625325325325297E-01	-1.875123422750054E-01
2.628728728728701E-01	-1.870511971146339E-01
2.632132132132105E-01	-1.866288010277705E-01
2.635535535535508E-01	-1.861673021563297E-01
2.638938938938912E-01	-1.857055755259201E-01
2.642342342342315E-01	-1.852828774757189E-01
2.645745745745719E-01	-1.848207993506583E-01
2.649149149149123E-01	-1.843584943720121E-01
2.652552552552526E-01	-1.839354987837592E-01
2.655955955955930E-01	-1.834728446836899E-01
2.659359359359333E-01	-1.830099647196303E-01
2.662762762762737E-01	-1.825866762341406E-01
2.666166166166141E-01	-1.821234496832382E-01
2.669569569569544E-01	-1.816599983446770E-01
2.672972972972948E-01	-1.811963225370908E-01
2.676376376376352E-01	-1.807726265992647E-01
2.679779779779755E-01	-1.803086077524070E-01
2.683183183183159E-01	-1.798443656337200E-01
2.686586586586562E-01	-1.793799006045400E-01
2.689989989989966E-01	-1.789558061979728E-01
2.693393393393370E-01	-1.784910019898979E-01
2.696796796796773E-01	-1.780259761942380E-01
2.700200200200177E-01	-1.775607292167776E-01
2.703603603603580E-01	-1.771362459043984E-01
2.707007007006984E-01	-1.766706639333047E-01
2.710410410410388E-01	-1.762048622340049E-01
2.713813813813791E-01	-1.757388412585184E-01
2.717217217217195E-01	-1.752726014710732E-01
2.720620620620599E-01	-1.748476277569275E-01
2.724024024024002E-01	-1.743810586235273E-01
2.727427427427406E-01	-1.739142723034096E-01
2.730830830830809E-01	-1.734472693093616E-01
2.734234234234213E-01	-1.729800501669973E-01
2.737637637637617E-01	-1.725126154148889E-01
2.741041041041020E-01	-1.720449656046989E-01
2.744444444444424E-01	-1.716193040910051E-01
2.747847847847827E-01	-1.711513337000833E-01
2.751251251251231E-01	-1.706831501327076E-01
2.754654654654635E-01	-1.702147539925116E-01
2.758058058058038E-01	-1.697461458968639E-01
2.761461461461442E-01	-1.692773264770065E-01
2.764864864864846E-01	-1.688082963781901E-01
2.768268268268249E-01	-1.683390562598151E-01
2.771671671671653E-01	-1.678696067955680E-01
2.775075075075056E-01	-1.673999486735625E-01
2.778478478478460E-01	-1.669300825964817E-01
2.781881881881864E-01	-1.664600092817165E-01
2.785285285285267E-01	-1.659897294615111E-01
2.788688688688671E-01	-1.655192438831039E-01
2.792092092092074E-01	-1.650485533088724E-01
2.795495495495478E-01	-1.645776585164790E-01
2.798898898898882E-01	-1.641065602990137E-01
2.802302302302285E-01	-1.636352594651438E-01
2.805705705705689E-01	-1.631637568392583E-01
2.809109109109093E-01	-1.626920532616178E-01
2.812512512512496E-01	-1.622201495885014E-01
2.815915915915900E-01	-1.617480466923588E-01
2.819319319319303E-01	-1.612757454619561E-01
2.822722722722707E-01	-1.608032468025317E-01
2.826126126126111E-01	-1.603305516359451E-01
2.829529529529514E-01	-1.598576609008295E-01
2.832932932932918E-01	-1.593845755527458E-01
2.836336336336321E-01	-1.588661364360238E-01
2.839739739739725E-01	-1.583925536920388E-01
2.843143143143129E-01	-1.579187792144070E-01
2.846546546546532E-01	-1.574448140304446E-01
2.849949949949936E-01	-1.569706591852045E-01
2.853353353353340E-01	-1.564963157416325E-01
2.856756756756743E-01	-1.560217847807251E-01
2.860160160160147E-01	-1.555010923369696E-01
2.863563563563550E-01	-1.550260778987790E-01
2.866966966966954E-01	-1.545508792241658E-01
2.870370370370358E-01	-1.540754974706623E-01
2.873773773773761E-01	-1.535534755861547E-01
2.877177177177165E-01	-1.530776191206883E-01
2.880580580580568E-01	-1.526015831023826E-01
2.883983983983972E-01	-1.521253687681632E-01
2.887387387387376E-01	-1.516020343624657E-01
2.890790790790779E-01	-1.511253547874636E-01
2.894194194194183E-01	-1.506485006769751E-01
2.897597597597587E-01	-1.501714733502276E-01
2.901001001000990E-01	-1.496468449337529E-01
2.904404404404394E-01	-1.491693625702055E-01
2.907807807807797E-01	-1.486917110345962E-01
2.911211211211201E-01	-1.481660879223757E-01
2.914614614614605E-01	-1.476879894678493E-01
2.918018018018008E-01	-1.471616599151277E-01
2.921421421421412E-01	-1.466831201645060E-01
2.924824824824815E-01	-1.462044184377964E-01
2.928228228228219E-01	-1.456771142991981E-01
2.931631631631623E-01	-1.451979801588286E-01
2.935035035035026E-01	-1.446699835121556E-01
2.938438438438430E-01	-1.441904231149972E-01
2.941841841841834E-01	-1.436617399182731E-01
2.945245245245237E-01	-1.431817596449467E-01
2.948648648648641E-01	-1.426523961162398E-01
2.952052052052044E-01	-1.421720025752720E-01
2.955455455455448E-01	-1.416419651977404E-01
2.958858858858852E-01	-1.411611652297406E-01
2.962262262262255E-01	-1.406304607567124E-01
2.965665665665659E-01	-1.401492614385755E-01
2.969069069069062E-01	-1.396178968986625E-01
2.972472472472466E-01	-1.391363055477967E-01
2.975875875875870E-01	-1.386042882500366E-01
2.979279279279273E-01	-1.380718717374372E-01
2.982682682682677E-01	-1.375896499676379E-01
2.986086086086081E-01	-1.370565921502026E-01
2.989489489489484E-01	-1.365739977480877E-01
2.992892892892888E-01	-1.360403066694292E-01
2.996296296296291E-01	-1.355062262853152E-01
2.999699699699695E-01	-1.349717586770128E-01
3.003103103103099E-01	-1.344883308023657E-01
3.006506506506502E-01	-1.339532468943436E-01
3.009909909909906E-01	-1.334177823338257E-01
3.013313313313309E-01	-1.328819393874021E-01
3.016716716716713E-01	-1.323977133943408E-01
3.020120120120117E-01	-1.318612724430855E-01
3.023523523523520E-01	-1.313244602181044E-01
3.026926926926924E-01	-1.307872791783599E-01
3.030330330330328E-01	-1.302497318338006E-01
3.033733733733731E-01	-1.297645334798203E-01
3.037137137137135E-01	-1.292264129703269E-01
3.040540540540538E-01	-1.286879339770944E-01
3.043943943943942E-01	-1.281490992113971E-01
3.047347347347346E-01	-1.276099114378465E-01
3.050750750750749E-01	-1.270703734748807E-01
3.054154154154153E-01	-1.265304881952544E-01
3.057557557557556E-01	-1.259902585265269E-01
3.060960960960960E-01	-1.254496874515528E-01
3.064364364364364E-01	-1.249087780089705E-01
3.067767767767767E-01	-1.243675332936912E-01
3.071171171171171E-01	-1.238259564573871E-01
3.074574574574575E-01	-1.232840507089803E-01
3.077977977977978E-01	-1.227281527651221E-01
3.081381381381382E-01	-1.221855613450021E-01
3.084784784784785E-01	-1.216151596336050E-01
3.088188188188189E-01	-1.210718585532108E-01
3.091591591591593E-01	-1.205282455872042E-01
3.094994994994996E-01	-1.199565971844577E-01
3.098398398398400E-01	-1.194122961363632E-01
3.101801801801803E-01	-1.188398068840825E-01
3.105205205205207E-01	-1.182948328552387E-01
3.108608608608611E-01	-1.177215184294913E-01
3.112012012012014E-01	-1.171477550445982E-01
3.115415415415418E-01	-1.166017637495228E-01
3.118818818818822E-01	-1.160271999207587E-01
3.122222222222225E-01	-1.154521999807501E-01
3.125625625625629E-01	-1.148767684088302E-01
3.129029029029032E-01	-1.143294546336892E-01
3.132432432432436E-01	-1.137532578722003E-01
3.135835835835840E-01	-1.131766433257440E-01
3.139239239239243E-01	-1.125996158202120E-01
3.142642642642647E-01	-1.120221802714705E-01
3.146046046046050E-01	-1.114153766177117E-01
3.149449449449454E-01	-1.108370564531514E-01
3.152852852852858E-01	-1.102583436887350E-01
3.156256256256261E-01	-1.096792436140387E-01
3.159659659659665E-01	-1.090704526223851E-01
3.163063063063069E-01	-1.084905111584080E-01
3.166466466466472E-01	-1.079101989933534E-01
3.169869869869876E-01	-1.072999540106759E-01
3.173273273273279E-01	-1.067188350959480E-01
3.176676676676683E-01	-1.061076201492411E-01
3.180080080080087E-01	-1.054958835271803E-01
3.183483483483490E-01	-1.049135593426791E-01
3.186886886886894E-01	-1.043008915606478E-01
3.190290290290297E-01	-1.036877223627312E-01
3.193693693693701E-01	-1.030740588316895E-01
3.197097097097105E-01	-1.024599081844135E-01
3.200500500500508E-01	-1.018452777729099E-01
3.203903903903912E-01	-1.012301750852717E-01
3.207307307307316E-01	-1.006146077466360E-01
3.210710710710719E-01	-9.996792699831270E-02
3.214114114114123E-01	-9.935136383439495E-02
3.217517517517526E-01	-9.873436002177778E-02
3.220920920920930E-01	-9.808598792770196E-02
3.224324324324334E-01	-9.743700329888515E-02
3.227727727727737E-01	-9.681854984602138E-02
3.231131131131141E-01	-9.616846742040105E-02
3.234534534534544E-01	-9.551780104856727E-02
3.237937937937948E-01	-9.486656074416167E-02
3.241341341341352E-01	-9.424627328786821E-02
3.244744744744755E-01	-9.356239934964687E-02
3.248148148148159E-01	-9.290949924789416E-02
3.251551551551563E-01	-9.225606719263116E-02
3.254954954954966E-01	-9.160211416561603E-02
3.258358358358370E-01	-9.091564253170488E-02
3.261761761761773E-01	-9.026058622926914E-02
3.265165165165177E-01	-8.957283480523534E-02
3.268568568568581E-01	-8.891672344683214E-02
3.271971971971984E-01	-8.822774328332636E-02
3.275375375375388E-01	-8.753811682764720E-02
3.278778778778791E-01	-8.684785810491273E-02
3.282182182182195E-01	-8.615698140441487E-02
3.285585585585599E-01	-8.546550128090517E-02
3.288988988989002E-01	-8.474050475788801E-02
3.292392392392406E-01	-8.404776214748291E-02
3.295795795795810E-01	-8.332132397483116E-02
3.299199199199213E-01	-8.262738291613751E-02
3.302602602602617E-01	-8.189957098377407E-02
3.306006006006020E-01	-8.117104455006724E-02
3.309409409409424E-01	-8.044182229090419E-02
3.312812812812828E-01	-7.971192323275622E-02
3.316216216216231E-01	-7.898136675384791E-02
3.319619619619635E-01	-7.821628604221524E-02
3.323023023023038E-01	-7.745037032471623E-02
3.326426426426442E-01	-7.671775568568689E-02
3.329829829829846E-01	-7.595035156939441E-02
3.333233233233249E-01	-7.518218218796854E-02
3.336636636636653E-01	-7.441327199033439E-02
3.340040040040057E-01	-7.360909169253244E-02
3.343443443443460E-01	-7.283866728587708E-02
3.346846846846864E-01	-7.203280093988086E-02
3.350250250250267E-01	-7.122607654938935E-02
3.353653653653671E-01	-7.041852439294202E-02
3.357057057057075E-01	-6.957504571256898E-02
3.360460460460478E-01	-6.876581978836536E-02
3.363863863863882E-01	-6.792050121920171E-02
3.367267267267285E-01	-6.707425637095168E-02
3.370670670670689E-01	-6.622712270845406E-02
3.374074074074093E-01	-6.537913840053208E-02
3.377477477477496E-01	-6.449450956437075E-02
3.380880880880900E-01	-6.360887576539506E-02
3.384284284284304E-01	-6.272228238961135E-02
3.387687687687707E-01	-6.183477567983851E-02
3.391091091091111E-01	-6.091008792214907E-02
3.394494494494514E-01	-5.998434585515286E-02
3.397897897897918E-01	-5.905760432727857E-02
3.401301301301322E-01	-5.809323462362193E-02
3.404704704704725E-01	-5.712773768528281E-02
3.408108108108129E-01	-5.616117841052634E-02
3.411511511511532E-01	-5.515656336059696E-02
3.414914914914936E-01	-5.415077685610171E-02
3.418318318318340E-01	-5.310657948335028E-02
3.421721721721743E-01	-5.206111756555967E-02
3.425125125125147E-01	-5.101447954945867E-02
3.428528528528551E-01	-4.992905731533062E-02
3.431931931931954E-01	-4.880456447315397E-02
3.435335335335358E-01	-4.767868444993833E-02
3.438738738738761E-01	-4.651343836026268E-02
3.442142142142165E-01	-4.534678976007940E-02
3.445545545545569E-01	-4.414051497988307E-02
3.448948948948972E-01	-4.289436765559525E-02
3.452352352352376E-01	-4.160811207217938E-02
3.455755755755779E-01	-4.028152656683542E-02
3.459159159159183E-01	-3.895331199039063E-02
3.462562562562587E-01	-3.754561427351085E-02
3.465965965965990E-01	-3.608724798735699E-02
3.469369369369394E-01	-3.457798259804492E-02
3.472772772772798E-01	-3.300776103319422E-02
3.476176176176201E-01	-3.135653477309581E-02
3.479579579579605E-01	-2.962390231486031E-02
3.482982982983008E-01	-2.776966087045728E-02
3.486386386386412E-01	-2.581317560522705E-02
3.489789789789816E-01	-2.369391325381982E-02
3.493193193193219E-01	-2.135069489200195E-02
3.496596596596623E-01	-1.874203650765441E-02
3.500000000000026E-01	-1.570465926190507E-02
3.503403403403430E-01	-1.195191349439198E-02
