# density, grand canonical potential per unit volume
1.034034034034034E-02	-2.768351591671239E+02
1.068068068068068E-02	-2.768334897078042E+02
1.102102102102102E-02	-2.768317496728674E+02
1.136136136136136E-02	-2.768299391938708E+02
1.170170170170170E-02	-2.768280584139214E+02
1.204204204204204E-02	-2.768261074868670E+02
1.238238238238239E-02	-2.768240865765568E+02
1.272272272272273E-02	-2.768219958561604E+02
1.306306306306307E-02	-2.768198355075709E+02
1.340340340340341E-02	-2.768176057208404E+02
1.374374374374375E-02	-2.768153066936786E+02
1.408408408408409E-02	-2.768129386309839E+02
1.442442442442443E-02	-2.768105017444146E+02
1.476476476476477E-02	-2.768079962520026E+02
1.510510510510511E-02	-2.768108961967388E+02
1.544544544544545E-02	-2.768083769323346E+02
1.578578578578579E-02	-2.768057897129141E+02
1.612612612612613E-02	-2.768031347786629E+02
1.646646646646647E-02	-2.768004123745732E+02
1.680680680680681E-02	-2.767976227502051E+02
1.714714714714715E-02	-2.767947661594457E+02
1.748748748748749E-02	-2.767918428603029E+02
1.782782782782784E-02	-2.767888531147020E+02
1.816816816816818E-02	-2.767857971883020E+02
1.850850850850852E-02	-2.767826753503147E+02
1.884884884884886E-02	-2.767794878733478E+02
1.918918918918920E-02	-2.767831731824850E+02
1.952952952952954E-02	-2.767799775551024E+02
1.986986986986988E-02	-2.767767170874467E+02
2.021021021021022E-02	-2.767733920642214E+02
2.055055055055056E-02	-2.767700027728353E+02
2.089089089089090E-02	-2.767665495032965E+02
2.123123123123124E-02	-2.767630325480911E+02
2.157157157157158E-02	-2.767594522020922E+02
2.191191191191192E-02	-2.767558087624617E+02
2.225225225225226E-02	-2.767521025285558E+02
2.259259259259261E-02	-2.767483338018457E+02
2.293293293293295E-02	-2.767527778110667E+02
2.327327327327329E-02	-2.767490068795147E+02
2.361361361361363E-02	-2.767451743331000E+02
2.395395395395397E-02	-2.767412804809121E+02
2.429429429429431E-02	-2.767373256337804E+02
2.463463463463465E-02	-2.767333101042119E+02
2.497497497497499E-02	-2.767292342063300E+02
2.531531531531533E-02	-2.767250982558177E+02
2.565565565565567E-02	-2.767209025698622E+02
2.599599599599601E-02	-2.767166474671064E+02
2.633633633633635E-02	-2.767123332675914E+02
2.667667667667669E-02	-2.767175671678121E+02
2.701701701701703E-02	-2.767132571748748E+02
2.735735735735738E-02	-2.767088890143027E+02
2.769769769769772E-02	-2.767044630112315E+02
2.803803803803806E-02	-2.766999794919765E+02
2.837837837837840E-02	-2.766954387840007E+02
2.871871871871874E-02	-2.766908412158755E+02
2.905905905905908E-02	-2.766861871172499E+02
2.939939939939942E-02	-2.766814768188085E+02
2.973973973973976E-02	-2.766767106522504E+02
3.008008008008010E-02	-2.766827018493487E+02
3.042042042042044E-02	-2.766779459784040E+02
3.076076076076078E-02	-2.766731352004813E+02
3.110110110110112E-02	-2.766682698509323E+02
3.144144144144146E-02	-2.766633502659795E+02
3.178178178178180E-02	-2.766583767826777E+02
3.212212212212214E-02	-2.766533497389012E+02
3.246246246246248E-02	-2.766482694733187E+02
3.280280280280282E-02	-2.766431363253687E+02
3.314314314314316E-02	-2.766498447695732E+02
3.348348348348350E-02	-2.766447275420210E+02
3.382382382382385E-02	-2.766395584143349E+02
3.416416416416419E-02	-2.766343377287310E+02
3.450450450450453E-02	-2.766290658280906E+02
3.484484484484487E-02	-2.766237430559478E+02
3.518518518518521E-02	-2.766183697564691E+02
3.552552552552555E-02	-2.766129462744379E+02
3.586586586586589E-02	-2.766074729552400E+02
3.620620620620623E-02	-2.766149221022750E+02
3.654654654654657E-02	-2.766094704348612E+02
3.688688688688691E-02	-2.766039699285221E+02
3.722722722722725E-02	-2.765984209307881E+02
3.756756756756759E-02	-2.765928237897165E+02
3.790790790790793E-02	-2.765871788538761E+02
3.824824824824827E-02	-2.765814864723454E+02
3.858858858858862E-02	-2.765757469946800E+02
3.892892892892896E-02	-2.765838871280214E+02
3.926926926926930E-02	-2.765781744543301E+02
3.960960960960964E-02	-2.765724156938000E+02
3.994994994994998E-02	-2.765666111977221E+02
4.029029029029032E-02	-2.765607613178199E+02
4.063063063063066E-02	-2.765548664062388E+02
4.097097097097100E-02	-2.765489268155366E+02
4.131131131131134E-02	-2.765429428986777E+02
4.165165165165168E-02	-2.765369150090200E+02
4.199199199199202E-02	-2.765458410444202E+02
4.233233233233236E-02	-2.765398458245435E+02
4.267267267267270E-02	-2.765338076509813E+02
4.301301301301304E-02	-2.765277268784645E+02
4.335335335335339E-02	-2.765216038620737E+02
4.369369369369373E-02	-2.765154389572405E+02
4.403403403403407E-02	-2.765092325197293E+02
4.437437437437441E-02	-2.765029849056359E+02
4.471471471471475E-02	-2.765126423862429E+02
4.505505505505509E-02	-2.765064326853586E+02
4.539539539539543E-02	-2.765001828338872E+02
4.573573573573577E-02	-2.764938931890557E+02
4.607607607607611E-02	-2.764875641083879E+02
4.641641641641645E-02	-2.764811959497002E+02
4.675675675675679E-02	-2.764747890710987E+02
4.709709709709713E-02	-2.764683438309664E+02
4.743743743743747E-02	-2.764787519450796E+02
4.777777777777781E-02	-2.764723498902061E+02
4.811811811811816E-02	-2.764659105053485E+02
4.845845845845850E-02	-2.764594341498329E+02
4.879879879879884E-02	-2.764529211832368E+02
4.913913913913918E-02	-2.764463719653935E+02
4.947947947947952E-02	-2.764397868563808E+02
4.981981981981986E-02	-2.764508815207843E+02
5.016016016016020E-02	-2.764443442159815E+02
5.050050050050054E-02	-2.764377720554957E+02
5.084084084084088E-02	-2.764311654002092E+02
5.118118118118122E-02	-2.764245246112329E+02
5.152152152152156E-02	-2.764178500498994E+02
5.186186186186190E-02	-2.764111420777576E+02
5.220220220220224E-02	-2.764044010565765E+02
5.254254254254258E-02	-2.764162824311898E+02
5.288288288288293E-02	-2.764095945230703E+02
5.322322322322327E-02	-2.764028746051565E+02
5.356356356356361E-02	-2.763961230399007E+02
5.390390390390395E-02	-2.763893401899506E+02
5.424424424424429E-02	-2.763825264181548E+02
5.458458458458463E-02	-2.763756820875535E+02
5.492492492492497E-02	-2.763882815257825E+02
5.526526526526531E-02	-2.763814949515034E+02
5.560560560560565E-02	-2.763746788603357E+02
5.594594594594599E-02	-2.763678336159202E+02
5.628628628628633E-02	-2.763609595820742E+02
5.662662662662667E-02	-2.763540571227974E+02
5.696696696696701E-02	-2.763471266022634E+02
5.730730730730735E-02	-2.763604587928119E+02
5.764764764764770E-02	-2.763535906790552E+02
5.798798798798804E-02	-2.763466955482008E+02
5.832832832832838E-02	-2.763397737649523E+02
5.866866866866872E-02	-2.763328256941806E+02
5.900900900900906E-02	-2.763258517009203E+02
5.934934934934940E-02	-2.763188521503706E+02
5.968968968968974E-02	-2.763329317734804E+02
6.003003003003008E-02	-2.763259992853771E+02
6.037037037037042E-02	-2.763190422860312E+02
6.071071071071076E-02	-2.763120611411130E+02
6.105105105105110E-02	-2.763050562164515E+02
6.139139139139144E-02	-2.762980278780243E+02
6.173173173173178E-02	-2.762909764919648E+02
6.207207207207213E-02	-2.763058182120290E+02
6.241241241241247E-02	-2.762988385476668E+02
6.275275275275280E-02	-2.762918368833222E+02
6.309309309309313E-02	-2.762848135855581E+02
6.343343343343347E-02	-2.762777690210835E+02
6.377377377377380E-02	-2.762707035567539E+02
6.411411411411413E-02	-2.762636175595651E+02
6.445445445445447E-02	-2.762792360188261E+02
6.479479479479480E-02	-2.762722264048088E+02
6.513513513513514E-02	-2.762651973069580E+02
6.547547547547547E-02	-2.762581490926659E+02
6.581581581581580E-02	-2.762510821294684E+02
6.615615615615614E-02	-2.762439967850368E+02
6.649649649649647E-02	-2.762368934271852E+02
6.683683683683680E-02	-2.762533032403719E+02
6.717717717717714E-02	-2.762462809282805E+02
6.751751751751747E-02	-2.762392416529847E+02
6.785785785785781E-02	-2.762321857826634E+02
6.819819819819814E-02	-2.762251136856362E+02
6.853853853853847E-02	-2.762180257303543E+02
6.887887887887881E-02	-2.762109222854069E+02
6.921921921921914E-02	-2.762281380351363E+02
6.955955955955948E-02	-2.762211202987480E+02
6.989989989989981E-02	-2.762140881239584E+02
7.024024024024014E-02	-2.762070418797064E+02
7.058058058058048E-02	-2.761999819350653E+02
7.092092092092081E-02	-2.761929086592368E+02
7.126126126126114E-02	-2.762108422420735E+02
7.160160160160148E-02	-2.762038586544145E+02
7.194194194194181E-02	-2.761968627875748E+02
7.228228228228215E-02	-2.761898550110966E+02
7.262262262262248E-02	-2.761828356946568E+02
7.296296296296281E-02	-2.761758052080654E+02
7.330330330330315E-02	-2.761687639212605E+02
7.364364364364348E-02	-2.761875303650762E+02
7.398398398398381E-02	-2.761805834274762E+02
7.432432432432415E-02	-2.761736267425437E+02
7.466466466466448E-02	-2.761666606805514E+02
7.500500500500482E-02	-2.761596856119028E+02
7.534534534534515E-02	-2.761527019071380E+02
7.568568568568548E-02	-2.761722090907829E+02
7.602602602602582E-02	-2.761653237119232E+02
7.636636636636615E-02	-2.761584307504528E+02
7.670670670670648E-02	-2.761515305772373E+02
7.704704704704682E-02	-2.761446235632761E+02
7.738738738738715E-02	-2.761377100797025E+02
7.772772772772749E-02	-2.761307904977830E+02
7.806806806806782E-02	-2.761511573192856E+02
7.840840840840815E-02	-2.761443407209058E+02
7.874874874874849E-02	-2.761375190784831E+02
7.908908908908882E-02	-2.761306927636145E+02
7.942942942942915E-02	-2.761238621480333E+02
7.976976976976949E-02	-2.761170276036069E+02
8.011011011010982E-02	-2.761381579349907E+02
8.045045045045016E-02	-2.761314303467870E+02
8.079079079079049E-02	-2.761246998846315E+02
8.113113113113082E-02	-2.761179669207272E+02
8.147147147147116E-02	-2.761112318274129E+02
8.181181181181149E-02	-2.761044949771685E+02
8.215215215215182E-02	-2.761263992494769E+02
8.249249249249216E-02	-2.761197733259005E+02
8.283283283283249E-02	-2.761131467008780E+02
8.317317317317283E-02	-2.761065197472286E+02
8.351351351351316E-02	-2.760998928379126E+02
8.385385385385349E-02	-2.760932663460318E+02
8.419419419419383E-02	-2.760866406448330E+02
8.453453453453416E-02	-2.761094433599845E+02
8.487487487487450E-02	-2.761029332364251E+02
8.521521521521483E-02	-2.760964249598418E+02
8.555555555555516E-02	-2.760899189038303E+02
8.589589589589550E-02	-2.760834154421349E+02
8.623623623623583E-02	-2.760769149486441E+02
8.657657657657616E-02	-2.761005141545492E+02
8.691691691691650E-02	-2.760941332044539E+02
8.725725725725683E-02	-2.760877562794925E+02
8.759759759759717E-02	-2.760813837539166E+02
8.793793793793750E-02	-2.760750160021304E+02
8.827827827827783E-02	-2.760686533986884E+02
8.861861861861817E-02	-2.760930594194498E+02
8.895895895895850E-02	-2.760868203228150E+02
8.929929929929883E-02	-2.760805874321204E+02
8.963963963963917E-02	-2.760743611222974E+02
8.997997997997950E-02	-2.760681417684323E+02
9.032032032031984E-02	-2.760619297457678E+02
9.066066066066017E-02	-2.760871528701476E+02
9.100100100100050E-02	-2.760810683153986E+02
9.134134134134084E-02	-2.760749921501575E+02
9.168168168168117E-02	-2.760689247500603E+02
9.202202202202150E-02	-2.760628664909007E+02
9.236236236236184E-02	-2.760568177486397E+02
9.270270270270217E-02	-2.760828682295859E+02
9.304304304304251E-02	-2.760769509141148E+02
9.338338338338284E-02	-2.760710441746085E+02
9.372372372372317E-02	-2.760651483874341E+02
9.406406406406351E-02	-2.760592639291261E+02
9.440440440440384E-02	-2.760533911763885E+02
9.474474474474417E-02	-2.760802792306544E+02
9.508508508508451E-02	-2.760745418614480E+02
9.542542542542484E-02	-2.760688172576951E+02
9.576576576576518E-02	-2.760631057965282E+02
9.610610610610551E-02	-2.760574078552509E+02
9.644644644644584E-02	-2.760517238113426E+02
9.678678678678618E-02	-2.760460540424587E+02
9.712712712712651E-02	-2.760739149135277E+02
9.746746746746685E-02	-2.760683851660206E+02
9.780780780780718E-02	-2.760628707545760E+02
9.814814814814751E-02	-2.760573720573026E+02
9.848848848848785E-02	-2.760518894524913E+02
9.882882882882818E-02	-2.760464233186116E+02
9.916916916916851E-02	-2.760751438437046E+02
9.950950950950885E-02	-2.760698216842143E+02
9.984984984984918E-02	-2.760645170576660E+02
1.001901901901895E-01	-2.760592303430047E+02
1.005305305305298E-01	-2.760539619193672E+02
1.008708708708702E-01	-2.760487121660800E+02
1.012112112112105E-01	-2.760783024465627E+02
1.015515515515509E-01	-2.760732006190356E+02
1.018918918918912E-01	-2.760681185249125E+02
1.022322322322315E-01	-2.760630565440173E+02
1.025725725725719E-01	-2.760580150563723E+02
1.029129129129122E-01	-2.760529944421946E+02
1.032532532532525E-01	-2.760834645423747E+02
1.035935935935929E-01	-2.760785958038859E+02
1.039339339339332E-01	-2.760737490030479E+02
1.042742742742735E-01	-2.760689245206030E+02
1.046146146146139E-01	-2.760641227374995E+02
1.049549549549542E-01	-2.760593440348880E+02
1.052952952952945E-01	-2.760907039819513E+02
1.056356356356349E-01	-2.760860811037302E+02
1.059759759759752E-01	-2.760814823714041E+02
1.063163163163155E-01	-2.760769081666739E+02
1.066566566566559E-01	-2.760723588714539E+02
1.069969969969962E-01	-2.760678348678732E+02
1.073373373373365E-01	-2.761000946518640E+02
1.076776776776769E-01	-2.760957304203907E+02
1.080180180180172E-01	-2.760913925472697E+02
1.083583583583575E-01	-2.760870814152078E+02
1.086986986986979E-01	-2.760827974071307E+02
1.090390390390382E-01	-2.760785409061879E+02
1.093793793793785E-01	-2.761117104800331E+02
1.097197197197189E-01	-2.761076176981818E+02
1.100600600600592E-01	-2.761035534915902E+02
1.104004004003995E-01	-2.760995182440133E+02
1.107407407407399E-01	-2.760955123394344E+02
1.110810810810802E-01	-2.760915361620706E+02
1.114214214214205E-01	-2.761256254416472E+02
1.117617617617609E-01	-2.761218169298999E+02
1.121021021021012E-01	-2.761180392150077E+02
1.124424424424415E-01	-2.761142926818204E+02
1.127827827827819E-01	-2.761105777154297E+02
1.131231231231222E-01	-2.761068947011676E+02
1.134634634634625E-01	-2.761419135654068E+02
1.138038038038029E-01	-2.761384021631122E+02
1.141441441441432E-01	-2.761349237842073E+02
1.144844844844835E-01	-2.761314788146896E+02
1.148248248248239E-01	-2.761280676408028E+02
1.151651651651642E-01	-2.761246906490468E+02
1.155055055055045E-01	-2.761606489400657E+02
1.158458458458449E-01	-2.761574475067583E+02
1.161861861861852E-01	-2.761542813285751E+02
1.165265265265255E-01	-2.761511507927089E+02
1.168668668668659E-01	-2.761480562866133E+02
1.172072072072062E-01	-2.761449981980003E+02
1.175475475475465E-01	-2.761819057212767E+02
1.178878878878869E-01	-2.761790271380404E+02
1.182282282282272E-01	-2.761761860471316E+02
1.185685685685675E-01	-2.761733828369923E+02
1.189089089089079E-01	-2.761706178963333E+02
1.192492492492482E-01	-2.761678916141382E+02
1.195895895895885E-01	-2.761652043796607E+02
1.199299299299289E-01	-2.762032153095876E+02
1.202702702702692E-01	-2.762007122157484E+02
1.206106106106095E-01	-2.761982492469312E+02
1.209509509509499E-01	-2.761958267931593E+02
1.212912912912902E-01	-2.761934452447392E+02
1.216316316316305E-01	-2.761911049922587E+02
1.219719719719709E-01	-2.762300863568846E+02
1.223123123123112E-01	-2.762279341946240E+02
1.226526526526515E-01	-2.762258244077237E+02
1.229929929929919E-01	-2.762237573875763E+02
1.233333333333322E-01	-2.762217335258661E+02
1.236736736736725E-01	-2.762197532145731E+02
1.240140140140129E-01	-2.762597147059595E+02
1.243543543543532E-01	-2.762579264360133E+02
1.246946946946935E-01	-2.762561827981468E+02
1.250350350350339E-01	-2.762544841851798E+02
1.253753753753742E-01	-2.762528309902331E+02
1.257157157157145E-01	-2.762512236067329E+02
1.260560560560549E-01	-2.762921748813094E+02
1.263963963963952E-01	-2.762907634921972E+02
1.267367367367356E-01	-2.762893989985702E+02
1.270770770770759E-01	-2.762880817947320E+02
1.274174174174162E-01	-2.762868122752986E+02
1.277577577577566E-01	-2.762855908352025E+02
1.280980980980969E-01	-2.762844178696930E+02
1.284384384384372E-01	-2.763265200236938E+02
1.287787787787776E-01	-2.763255476992063E+02
1.291191191191179E-01	-2.763246249364512E+02
1.294594594594582E-01	-2.763237521316009E+02
1.297997997997986E-01	-2.763229296811527E+02
1.301401401401389E-01	-2.763221579819358E+02
1.304804804804792E-01	-2.763652708076858E+02
1.308208208208196E-01	-2.763647037085804E+02
1.311611611611599E-01	-2.763641884505250E+02
1.315015015015002E-01	-2.763637254313088E+02
1.318418418418406E-01	-2.763633150490575E+02
1.321821821821809E-01	-2.763629577022390E+02
1.325225225225212E-01	-2.763626537896654E+02
1.328628628628616E-01	-2.764069419622199E+02
1.332032032032019E-01	-2.764068473058361E+02
1.335435435435422E-01	-2.764068071769881E+02
1.338838838838826E-01	-2.764068219754926E+02
1.342242242242229E-01	-2.764068921015207E+02
1.345645645645632E-01	-2.764070179555986E+02
1.349049049049036E-01	-2.764523375315498E+02
1.352452452452439E-01	-2.764526766088960E+02
1.355855855855842E-01	-2.764530725105710E+02
1.359259259259246E-01	-2.764535256381468E+02
1.362662662662649E-01	-2.764540363935621E+02
1.366066066066052E-01	-2.764546051791213E+02
1.369469469469456E-01	-2.764552323975010E+02
1.372872872872859E-01	-2.765017516129805E+02
1.376276276276262E-01	-2.765025967225285E+02
1.379679679679666E-01	-2.765035013650289E+02
1.383083083083069E-01	-2.765044659442522E+02
1.386486486486472E-01	-2.765054908643490E+02
1.389889889889876E-01	-2.765065765298532E+02
1.393293293293279E-01	-2.765541477274558E+02
1.396696696696682E-01	-2.765554552612323E+02
1.400100100100086E-01	-2.765568246438646E+02
1.403503503503489E-01	-2.765582562810217E+02
1.406906906906892E-01	-2.765597505787663E+02
1.410310310310296E-01	-2.765613079435564E+02
1.413713713713699E-01	-2.765629287822477E+02
1.417117117117102E-01	-2.766117237425041E+02
1.420520520520506E-01	-2.766135711316790E+02
1.423923923923909E-01	-2.766154831024548E+02
1.427327327327312E-01	-2.766174600628750E+02
1.430730730730716E-01	-2.766195024213902E+02
1.434134134134119E-01	-2.766216105868619E+02
1.437537537537522E-01	-2.766237849685660E+02
1.440940940940926E-01	-2.766738166645566E+02
1.444344344344329E-01	-2.766762222880870E+02
1.447747747747732E-01	-2.766786952400225E+02
1.451151151151136E-01	-2.766812359308789E+02
1.454554554554539E-01	-2.766838447715918E+02
1.457957957957942E-01	-2.766865221735260E+02
1.461361361361346E-01	-2.766892685484748E+02
1.464764764764749E-01	-2.767405499083607E+02
1.468168168168152E-01	-2.767435322263937E+02
1.471571571571556E-01	-2.767465846343162E+02
1.474974974974959E-01	-2.767497075452124E+02
1.478378378378362E-01	-2.767529013726072E+02
1.481781781781766E-01	-2.767561665304661E+02
1.485185185185169E-01	-2.767595034332013E+02
1.488588588588572E-01	-2.768120473411658E+02
1.491991991991976E-01	-2.768156248989549E+02
1.495395395395379E-01	-2.768192753234271E+02
1.498798798798782E-01	-2.768229990303396E+02
1.502202202202186E-01	-2.768267964359047E+02
1.505605605605589E-01	-2.768306679567925E+02
1.509009009008992E-01	-2.768346140101360E+02
1.512412412412396E-01	-2.768884333073446E+02
1.515815815815799E-01	-2.768926247392342E+02
1.519219219219202E-01	-2.768968918305540E+02
1.522622622622606E-01	-2.769012349998359E+02
1.526026026026009E-01	-2.769056546660840E+02
1.529429429429413E-01	-2.769227185062356E+02
1.532832832832816E-01	-2.769273160332763E+02
1.536236236236219E-01	-2.769319912847858E+02
1.539639639639623E-01	-2.769620196759980E+02
1.543043043043026E-01	-2.769668986640314E+02
1.546446446446429E-01	-2.769718565749610E+02
1.549849849849833E-01	-2.769768938308092E+02
1.553253253253236E-01	-2.770074722776625E+02
1.556656656656639E-01	-2.770127162580807E+02
1.560060060060043E-01	-2.770180407860841E+02
1.563463463463446E-01	-2.770234462854351E+02
1.566866866866849E-01	-2.770545800187043E+02
1.570270270270253E-01	-2.770601952391676E+02
1.573673673673656E-01	-2.770658926379800E+02
1.577077077077059E-01	-2.770974575577300E+02
1.580480480480463E-01	-2.771033668983098E+02
1.583883883883866E-01	-2.771093596273773E+02
1.587287287287269E-01	-2.771154361717643E+02
1.590690690690673E-01	-2.771475654885745E+02
1.594094094094076E-01	-2.771538569862240E+02
1.597497497497479E-01	-2.771602335138330E+02
1.600900900900883E-01	-2.771666955000721E+02
1.604304304304286E-01	-2.771732433741425E+02
1.607707707707689E-01	-2.772060744245009E+02
1.611111111111093E-01	-2.772128410624534E+02
1.614514514514496E-01	-2.772196948088214E+02
1.617917917917899E-01	-2.772266360946924E+02
1.621321321321303E-01	-2.772600434292637E+02
1.624724724724706E-01	-2.772672065117166E+02
1.628128128128109E-01	-2.772744583589789E+02
1.631531531531513E-01	-2.772817994040641E+02
1.634934934934916E-01	-2.773157882924857E+02
1.638338338338319E-01	-2.773233541764404E+02
1.641741741741723E-01	-2.773310104883464E+02
1.645145145145126E-01	-2.773387576631771E+02
1.648548548548529E-01	-2.773733333837727E+02
1.651951951951933E-01	-2.773813084495745E+02
1.655355355355336E-01	-2.773893756133520E+02
1.658758758758739E-01	-2.773975353120778E+02
1.662162162162143E-01	-2.774057879832992E+02
1.665565565565546E-01	-2.774410938040010E+02
1.668968968968949E-01	-2.774495782308576E+02
1.672372372372353E-01	-2.774581568717457E+02
1.675775775775756E-01	-2.774668301662604E+02
1.679179179179159E-01	-2.775027347943491E+02
1.682582582582563E-01	-2.775116429199744E+02
1.685985985985966E-01	-2.775206469459139E+02
1.689389389389369E-01	-2.775297473138489E+02
1.692792792792773E-01	-2.775389444660595E+02
1.696196196196176E-01	-2.775755943438898E+02
1.699599599599579E-01	-2.775850302228985E+02
1.703003003002983E-01	-2.775945641396490E+02
1.706406406406386E-01	-2.776041965385577E+02
1.709809809809789E-01	-2.776414572517021E+02
1.713213213213193E-01	-2.776513314774361E+02
1.716616616616596E-01	-2.776613054441772E+02
1.720020020019999E-01	-2.776713795985166E+02
1.723423423423403E-01	-2.776815543876659E+02
1.726826826826806E-01	-2.777195755725332E+02
1.730230230230209E-01	-2.777299961167320E+02
1.733633633633613E-01	-2.777405185616681E+02
1.737037037037016E-01	-2.777511433567797E+02
1.740440440440419E-01	-2.777618709521408E+02
1.743843843843823E-01	-2.778006611372507E+02
1.747247247247226E-01	-2.778116384349009E+02
1.750650650650629E-01	-2.778227198059733E+02
1.754054054054033E-01	-2.778339057028168E+02
1.757457457457436E-01	-2.778451965784311E+02
1.760860860860839E-01	-2.778565928864675E+02
1.764264264264243E-01	-2.778963088627698E+02
1.767667667667646E-01	-2.779079596667714E+02
1.771071071071049E-01	-2.779197171854565E+02
1.774474474474453E-01	-2.779315818748136E+02
1.777877877877856E-01	-2.779435541914987E+02
1.781281281281260E-01	-2.779840580952217E+02
1.784684684684663E-01	-2.779962888991787E+02
1.788088088088066E-01	-2.780086286203469E+02
1.791491491491470E-01	-2.780210777177701E+02
1.794894894894873E-01	-2.780336366511727E+02
1.798298298298276E-01	-2.780463058809632E+02
1.801701701701680E-01	-2.780877585301411E+02
1.805105105105083E-01	-2.781006910963561E+02
1.808508508508486E-01	-2.781137352583906E+02
1.811911911911890E-01	-2.781268914791036E+02
1.815315315315293E-01	-2.781401602220522E+02
1.818718718718696E-01	-2.781535419514940E+02
1.822122122122100E-01	-2.781959559819927E+02
1.825525525525503E-01	-2.782096059288036E+02
1.828928928928906E-01	-2.782233701713421E+02
1.832332332332310E-01	-2.782372491763795E+02
1.835735735735713E-01	-2.782512434114021E+02
1.839139139139116E-01	-2.782653533446148E+02
1.842542542542520E-01	-2.783087414486220E+02
1.845945945945923E-01	-2.783231245128251E+02
1.849349349349326E-01	-2.783376245945104E+02
1.852752752752730E-01	-2.783522421644593E+02
1.856156156156133E-01	-2.783669776941850E+02
1.859559559559536E-01	-2.783818316559364E+02
1.862962962962940E-01	-2.783968045227023E+02
1.866366366366343E-01	-2.784413386237711E+02
1.869769769769746E-01	-2.784565904253315E+02
1.873173173173150E-01	-2.784719624634130E+02
1.876576576576553E-01	-2.784874552136540E+02
1.879979979979956E-01	-2.785030691524459E+02
1.883383383383360E-01	-2.785188047569370E+02
1.886786786786763E-01	-2.785346625050346E+02
1.890190190190166E-01	-2.785506428754094E+02
1.893593593593570E-01	-2.785965027758277E+02
1.896996996996973E-01	-2.786127687986706E+02
1.900400400400376E-01	-2.786291587898306E+02
1.903803803803780E-01	-2.786456732307133E+02
1.907207207207183E-01	-2.786623126035026E+02
1.910610610610586E-01	-2.786790773911615E+02
1.914014014013990E-01	-2.786959680774364E+02
1.917417417417393E-01	-2.787129851468609E+02
1.920820820820796E-01	-2.787301290847573E+02
1.924224224224200E-01	-2.787775037362394E+02
1.927627627627603E-01	-2.787949409868503E+02
1.931031031031006E-01	-2.788125064690120E+02
1.934434434434410E-01	-2.788302006708797E+02
1.937837837837813E-01	-2.788480240814137E+02
1.941241241241216E-01	-2.788659771903804E+02
1.944644644644620E-01	-2.788840604883572E+02
1.948048048048023E-01	-2.789022744667347E+02
1.951451451451426E-01	-2.789206196177187E+02
1.954854854854830E-01	-2.789390964343361E+02
1.958258258258233E-01	-2.789881852636668E+02
1.961661661661636E-01	-2.790069640301120E+02
1.965065065065040E-01	-2.790258758450245E+02
1.968468468468443E-01	-2.790449212043720E+02
1.971871871871846E-01	-2.790641006049572E+02
1.975275275275250E-01	-2.790834145444190E+02
1.978678678678653E-01	-2.791028635212368E+02
1.982082082082056E-01	-2.791224480347334E+02
1.985485485485460E-01	-2.791421685850779E+02
1.988888888888863E-01	-2.791620256732890E+02
1.992292292292266E-01	-2.791820198012384E+02
1.995695695695670E-01	-2.792021514716533E+02
1.999099099099073E-01	-2.792224211881198E+02
2.002502502502476E-01	-2.792428294550860E+02
2.005905905905880E-01	-2.792943671404617E+02
2.009309309309283E-01	-2.793150897242312E+02
2.012712712712686E-01	-2.793359522706787E+02
2.016116116116090E-01	-2.793569552873476E+02
2.019519519519493E-01	-2.793780992826566E+02
2.022922922922896E-01	-2.793993847659052E+02
2.026326326326300E-01	-2.794208122472742E+02
2.029729729729703E-01	-2.794423822378303E+02
2.033133133133107E-01	-2.794640952495296E+02
2.036536536536510E-01	-2.794859517952192E+02
2.039939939939913E-01	-2.795079523886416E+02
2.043343343343317E-01	-2.795300975444367E+02
2.046746746746720E-01	-2.795523877781463E+02
2.050150150150123E-01	-2.795748236062157E+02
2.053553553553527E-01	-2.795974055459974E+02
2.056956956956930E-01	-2.796201341157549E+02
2.060360360360333E-01	-2.796430098346643E+02
2.063763763763737E-01	-2.796660332228180E+02
2.067167167167140E-01	-2.796892048012288E+02
2.070570570570543E-01	-2.797125250918311E+02
2.073973973973947E-01	-2.797359946174856E+02
2.077377377377350E-01	-2.797596139019809E+02
2.080780780780753E-01	-2.797833834700381E+02
2.084184184184157E-01	-2.798073038473120E+02
2.087587587587560E-01	-2.798313755603960E+02
2.090990990990963E-01	-2.798555991368241E+02
2.094394394394367E-01	-2.798799751050739E+02
2.097797797797770E-01	-2.799045039945698E+02
2.101201201201173E-01	-2.799291863356862E+02
2.104604604604577E-01	-2.799540226597500E+02
2.108008008007980E-01	-2.799790134990442E+02
2.111411411411383E-01	-2.800041593868109E+02
2.114814814814787E-01	-2.800294608572535E+02
2.118218218218190E-01	-2.800549184455404E+02
2.121621621621593E-01	-2.800805326878075E+02
2.125025025024997E-01	-2.801063041211619E+02
2.128428428428400E-01	-2.801322332836845E+02
2.131831831831803E-01	-2.801583207144321E+02
2.135235235235207E-01	-2.801845669534417E+02
2.138638638638610E-01	-2.802109725417328E+02
2.142042042042013E-01	-2.802375380213102E+02
2.145445445445417E-01	-2.802642639351672E+02
2.148848848848820E-01	-2.802911508272883E+02
2.152252252252223E-01	-2.803181992426525E+02
2.155655655655627E-01	-2.803454097272356E+02
2.159059059059030E-01	-2.803727828280139E+02
2.162462462462433E-01	-2.804003190929662E+02
2.165865865865837E-01	-2.803954722971926E+02
2.169269269269240E-01	-2.804233062746433E+02
2.172672672672643E-01	-2.804513051920410E+02
2.176076076076047E-01	-2.804794696018485E+02
2.179479479479450E-01	-2.805078000575466E+02
2.182882882882853E-01	-2.805362971136386E+02
2.186286286286257E-01	-2.805649613256502E+02
2.189689689689660E-01	-2.805937932501355E+02
2.193093093093063E-01	-2.806227934446774E+02
2.196496496496467E-01	-2.806519624678920E+02
2.199899899899870E-01	-2.806813008794302E+02
2.203303303303273E-01	-2.807108092399810E+02
2.206706706706677E-01	-2.807404881112748E+02
2.210110110110080E-01	-2.807374087062738E+02
2.213513513513483E-01	-2.807674017139925E+02
2.216916916916887E-01	-2.807975670556774E+02
2.220320320320290E-01	-2.808279052977089E+02
2.223723723723693E-01	-2.808584170075240E+02
2.227127127127097E-01	-2.808891027536174E+02
2.230530530530500E-01	-2.809199631055448E+02
2.233933933933903E-01	-2.809509986339260E+02
2.237337337337307E-01	-2.809490567506136E+02
2.240740740740710E-01	-2.809804168607087E+02
2.244144144144113E-01	-2.810119540011142E+02
2.247547547547517E-01	-2.810436687472026E+02
2.250950950950920E-01	-2.810755616754222E+02
2.254354354354323E-01	-2.811076333633039E+02
2.257757757757727E-01	-2.811398843894605E+02
2.261161161161130E-01	-2.811723153335911E+02
2.264564564564533E-01	-2.811715587745984E+02
2.267967967967937E-01	-2.812043249297597E+02
2.271371371371340E-01	-2.812372728880361E+02
2.274774774774743E-01	-2.812704032339763E+02
2.278178178178147E-01	-2.813037165532271E+02
2.281581581581550E-01	-2.813372134325385E+02
2.284984984984954E-01	-2.813373717108902E+02
2.288388388388357E-01	-2.813712119725931E+02
2.291791791791760E-01	-2.814052377037675E+02
2.295195195195164E-01	-2.814394494960835E+02
2.298598598598567E-01	-2.814738479423261E+02
2.302002002001970E-01	-2.814747862763276E+02
2.305405405405374E-01	-2.815095350507093E+02
2.308808808808777E-01	-2.815444724091914E+02
2.312212212212180E-01	-2.815795989495380E+02
2.315615615615584E-01	-2.816149152706412E+02
2.319019019018987E-01	-2.816166538391587E+02
2.322422422422390E-01	-2.816523275138608E+02
2.325825825825794E-01	-2.816881929205008E+02
2.329229229229197E-01	-2.817242506630060E+02
2.332632632632600E-01	-2.817605013464449E+02
2.336036036036004E-01	-2.817630605797493E+02
2.339439439439407E-01	-2.817996757229034E+02
2.342842842842810E-01	-2.818364857794175E+02
2.346246246246214E-01	-2.818734913594487E+02
2.349649649649617E-01	-2.818767178082827E+02
2.353053053053020E-01	-2.819140936571077E+02
2.356456456456424E-01	-2.819516670193694E+02
2.359859859859827E-01	-2.819894385103580E+02
2.363263263263230E-01	-2.819933458366610E+02
2.366666666666634E-01	-2.820314934601273E+02
2.370070070070037E-01	-2.820698412198808E+02
2.373473473473440E-01	-2.821083897363860E+02
2.376876876876844E-01	-2.821129917417569E+02
2.380280280280247E-01	-2.821519223094996E+02
2.383683683683650E-01	-2.821910556593381E+02
2.387087087087054E-01	-2.822303924169503E+02
2.390490490490457E-01	-2.822357030438965E+02
2.393893893893860E-01	-2.822754278270374E+02
2.397297297297264E-01	-2.823153580612176E+02
2.400700700700667E-01	-2.823212048468435E+02
2.404104104104070E-01	-2.823615277105174E+02
2.407507507507474E-01	-2.824020580824553E+02
2.410910910910877E-01	-2.824084493022057E+02
2.414314314314280E-01	-2.824493769411879E+02
2.417717717717684E-01	-2.824905141596941E+02
2.421121121121087E-01	-2.824974581549219E+02
2.424524524524490E-01	-2.825389973118030E+02
2.427927927927894E-01	-2.825807481335791E+02
2.431331331331297E-01	-2.825882533119537E+02
2.434734734734700E-01	-2.826304107774034E+02
2.438138138138104E-01	-2.826727820073013E+02
2.441541541541507E-01	-2.826808568432062E+02
2.444944944944910E-01	-2.827236394562272E+02
2.448348348348314E-01	-2.827666379475007E+02
2.451751751751717E-01	-2.827752909824191E+02
2.455155155155120E-01	-2.828187056305900E+02
2.458558558558524E-01	-2.828623382851346E+02
2.461961961961927E-01	-2.828715781280244E+02
2.465365365365330E-01	-2.829156317477339E+02
2.468768768768734E-01	-2.829252629101136E+02
2.472172172172137E-01	-2.829697408439715E+02
2.475575575575540E-01	-2.830144404206405E+02
2.478978978978944E-01	-2.830246731022330E+02
2.482382382382347E-01	-2.830698018605169E+02
2.485785785785750E-01	-2.830804360918944E+02
2.489189189189154E-01	-2.831259974226912E+02
2.492592592592557E-01	-2.831717840749781E+02
2.495995995995960E-01	-2.831830347350967E+02
2.499399399399364E-01	-2.832292588870015E+02
2.502802802802767E-01	-2.832409214669908E+02
2.506206206206171E-01	-2.832875865516319E+02
2.509609609609574E-01	-2.832996653290893E+02
2.513013013012978E-01	-2.833467747971288E+02
2.516416416416382E-01	-2.833941148443266E+02
2.519819819819785E-01	-2.834068313933859E+02
2.523223223223189E-01	-2.834546208360777E+02
2.526626626626592E-01	-2.834677641520532E+02
2.530030030029996E-01	-2.835160064835062E+02
2.533433433433400E-01	-2.835295809266544E+02
2.536836836836803E-01	-2.835782796578305E+02
2.540240240240207E-01	-2.835922896127002E+02
2.543643643643611E-01	-2.836414482722951E+02
2.547047047047014E-01	-2.836558981477952E+02
2.550450450450418E-01	-2.837055202822771E+02
2.553853853853821E-01	-2.837204145117420E+02
2.557257257257225E-01	-2.837705036853859E+02
2.560660660660629E-01	-2.837858467266377E+02
2.564064064064032E-01	-2.838364065215591E+02
2.567467467467436E-01	-2.838522028569668E+02
2.570870870870839E-01	-2.838682238948073E+02
2.574274274274243E-01	-2.839194910096886E+02
2.577677677677647E-01	-2.839359723551629E+02
2.581081081081050E-01	-2.839877193343181E+02
2.584484484484454E-01	-2.840046655332867E+02
2.587887887887858E-01	-2.840568960230015E+02
2.591291291291261E-01	-2.840743116460637E+02
2.594694694694665E-01	-2.841270293105871E+02
2.598098098098068E-01	-2.841449189531253E+02
2.601501501501472E-01	-2.841630448245256E+02
2.604904904904876E-01	-2.842164957569104E+02
2.608308308308279E-01	-2.842351028398404E+02
2.611711711711683E-01	-2.842890504027198E+02
2.615115115115086E-01	-2.843081433566139E+02
2.618518518518490E-01	-2.843274791335252E+02
2.621921921921894E-01	-2.843821747879784E+02
2.625325325325297E-01	-2.844020037290781E+02
2.628728728728701E-01	-2.844220795511779E+02
2.632132132132105E-01	-2.844775324190625E+02
2.635535535535508E-01	-2.844981087606626E+02
2.638938938938912E-01	-2.845189360770127E+02
2.642342342342315E-01	-2.845751553518697E+02
2.645745745745719E-01	-2.845964906052414E+02
2.649149149149123E-01	-2.846180809629607E+02
2.652552552552526E-01	-2.846750759100711E+02
2.655955955955930E-01	-2.846971816846419E+02
2.659359359359333E-01	-2.847195467290742E+02
2.662762762762737E-01	-2.847773266854853E+02
2.666166166166141E-01	-2.848002146889838E+02
2.669569569569544E-01	-2.848233661638292E+02
2.672972972972948E-01	-2.848467826163011E+02
2.676376376376352E-01	-2.849056225769148E+02
2.679779779779755E-01	-2.849295723243229E+02
2.683183183183159E-01	-2.849537913000134E+02
2.686586586586562E-01	-2.849782810282233E+02
2.689989989989966E-01	-2.850381985363648E+02
2.693393393393370E-01	-2.850632320119803E+02
2.696796796796773E-01	-2.850885405399958E+02
2.700200200200177E-01	-2.851141256626265E+02
2.703603603603580E-01	-2.851751384452288E+02
2.707007007006984E-01	-2.852012778843476E+02
2.710410410410388E-01	-2.852276982672047E+02
2.713813813813791E-01	-2.852544011540019E+02
2.717217217217195E-01	-2.852813881097499E+02
2.720620620620599E-01	-2.853437950101922E+02
2.724024024024002E-01	-2.853713498013790E+02
2.727427427427406E-01	-2.853991930730333E+02
2.730830830830809E-01	-2.854273264081440E+02
2.734234234234213E-01	-2.854557513945059E+02
2.737637637637617E-01	-2.854844696247181E+02
2.741041041041020E-01	-2.855134826961831E+02
2.744444444444424E-01	-2.855778905782022E+02
2.747847847847827E-01	-2.856074909618867E+02
2.751251251251231E-01	-2.856373906869101E+02
2.754654654654635E-01	-2.856675913686040E+02
2.758058058058038E-01	-2.856980946270917E+02
2.761461461461442E-01	-2.857289020872839E+02
2.764864864864846E-01	-2.857600153788770E+02
2.768268268268249E-01	-2.857914361363481E+02
2.771671671671653E-01	-2.858231659989517E+02
2.775075075075056E-01	-2.858552066107154E+02
2.778478478478460E-01	-2.858875596204358E+02
2.781881881881864E-01	-2.859202266816730E+02
2.785285285285267E-01	-2.859532094527456E+02
2.788688688688671E-01	-2.859865095967252E+02
2.792092092092074E-01	-2.860201287814313E+02
2.795495495495478E-01	-2.860540686794242E+02
2.798898898898882E-01	-2.860883309679987E+02
2.802302302302285E-01	-2.861229173291779E+02
2.805705705705689E-01	-2.861578294497058E+02
2.809109109109093E-01	-2.861930690210395E+02
2.812512512512496E-01	-2.862286377393415E+02
2.815915915915900E-01	-2.862645373054720E+02
2.819319319319303E-01	-2.863007694249799E+02
2.822722722722707E-01	-2.863373358080939E+02
2.826126126126111E-01	-2.863742381697142E+02
2.829529529529514E-01	-2.864114782294014E+02
2.832932932932918E-01	-2.864490577113678E+02
2.836336336336321E-01	-2.864521902415918E+02
2.839739739739725E-01	-2.864904700520891E+02
2.843143143143129E-01	-2.865290948405903E+02
2.846546546546532E-01	-2.865680663510787E+02
2.849949949949936E-01	-2.866073863321329E+02
2.853353353353340E-01	-2.866470565369151E+02
2.856756756756743E-01	-2.866870787231572E+02
2.860160160160147E-01	-2.866927956722402E+02
2.863563563563550E-01	-2.867335459766255E+02
2.866966966966954E-01	-2.867746539274131E+02
2.870370370370358E-01	-2.868161213017491E+02
2.873773773773761E-01	-2.868233763513816E+02
2.877177177177165E-01	-2.868655883099734E+02
2.880580580580568E-01	-2.869081654202825E+02
2.883983983983972E-01	-2.869511094786241E+02
2.887387387387376E-01	-2.869599405764880E+02
2.890790790790779E-01	-2.870036458717142E+02
2.894194194194183E-01	-2.870477239055647E+02
2.897597597597587E-01	-2.870921764932480E+02
2.901001001000990E-01	-2.871026220301094E+02
2.904404404404394E-01	-2.871478526914654E+02
2.907807807807797E-01	-2.871934637587665E+02
2.911211211211201E-01	-2.872051537757144E+02
2.914614614614605E-01	-2.872515558701784E+02
2.918018018018008E-01	-2.872640993961636E+02
2.921421421421412E-01	-2.873113014895644E+02
2.924824824824815E-01	-2.873588939745072E+02
2.928228228228219E-01	-2.873727204325785E+02
2.931631631631623E-01	-2.874211260476131E+02
2.935035035035026E-01	-2.874358326286105E+02
2.938438438438430E-01	-2.874850604676316E+02
2.941841841841834E-01	-2.875006581198064E+02
2.945245245245237E-01	-2.875507173259623E+02
2.948648648648641E-01	-2.875672170600332E+02
2.952052052052044E-01	-2.876181168252202E+02
2.955455455455448E-01	-2.876355297137900E+02
2.958858858858852E-01	-2.876872792781195E+02
2.962262262262255E-01	-2.877056164550609E+02
2.965665665665659E-01	-2.877582251063012E+02
2.969069069069062E-01	-2.877774977661114E+02
2.972472472472466E-01	-2.878309748391050E+02
2.975875875875870E-01	-2.878511942362269E+02
2.979279279279273E-01	-2.878719125892405E+02
2.982682682682677E-01	-2.879267265603935E+02
2.986086086086081E-01	-2.879484091598805E+02
2.989489489489484E-01	-2.880041155379183E+02
2.992892892892888E-01	-2.880267737885699E+02
2.996296296296291E-01	-2.880499468254398E+02
2.999699699699695E-01	-2.880736380653829E+02
3.003103103103099E-01	-2.881311938627142E+02
3.006506506506502E-01	-2.881558847893148E+02
3.009909909909906E-01	-2.881811036589434E+02
3.013313313313309E-01	-2.882068539256914E+02
3.016716716716713E-01	-2.882663012029467E+02
3.020120120120117E-01	-2.882930754425801E+02
3.023523523523520E-01	-2.883203909212943E+02
3.026926926926924E-01	-2.883482511292881E+02
3.030330330330328E-01	-2.883766595661137E+02
3.033733733733731E-01	-2.884385410641898E+02
3.037137137137135E-01	-2.884680044437283E+02
3.040540540540538E-01	-2.884980260182116E+02
3.043943943943942E-01	-2.885286093217372E+02
3.047347347347346E-01	-2.885597578973304E+02
3.050750750750749E-01	-2.885914752968525E+02
3.054154154154153E-01	-2.886237650809064E+02
3.057557557557556E-01	-2.886566308187396E+02
3.060960960960960E-01	-2.886900760881460E+02
3.064364364364364E-01	-2.887241044753657E+02
3.067767767767767E-01	-2.887587195749828E+02
3.071171171171171E-01	-2.887939249898215E+02
3.074574574574575E-01	-2.888297243308401E+02
3.077977977977978E-01	-2.888580705130757E+02
3.081381381381382E-01	-2.888950835245213E+02
3.084784784784785E-01	-2.889166625228186E+02
3.088188188188189E-01	-2.889549196335593E+02
3.091591591591593E-01	-2.889937893058025E+02
3.094994994994996E-01	-2.890173319150483E+02
3.098398398398400E-01	-2.890574691801246E+02
3.101801801801803E-01	-2.890823535163824E+02
3.105205205205207E-01	-2.891237743355148E+02
3.108608608608611E-01	-2.891500177303905E+02
3.112012012012014E-01	-2.891769652055369E+02
3.115415415415418E-01	-2.892203579905341E+02
3.118818818818822E-01	-2.892486910088726E+02
3.122222222222225E-01	-2.892777419218618E+02
3.125625625625629E-01	-2.893075154746309E+02
3.129029029029032E-01	-2.893536070441361E+02
3.132432432432436E-01	-2.893848019405717E+02
3.135835835835840E-01	-2.894167334026569E+02
3.139239239239243E-01	-2.894494062125248E+02
3.142642642642647E-01	-2.894828251613058E+02
3.146046046046050E-01	-2.895015991646843E+02
3.149449449449454E-01	-2.895365648579648E+02
3.152852852852858E-01	-2.895722914878954E+02
3.156256256256261E-01	-2.896087838803335E+02
3.159659659659665E-01	-2.896308170729074E+02
3.163063063063069E-01	-2.896688970786972E+02
3.166466466466472E-01	-2.897077577471072E+02
3.169869869869876E-01	-2.897323037006192E+02
3.173273273273279E-01	-2.897727830081580E+02
3.176676676676683E-01	-2.897990473122891E+02
3.180080080080087E-01	-2.898262029422250E+02
3.183483483483490E-01	-2.898691716149170E+02
3.186886886886894E-01	-2.898980800565571E+02
3.190290290290297E-01	-2.899278977304022E+02
3.193693693693701E-01	-2.899586307675590E+02
3.197097097097105E-01	-2.899902853075006E+02
3.200500500500508E-01	-2.900228674976736E+02
3.203903903903912E-01	-2.900563834931016E+02
3.207307307307316E-01	-2.900908394559823E+02
3.210710710710719E-01	-2.901117235158376E+02
3.214114114114123E-01	-2.901481296051842E+02
3.217517517517526E-01	-2.901854946307229E+02
3.220920920920930E-01	-2.902094672158853E+02
3.224324324324334E-01	-2.902345213347839E+02
3.227727727727737E-01	-2.902749073107178E+02
3.231131131131141E-01	-2.903020891791339E+02
3.234534534534544E-01	-2.903303749594606E+02
3.237937937937948E-01	-2.903597722919018E+02
3.241341341341352E-01	-2.904043000246240E+02
3.244744744744755E-01	-2.904219322006090E+02
3.248148148148159E-01	-2.904547100819850E+02
3.251551551551563E-01	-2.904886301243657E+02
3.254954954954966E-01	-2.905236999886707E+02
3.258358358358370E-01	-2.905462266085601E+02
3.261761761761773E-01	-2.905836818755556E+02
3.265165165165177E-01	-2.906087402971206E+02
3.268568568568581E-01	-2.906486137063224E+02
3.271971971971984E-01	-2.906762388459840E+02
3.275375375375388E-01	-2.907051951858504E+02
3.278778778778791E-01	-2.907354920229215E+02
3.282182182182195E-01	-2.907671386523806E+02
3.285585585585599E-01	-2.908001443665596E+02
3.288988988989002E-01	-2.908214389632579E+02
3.292392392392406E-01	-2.908572631170877E+02
3.295795795795810E-01	-2.908815454990050E+02
3.299199199199213E-01	-2.909202275494160E+02
3.302602602602617E-01	-2.909475395946239E+02
3.306006006006020E-01	-2.909764220095544E+02
3.309409409409424E-01	-2.910068858733222E+02
3.312812812812828E-01	-2.910389422524512E+02
3.316216216216231E-01	-2.910726021993404E+02
3.319619619619635E-01	-2.910955101481308E+02
3.323023023023038E-01	-2.911202147458680E+02
3.326426426426442E-01	-2.911589188059249E+02
3.329829829829846E-01	-2.911871663146166E+02
3.333233233233249E-01	-2.912172488116908E+02
3.336636636636653E-01	-2.912491792642357E+02
3.340040040040057E-01	-2.912711430865274E+02
3.343443443443460E-01	-2.913069005758470E+02
3.346846846846864E-01	-2.913329086730935E+02
3.350250250250267E-01	-2.913610099769859E+02
3.353653653653671E-01	-2.913912195179392E+02
3.357057057057075E-01	-2.914122208855742E+02
3.360460460460478E-01	-2.914467933669239E+02
3.363863863863882E-01	-2.914723977215403E+02
3.367267267267285E-01	-2.915003826010847E+02
3.370670670670689E-01	-2.915307651935028E+02
3.374074074074093E-01	-2.915635626118497E+02
3.377477477477496E-01	-2.915881157211387E+02
3.380880880880900E-01	-2.916153477100517E+02
3.384284284284304E-01	-2.916452780693706E+02
3.387687687687707E-01	-2.916779261822794E+02
3.391091091091111E-01	-2.917031181293787E+02
3.394494494494514E-01	-2.917313153351432E+02
3.397897897897918E-01	-2.917625396409319E+02
3.401301301301322E-01	-2.917870109702733E+02
3.404704704704725E-01	-2.918148195778826E+02
3.408108108108129E-01	-2.918459898331839E+02
3.411511511511532E-01	-2.918711628893585E+02
3.414914914914936E-01	-2.919000311882394E+02
3.418318318318340E-01	-2.919235376025405E+02
3.421721721721743E-01	-2.919510952226914E+02
3.425125125125147E-01	-2.919827338036334E+02
3.428528528528551E-01	-2.920098715485057E+02
3.431931931931954E-01	-2.920330302529405E+02
3.435335335335358E-01	-2.920610201803345E+02
3.438738738738761E-01	-2.920857879781579E+02
3.442142142142165E-01	-2.921158132199417E+02
3.445545545545569E-01	-2.921434155229769E+02
3.448948948948972E-01	-2.921692039616170E+02
3.452352352352376E-01	-2.921938153292494E+02
3.455755755755779E-01	-2.922179145503706E+02
3.459159159159183E-01	-2.922490760657480E+02
3.462562562562587E-01	-2.922740297237046E+02
3.465965965965990E-01	-2.922990262084943E+02
3.469369369369394E-01	-2.923250332590260E+02
3.472772772772798E-01	-2.923515877965190E+02
3.476176176176201E-01	-2.923771412384602E+02
3.479579579579605E-01	-2.924034559164344E+02
3.482982982983008E-01	-2.924273928395805E+02
3.486386386386412E-01	-2.924542673070825E+02
3.489789789789816E-01	-2.924802999371311E+02
3.493193193193219E-01	-2.925042603088443E+02
3.496596596596623E-01	-2.925297379574572E+02
3.500000000000026E-01	-2.925544768944071E+02
3.503403403403430E-01	-2.925804542802488E+02
