# barionic density, mass
1.000000000000000E-03	3.987814239730836E+02
2.780780780780781E-03	3.976217571640016E+02
4.561561561561562E-03	3.964773491287232E+02
6.342342342342344E-03	3.953176823196411E+02
8.123123123123124E-03	3.941580155105590E+02
9.903903903903905E-03	3.929983487014771E+02
1.168468468468469E-02	3.918539406661987E+02
1.346546546546547E-02	3.906942738571167E+02
1.524624624624625E-02	3.895346070480347E+02
1.702702702702703E-02	3.883901990127564E+02
1.880780780780781E-02	3.872305322036743E+02
2.058858858858859E-02	3.860708653945923E+02
2.236936936936937E-02	3.849264573593140E+02
2.415015015015015E-02	3.837667905502319E+02
2.593093093093093E-02	3.826071237411498E+02
2.771171171171171E-02	3.814474569320679E+02
2.949249249249249E-02	3.802877901229858E+02
3.127327327327327E-02	3.791281233139039E+02
3.305405405405405E-02	3.779684565048218E+02
3.483483483483484E-02	3.767935309219361E+02
3.661561561561562E-02	3.756338641128540E+02
3.839639639639640E-02	3.744741973037719E+02
4.017717717717718E-02	3.732992717208863E+02
4.195795795795797E-02	3.721396049118042E+02
4.373873873873875E-02	3.709646793289185E+02
4.551951951951953E-02	3.697897537460328E+02
4.730030030030032E-02	3.686148281631470E+02
4.908108108108110E-02	3.674399025802613E+02
5.086186186186188E-02	3.662649769973756E+02
5.264264264264266E-02	3.650900514144898E+02
5.442342342342345E-02	3.639151258316040E+02
5.620420420420423E-02	3.627249414749145E+02
5.798498498498501E-02	3.615500158920288E+02
5.976576576576580E-02	3.603598315353394E+02
6.154654654654658E-02	3.591696471786499E+02
6.332732732732736E-02	3.579794628219605E+02
6.510810810810815E-02	3.567892784652711E+02
6.688888888888893E-02	3.555990941085815E+02
6.866966966966971E-02	3.544089097518921E+02
7.045045045045049E-02	3.532034666213989E+02
7.223123123123128E-02	3.520132822647095E+02
7.401201201201206E-02	3.508078391342164E+02
7.579279279279284E-02	3.496023960037231E+02
7.757357357357363E-02	3.484122116470337E+02
7.935435435435441E-02	3.471915097427368E+02
8.113513513513519E-02	3.459860666122437E+02
8.291591591591597E-02	3.447806234817506E+02
8.469669669669676E-02	3.435599215774537E+02
8.647747747747754E-02	3.423544784469605E+02
8.825825825825832E-02	3.411337765426636E+02
9.003903903903911E-02	3.399130746383668E+02
9.181981981981989E-02	3.386923727340699E+02
9.360060060060067E-02	3.374564120559693E+02
9.538138138138146E-02	3.362357101516725E+02
9.716216216216224E-02	3.349997494735718E+02
9.894294294294302E-02	3.337637887954712E+02
1.007237237237238E-01	3.325430868911743E+02
1.025045045045046E-01	3.312918674392700E+02
1.042852852852854E-01	3.300559067611695E+02
1.060660660660662E-01	3.288199460830689E+02
1.078468468468469E-01	3.275687266311646E+02
1.096276276276277E-01	3.263175071792602E+02
1.114084084084085E-01	3.250662877273560E+02
1.131891891891893E-01	3.238150682754516E+02
1.149699699699701E-01	3.225638488235475E+02
1.167507507507509E-01	3.212973705978394E+02
1.185315315315316E-01	3.200308923721313E+02
1.203123123123124E-01	3.187644141464234E+02
1.220930930930932E-01	3.174979359207153E+02
1.238738738738740E-01	3.162314576950073E+02
1.256546546546548E-01	3.149649794692994E+02
1.274354354354355E-01	3.136832424697876E+02
1.292162162162163E-01	3.124015054702759E+02
1.309969969969971E-01	3.111197684707641E+02
1.327777777777779E-01	3.098227726974487E+02
1.345585585585587E-01	3.085410356979370E+02
1.363393393393394E-01	3.072440399246217E+02
1.381201201201202E-01	3.059470441513063E+02
1.399009009009010E-01	3.046538630714417E+02
1.416816816816818E-01	3.033492379112244E+02
1.434624624624626E-01	3.020446127510072E+02
1.452432432432434E-01	3.007323582038879E+02
1.470240240240241E-01	2.994201036567688E+02
1.488048048048049E-01	2.981002197227478E+02
1.505855855855857E-01	2.967803357887268E+02
1.523663663663665E-01	2.954604518547059E+02
1.541471471471473E-01	2.941329385337830E+02
1.559279279279281E-01	2.927977958259583E+02
1.577087087087088E-01	2.914626531181336E+02
1.594894894894896E-01	2.901275104103089E+02
1.612702702702704E-01	2.887847383155823E+02
1.630510510510512E-01	2.874343368339539E+02
1.648318318318320E-01	2.860839353523255E+02
1.666126126126128E-01	2.847335338706970E+02
1.683933933933935E-01	2.833755030021668E+02
1.701741741741743E-01	2.820098427467346E+02
1.719549549549551E-01	2.806441824913025E+02
1.737357357357359E-01	2.792785222358704E+02
1.755165165165167E-01	2.779052325935364E+02
1.772972972972975E-01	2.765243135643005E+02
1.790780780780782E-01	2.751433945350647E+02
1.808588588588590E-01	2.737548461189270E+02
1.826396396396398E-01	2.723586683158874E+02
1.844204204204206E-01	2.709701198997498E+02
1.862012012012014E-01	2.695663127098084E+02
1.879819819819822E-01	2.681625055198670E+02
1.897627627627629E-01	2.667510689430237E+02
1.915435435435437E-01	2.653396323661804E+02
1.933243243243245E-01	2.639205664024353E+02
1.951051051051053E-01	2.625015004386902E+02
1.968858858858861E-01	2.610671757011414E+02
1.986666666666669E-01	2.596404803504944E+02
2.004474474474476E-01	2.581985262260437E+02
2.022282282282284E-01	2.567565721015930E+02
2.040090090090092E-01	2.553146179771423E+02
2.057897897897900E-01	2.538574050788879E+02
2.075705705705708E-01	2.524001921806336E+02
2.093513513513516E-01	2.509353498954773E+02
2.111321321321323E-01	2.494705076103210E+02
2.129129129129131E-01	2.479980359382629E+02
2.146936936936939E-01	2.465179348793030E+02
2.164744744744747E-01	2.450378338203430E+02
2.182552552552555E-01	2.435501033744812E+02
2.200360360360362E-01	2.420547435417175E+02
2.218168168168170E-01	2.405517543220520E+02
2.235975975975978E-01	2.390487651023864E+02
2.253783783783786E-01	2.375381464958191E+02
2.271591591591594E-01	2.360198985023499E+02
2.289399399399402E-01	2.345016505088806E+02
2.307207207207209E-01	2.329757731285095E+02
2.325015015015017E-01	2.314422663612366E+02
2.342822822822825E-01	2.299011302070617E+02
2.360630630630633E-01	2.283523646659851E+02
2.378438438438441E-01	2.268035991249084E+02
2.396246246246249E-01	2.252472041969299E+02
2.414054054054056E-01	2.236831798820496E+02
2.431861861861864E-01	2.221115261802673E+02
2.449669669669672E-01	2.205322430915832E+02
2.467477477477480E-01	2.189529600028992E+02
2.485285285285288E-01	2.173660475273132E+02
2.503093093093096E-01	2.157715056648254E+02
2.520900900900903E-01	2.141693344154358E+02
2.538708708708711E-01	2.125595337791443E+02
2.556516516516518E-01	2.109421037559509E+02
2.574324324324326E-01	2.093246737327576E+02
2.592132132132133E-01	2.076996143226623E+02
2.609939939939941E-01	2.060592961387634E+02
2.627747747747748E-01	2.044189779548645E+02
2.645555555555556E-01	2.027710303840637E+02
2.663363363363364E-01	2.011230828132629E+02
2.681171171171171E-01	1.994598764686585E+02
2.698978978978979E-01	1.977890407371521E+02
2.716786786786786E-01	1.961182050056457E+02
2.734594594594594E-01	1.944397398872375E+02
2.752402402402401E-01	1.927460159950256E+02
2.770210210210209E-01	1.910522921028137E+02
2.788018018018016E-01	1.893509388236999E+02
2.805825825825824E-01	1.876419561576843E+02
2.823633633633632E-01	1.859329734916687E+02
2.841441441441439E-01	1.842087320518494E+02
2.859249249249247E-01	1.824844906120300E+02
2.877057057057054E-01	1.807449903984070E+02
2.894864864864862E-01	1.790054901847840E+02
2.912672672672669E-01	1.772583605842590E+02
2.930480480480477E-01	1.755036015968323E+02
2.948288288288284E-01	1.737412132225036E+02
2.966096096096092E-01	1.719788248481751E+02
2.983903903903899E-01	1.702011777000427E+02
3.001711711711707E-01	1.684235305519104E+02
3.019519519519515E-01	1.666458834037781E+02
3.037327327327322E-01	1.648529774818421E+02
3.055135135135130E-01	1.630600715599060E+02
3.072942942942937E-01	1.612595362510681E+02
3.090750750750745E-01	1.594513715553284E+02
3.108558558558552E-01	1.576432068595886E+02
3.126366366366360E-01	1.558274127769470E+02
3.144174174174167E-01	1.540116186943055E+02
3.161981981981975E-01	1.521901025714874E+02
3.179789789789783E-01	1.503628644084930E+02
3.197597597597590E-01	1.485356262454987E+02
3.215405405405398E-01	1.467045733890534E+02
3.233213213213205E-01	1.448735205326080E+02
3.251021021021013E-01	1.430386529827118E+02
3.268828828828820E-01	1.411999707393647E+02
3.286636636636628E-01	1.393651031894684E+02
3.304444444444435E-01	1.375302356395721E+02
3.322252252252243E-01	1.356915533962250E+02
3.340060060060051E-01	1.338605005397796E+02
3.357867867867858E-01	1.320256329898834E+02
3.375675675675666E-01	1.301945801334381E+02
3.393483483483473E-01	1.283711566638946E+02
3.411291291291281E-01	1.265477331943512E+02
3.429099099099088E-01	1.247281244182587E+02
3.446906906906896E-01	1.229161450290680E+02
3.464714714714703E-01	1.211117950267792E+02
3.482522522522511E-01	1.193150744113922E+02
3.500330330330318E-01	1.175259831829071E+02
3.518138138138126E-01	1.157483360347748E+02
3.535945945945934E-01	1.139783182735443E+02
3.553753753753741E-01	1.122197445926666E+02
3.571561561561549E-01	1.104764296855926E+02
3.589369369369356E-01	1.087445588588715E+02
3.607177177177164E-01	1.070279468059540E+02
3.624984984984971E-01	1.053227788333893E+02
3.642792792792779E-01	1.036366843280792E+02
3.660600600600586E-01	1.019696632900238E+02
3.678408408408394E-01	1.003179010257721E+02
3.696216216216202E-01	9.868902692222596E+01
3.714024024024009E-01	9.707541159248353E+01
3.731831831831817E-01	9.548468442344668E+01
3.749639639639624E-01	9.391684541511535E+01
3.767447447447432E-01	9.236807987403870E+01
3.785255255255239E-01	9.084220249366760E+01
3.803063063063047E-01	8.934302796745300E+01
3.820870870870854E-01	8.786292690849305E+01
3.838678678678662E-01	8.641334339714049E+01
3.856486486486470E-01	8.498283335304259E+01
3.874294294294277E-01	8.358284085655214E+01
3.892102102102085E-01	8.220573652076720E+01
3.909909909909892E-01	8.085152034568787E+01
3.927717717717700E-01	7.952782171821593E+01
3.945525525525507E-01	7.822701125144960E+01
3.963333333333315E-01	7.695671833229065E+01
3.981141141141122E-01	7.570835990047453E+01
3.998948948948930E-01	7.448765799617769E+01
4.016756756756737E-01	7.329175159931184E+01
4.034564564564545E-01	7.212254805660248E+01
4.052372372372353E-01	7.097814002132415E+01
4.070180180180160E-01	6.986043484020233E+01
4.087987987987968E-01	6.876752516651153E+01
4.105795795795775E-01	6.769750365352630E+01
4.123603603603583E-01	6.665418499469759E+01
4.141411411411390E-01	6.563375449657438E+01
4.159219219219198E-01	6.463811950588226E+01
4.177027027027005E-01	6.366537267589570E+01
4.194834834834813E-01	6.271360665988922E+01
4.212642642642621E-01	6.178663615131377E+01
4.230450450450428E-01	6.088064645671845E+01
4.248258258258236E-01	5.999563757610321E+01
4.266066066066043E-01	5.913160950946808E+01
4.283873873873851E-01	5.828856225681304E+01
4.301681681681658E-01	5.746458847141265E+01
4.319489489489466E-01	5.666159549999237E+01
4.337297297297273E-01	5.587576864910125E+01
4.355105105105081E-01	5.511092261219024E+01
4.372912912912889E-01	5.436324269580840E+01
4.390720720720696E-01	5.363272889995575E+01
4.408528528528504E-01	5.291938122463226E+01
4.426336336336311E-01	5.222319966983795E+01
4.444144144144119E-01	5.154227688884734E+01
4.461951951951926E-01	5.087852022838592E+01
4.479759759759734E-01	5.022811499500274E+01
4.497567567567541E-01	4.959487588214874E+01
4.515375375375349E-01	4.897498819637298E+01
4.533183183183156E-01	4.837035928440093E+01
4.550990990990964E-01	4.777717445278167E+01
4.568798798798772E-01	4.719924839496612E+01
4.586606606606579E-01	4.663467376422881E+01
4.604414414414387E-01	4.608154321384430E+01
4.622222222222194E-01	4.554176409053802E+01
4.640030030030002E-01	4.501342904758452E+01
4.657837837837809E-01	4.449653808498383E+01
4.675645645645617E-01	4.399109120273590E+01
4.693453453453424E-01	4.349518105411529E+01
4.711261261261232E-01	4.301071498584747E+01
4.729069069069040E-01	4.253769299793242E+01
4.746876876876847E-01	4.207420774364472E+01
4.764684684684655E-01	4.162025922298430E+01
4.782492492492462E-01	4.117584743595123E+01
4.800300300300270E-01	4.073906503582000E+01
4.818108108108077E-01	4.031372671604156E+01
4.835915915915885E-01	3.989601778316496E+01
4.853723723723692E-01	3.948593823719024E+01
4.871531531531500E-01	3.908539542484283E+01
4.889339339339308E-01	3.869248199939727E+01
4.907147147147115E-01	3.830719796085359E+01
4.924954954954923E-01	3.793002014589310E+01
4.942762762762730E-01	3.755904120779037E+01
4.960570570570538E-01	3.719664532995223E+01
4.978378378378345E-01	3.683997149229049E+01
4.996186186186153E-01	3.649092704153060E+01
5.013993993993960E-01	3.614760463094711E+01
5.031801801801769E-01	3.581191160726546E+01
5.049609609609577E-01	3.548194062376022E+01
5.067417417417385E-01	3.515769168043136E+01
5.085225225225193E-01	3.484011845064163E+01
5.103033033033001E-01	3.452731358766556E+01
5.120840840840809E-01	3.422118443822861E+01
5.138648648648617E-01	3.391982365560532E+01
5.156456456456425E-01	3.362418491315841E+01
5.174264264264233E-01	3.333426821088791E+01
5.192072072072041E-01	3.304911987543107E+01
5.209879879879850E-01	3.276873990678788E+01
5.227687687687658E-01	3.249312830495834E+01
5.245495495495466E-01	3.222228506994247E+01
5.263303303303274E-01	3.195621020174026E+01
5.281111111111082E-01	3.169395002698898E+01
5.298918918918890E-01	3.143741189241409E+01
5.316726726726698E-01	3.118373477792739E+01
5.334534534534506E-01	3.093482603025436E+01
5.352342342342314E-01	3.069068564939499E+01
5.370150150150123E-01	3.044940628862381E+01
5.387957957957931E-01	3.021289529466629E+01
5.405765765765739E-01	2.997924532079697E+01
5.423573573573547E-01	2.975036371374130E+01
5.441381381381355E-01	2.952434312677383E+01
5.459189189189163E-01	2.930213723325729E+01
5.476996996996971E-01	2.908374603319168E+01
5.494804804804779E-01	2.886821585321427E+01
5.512612612612587E-01	2.865650036668777E+01
5.530420420420395E-01	2.844764590024948E+01
5.548228228228204E-01	2.824165245389938E+01
5.566036036036012E-01	2.803947370100021E+01
5.583843843843820E-01	2.784015596818924E+01
5.601651651651628E-01	2.764274558210373E+01
5.619459459459436E-01	2.744914988946915E+01
5.637267267267244E-01	2.725841521692276E+01
5.655075075075052E-01	2.707054156446457E+01
5.672882882882860E-01	2.688552893209458E+01
5.690690690690668E-01	2.670242364645004E+01
5.708498498498477E-01	2.652217938089370E+01
5.726306306306285E-01	2.634479613542557E+01
5.744114114114093E-01	2.617027391004562E+01
5.761921921921901E-01	2.599765903139114E+01
5.779729729729709E-01	2.582695149946213E+01
5.797537537537517E-01	2.565910498762130E+01
5.815345345345325E-01	2.549411949586868E+01
5.833153153153133E-01	2.533008767747879E+01
5.850960960960941E-01	2.516891687917710E+01
5.868768768768750E-01	2.501060710096360E+01
5.886576576576558E-01	2.485325099611283E+01
5.904384384384366E-01	2.469875591135025E+01
5.922192192192174E-01	2.454616817331313E+01
5.939999999999982E-01	2.439548778200150E+01
5.957807807807790E-01	2.424671473741532E+01
5.975615615615598E-01	2.409984903955459E+01
5.993423423423406E-01	2.395489068841934E+01
6.011231231231214E-01	2.381183968400955E+01
6.029039039039022E-01	2.367069602632522E+01
6.046846846846831E-01	2.353050604200363E+01
6.064654654654639E-01	2.339317707777023E+01
6.082462462462447E-01	2.325680178689957E+01
6.100270270270255E-01	2.312233384275437E+01
6.118078078078063E-01	2.298977324533463E+01
6.135885885885871E-01	2.285911999464035E+01
6.153693693693679E-01	2.272942041730881E+01
6.171501501501487E-01	2.260162818670273E+01
6.189309309309295E-01	2.247478962945938E+01
6.207117117117104E-01	2.234985841894150E+01
6.224924924924912E-01	2.222683455514908E+01
6.242732732732720E-01	2.210476436471939E+01
6.260540540540528E-01	2.198460152101516E+01
6.278348348348336E-01	2.186539235067367E+01
6.296156156156144E-01	2.174713685369492E+01
6.313963963963952E-01	2.163078870344162E+01
6.331771771771760E-01	2.151634789991379E+01
6.349579579579568E-01	2.140190709638595E+01
6.367387387387377E-01	2.128937363958359E+01
6.385195195195185E-01	2.117874752950669E+01
6.403003003002993E-01	2.106812141942979E+01
6.420810810810801E-01	2.095940265607834E+01
6.438618618618609E-01	2.085259123945236E+01
6.456426426426417E-01	2.074577982282639E+01
6.474234234234225E-01	2.064087575292587E+01
6.492042042042033E-01	2.053692535638809E+01
6.509849849849841E-01	2.043392863321304E+01
6.527657657657649E-01	2.033188558340073E+01
6.545465465465458E-01	2.023174988031387E+01
6.563273273273266E-01	2.013161417722702E+01
6.581081081081074E-01	2.003338582086563E+01
6.598888888888882E-01	1.993611113786697E+01
6.616696696696690E-01	1.983883645486831E+01
6.634504504504498E-01	1.974346911859512E+01
6.652312312312306E-01	1.964905545568467E+01
6.670120120120114E-01	1.955559546613694E+01
6.687927927927922E-01	1.946308914995193E+01
6.705735735735731E-01	1.937153650712967E+01
6.723543543543539E-01	1.928093753767013E+01
6.741351351351347E-01	1.919129224157334E+01
6.759159159159155E-01	1.910260061883927E+01
6.776966966966963E-01	1.901390899610519E+01
6.794774774774771E-01	1.892712472009659E+01
6.812582582582579E-01	1.884105569911003E+01
6.830390390390387E-01	1.875570193314552E+01
6.848198198198195E-01	1.867082500386238E+01
6.866006006006004E-01	1.858737858462333E+01
6.883813813813812E-01	1.850440900206566E+01
6.901621621621620E-01	1.842239309287072E+01
6.919429429429428E-01	1.834085402035714E+01
6.937237237237236E-01	1.826026862120629E+01
6.955045045045044E-01	1.818063689541817E+01
6.972852852852852E-01	1.810148200631142E+01
6.990660660660660E-01	1.802328079056740E+01
7.008468468468468E-01	1.794603324818611E+01
7.026276276276276E-01	1.786926254248619E+01
7.044084084084085E-01	1.779296867346764E+01
7.061891891891893E-01	1.771762847781181E+01
7.079699699699701E-01	1.764276511883736E+01
7.097507507507509E-01	1.756885543322563E+01
7.115315315315317E-01	1.749542258429527E+01
7.133123123123125E-01	1.742294340872764E+01
7.150930930930933E-01	1.735094106984139E+01
7.168738738738741E-01	1.727941556763649E+01
7.186546546546549E-01	1.720884373879433E+01
7.204354354354358E-01	1.713874874663353E+01
7.222162162162166E-01	1.706913059115410E+01
7.239969969969974E-01	1.700046610903740E+01
7.257777777777782E-01	1.693227846360207E+01
7.275585585585590E-01	1.686456765484810E+01
7.293393393393398E-01	1.679733368277550E+01
7.311201201201206E-01	1.673105338406563E+01
7.329009009009014E-01	1.666524992203713E+01
7.346816816816822E-01	1.659992329668999E+01
7.364624624624631E-01	1.653507350802422E+01
7.382432432432439E-01	1.647070055603982E+01
7.400240240240247E-01	1.640728127741814E+01
7.418048048048055E-01	1.634386199879647E+01
7.435855855855863E-01	1.628139639353752E+01
7.453663663663671E-01	1.621940762495995E+01
7.471471471471479E-01	1.615789569306374E+01
7.489279279279287E-01	1.609686059784889E+01
7.507087087087095E-01	1.603630233931541E+01
7.524894894894903E-01	1.597622091746330E+01
7.542702702702712E-01	1.591661633229256E+01
7.560510510510520E-01	1.585748858380317E+01
7.578318318318328E-01	1.579883767199516E+01
7.596126126126136E-01	1.574114043354988E+01
7.613933933933944E-01	1.568344319510460E+01
7.631741741741752E-01	1.562622279334068E+01
7.649549549549560E-01	1.556947922825813E+01
7.667357357357368E-01	1.551321249985695E+01
7.685165165165176E-01	1.545742260813713E+01
7.702972972972985E-01	1.540210955309868E+01
7.720780780780793E-01	1.534679649806023E+01
7.738588588588601E-01	1.529243711638451E+01
7.756396396396409E-01	1.523855457139015E+01
7.774204204204217E-01	1.518467202639580E+01
7.792012012012025E-01	1.513174315476418E+01
7.809819819819833E-01	1.507881428313255E+01
7.827627627627641E-01	1.502636224818230E+01
7.845435435435449E-01	1.497438704991340E+01
7.863243243243258E-01	1.492241185164452E+01
7.881051051051066E-01	1.487139032673836E+01
7.898858858858874E-01	1.482036880183220E+01
7.916666666666682E-01	1.476982411360741E+01
7.934474474474490E-01	1.471975626206398E+01
7.952282282282298E-01	1.467016524720192E+01
7.970090090090106E-01	1.462105106902122E+01
7.987897897897914E-01	1.457193689084053E+01
8.005705705705722E-01	1.452329954934120E+01
8.023513513513530E-01	1.447513904452324E+01
8.041321321321339E-01	1.442697853970527E+01
8.059129129129147E-01	1.437977170825005E+01
8.076936936936955E-01	1.433256487679481E+01
8.094744744744763E-01	1.428535804533958E+01
8.112552552552571E-01	1.423910488724708E+01
8.130360360360379E-01	1.419285172915459E+01
8.148168168168187E-01	1.414707540774345E+01
8.165975975975995E-01	1.410129908633232E+01
8.183783783783803E-01	1.405599960160255E+01
8.201591591591612E-01	1.401117695355415E+01
8.219399399399420E-01	1.396683114218711E+01
8.237207207207228E-01	1.392248533082008E+01
8.255015015015036E-01	1.387861635613441E+01
8.272822822822844E-01	1.383474738144874E+01
8.290630630630652E-01	1.379135524344444E+01
8.308438438438460E-01	1.374843994212150E+01
8.326246246246268E-01	1.370600147747993E+01
8.344054054054076E-01	1.366356301283836E+01
8.361861861861885E-01	1.362112454819679E+01
8.379669669669693E-01	1.357916292023659E+01
8.397477477477501E-01	1.353767812895775E+01
8.415285285285309E-01	1.349667017436028E+01
8.433093093093117E-01	1.345566221976280E+01
8.450900900900925E-01	1.341465426516533E+01
8.468708708708733E-01	1.337412314724922E+01
8.486516516516541E-01	1.333406886601448E+01
8.504324324324349E-01	1.329401458477973E+01
8.522132132132157E-01	1.325443714022636E+01
8.539939939939966E-01	1.321485969567299E+01
8.557747747747774E-01	1.317575908780098E+01
8.575555555555582E-01	1.313713531661033E+01
8.593363363363390E-01	1.309851154541969E+01
8.611171171171198E-01	1.305988777422905E+01
8.628978978979006E-01	1.302174083971977E+01
8.646786786786814E-01	1.298407074189186E+01
8.664594594594622E-01	1.294640064406395E+01
8.682402402402430E-01	1.290920738291740E+01
8.700210210210239E-01	1.287201412177086E+01
8.718018018018047E-01	1.283482086062431E+01
8.735825825825855E-01	1.279810443615913E+01
8.753633633633663E-01	1.276186484837532E+01
8.771441441441471E-01	1.272562526059151E+01
8.789249249249279E-01	1.268986250948906E+01
8.807057057057087E-01	1.265409975838661E+01
8.824864864864895E-01	1.261833700728416E+01
8.842672672672703E-01	1.258305109286308E+01
8.860480480480512E-01	1.254824201512336E+01
8.878288288288320E-01	1.251295610070229E+01
8.896096096096128E-01	1.247862385964394E+01
8.913903903903936E-01	1.244429161858558E+01
8.931711711711744E-01	1.240995937752724E+01
8.949519519519552E-01	1.237562713646889E+01
8.967327327327360E-01	1.234177173209190E+01
8.985135135135168E-01	1.230839316439629E+01
9.002942942942976E-01	1.227501459670066E+01
9.020750750750784E-01	1.224163602900505E+01
9.038558558558593E-01	1.220873429799080E+01
9.056366366366401E-01	1.217583256697655E+01
9.074174174174209E-01	1.214340767264366E+01
9.091981981982017E-01	1.211098277831077E+01
9.109789789789825E-01	1.207855788397789E+01
9.127597597597633E-01	1.204660982632637E+01
9.145405405405441E-01	1.201513860535621E+01
9.163213213213249E-01	1.198319054770469E+01
9.181021021021057E-01	1.195171932673454E+01
9.198828828828866E-01	1.192072494244575E+01
9.216636636636674E-01	1.188925372147560E+01
9.234444444444482E-01	1.185873617386818E+01
9.252252252252290E-01	1.182774178957939E+01
9.270060060060098E-01	1.179722424197197E+01
9.287867867867906E-01	1.176670669436455E+01
9.305675675675714E-01	1.173666598343849E+01
9.323483483483522E-01	1.170662527251243E+01
9.341291291291330E-01	1.167706139826775E+01
9.359099099099139E-01	1.164702068734169E+01
9.376906906906947E-01	1.161745681309700E+01
9.394714714714755E-01	1.158836977553367E+01
9.412522522522563E-01	1.155928273797035E+01
9.430330330330371E-01	1.153019570040703E+01
9.448138138138179E-01	1.150110866284370E+01
9.465945945945987E-01	1.147249846196175E+01
9.483753753753795E-01	1.144388826107979E+01
9.501561561561603E-01	1.141575489687920E+01
9.519369369369411E-01	1.138762153267860E+01
9.537177177177220E-01	1.135948816847801E+01
9.554984984985028E-01	1.133135480427742E+01
9.572792792792836E-01	1.130369827675819E+01
9.590600600600644E-01	1.127604174923897E+01
9.608408408408452E-01	1.124886205840111E+01
9.626216216216260E-01	1.122120553088188E+01
9.644024024024068E-01	1.119402584004402E+01
9.661831831831876E-01	1.116732298588753E+01
9.679639639639684E-01	1.114062013173103E+01
9.697447447447493E-01	1.111391727757454E+01
9.715255255255301E-01	1.108721442341804E+01
9.733063063063109E-01	1.106051156926155E+01
9.750870870870917E-01	1.103428555178642E+01
9.768678678678725E-01	1.100805953431129E+01
9.786486486486533E-01	1.098231035351753E+01
9.804294294294341E-01	1.095656117272377E+01
9.822102102102149E-01	1.093081199193000E+01
9.839909909909957E-01	1.090506281113624E+01
9.857717717717766E-01	1.087979046702385E+01
9.875525525525574E-01	1.085451812291145E+01
9.893333333333382E-01	1.082924577879906E+01
9.911141141141190E-01	1.080397343468666E+01
9.928948948948998E-01	1.077917792725563E+01
9.946756756756806E-01	1.075438241982460E+01
9.964564564564614E-01	1.072958691239357E+01
9.982372372372422E-01	1.070526824164390E+01
1.000018018018023E+00	1.068094957089424E+01
1.001798798798804E+00	1.065663090014458E+01
1.003579579579585E+00	1.063231222939491E+01
1.005360360360365E+00	1.060847039532661E+01
1.007141141141146E+00	1.058415172457695E+01
1.008921921921927E+00	1.056030989050865E+01
1.010702702702708E+00	1.053694489312172E+01
1.012483483483489E+00	1.051310305905342E+01
1.014264264264269E+00	1.048973806166649E+01
1.016045045045050E+00	1.046637306427955E+01
1.017825825825831E+00	1.044348490357399E+01
1.019606606606612E+00	1.042011990618706E+01
1.021387387387393E+00	1.039723174548149E+01
1.023168168168173E+00	1.037434358477593E+01
1.024948948948954E+00	1.035145542407036E+01
1.026729729729735E+00	1.032904410004616E+01
1.028510510510516E+00	1.030663277602196E+01
1.030291291291297E+00	1.028422145199776E+01
1.032072072072078E+00	1.026181012797356E+01
1.033852852852858E+00	1.023939880394936E+01
1.035633633633639E+00	1.021746431660652E+01
1.037414414414420E+00	1.019552982926369E+01
1.039195195195201E+00	1.017359534192085E+01
1.040975975975982E+00	1.015213769125938E+01
1.042756756756762E+00	1.013020320391655E+01
1.044537537537543E+00	1.010874555325508E+01
1.046318318318324E+00	1.008728790259361E+01
1.048099099099105E+00	1.006583025193214E+01
1.049879879879886E+00	1.004484943795204E+01
1.051660660660666E+00	1.002339178729057E+01
1.053441441441447E+00	1.000241097331047E+01
1.055222222222228E+00	9.981430159330365E+00
1.057003003003009E+00	9.960926182031631E+00
1.058783783783790E+00	9.939945368051529E+00
1.060564564564570E+00	9.919441390752791E+00
1.062345345345351E+00	9.898937413454053E+00
1.064126126126132E+00	9.878433436155319E+00
1.065906906906913E+00	9.857929458856582E+00
1.067687687687694E+00	9.837902318239209E+00
1.069468468468475E+00	9.817398340940475E+00
1.071249249249255E+00	9.797371200323106E+00
1.073030030030036E+00	9.777344059705737E+00
1.074810810810817E+00	9.757793755769729E+00
1.076591591591598E+00	9.737766615152360E+00
1.078372372372379E+00	9.718216311216356E+00
1.080153153153159E+00	9.698666007280348E+00
1.081933933933940E+00	9.679115703344344E+00
1.083714714714721E+00	9.659565399408340E+00
1.085495495495502E+00	9.640015095472336E+00
1.087276276276283E+00	9.620941628217697E+00
1.089057057057063E+00	9.601868160963061E+00
1.090837837837844E+00	9.582794693708422E+00
1.092618618618625E+00	9.563721226453783E+00
1.094399399399406E+00	9.544647759199144E+00
1.096180180180187E+00	9.526051128625870E+00
1.097960960960968E+00	9.506977661371231E+00
1.099741741741748E+00	9.488381030797957E+00
1.101522522522529E+00	9.469784400224686E+00
1.103303303303310E+00	9.451187769651412E+00
1.105084084084091E+00	9.433067975759506E+00
1.106864864864872E+00	9.414471345186232E+00
1.108645645645652E+00	9.396351551294327E+00
1.110426426426433E+00	9.378231757402418E+00
1.112207207207214E+00	9.360111963510512E+00
1.113987987987995E+00	9.341992169618603E+00
1.115768768768776E+00	9.324230003237723E+00
1.117549549549556E+00	9.306348627686502E+00
1.119330330330337E+00	9.288467252135275E+00
1.121111111111118E+00	9.270824294924735E+00
1.122891891891899E+00	9.253181337714194E+00
1.124672672672680E+00	9.235538380503655E+00
1.126453453453460E+00	9.218133841633797E+00
1.128234234234241E+00	9.200729302763937E+00
1.130015015015022E+00	9.183324763894079E+00
1.131795795795803E+00	9.166158643364907E+00
1.133576576576584E+00	9.148992522835732E+00
1.135357357357365E+00	9.131826402306556E+00
1.137138138138145E+00	9.114898700118063E+00
1.138918918918926E+00	9.097970997929572E+00
1.140699699699707E+00	9.081043295741079E+00
1.142480480480488E+00	9.064115593552588E+00
1.144261261261269E+00	9.047426309704781E+00
1.146042042042049E+00	9.030737025856970E+00
1.147822822822830E+00	9.014047742009161E+00
1.149603603603611E+00	8.997596876502035E+00
1.151384384384392E+00	8.981146010994911E+00
1.153165165165173E+00	8.964695145487784E+00
1.154945945945953E+00	8.948482698321341E+00
1.156726726726734E+00	8.932031832814214E+00
1.158507507507515E+00	8.916057803988457E+00
1.160288288288296E+00	8.899845356822013E+00
1.162069069069077E+00	8.883871327996252E+00
1.163849849849858E+00	8.867658880829811E+00
1.165630630630638E+00	8.851923270344734E+00
1.167411411411419E+00	8.835949241518973E+00
1.169192192192200E+00	8.820213631033896E+00
1.170972972972981E+00	8.804478020548821E+00
1.172753753753762E+00	8.788742410063742E+00
1.174534534534542E+00	8.773245217919348E+00
1.176315315315323E+00	8.757509607434271E+00
1.178096096096104E+00	8.742012415289880E+00
1.179876876876885E+00	8.726753641486168E+00
1.181657657657666E+00	8.711256449341773E+00
1.183438438438446E+00	8.695997675538065E+00
1.185219219219227E+00	8.680738901734353E+00
1.187000000000008E+00	8.665718546271323E+00
1.188780780780789E+00	8.650459772467615E+00
1.190561561561570E+00	8.635439417004585E+00
1.192342342342350E+00	8.620419061541556E+00
1.194123123123131E+00	8.605637124419212E+00
1.195903903903912E+00	8.590616768956185E+00
1.197684684684693E+00	8.575834831833840E+00
1.199465465465474E+00	8.561052894711496E+00
1.201246246246255E+00	8.546270957589149E+00
1.203027027027035E+00	8.531727438807486E+00
1.204807807807816E+00	8.517183920025827E+00
1.206588588588597E+00	8.502640401244163E+00
1.208369369369378E+00	8.488096882462502E+00
1.210150150150159E+00	8.473791782021520E+00
1.211930930930939E+00	8.459486681580545E+00
1.213711711711720E+00	8.445181581139563E+00
1.215492492492501E+00	8.430876480698585E+00
1.217273273273282E+00	8.416571380257606E+00
1.219054054054063E+00	8.402504698157310E+00
1.220834834834843E+00	8.388438016057012E+00
1.222615615615624E+00	8.374371333956718E+00
1.224396396396405E+00	8.360304651856422E+00
1.226177177177186E+00	8.346476388096809E+00
1.227957957957967E+00	8.332648124337195E+00
1.229738738738748E+00	8.318819860577582E+00
1.231519519519528E+00	8.304991596817972E+00
1.233300300300309E+00	8.291163333058357E+00
1.235081081081090E+00	8.277573487639426E+00
1.236861861861871E+00	8.263983642220497E+00
1.238642642642652E+00	8.250393796801566E+00
1.240423423423432E+00	8.237042369723321E+00
1.242204204204213E+00	8.223452524304390E+00
1.243984984984994E+00	8.210101097226143E+00
1.245765765765775E+00	8.196749670147897E+00
1.247546546546556E+00	8.183398243069648E+00
1.249327327327336E+00	8.170046815991400E+00
1.251108108108117E+00	8.156933807253838E+00
1.252888888888898E+00	8.143820798516272E+00
1.254669669669679E+00	8.130707789778709E+00
1.256450450450460E+00	8.117594781041145E+00
1.258231231231240E+00	8.104481772303579E+00
1.260012012012021E+00	8.091607181906701E+00
1.261792792792802E+00	8.078732591509818E+00
1.263573573573583E+00	8.065858001112938E+00
1.265354354354364E+00	8.052983410716056E+00
1.267135135135145E+00	8.040108820319174E+00
1.268915915915925E+00	8.027472648262977E+00
1.270696696696706E+00	8.014836476206778E+00
1.272477477477487E+00	8.002200304150580E+00
1.274258258258268E+00	7.989564132094383E+00
1.276039039039049E+00	7.976927960038184E+00
1.277819819819829E+00	7.964530206322669E+00
1.279600600600610E+00	7.952132452607154E+00
1.281381381381391E+00	7.939496280550957E+00
1.283162162162172E+00	7.927336945176123E+00
1.284942942942953E+00	7.914939191460608E+00
1.286723723723733E+00	7.902541437745093E+00
1.288504504504514E+00	7.890382102370262E+00
1.290285285285295E+00	7.878222766995430E+00
1.292066066066076E+00	7.866063431620598E+00
1.293846846846857E+00	7.853904096245765E+00
1.295627627627638E+00	7.841744760870935E+00
1.297408408408418E+00	7.829823843836785E+00
1.299189189189199E+00	7.817902926802635E+00
1.300969969969980E+00	7.805982009768485E+00
1.302750750750761E+00	7.794061092734337E+00
1.304531531531542E+00	7.782140175700187E+00
1.306312312312322E+00	7.770219258666039E+00
1.308093093093103E+00	7.758536759972571E+00
1.309873873873884E+00	7.746854261279106E+00
1.311654654654665E+00	7.735171762585640E+00
1.313435435435446E+00	7.723489263892175E+00
1.315216216216226E+00	7.711806765198707E+00
1.316996996997007E+00	7.700362684845924E+00
1.318777777777788E+00	7.688680186152459E+00
1.320558558558569E+00	7.677236105799675E+00
1.322339339339350E+00	7.665792025446892E+00
1.324120120120130E+00	7.654347945094107E+00
1.325900900900911E+00	7.642903864741324E+00
1.327681681681692E+00	7.631698202729224E+00
1.329462462462473E+00	7.620492540717125E+00
1.331243243243254E+00	7.609048460364342E+00
1.333024024024035E+00	7.597842798352241E+00
1.334804804804815E+00	7.586637136340141E+00
1.336585585585596E+00	7.575669892668724E+00
1.338366366366377E+00	7.564464230656624E+00
1.340147147147158E+00	7.553496986985206E+00
1.341927927927939E+00	7.542291324973107E+00
1.343708708708719E+00	7.531324081301689E+00
1.345489489489500E+00	7.520356837630272E+00
1.347270270270281E+00	7.509389593958854E+00
1.349051051051062E+00	7.498660768628120E+00
1.350831831831843E+00	7.487693524956702E+00
1.352612612612623E+00	7.476964699625968E+00
1.354393393393404E+00	7.466235874295235E+00
1.356174174174185E+00	7.455507048964501E+00
1.357954954954966E+00	7.444778223633765E+00
1.359735735735747E+00	7.434049398303031E+00
1.361516516516527E+00	7.423320572972298E+00
1.363297297297308E+00	7.412830165982246E+00
1.365078078078089E+00	7.402339758992195E+00
1.366858858858870E+00	7.391610933661461E+00
1.368639639639651E+00	7.381120526671410E+00
1.370420420420432E+00	7.370868538022041E+00
1.372201201201212E+00	7.360378131031990E+00
1.373981981981993E+00	7.349887724041938E+00
1.375762762762774E+00	7.339635735392569E+00
1.377543543543555E+00	7.329145328402520E+00
1.379324324324336E+00	7.318893339753149E+00
1.381105105105116E+00	7.308641351103782E+00
1.382885885885897E+00	7.298389362454413E+00
1.384666666666678E+00	7.288375792145729E+00
1.386447447447459E+00	7.278123803496362E+00
1.388228228228240E+00	7.267871814846993E+00
1.390009009009020E+00	7.257858244538307E+00
1.391789789789801E+00	7.247844674229622E+00
1.393570570570582E+00	7.237831103920936E+00
1.395351351351363E+00	7.227817533612251E+00
1.397132132132144E+00	7.217803963303567E+00
1.398912912912925E+00	7.207790392994882E+00
1.400693693693705E+00	7.198015241026878E+00
1.402474474474486E+00	7.188001670718194E+00
1.404255255255267E+00	7.178226518750192E+00
1.406036036036048E+00	7.168451366782188E+00
1.407816816816829E+00	7.158676214814186E+00
1.409597597597609E+00	7.148901062846184E+00
1.411378378378390E+00	7.139125910878182E+00
1.413159159159171E+00	7.129589177250862E+00
1.414939939939952E+00	7.119814025282860E+00
1.416720720720733E+00	7.110277291655541E+00
1.418501501501513E+00	7.100502139687537E+00
1.420282282282294E+00	7.090965406060217E+00
1.422063063063075E+00	7.081428672432899E+00
1.423843843843856E+00	7.071891938805580E+00
1.425624624624637E+00	7.062593623518945E+00
1.427405405405417E+00	7.053056889891625E+00
1.429186186186198E+00	7.043758574604988E+00
1.430966966966979E+00	7.034221840977668E+00
1.432747747747760E+00	7.024923525691033E+00
1.434528528528541E+00	7.015625210404396E+00
1.436309309309322E+00	7.006326895117761E+00
1.438090090090102E+00	6.997028579831124E+00
1.439870870870883E+00	6.987730264544487E+00
1.441651651651664E+00	6.978431949257850E+00
1.443432432432445E+00	6.969372052311897E+00
1.445213213213226E+00	6.960073737025260E+00
1.446993993994006E+00	6.951013840079307E+00
1.448774774774787E+00	6.941953943133353E+00
1.450555555555568E+00	6.932894046187400E+00
1.452336336336349E+00	6.923834149241447E+00
1.454117117117130E+00	6.914774252295494E+00
1.455897897897910E+00	6.905714355349540E+00
1.457678678678691E+00	6.896654458403587E+00
1.459459459459472E+00	6.887832979798317E+00
1.461240240240253E+00	6.879011501193046E+00
1.463021021021034E+00	6.869951604247094E+00
1.464801801801815E+00	6.861130125641822E+00
1.466582582582595E+00	6.852308647036553E+00
1.468363363363376E+00	6.843487168431283E+00
1.470144144144157E+00	6.834665689826013E+00
1.471924924924938E+00	6.825844211220740E+00
1.473705705705719E+00	6.817261150956153E+00
1.475486486486499E+00	6.808439672350882E+00
1.477267267267280E+00	6.799856612086296E+00
1.479048048048061E+00	6.791035133481026E+00
1.480828828828842E+00	6.782452073216438E+00
1.482609609609623E+00	6.773869012951851E+00
1.484390390390403E+00	6.765285952687265E+00
1.486171171171184E+00	6.756702892422677E+00
1.487951951951965E+00	6.748358250498772E+00
1.489732732732746E+00	6.739775190234184E+00
1.491513513513527E+00	6.731192129969598E+00
1.493294294294307E+00	6.722847488045693E+00
1.495075075075088E+00	6.714264427781105E+00
1.496855855855869E+00	6.705919785857201E+00
1.498636636636650E+00	6.697575143933296E+00
1.500417417417431E+00	6.689230502009393E+00
1.502198198198212E+00	6.680885860085487E+00
1.503978978978992E+00	6.672541218161584E+00
1.505759759759773E+00	6.664196576237678E+00
1.507540540540554E+00	6.656090352654456E+00
1.509321321321335E+00	6.647745710730552E+00
1.511102102102116E+00	6.639639487147331E+00
1.512882882882896E+00	6.631294845223426E+00
1.514663663663677E+00	6.623188621640205E+00
1.516444444444458E+00	6.615082398056984E+00
1.518225225225239E+00	6.606976174473763E+00
1.520006006006020E+00	6.598869950890540E+00
1.521786786786800E+00	6.590763727307319E+00
1.523567567567581E+00	6.582657503724098E+00
1.525348348348362E+00	6.574551280140877E+00
1.527129129129143E+00	6.566683474898339E+00
1.528909909909924E+00	6.558577251315118E+00
1.530690690690705E+00	6.550709446072579E+00
1.532471471471485E+00	6.542841640830041E+00
1.534252252252266E+00	6.534735417246818E+00
1.536033033033047E+00	6.526867612004279E+00
1.537813813813828E+00	6.518999806761743E+00
1.539594594594609E+00	6.511132001519202E+00
1.541375375375389E+00	6.503502614617346E+00
1.543156156156170E+00	6.495634809374808E+00
1.544936936936951E+00	6.487767004132271E+00
1.546717717717732E+00	6.480137617230415E+00
1.548498498498513E+00	6.472269811987877E+00
1.550279279279293E+00	6.464640425086021E+00
1.552060060060074E+00	6.456772619843482E+00
1.553840840840855E+00	6.449143232941626E+00
1.555621621621636E+00	6.441513846039770E+00
1.557402402402417E+00	6.433884459137916E+00
1.559183183183197E+00	6.426255072236060E+00
1.560963963963978E+00	6.418625685334204E+00
1.562744744744759E+00	6.410996298432350E+00
1.564525525525540E+00	6.403605329871178E+00
1.566306306306321E+00	6.395975942969322E+00
1.568087087087102E+00	6.388584974408150E+00
1.569867867867882E+00	6.380955587506294E+00
1.571648648648663E+00	6.373564618945121E+00
1.573429429429444E+00	6.366173650383949E+00
1.575210210210225E+00	6.358544263482093E+00
1.576990990991006E+00	6.351153294920922E+00
1.578771771771786E+00	6.343762326359748E+00
1.580552552552567E+00	6.336371357798576E+00
1.582333333333348E+00	6.329218807578087E+00
1.584114114114129E+00	6.321827839016914E+00
1.585894894894910E+00	6.314436870455742E+00
1.587675675675690E+00	6.307284320235253E+00
1.589456456456471E+00	6.299893351674081E+00
1.591237237237252E+00	6.292740801453590E+00
1.593018018018033E+00	6.285349832892418E+00
1.594798798798814E+00	6.278197282671929E+00
1.596579579579595E+00	6.271044732451440E+00
1.598360360360375E+00	6.263892182230949E+00
1.600141141141156E+00	6.256739632010461E+00
1.601921921921937E+00	6.249587081789970E+00
1.603702702702718E+00	6.242434531569481E+00
1.605483483483499E+00	6.235281981348992E+00
1.607264264264279E+00	6.228129431128503E+00
1.609045045045060E+00	6.221215299248694E+00
1.610825825825841E+00	6.214062749028207E+00
1.612606606606622E+00	6.207148617148400E+00
1.614387387387403E+00	6.199996066927911E+00
1.616168168168183E+00	6.193081935048104E+00
1.617948948948964E+00	6.186167803168297E+00
1.619729729729745E+00	6.179253671288489E+00
1.621510510510526E+00	6.172339539408684E+00
1.623291291291307E+00	6.165425407528877E+00
1.625072072072087E+00	6.158511275649071E+00
1.626852852852868E+00	6.151597143769264E+00
1.628633633633649E+00	6.144683011889457E+00
1.630414414414430E+00	6.137768880009650E+00
1.632195195195211E+00	6.131093166470528E+00
1.633975975975992E+00	6.124179034590721E+00
1.635756756756772E+00	6.117503321051599E+00
1.637537537537553E+00	6.110589189171790E+00
1.639318318318334E+00	6.103913475632668E+00
1.641099099099115E+00	6.097237762093544E+00
1.642879879879896E+00	6.090323630213737E+00
1.644660660660676E+00	6.083647916674614E+00
1.646441441441457E+00	6.076972203135490E+00
1.648222222222238E+00	6.070296489596368E+00
1.650003003003019E+00	6.063620776057244E+00
1.651783783783800E+00	6.056945062518119E+00
1.653564564564580E+00	6.050507767319679E+00
1.655345345345361E+00	6.043832053780555E+00
1.657126126126142E+00	6.037156340241431E+00
1.658906906906923E+00	6.030719045042993E+00
1.660687687687704E+00	6.024043331503869E+00
1.662468468468485E+00	6.017606036305429E+00
1.664249249249265E+00	6.011168741106987E+00
1.666030030030046E+00	6.004493027567863E+00
1.667810810810827E+00	5.998055732369423E+00
1.669591591591608E+00	5.991618437170983E+00
1.671372372372389E+00	5.985181141972541E+00
1.673153153153169E+00	5.978743846774101E+00
1.674933933933950E+00	5.972306551575659E+00
1.676714714714731E+00	5.965869256377220E+00
1.678495495495512E+00	5.959431961178780E+00
1.680276276276293E+00	5.952994665980338E+00
1.682057057057073E+00	5.946795789122582E+00
1.683837837837854E+00	5.940358493924141E+00
1.685618618618635E+00	5.934159617066383E+00
1.687399399399416E+00	5.927722321867943E+00
1.689180180180197E+00	5.921523445010186E+00
1.690960960960977E+00	5.915086149811744E+00
1.692741741741758E+00	5.908887272953987E+00
1.694522522522539E+00	5.902688396096229E+00
1.696303303303320E+00	5.896489519238472E+00
1.698084084084101E+00	5.890290642380714E+00
1.699864864864882E+00	5.884091765522957E+00
1.701645645645662E+00	5.877892888665199E+00
1.703426426426443E+00	5.871694011807442E+00
1.705207207207224E+00	5.865495134949684E+00
1.706987987988005E+00	5.859296258091927E+00
1.708768768768786E+00	5.853335799574852E+00
1.710549549549566E+00	5.847136922717095E+00
1.712330330330347E+00	5.840938045859337E+00
1.714111111111128E+00	5.834977587342262E+00
1.715891891891909E+00	5.828778710484505E+00
1.717672672672690E+00	5.822818251967430E+00
1.719453453453470E+00	5.816857793450355E+00
1.721234234234251E+00	5.810658916592597E+00
1.723015015015032E+00	5.804698458075524E+00
1.724795795795813E+00	5.798737999558449E+00
1.726576576576594E+00	5.792777541041374E+00
1.728357357357375E+00	5.786817082524299E+00
1.730138138138155E+00	5.780856624007226E+00
1.731918918918936E+00	5.774896165490150E+00
1.733699699699717E+00	5.768935706973076E+00
1.735480480480498E+00	5.762975248456002E+00
1.737261261261279E+00	5.757253208279611E+00
1.739042042042059E+00	5.751292749762536E+00
1.740822822822840E+00	5.745332291245461E+00
1.742603603603621E+00	5.739610251069069E+00
1.744384384384402E+00	5.733649792551994E+00
1.746165165165183E+00	5.727927752375603E+00
1.747945945945963E+00	5.721967293858528E+00
1.749726726726744E+00	5.716245253682137E+00
1.751507507507525E+00	5.710523213505745E+00
1.753288288288306E+00	5.704801173329354E+00
1.755069069069087E+00	5.699079133152962E+00
1.756849849849867E+00	5.693118674635887E+00
1.758630630630648E+00	5.687396634459496E+00
1.760411411411429E+00	5.681674594283104E+00
1.762192192192210E+00	5.676190972447396E+00
1.763972972972991E+00	5.670468932271003E+00
1.765753753753772E+00	5.664746892094612E+00
1.767534534534552E+00	5.659024851918220E+00
1.769315315315333E+00	5.653302811741829E+00
1.771096096096114E+00	5.647819189906119E+00
1.772876876876895E+00	5.642097149729729E+00
1.774657657657676E+00	5.636613527894019E+00
1.776438438438456E+00	5.630891487717628E+00
1.778219219219237E+00	5.625407865881920E+00
1.780000000000018E+00	5.619685825705529E+00
