# mass, entropy
0.000000000000000E+00	3.200685235871349E-01
4.004004004004004E-01	3.200683149285758E-01
8.008008008008008E-01	3.200676889520706E-01
1.201201201201201E+00	3.200666456551318E-01
1.601601601601602E+00	3.200651850336169E-01
2.002002002002002E+00	3.200633070817240E-01
2.402402402402402E+00	3.200610117919943E-01
2.802802802802803E+00	3.200582991553104E-01
3.203203203203203E+00	3.200551691608980E-01
3.603603603603603E+00	3.200516217963232E-01
4.004004004004003E+00	3.200476570474945E-01
4.404404404404404E+00	3.200432748986615E-01
4.804804804804804E+00	3.200384753324134E-01
5.205205205205204E+00	3.200332583296822E-01
5.605605605605605E+00	3.200276238697378E-01
6.006006006006005E+00	3.200215719301917E-01
6.406406406406405E+00	3.200151024869931E-01
6.806806806806805E+00	3.200082155144313E-01
7.207207207207206E+00	3.200009109851325E-01
7.607607607607606E+00	3.199931888700617E-01
8.008008008008007E+00	3.199850491385207E-01
8.408408408408407E+00	3.199764917581471E-01
8.808808808808807E+00	3.199675166949156E-01
9.209209209209208E+00	3.199581239131354E-01
9.609609609609608E+00	3.199483133754494E-01
1.001001001001001E+01	3.199380850428358E-01
1.041041041041041E+01	3.199274388746041E-01
1.081081081081081E+01	3.199163748283972E-01
1.121121121121121E+01	3.199048928601889E-01
1.161161161161161E+01	3.198929929242814E-01
1.201201201201201E+01	3.198806749733094E-01
1.241241241241241E+01	3.198679389582336E-01
1.281281281281281E+01	3.198547848283438E-01
1.321321321321321E+01	3.198412125312549E-01
1.361361361361361E+01	3.198272220129075E-01
1.401401401401401E+01	3.198128132175678E-01
1.441441441441441E+01	3.197979860878228E-01
1.481481481481481E+01	3.197827405645828E-01
1.521521521521521E+01	3.197670765870794E-01
1.561561561561561E+01	3.197509940928620E-01
1.601601601601601E+01	3.197344930178003E-01
1.641641641641641E+01	3.197175732960787E-01
1.681681681681681E+01	3.197002348602002E-01
1.721721721721721E+01	3.196824776409781E-01
1.761761761761761E+01	3.196643015675427E-01
1.801801801801802E+01	3.196457065673327E-01
1.841841841841842E+01	3.196266925660973E-01
1.881881881881882E+01	3.196072594878948E-01
1.921921921921922E+01	3.195874072550905E-01
1.961961961961962E+01	3.195671357883543E-01
2.002002002002002E+01	3.195464450066607E-01
2.042042042042042E+01	3.195253348272842E-01
2.082082082082082E+01	3.195038051658017E-01
2.122122122122122E+01	3.194818559360876E-01
2.162162162162162E+01	3.194594870503137E-01
2.202202202202202E+01	3.194366984189462E-01
2.242242242242242E+01	3.194134899507455E-01
2.282282282282282E+01	3.193898615527622E-01
2.322322322322322E+01	3.193658131303366E-01
2.362362362362362E+01	3.193413445870976E-01
2.402402402402402E+01	3.193164558249582E-01
2.442442442442442E+01	3.192911467441154E-01
2.482482482482482E+01	3.192654172430482E-01
2.522522522522522E+01	3.192392672185144E-01
2.562562562562562E+01	3.192126965655488E-01
2.602602602602602E+01	3.191857051774623E-01
2.642642642642642E+01	3.191582929458377E-01
2.682682682682682E+01	3.191304597605292E-01
2.722722722722722E+01	3.191022055096587E-01
2.762762762762762E+01	3.190735300796145E-01
2.802802802802802E+01	3.190444333550494E-01
2.842842842842842E+01	3.190149152188773E-01
2.882882882882882E+01	3.189849755522694E-01
2.922922922922922E+01	3.189546142346562E-01
2.962962962962962E+01	3.189238311437199E-01
3.003003003003002E+01	3.188926261553953E-01
3.043043043043042E+01	3.188609991438665E-01
3.083083083083082E+01	3.188289499815625E-01
3.123123123123122E+01	3.187964785391573E-01
3.163163163163162E+01	3.187635846855656E-01
3.203203203203203E+01	3.187302682879400E-01
3.243243243243243E+01	3.186965292116691E-01
3.283283283283283E+01	3.186623673203740E-01
3.323323323323323E+01	3.186277824759057E-01
3.363363363363363E+01	3.185927745383414E-01
3.403403403403403E+01	3.185573433659846E-01
3.443443443443443E+01	3.185214888153577E-01
3.483483483483483E+01	3.184852107412027E-01
3.523523523523523E+01	3.184485089964759E-01
3.563563563563563E+01	3.184113834323458E-01
3.603603603603603E+01	3.183738338981900E-01
3.643643643643643E+01	3.183358602415919E-01
3.683683683683683E+01	3.182974623083376E-01
3.723723723723723E+01	3.182586399424127E-01
3.763763763763763E+01	3.182193929859978E-01
3.803803803803803E+01	3.181797212794681E-01
3.843843843843843E+01	3.181396246613867E-01
3.883883883883883E+01	3.180991029685039E-01
3.923923923923923E+01	3.180581560357511E-01
3.963963963963963E+01	3.180167836962404E-01
4.004004004004003E+01	3.179749857812587E-01
4.044044044044043E+01	3.179327621202647E-01
4.084084084084083E+01	3.178901125408864E-01
4.124124124124123E+01	3.178470368689159E-01
4.164164164164163E+01	3.178035349283068E-01
4.204204204204203E+01	3.177596065411696E-01
4.244244244244243E+01	3.177152515277686E-01
4.284284284284283E+01	3.176704697065182E-01
4.324324324324323E+01	3.176252608939789E-01
4.364364364364364E+01	3.175796249048524E-01
4.404404404404404E+01	3.175335615519791E-01
4.444444444444444E+01	3.174870706463335E-01
4.484484484484484E+01	3.174401519970195E-01
4.524524524524524E+01	3.173928054112676E-01
4.564564564564564E+01	3.173450306944309E-01
4.604604604604604E+01	3.172968276499786E-01
4.644644644644644E+01	3.172481960794944E-01
4.684684684684684E+01	3.171991357826708E-01
4.724724724724724E+01	3.171496465573066E-01
4.764764764764764E+01	3.170997281992983E-01
4.804804804804804E+01	3.170493805026419E-01
4.844844844844844E+01	3.169986032594229E-01
4.884884884884884E+01	3.169473962598149E-01
4.924924924924924E+01	3.168957592920743E-01
4.964964964964964E+01	3.168436921425358E-01
5.005005005005004E+01	3.167911945956071E-01
5.045045045045044E+01	3.167382664337652E-01
5.085085085085084E+01	3.166849074375517E-01
5.125125125125124E+01	3.166311173855667E-01
5.165165165165164E+01	3.165768960544651E-01
5.205205205205204E+01	3.165222432189526E-01
5.245245245245244E+01	3.164617500513472E-01
5.285285285285284E+01	3.164116421237322E-01
5.325325325325324E+01	3.163556934036389E-01
5.365365365365364E+01	3.162993122583516E-01
5.405405405405404E+01	3.162424984527507E-01
5.445445445445444E+01	3.161852517497342E-01
5.485485485485484E+01	3.161275719102150E-01
5.525525525525524E+01	3.160694586931153E-01
5.565565565565564E+01	3.160109118553611E-01
5.605605605605604E+01	3.159519311518759E-01
5.645645645645644E+01	3.158925163355788E-01
5.685685685685684E+01	3.158326671573732E-01
5.725725725725724E+01	3.157723833661466E-01
5.765765765765764E+01	3.157116647087626E-01
5.805805805805804E+01	3.156505109300559E-01
5.845845845845844E+01	3.155889217728261E-01
5.885885885885885E+01	3.155268969778320E-01
5.925925925925925E+01	3.154644362837869E-01
5.965965965965965E+01	3.154015394273519E-01
6.006006006006005E+01	3.153382061431299E-01
6.046046046046045E+01	3.152744361636599E-01
6.086086086086085E+01	3.152102292194109E-01
6.126126126126125E+01	3.151455850387767E-01
6.166166166166165E+01	3.150805033480684E-01
6.206206206206205E+01	3.150149838715091E-01
6.246246246246245E+01	3.149490263312273E-01
6.286286286286285E+01	3.148826304472520E-01
6.326326326326325E+01	3.148157959375038E-01
6.366366366366365E+01	3.147485225177906E-01
6.406406406406406E+01	3.146808099018005E-01
6.446446446446446E+01	3.146126578010953E-01
6.486486486486486E+01	3.145440659251042E-01
6.526526526526526E+01	3.144750339811169E-01
6.566566566566566E+01	3.144055616742772E-01
6.606606606606606E+01	3.143356487075754E-01
6.646646646646646E+01	3.142652947818428E-01
6.686686686686686E+01	3.141944995957438E-01
6.726726726726726E+01	3.141232628457710E-01
6.766766766766766E+01	3.140515842262339E-01
6.806806806806806E+01	3.139794634292570E-01
6.846846846846846E+01	3.139069001447698E-01
6.886886886886886E+01	3.138338940604998E-01
6.926926926926926E+01	3.137604448619655E-01
6.966966966966966E+01	3.136865522324706E-01
7.007007007007006E+01	3.136122158530941E-01
7.047047047047046E+01	3.135374354026846E-01
7.087087087087086E+01	3.134622105578531E-01
7.127127127127126E+01	3.133865409929631E-01
7.167167167167166E+01	3.133104263801268E-01
7.207207207207206E+01	3.132338663891941E-01
7.247247247247246E+01	3.131568606877465E-01
7.287287287287286E+01	3.130794089410883E-01
7.327327327327326E+01	3.130015108122402E-01
7.367367367367366E+01	3.129231659619298E-01
7.407407407407406E+01	3.128443740485853E-01
7.447447447447446E+01	3.127651347283258E-01
7.487487487487486E+01	3.126854476549537E-01
7.527527527527526E+01	3.126053124799475E-01
7.567567567567566E+01	3.125247288524519E-01
7.607607607607606E+01	3.124436964192698E-01
7.647647647647646E+01	3.123622148248555E-01
7.687687687687686E+01	3.122802837113047E-01
7.727727727727726E+01	3.121979027183465E-01
7.767767767767766E+01	3.121150714833335E-01
7.807807807807806E+01	3.120317896412358E-01
7.847847847847846E+01	3.119480568246293E-01
7.887887887887887E+01	3.118638726636887E-01
7.927927927927927E+01	3.117792367861779E-01
7.967967967967967E+01	3.116941488174417E-01
8.008008008008007E+01	3.116086083803954E-01
8.048048048048047E+01	3.115226150955169E-01
8.088088088088087E+01	3.114361685808374E-01
8.128128128128127E+01	3.113492684519308E-01
8.168168168168167E+01	3.112619143219064E-01
8.208208208208207E+01	3.111741058013972E-01
8.248248248248247E+01	3.110858424985525E-01
8.288288288288287E+01	3.109971240190264E-01
8.328328328328327E+01	3.109079499659699E-01
8.368368368368367E+01	3.108183199400191E-01
8.408408408408407E+01	3.107282335392881E-01
8.448448448448447E+01	3.106376903593552E-01
8.488488488488487E+01	3.105466899932569E-01
8.528528528528527E+01	3.104552320314757E-01
8.568568568568567E+01	3.103633160619299E-01
8.608608608608607E+01	3.102709416699635E-01
8.648648648648647E+01	3.101781084383372E-01
8.688688688688687E+01	3.100848159472150E-01
8.728728728728727E+01	3.099910637741566E-01
8.768768768768767E+01	3.098968514941061E-01
8.808808808808807E+01	3.098021786793795E-01
8.848848848848847E+01	3.097070448996562E-01
8.888888888888887E+01	3.096114497219669E-01
8.928928928928927E+01	3.095153927106833E-01
8.968968968968967E+01	3.094188734275063E-01
9.009009009009007E+01	3.093218914314554E-01
9.049049049049047E+01	3.092244462788570E-01
9.089089089089087E+01	3.091265375233342E-01
9.129129129129127E+01	3.090281647157930E-01
9.169169169169167E+01	3.089293274044143E-01
9.209209209209207E+01	3.088300251346386E-01
9.249249249249247E+01	3.087302574491570E-01
9.289289289289287E+01	3.086300238878979E-01
9.329329329329327E+01	3.085293239880159E-01
9.369369369369367E+01	3.084281572838795E-01
9.409409409409407E+01	3.083265233070589E-01
9.449449449449448E+01	3.082244215863131E-01
9.489489489489488E+01	3.081218516475801E-01
9.529529529529528E+01	3.080188130139618E-01
9.569569569569568E+01	3.079153052057117E-01
9.609609609609608E+01	3.078113277402249E-01
9.649649649649648E+01	3.077068801320216E-01
9.689689689689688E+01	3.076019618927384E-01
9.729729729729728E+01	3.074965725311115E-01
9.769769769769768E+01	3.073907115529657E-01
9.809809809809808E+01	3.072843784612015E-01
9.849849849849848E+01	3.071775727557812E-01
9.889889889889888E+01	3.070702939337157E-01
9.929929929929928E+01	3.069625414890504E-01
9.969969969969968E+01	3.068543149128531E-01
1.001001001001001E+02	3.067456136931991E-01
1.005005005005005E+02	3.066364373151575E-01
1.009009009009009E+02	3.065267852607779E-01
1.013013013013013E+02	3.064166570090759E-01
1.017017017017017E+02	3.063060520360188E-01
1.021021021021021E+02	3.061949698145121E-01
1.025025025025025E+02	3.060834098143845E-01
1.029029029029029E+02	3.059713715023728E-01
1.033033033033033E+02	3.058588543421089E-01
1.037037037037037E+02	3.057458577941043E-01
1.041041041041041E+02	3.056323813157340E-01
1.045045045045045E+02	3.055184243612235E-01
1.049049049049049E+02	3.054039863816322E-01
1.053053053053053E+02	3.052890668248395E-01
1.057057057057057E+02	3.051736651355284E-01
1.061061061061061E+02	3.050577807551699E-01
1.065065065065065E+02	3.049414131220082E-01
1.069069069069069E+02	3.048245616710444E-01
1.073073073073073E+02	3.047072258340207E-01
1.077077077077077E+02	3.045894050394046E-01
1.081081081081081E+02	3.044710987123728E-01
1.085085085085085E+02	3.043523062747938E-01
1.089089089089089E+02	3.042330271452133E-01
1.093093093093093E+02	3.041132607388362E-01
1.097097097097097E+02	3.039930064675109E-01
1.101101101101101E+02	3.038722637397114E-01
1.105105105105105E+02	3.037510319605216E-01
1.109109109109109E+02	3.036293105316167E-01
1.113113113113113E+02	3.035070988512475E-01
1.117117117117117E+02	3.033843963142217E-01
1.121121121121121E+02	3.032612023118870E-01
1.125125125125125E+02	3.031375162321132E-01
1.129129129129129E+02	3.030133374592744E-01
1.133133133133133E+02	3.028886653742316E-01
1.137137137137137E+02	3.027634993543130E-01
1.141141141141141E+02	3.026346720099640E-01
1.145145145145145E+02	3.025116830013935E-01
1.149149149149149E+02	3.023850314052252E-01
1.153153153153153E+02	3.022578833478086E-01
1.157157157157157E+02	3.021302381885350E-01
1.161161161161161E+02	3.020020952831516E-01
1.165165165165165E+02	3.018734539837435E-01
1.169169169169169E+02	3.017443136387114E-01
1.173173173173173E+02	3.016146735927543E-01
1.177177177177177E+02	3.014845331868492E-01
1.181181181181181E+02	3.013538917582307E-01
1.185185185185185E+02	3.012227486403716E-01
1.189189189189189E+02	3.010911031629622E-01
1.193193193193193E+02	3.009589546518898E-01
1.197197197197197E+02	3.008263024292185E-01
1.201201201201201E+02	3.006931458131674E-01
1.205205205205205E+02	3.005594841180912E-01
1.209209209209209E+02	3.004253166544575E-01
1.213213213213213E+02	3.002906427288270E-01
1.217217217217217E+02	3.001554616438298E-01
1.221221221221221E+02	3.000197726981461E-01
1.225225225225225E+02	2.998835751864826E-01
1.229229229229229E+02	2.997468683995513E-01
1.233233233233233E+02	2.996096516240466E-01
1.237237237237237E+02	2.994719241426239E-01
1.241241241241241E+02	2.993336852338748E-01
1.245245245245245E+02	2.991949341723067E-01
1.249249249249249E+02	2.990556702283186E-01
1.253253253253253E+02	2.989158926681771E-01
1.257257257257257E+02	2.987756007539946E-01
1.261261261261261E+02	2.986347937437039E-01
1.265265265265265E+02	2.984934708910356E-01
1.269269269269269E+02	2.983516314454930E-01
1.273273273273273E+02	2.982092746523293E-01
1.277277277277277E+02	2.980663997525212E-01
1.281281281281281E+02	2.979230059827443E-01
1.285285285285285E+02	2.977790925753514E-01
1.289289289289289E+02	2.976346587583421E-01
1.293293293293293E+02	2.974897037553410E-01
1.297297297297297E+02	2.973442267855721E-01
1.301301301301301E+02	2.971982270638311E-01
1.305305305305305E+02	2.970517038004597E-01
1.309309309309309E+02	2.969046562013209E-01
1.313313313313313E+02	2.967570834677703E-01
1.317317317317317E+02	2.966089847966313E-01
1.321321321321321E+02	2.964603593801663E-01
1.325325325325325E+02	2.963112064060505E-01
1.329329329329329E+02	2.961615250573440E-01
1.333333333333333E+02	2.960113145124642E-01
1.337337337337337E+02	2.958605739451576E-01
1.341341341341341E+02	2.957093025244716E-01
1.345345345345345E+02	2.955574994147260E-01
1.349349349349349E+02	2.954051637754845E-01
1.353353353353353E+02	2.952522947615245E-01
1.357357357357357E+02	2.950988915228091E-01
1.361361361361361E+02	2.949449532044578E-01
1.365365365365365E+02	2.947904789467142E-01
1.369369369369369E+02	2.946354678849188E-01
1.373373373373373E+02	2.944799191494773E-01
1.377377377377377E+02	2.943238318658288E-01
1.381381381381381E+02	2.941672051544175E-01
1.385385385385385E+02	2.940100381306592E-01
1.389389389389389E+02	2.938523299049102E-01
1.393393393393393E+02	2.936940795824362E-01
1.397397397397397E+02	2.935352862633797E-01
1.401401401401401E+02	2.933759490427276E-01
1.405405405405405E+02	2.932160670102782E-01
1.409409409409409E+02	2.930556392506085E-01
1.413413413413413E+02	2.928946648430415E-01
1.417417417417417E+02	2.927331428616113E-01
1.421421421421421E+02	2.925710723750294E-01
1.425425425425425E+02	2.924084524466516E-01
1.429429429429429E+02	2.922452821344414E-01
1.433433433433433E+02	2.920815604909373E-01
1.437437437437437E+02	2.919172865632155E-01
1.441441441441441E+02	2.917524593928559E-01
1.445445445445445E+02	2.915870780159053E-01
1.449449449449449E+02	2.914211414628410E-01
1.453453453453453E+02	2.912546487585346E-01
1.457457457457457E+02	2.910875989222151E-01
1.461461461461461E+02	2.909199909674317E-01
1.465465465465465E+02	2.907518239020150E-01
1.469469469469469E+02	2.905830967280407E-01
1.473473473473473E+02	2.904138084417896E-01
1.477477477477477E+02	2.902439580337103E-01
1.481481481481481E+02	2.900735444883784E-01
1.485485485485485E+02	2.899025667844577E-01
1.489489489489489E+02	2.897310238946616E-01
1.493493493493493E+02	2.895589147857109E-01
1.497497497497497E+02	2.893862384182938E-01
1.501501501501501E+02	2.892129937470246E-01
1.505505505505505E+02	2.890391797204037E-01
1.509509509509509E+02	2.888647952807726E-01
1.513513513513513E+02	2.886898393642750E-01
1.517517517517517E+02	2.885143109008123E-01
1.521521521521521E+02	2.883382088140000E-01
1.525525525525525E+02	2.881615320211253E-01
1.529529529529529E+02	2.879842794331031E-01
1.533533533533533E+02	2.878064499544299E-01
1.537537537537537E+02	2.876280424831420E-01
1.541541541541541E+02	2.874490559107662E-01
1.545545545545545E+02	2.872694891222778E-01
1.549549549549549E+02	2.870893409960518E-01
1.553553553553553E+02	2.869086104038173E-01
1.557557557557557E+02	2.867272962106105E-01
1.561561561561561E+02	2.865453972747264E-01
1.565565565565565E+02	2.863629124476711E-01
1.569569569569569E+02	2.861798405741127E-01
1.573573573573573E+02	2.859961804918328E-01
1.577577577577577E+02	2.858119310316771E-01
1.581581581581581E+02	2.856270910175043E-01
1.585585585585585E+02	2.854416592661364E-01
1.589589589589589E+02	2.852556345873065E-01
1.593593593593593E+02	2.850690157836091E-01
1.597597597597597E+02	2.848818016504456E-01
1.601601601601601E+02	2.846939909759725E-01
1.605605605605605E+02	2.845055825410492E-01
1.609609609609609E+02	2.843165751191826E-01
1.613613613613613E+02	2.841269674764731E-01
1.617617617617617E+02	2.839367583715606E-01
1.621621621621621E+02	2.837459465555669E-01
1.625625625625625E+02	2.835545307720430E-01
1.629629629629629E+02	2.833625097569082E-01
1.633633633633633E+02	2.831698822383962E-01
1.637637637637637E+02	2.829766469369955E-01
1.641641641641641E+02	2.827828025653915E-01
1.645645645645645E+02	2.825883478284069E-01
1.649649649649649E+02	2.823932814229426E-01
1.653653653653653E+02	2.821976020379167E-01
1.657657657657657E+02	2.820013083542033E-01
1.661661661661661E+02	2.818043990445724E-01
1.665665665665665E+02	2.816068727736247E-01
1.669669669669669E+02	2.814087281977319E-01
1.673673673673673E+02	2.812099639649699E-01
1.677677677677677E+02	2.810105787150563E-01
1.681681681681681E+02	2.808105710792853E-01
1.685685685685685E+02	2.806099396804607E-01
1.689689689689689E+02	2.804086831328307E-01
1.693693693693693E+02	2.802068000420194E-01
1.697697697697697E+02	2.800042890049599E-01
1.701701701701701E+02	2.798011486098249E-01
1.705705705705705E+02	2.795973774359580E-01
1.709709709709709E+02	2.793929740538016E-01
1.713713713713713E+02	2.791879370248287E-01
1.717717717717717E+02	2.789822649014683E-01
1.721721721721721E+02	2.787759562270348E-01
1.725725725725725E+02	2.785690095356530E-01
1.729729729729729E+02	2.783614233521856E-01
1.733733733733733E+02	2.781531961921558E-01
1.737737737737737E+02	2.779443265616737E-01
1.741741741741741E+02	2.777348129573581E-01
1.745745745745745E+02	2.775246538662594E-01
1.749749749749749E+02	2.773138477657799E-01
1.753753753753753E+02	2.771023931235970E-01
1.757757757757757E+02	2.768902883975792E-01
1.761761761761761E+02	2.766775320357086E-01
1.765765765765765E+02	2.764641224759957E-01
1.769769769769769E+02	2.762500581463975E-01
1.773773773773773E+02	2.760353374647332E-01
1.777777777777777E+02	2.758199588386002E-01
1.781781781781781E+02	2.756039206652856E-01
1.785785785785785E+02	2.753872213316816E-01
1.789789789789789E+02	2.751698592141958E-01
1.793793793793793E+02	2.749518326786626E-01
1.797797797797797E+02	2.747331400802532E-01
1.801801801801801E+02	2.745129724335483E-01
1.805805805805805E+02	2.742937500616238E-01
1.809809809809809E+02	2.740730492976025E-01
1.813813813813813E+02	2.738516757829139E-01
1.817817817817817E+02	2.736296278180209E-01
1.821821821821821E+02	2.734069036921601E-01
1.825825825825825E+02	2.731835016832415E-01
1.829829829829829E+02	2.729594200577515E-01
1.833833833833833E+02	2.727346570706510E-01
1.837837837837837E+02	2.725092109652745E-01
1.841841841841841E+02	2.722830799732275E-01
1.845845845845845E+02	2.720562623142811E-01
1.849849849849849E+02	2.718287561962689E-01
1.853853853853853E+02	2.716005598149788E-01
1.857857857857857E+02	2.713716713540448E-01
1.861861861861861E+02	2.711420889848388E-01
1.865865865865865E+02	2.709118108663597E-01
1.869869869869869E+02	2.706808351451204E-01
1.873873873873873E+02	2.704491599550363E-01
1.877877877877877E+02	2.702167834173081E-01
1.881881881881881E+02	2.699837036403079E-01
1.885885885885886E+02	2.697499187194591E-01
1.889889889889890E+02	2.695154267371194E-01
1.893893893893894E+02	2.692802257624590E-01
1.897897897897898E+02	2.690443138513380E-01
1.901901901901902E+02	2.688076890461835E-01
1.905905905905906E+02	2.685703493758628E-01
1.909909909909910E+02	2.683322928555582E-01
1.913913913913914E+02	2.680935174866368E-01
1.917917917917918E+02	2.678540212565213E-01
1.921921921921922E+02	2.676138021385568E-01
1.925925925925926E+02	2.673728580918784E-01
1.929929929929930E+02	2.671311870612746E-01
1.933933933933934E+02	2.668887869770507E-01
1.937937937937938E+02	2.666456557548893E-01
1.941941941941942E+02	2.664017912957101E-01
1.945945945945946E+02	2.661571914855265E-01
1.949949949949950E+02	2.659118541953008E-01
1.953953953953954E+02	2.656657772807986E-01
1.957957957957958E+02	2.654189585824394E-01
1.961961961961962E+02	2.651713959251464E-01
1.965965965965966E+02	2.649230871181938E-01
1.969969969969970E+02	2.646740299550523E-01
1.973973973973974E+02	2.644242222132323E-01
1.977977977977978E+02	2.641736616541250E-01
1.981981981981982E+02	2.639223460228422E-01
1.985985985985986E+02	2.636702730480519E-01
1.989989989989990E+02	2.634174404418134E-01
1.993993993993994E+02	2.631638458994098E-01
1.997997997997998E+02	2.629094870991776E-01
2.002002002002002E+02	2.626543617023346E-01
2.006006006006006E+02	2.623984673528048E-01
2.010010010010010E+02	2.621418016770408E-01
2.014014014014014E+02	2.618843622838457E-01
2.018018018018018E+02	2.616261467641888E-01
2.022022022022022E+02	2.613671526910217E-01
2.026026026026026E+02	2.611073776190916E-01
2.030030030030030E+02	2.608468190847495E-01
2.034034034034034E+02	2.605854746057590E-01
2.038038038038038E+02	2.603233416810993E-01
2.042042042042042E+02	2.600604177907681E-01
2.046046046046046E+02	2.597967003955798E-01
2.050050050050050E+02	2.595321869369609E-01
2.054054054054054E+02	2.592668748367437E-01
2.058058058058058E+02	2.590007614969553E-01
2.062062062062062E+02	2.587338442996054E-01
2.066066066066066E+02	2.584661206064690E-01
2.070070070070070E+02	2.581975877588675E-01
2.074074074074074E+02	2.579282430774455E-01
2.078078078078078E+02	2.576580838619452E-01
2.082082082082082E+02	2.573871073909764E-01
2.086086086086086E+02	2.571153109217846E-01
2.090090090090090E+02	2.568426916900134E-01
2.094094094094094E+02	2.565692469094658E-01
2.098098098098098E+02	2.562949737718596E-01
2.102102102102102E+02	2.560198694465814E-01
2.106106106106106E+02	2.557439310804345E-01
2.110110110110110E+02	2.554671557973853E-01
2.114114114114114E+02	2.551895406983031E-01
2.118118118118118E+02	2.549110828606997E-01
2.122122122122122E+02	2.546317793384600E-01
2.126126126126126E+02	2.543516271615740E-01
2.130130130130130E+02	2.540706233358592E-01
2.134134134134134E+02	2.537887648426838E-01
2.138138138138138E+02	2.535060486386811E-01
2.142142142142142E+02	2.532224716554627E-01
2.146146146146146E+02	2.529380307993248E-01
2.150150150150150E+02	2.526527229509525E-01
2.154154154154154E+02	2.523665449651165E-01
2.158158158158158E+02	2.520794936703672E-01
2.162162162162162E+02	2.517915658687230E-01
2.166166166166166E+02	2.515027583353533E-01
2.170170170170170E+02	2.512130678182574E-01
2.174174174174174E+02	2.509224910379377E-01
2.178178178178178E+02	2.506310246870670E-01
2.182182182182182E+02	2.503386654301525E-01
2.186186186186186E+02	2.500454099031902E-01
2.190190190190190E+02	2.497512547133195E-01
2.194194194194194E+02	2.494561964384670E-01
2.198198198198198E+02	2.491602316269869E-01
2.202202202202202E+02	2.488633567972951E-01
2.206206206206206E+02	2.485655684374973E-01
2.210210210210210E+02	2.482668630050106E-01
2.214214214214214E+02	2.479672369261796E-01
2.218218218218218E+02	2.476666865958846E-01
2.222222222222222E+02	2.473652083771449E-01
2.226226226226226E+02	2.470627986007146E-01
2.230230230230230E+02	2.467594535646721E-01
2.234234234234234E+02	2.464551695340010E-01
2.238238238238238E+02	2.461499427401667E-01
2.242242242242242E+02	2.458436440762478E-01
2.246246246246246E+02	2.455366456186759E-01
2.250250250250250E+02	2.452285675824303E-01
2.254254254254254E+02	2.449195313649415E-01
2.258258258258258E+02	2.446095330234500E-01
2.262262262262262E+02	2.442985685789717E-01
2.266266266266266E+02	2.439866340158183E-01
2.270270270270270E+02	2.436737252811127E-01
2.274274274274274E+02	2.433598382842911E-01
2.278278278278278E+02	2.430449688966007E-01
2.282282282282282E+02	2.427291129505867E-01
2.286286286286286E+02	2.424122662395698E-01
2.290290290290290E+02	2.420944245171164E-01
2.294294294294294E+02	2.417755834964972E-01
2.298298298298298E+02	2.414557388501382E-01
2.302302302302302E+02	2.411348862090604E-01
2.306306306306306E+02	2.408130211623112E-01
2.310310310310310E+02	2.404901392563830E-01
2.314314314314314E+02	2.401662359946255E-01
2.318318318318318E+02	2.398413068366430E-01
2.322322322322322E+02	2.395153471976843E-01
2.326326326326326E+02	2.391883524480194E-01
2.330330330330330E+02	2.388603179123064E-01
2.334334334334334E+02	2.385312388689464E-01
2.338338338338338E+02	2.382011105494266E-01
2.342342342342342E+02	2.378699281376511E-01
2.346346346346346E+02	2.375376867692607E-01
2.350350350350350E+02	2.372043815309390E-01
2.354354354354354E+02	2.368700074597072E-01
2.358358358358358E+02	2.365345595422039E-01
2.362362362362362E+02	2.361980327139536E-01
2.366366366366366E+02	2.358604218586214E-01
2.370370370370370E+02	2.355217218072529E-01
2.374374374374374E+02	2.351819273375009E-01
2.378378378378378E+02	2.348410331728383E-01
2.382382382382382E+02	2.344990339817544E-01
2.386386386386386E+02	2.341559243769389E-01
2.390390390390390E+02	2.338116989144489E-01
2.394394394394394E+02	2.334663520928603E-01
2.398398398398398E+02	2.331198783524049E-01
2.402402402402402E+02	2.327722720740900E-01
2.406406406406406E+02	2.324235275788012E-01
2.410410410410410E+02	2.320736391263899E-01
2.414414414414414E+02	2.317226009147428E-01
2.418418418418418E+02	2.313703674907615E-01
2.422422422422422E+02	2.310170516897552E-01
2.426426426426426E+02	2.306625287537403E-01
2.430430430430430E+02	2.303068322111540E-01
2.434434434434434E+02	2.299499559354743E-01
2.438438438438438E+02	2.295918937322507E-01
2.442442442442442E+02	2.292326393380435E-01
2.446446446446446E+02	2.288721864193430E-01
2.450450450450450E+02	2.285105285714678E-01
2.454454454454454E+02	2.281476593174429E-01
2.458458458458458E+02	2.277835721068558E-01
2.462462462462462E+02	2.274182603146913E-01
2.466466466466466E+02	2.270517172401437E-01
2.470470470470470E+02	2.266839361054066E-01
2.474474474474474E+02	2.263149100544401E-01
2.478478478478478E+02	2.259446321517133E-01
2.482482482482482E+02	2.255730953809245E-01
2.486486486486486E+02	2.252002926436951E-01
2.490490490490490E+02	2.248262167582407E-01
2.494494494494494E+02	2.244508604580142E-01
2.498498498498498E+02	2.240742163903270E-01
2.502502502502502E+02	2.236962771149388E-01
2.506506506506506E+02	2.233170351026249E-01
2.510510510510510E+02	2.229364827337146E-01
2.514514514514514E+02	2.225546122966008E-01
2.518518518518518E+02	2.221714159862236E-01
2.522522522522522E+02	2.217868859025218E-01
2.526526526526526E+02	2.214010140488589E-01
2.530530530530530E+02	2.210137923304157E-01
2.534534534534534E+02	2.206252125525547E-01
2.538538538538538E+02	2.202352664191528E-01
2.542542542542542E+02	2.198439455309022E-01
2.546546546546546E+02	2.194512413835794E-01
2.550550550550550E+02	2.190571453662822E-01
2.554554554554554E+02	2.186616487596325E-01
2.558558558558558E+02	2.182647427339468E-01
2.562562562562562E+02	2.178664183473698E-01
2.566566566566567E+02	2.174666665439764E-01
2.570570570570571E+02	2.170654781518360E-01
2.574574574574575E+02	2.166628336167453E-01
2.578578578578579E+02	2.162587449543544E-01
2.582582582582584E+02	2.158531999418969E-01
2.586586586586588E+02	2.154461710855957E-01
2.590590590590592E+02	2.150376579705344E-01
2.594594594594597E+02	2.146276506860579E-01
2.598598598598601E+02	2.142161391909200E-01
2.602602602602605E+02	2.138031133110442E-01
2.606606606606609E+02	2.133885627372445E-01
2.610610610610614E+02	2.129724770229040E-01
2.614614614614618E+02	2.125548455816126E-01
2.618618618618622E+02	2.121356576847621E-01
2.622622622622627E+02	2.117149024590991E-01
2.626626626626631E+02	2.112925688842332E-01
2.630630630630635E+02	2.108686457901028E-01
2.634634634634639E+02	2.104431218543964E-01
2.638638638638644E+02	2.100159855999276E-01
2.642642642642648E+02	2.095872253919667E-01
2.646646646646652E+02	2.091568294355252E-01
2.650650650650657E+02	2.087247857725945E-01
2.654654654654661E+02	2.082910822793379E-01
2.658658658658665E+02	2.078557066632351E-01
2.662662662662669E+02	2.074186464601802E-01
2.666666666666674E+02	2.069798890315300E-01
2.670670670670678E+02	2.065394215611065E-01
2.674674674674682E+02	2.060972310521484E-01
2.678678678678687E+02	2.056533043242158E-01
2.682682682682691E+02	2.052076280100446E-01
2.686686686686695E+02	2.047601885523517E-01
2.690690690690699E+02	2.043109722005921E-01
2.694694694694704E+02	2.038599650076644E-01
2.698698698698708E+02	2.034071528265681E-01
2.702702702702712E+02	2.029525213070106E-01
2.706706706706717E+02	2.024960558919649E-01
2.710710710710721E+02	2.020377395935355E-01
2.714714714714725E+02	2.015775620530662E-01
2.718718718718729E+02	2.011155057298738E-01
2.722722722722734E+02	2.006515567037109E-01
2.726726726726738E+02	2.001856959728994E-01
2.730730730730742E+02	1.997179094640051E-01
2.734734734734747E+02	1.992481810723277E-01
2.738738738738751E+02	1.987764944571267E-01
2.742742742742755E+02	1.983028330377432E-01
2.746746746746759E+02	1.978271799896752E-01
2.750750750750764E+02	1.973495182406100E-01
2.754754754754768E+02	1.968698304664107E-01
2.758758758758772E+02	1.963880990870611E-01
2.762762762762777E+02	1.959043062625692E-01
2.766766766766781E+02	1.954184338888295E-01
2.770770770770785E+02	1.949304635934483E-01
2.774774774774789E+02	1.944403767315301E-01
2.778778778778794E+02	1.939481543814305E-01
2.782782782782798E+02	1.934537773404749E-01
2.786786786786802E+02	1.929572261206462E-01
2.790790790790807E+02	1.924584809442449E-01
2.794794794794811E+02	1.919575217395207E-01
2.798798798798815E+02	1.914543281362829E-01
2.802802802802819E+02	1.909488794614892E-01
2.806806806806824E+02	1.904411547348172E-01
2.810810810810828E+02	1.899311326642215E-01
2.814814814814832E+02	1.894187916414815E-01
2.818818818818837E+02	1.889041097377420E-01
2.822822822822841E+02	1.883870646990513E-01
2.826826826826845E+02	1.878676335704797E-01
2.830830830830849E+02	1.873457941801780E-01
2.834834834834854E+02	1.868215229147774E-01
2.838838838838858E+02	1.862947961725591E-01
2.842842842842862E+02	1.857655900041901E-01
2.846846846846867E+02	1.852338801085443E-01
2.850850850850871E+02	1.846996418285501E-01
2.854854854854875E+02	1.841628501470618E-01
2.858858858858879E+02	1.836234797357918E-01
2.862862862862884E+02	1.830815046892303E-01
2.866866866866888E+02	1.825368989948035E-01
2.870870870870892E+02	1.819896361557230E-01
2.874874874874897E+02	1.814396892944112E-01
2.878878878878901E+02	1.808870311486403E-01
2.882882882882905E+02	1.803316340677784E-01
2.886886886886909E+02	1.797734700091522E-01
2.890890890890914E+02	1.792125105345347E-01
2.894894894894918E+02	1.786487268067767E-01
2.898898898898922E+02	1.780820895865883E-01
2.902902902902927E+02	1.775125692294886E-01
2.906906906906931E+02	1.769401356829362E-01
2.910910910910935E+02	1.763647584836553E-01
2.914914914914939E+02	1.757864067551749E-01
2.918918918918944E+02	1.752050492055958E-01
2.922922922922948E+02	1.746206541119361E-01
2.926926926926952E+02	1.740331893606588E-01
2.930930930930957E+02	1.734426224048201E-01
2.934934934934961E+02	1.728489202737321E-01
2.938938938938965E+02	1.722520495740048E-01
2.942942942942969E+02	1.716519764891243E-01
2.946946946946974E+02	1.710486667794104E-01
2.950950950950978E+02	1.704420857823712E-01
2.954954954954982E+02	1.698321984134812E-01
2.958958958958987E+02	1.692189691674067E-01
2.962962962962991E+02	1.686023621197042E-01
2.966966966966995E+02	1.679823409290203E-01
2.970970970970999E+02	1.673588688398239E-01
2.974974974975004E+02	1.667319086857028E-01
2.978978978979008E+02	1.661014228932584E-01
2.982982982983012E+02	1.654673734866337E-01
2.986986986987017E+02	1.648297220927145E-01
2.990990990991021E+02	1.641884299470423E-01
2.994994994995025E+02	1.635434579004790E-01
2.998998998999029E+02	1.628947664266706E-01
3.003003003003034E+02	1.622423156303490E-01
3.007007007007038E+02	1.615860652565240E-01
3.011011011011042E+02	1.609259747006088E-01
3.015015015015047E+02	1.602620030195321E-01
3.019019019019051E+02	1.595941089438848E-01
3.023023023023055E+02	1.589222508911573E-01
3.027027027027059E+02	1.582463869801194E-01
3.031031031031064E+02	1.575664750464004E-01
3.035035035035068E+02	1.568824726593272E-01
3.039039039039072E+02	1.561943371400807E-01
3.043043043043077E+02	1.555020255812328E-01
3.047047047047081E+02	1.548054948677274E-01
3.051051051051085E+02	1.541047016993729E-01
3.055055055055089E+02	1.533996026149149E-01
3.059059059059094E+02	1.526901540177574E-01
3.063063063063098E+02	1.519763122034087E-01
3.067067067067102E+02	1.512580333887260E-01
3.071071071071107E+02	1.505352737430340E-01
3.075075075075111E+02	1.498079894212002E-01
3.079079079079115E+02	1.490761365987455E-01
3.083083083083120E+02	1.483396715090758E-01
3.087087087087124E+02	1.475985504829170E-01
3.091091091091128E+02	1.468527299900431E-01
3.095095095095132E+02	1.461021666833836E-01
3.099099099099137E+02	1.453468174456022E-01
3.103103103103141E+02	1.445866394382355E-01
3.107107107107145E+02	1.438215901534870E-01
3.111111111111150E+02	1.430516274687661E-01
3.115115115115154E+02	1.422767097040696E-01
3.119119119119158E+02	1.414967956822975E-01
3.123123123123162E+02	1.407118447925992E-01
3.127127127127167E+02	1.399218170568423E-01
3.131131131131171E+02	1.391266731993026E-01
3.135135135135175E+02	1.383263747196620E-01
3.139139139139180E+02	1.375208839694131E-01
3.143143143143184E+02	1.367101642317549E-01
3.147147147147188E+02	1.358941798050730E-01
3.151151151151192E+02	1.350728960900850E-01
3.155155155155197E+02	1.342462796807369E-01
3.159159159159201E+02	1.334142984589275E-01
3.163163163163205E+02	1.325769216931346E-01
3.167167167167210E+02	1.317341201410097E-01
3.171171171171214E+02	1.308858661560078E-01
3.175175175175218E+02	1.300321337981011E-01
3.179179179179222E+02	1.291728989486306E-01
3.183183183183227E+02	1.283081394293282E-01
3.187187187187231E+02	1.274378351255409E-01
3.191191191191235E+02	1.265619681136733E-01
3.195195195195240E+02	1.256805227928540E-01
3.199199199199244E+02	1.247934860208156E-01
3.203203203203248E+02	1.239008472539688E-01
3.207207207207252E+02	1.230025986916262E-01
3.211211211211257E+02	1.220987354243239E-01
3.215215215215261E+02	1.211892555861606E-01
3.219219219219265E+02	1.202741605110622E-01
3.223223223223270E+02	1.193534548928478E-01
3.227227227227274E+02	1.184271469489610E-01
3.231231231231278E+02	1.174952485876918E-01
3.235235235235282E+02	1.165577755787015E-01
3.239239239239287E+02	1.156147477266188E-01
3.243243243243291E+02	1.146661890474611E-01
3.247247247247295E+02	1.137121279475863E-01
3.251251251251300E+02	1.127525974048611E-01
3.255255255255304E+02	1.117876351516845E-01
3.259259259259308E+02	1.108172838594769E-01
3.263263263263312E+02	1.098415913241996E-01
3.267267267267317E+02	1.088606106524336E-01
3.271271271271321E+02	1.078744004475038E-01
3.275275275275325E+02	1.068830249950906E-01
3.279279279279330E+02	1.058865544477307E-01
3.283283283283334E+02	1.048850650075598E-01
3.287287287287338E+02	1.038786391066099E-01
3.291291291291342E+02	1.028673655839241E-01
3.295295295295347E+02	1.018513398587098E-01
3.299299299299351E+02	1.008306640987066E-01
3.303303303303355E+02	9.980544738289697E-02
3.307307307307360E+02	9.877580585765092E-02
3.311311311311364E+02	9.774186288535097E-02
3.315315315315368E+02	9.670374918450568E-02
3.319319319319372E+02	9.566160296032379E-02
3.323323323323377E+02	9.461557002468939E-02
3.327327327327381E+02	9.356580390444653E-02
3.331331331331385E+02	9.251246593688153E-02
3.335335335335390E+02	9.145572535126667E-02
3.339339339339394E+02	9.039575933532046E-02
3.343343343343398E+02	8.933275308542885E-02
3.347347347347402E+02	8.826689983947385E-02
3.351351351351407E+02	8.719840089112395E-02
3.355355355355411E+02	8.612746558445541E-02
3.359359359359415E+02	8.505431128780272E-02
3.363363363363420E+02	8.397916334576712E-02
3.367367367367424E+02	8.290225500836230E-02
3.371371371371428E+02	8.182382733632912E-02
3.375375375375432E+02	8.074412908172138E-02
3.379379379379437E+02	7.966341654294129E-02
3.383383383383441E+02	7.858195339349541E-02
3.387387387387445E+02	7.750001048384289E-02
3.391391391391450E+02	7.641786561582287E-02
3.395395395395454E+02	7.533580328927109E-02
3.399399399399458E+02	7.425411442057418E-02
3.403403403403462E+02	7.317309603305550E-02
3.407407407407467E+02	7.209305091924302E-02
3.411411411411471E+02	7.101428727523537E-02
3.415415415415475E+02	6.993711830755628E-02
3.419419419419480E+02	6.886186181306550E-02
3.423423423423484E+02	6.778883973268195E-02
3.427427427427488E+02	6.671837767986148E-02
3.431431431431492E+02	6.565080444496346E-02
3.435435435435497E+02	6.458645147683069E-02
3.439439439439501E+02	6.352565234309671E-02
3.443443443443505E+02	6.246874217091702E-02
3.447447447447510E+02	6.141605707000268E-02
3.451451451451514E+02	6.036793354000267E-02
3.455455455455518E+02	5.932470786444229E-02
3.459459459459522E+02	5.828671549357180E-02
3.463463463463527E+02	5.725429041861275E-02
3.467467467467531E+02	5.622776454000627E-02
3.471471471471535E+02	5.520746703236282E-02
3.475475475475540E+02	5.419372370889549E-02
3.479479479479544E+02	5.318685638817019E-02
3.483483483483548E+02	5.218718226604549E-02
3.487487487487552E+02	5.119501329568193E-02
3.491491491491557E+02	5.021065557848881E-02
3.495495495495561E+02	4.923440876884105E-02
3.499499499499565E+02	4.826656549533363E-02
3.503503503503570E+02	4.730741080126048E-02
3.507507507507574E+02	4.635722160689260E-02
3.511511511511578E+02	4.541626619600340E-02
3.515515515515582E+02	4.448480372893626E-02
3.519519519519587E+02	4.356308378434156E-02
3.523523523523591E+02	4.265134593152110E-02
3.527527527527595E+02	4.174981933511884E-02
3.531531531531600E+02	4.085872239367920E-02
3.535535535535604E+02	3.997826241337143E-02
3.539539539539608E+02	3.910863531794337E-02
3.543543543543612E+02	3.825002539573239E-02
3.547547547547617E+02	3.740260508431633E-02
3.551551551551621E+02	3.656653479315136E-02
3.555555555555625E+02	3.574196276430048E-02
3.559559559559630E+02	3.492902497112665E-02
3.563563563563634E+02	3.412784505459510E-02
3.567567567567638E+02	3.333853429661460E-02
3.571571571571642E+02	3.256119162964046E-02
3.575575575575647E+02	3.179590368156968E-02
3.579579579579651E+02	3.104274485477987E-02
3.583583583583655E+02	3.030177743800072E-02
3.587587587587660E+02	2.957305174956124E-02
3.591591591591664E+02	2.885660631042572E-02
3.595595595595668E+02	2.815246804532131E-02
3.599599599599673E+02	2.746065251016632E-02
3.603603603603677E+02	2.678116414393274E-02
3.607607607607681E+02	2.611399654301969E-02
3.611611611611685E+02	2.545913275617295E-02
3.615615615615690E+02	2.481654559796321E-02
3.619619619619694E+02	2.418619797882672E-02
3.623623623623698E+02	2.356804324967995E-02
3.627627627627703E+02	2.296202555914036E-02
3.631631631631707E+02	2.236808022141979E-02
3.635635635635711E+02	2.178613409300190E-02
3.639639639639715E+02	2.121610595627166E-02
3.643643643643720E+02	2.065790690832986E-02
3.647647647647724E+02	2.011144075329879E-02
3.651651651651728E+02	1.957660439650524E-02
3.655655655655733E+02	1.905328823901219E-02
3.659659659659737E+02	1.854137657106105E-02
3.663663663663741E+02	1.804074796307850E-02
3.667667667667745E+02	1.755127565299806E-02
3.671671671671750E+02	1.707282792874256E-02
3.675675675675754E+02	1.660526850481120E-02
3.679679679679758E+02	1.614845689201052E-02
3.683683683683763E+02	1.570224875946472E-02
3.687687687687767E+02	1.526649628813357E-02
3.691691691691771E+02	1.484104851515703E-02
3.695695695695775E+02	1.442575166843392E-02
3.699699699699780E+02	1.402044949092686E-02
3.703703703703784E+02	1.362498355426576E-02
3.707707707707788E+02	1.323919356129989E-02
3.711711711711793E+02	1.286291763732065E-02
3.715715715715797E+02	1.249599260974625E-02
3.719719719719801E+02	1.213825427612251E-02
3.723723723723805E+02	1.178953766035447E-02
3.727727727727810E+02	1.144967725713738E-02
3.731731731731814E+02	1.111850726460718E-02
3.735735735735818E+02	1.079586180527578E-02
3.739739739739823E+02	1.048157513535935E-02
3.743743743743827E+02	1.017548184264392E-02
3.747747747747831E+02	9.877417033068856E-03
3.751751751751835E+02	9.587216506235433E-03
3.755755755755840E+02	9.304716920077160E-03
3.759759759759844E+02	9.029755944948767E-03
3.763763763763848E+02	8.762172407412181E-03
3.767767767767853E+02	8.501806424012636E-03
3.771771771771857E+02	8.248499525353090E-03
3.775775775775861E+02	8.002094770785350E-03
3.779779779779865E+02	7.762436854044433E-03
3.783783783783870E+02	7.529372200160037E-03
3.787787787787874E+02	7.302749053981784E-03
3.791791791791878E+02	7.082417560658591E-03
3.795795795795883E+02	6.868229838411498E-03
3.799799799799887E+02	6.660040043939900E-03
3.803803803803891E+02	6.457704430797241E-03
3.807807807807895E+02	6.261081401070036E-03
3.811811811811900E+02	6.070031550688155E-03
3.815815815815904E+02	5.884417708689525E-03
3.819819819819908E+02	5.704104970755619E-03
3.823823823823913E+02	5.528960727326840E-03
3.827827827827917E+02	5.358854686599400E-03
3.831831831831921E+02	5.193658892696747E-03
3.835835835835925E+02	5.033247739300312E-03
3.839839839839930E+02	4.877497979014810E-03
3.843843843843934E+02	4.726288728734794E-03
3.847847847847938E+02	4.579501471268961E-03
3.851851851851943E+02	4.437020053469883E-03
3.855855855855947E+02	4.298730681106989E-03
3.859859859859951E+02	4.164521910710743E-03
3.863863863863955E+02	4.034284638607076E-03
3.867867867867960E+02	3.907912087350967E-03
3.871871871871964E+02	3.785299789759293E-03
3.875875875875968E+02	3.666345570733403E-03
3.879879879879973E+02	3.550949527053193E-03
3.883883883883977E+02	3.439014005315259E-03
3.887887887887981E+02	3.330443578179468E-03
3.891891891891985E+02	3.225145019079436E-03
3.895895895895990E+02	3.123027275544548E-03
3.899899899899994E+02	3.024001441273136E-03
3.903903903903998E+02	2.927980727088508E-03
3.907907907908003E+02	2.834880430902672E-03
3.911911911912007E+02	2.744617906804718E-03
3.915915915916011E+02	2.657112533384549E-03
3.919919919920015E+02	2.572285681395703E-03
3.923923923924020E+02	2.490060680854673E-03
3.927927927928024E+02	2.410362787668225E-03
3.931931931932028E+02	2.333119149874129E-03
3.935935935936033E+02	2.258258773575301E-03
3.939939939940037E+02	2.185712488642051E-03
3.943943943944041E+02	2.115412914251882E-03
3.947947947948045E+02	2.047294424331644E-03
3.951951951952050E+02	1.981293112962090E-03
3.955955955956054E+02	1.917346759800638E-03
3.959959959960058E+02	1.855394795573835E-03
3.963963963964063E+02	1.795378267687208E-03
3.967967967968067E+02	1.737239805996420E-03
3.971971971972071E+02	1.680923588780040E-03
3.975975975976075E+02	1.626375308950983E-03
3.979979979980080E+02	1.573542140540460E-03
3.983983983984084E+02	1.522372705485382E-03
3.987987987988088E+02	1.472817040747173E-03
3.991991991992093E+02	1.424826565787514E-03
3.995995995996097E+02	1.378354050423901E-03
4.000000000000101E+02	1.333353583085608E-03
