# mass, entropy
0.000000000000000E+00	2.722907496594435E-02
4.004004004004004E-01	2.722886630644007E-02
8.008008008008008E-01	2.722824031580911E-02
1.201201201201201E+00	2.722719695769292E-02
1.601601601601602E+00	2.722573617147987E-02
2.002002002002002E+00	2.722385787228419E-02
2.402402402402402E+00	2.722156195091631E-02
2.802802802802803E+00	2.721884827384510E-02
3.203203203203203E+00	2.721571668315112E-02
3.603603603603603E+00	2.721216699647180E-02
4.004004004004003E+00	2.720819900693789E-02
4.404404404404404E+00	2.720381248310126E-02
4.804804804804804E+00	2.719900716885429E-02
5.205205205205204E+00	2.719378278334042E-02
5.605605605605605E+00	2.718813902085614E-02
6.006006006006005E+00	2.718207555074417E-02
6.406406406406405E+00	2.717559201727779E-02
6.806806806806805E+00	2.716868803953643E-02
7.207207207207206E+00	2.716136321127217E-02
7.607607607607606E+00	2.715361710076739E-02
8.008008008008007E+00	2.714544925068322E-02
8.408408408408407E+00	2.713685917789902E-02
8.808808808808807E+00	2.712784637334236E-02
9.209209209209208E+00	2.711841030181001E-02
9.609609609609608E+00	2.710855040177923E-02
1.001001001001001E+01	2.709826608520976E-02
1.041041041041041E+01	2.708755673733610E-02
1.081081081081081E+01	2.707642171645024E-02
1.121121121121121E+01	2.706486035367436E-02
1.161161161161161E+01	2.705287195272381E-02
1.201201201201201E+01	2.704045578966000E-02
1.241241241241241E+01	2.702761111263309E-02
1.281281281281281E+01	2.701433714161459E-02
1.321321321321321E+01	2.700063306811932E-02
1.361361361361361E+01	2.698649805491705E-02
1.401401401401401E+01	2.697193123573333E-02
1.441441441441441E+01	2.695693171493984E-02
1.481481481481481E+01	2.694149856723334E-02
1.521521521521521E+01	2.692563083730402E-02
1.561561561561561E+01	2.690932753949239E-02
1.601601601601601E+01	2.689258765743482E-02
1.641641641641641E+01	2.687541014369767E-02
1.681681681681681E+01	2.685779391939979E-02
1.721721721721721E+01	2.683973787382300E-02
1.761761761761761E+01	2.682124086401085E-02
1.801801801801802E+01	2.680230171435516E-02
1.841841841841842E+01	2.678291921617024E-02
1.881881881881882E+01	2.676309212725471E-02
1.921921921921922E+01	2.674281917144063E-02
1.961961961961962E+01	2.672209903813013E-02
2.002002002002002E+01	2.670093038181868E-02
2.042042042042042E+01	2.667931182160570E-02
2.082082082082082E+01	2.665724194069160E-02
2.122122122122122E+01	2.663471928586152E-02
2.162162162162162E+01	2.661174236695554E-02
2.202202202202202E+01	2.658830965632504E-02
2.242242242242242E+01	2.656441958827526E-02
2.282282282282282E+01	2.654007055849373E-02
2.322322322322322E+01	2.651526092346455E-02
2.362362362362362E+01	2.648998899986822E-02
2.402402402402402E+01	2.646425306396719E-02
2.442442442442442E+01	2.643805135097645E-02
2.482482482482482E+01	2.641138205441960E-02
2.522522522522522E+01	2.638424332546998E-02
2.562562562562562E+01	2.635663327227658E-02
2.602602602602602E+01	2.632854995927510E-02
2.642642642642642E+01	2.629999140648355E-02
2.682682682682682E+01	2.627095558878262E-02
2.722722722722722E+01	2.624144043518050E-02
2.762762762762762E+01	2.621144382806243E-02
2.802802802802802E+01	2.618096360242440E-02
2.842842842842842E+01	2.614999754509146E-02
2.882882882882882E+01	2.611854339392033E-02
2.922922922922922E+01	2.608659883698627E-02
2.962962962962962E+01	2.605416151175442E-02
3.003003003003002E+01	2.602122900423537E-02
3.043043043043042E+01	2.598779884812530E-02
3.083083083083082E+01	2.595386852393038E-02
3.123123123123122E+01	2.591943545807593E-02
3.163163163163162E+01	2.588449702200004E-02
3.203203203203203E+01	2.584905053123216E-02
3.243243243243243E+01	2.581309324445663E-02
3.283283283283283E+01	2.577662236256126E-02
3.323323323323323E+01	2.573963502767143E-02
3.363363363363363E+01	2.570212832216992E-02
3.403403403403403E+01	2.566409926770252E-02
3.443443443443443E+01	2.562554482417021E-02
3.483483483483483E+01	2.558646188870786E-02
3.523523523523523E+01	2.554684729465024E-02
3.563563563563563E+01	2.550669781048565E-02
3.603603603603603E+01	2.546601013879767E-02
3.643643643643643E+01	2.542478091519582E-02
3.683683683683683E+01	2.538300670723563E-02
3.723723723723723E+01	2.534068401332881E-02
3.763763763763763E+01	2.529780926164441E-02
3.803803803803803E+01	2.525437880900195E-02
3.843843843843843E+01	2.521038893975702E-02
3.883883883883883E+01	2.516583586468087E-02
3.923923923923923E+01	2.512071571983468E-02
3.963963963963963E+01	2.507502456544006E-02
4.004004004004003E+01	2.502875838474661E-02
4.044044044044043E+01	2.498191308289839E-02
4.084084084084083E+01	2.493448448580042E-02
4.124124124124123E+01	2.488646833898695E-02
4.164164164164163E+01	2.483786030649326E-02
4.204204204204203E+01	2.478865596973264E-02
4.244244244244243E+01	2.473885082638064E-02
4.284284284284283E+01	2.468844028926869E-02
4.324324324324323E+01	2.463741968528911E-02
4.364364364364364E+01	2.458578425431429E-02
4.404404404404404E+01	2.453352914813213E-02
4.444444444444444E+01	2.448064942940063E-02
4.484484484484484E+01	2.442714007062477E-02
4.524524524524524E+01	2.437299595315801E-02
4.564564564564564E+01	2.431821186623260E-02
4.604604604604604E+01	2.426278250602129E-02
4.644644644644644E+01	2.420670247473452E-02
4.684684684684684E+01	2.414996565209950E-02
4.724724724724724E+01	2.409256776858211E-02
4.764764764764764E+01	2.403450244876451E-02
4.804804804804804E+01	2.397576391008738E-02
4.844844844844844E+01	2.391634627223823E-02
4.884884884884884E+01	2.385624387099439E-02
4.924924924924924E+01	2.379544994176201E-02
4.964964964964964E+01	2.373395868311723E-02
5.005005005005004E+01	2.367176381892445E-02
5.045045045045044E+01	2.360885897297409E-02
5.085085085085084E+01	2.354523766877895E-02
5.125125125125124E+01	2.348089332946941E-02
5.165165165165164E+01	2.341581927779512E-02
5.205205205205204E+01	2.335000873624057E-02
5.245245245245244E+01	2.328345482726262E-02
5.285285285285284E+01	2.321615057365860E-02
5.325325325325324E+01	2.314808889907349E-02
5.365365365365364E+01	2.307926262865586E-02
5.405405405405404E+01	2.300966448987168E-02
5.445445445445444E+01	2.293928711348674E-02
5.485485485485484E+01	2.286812303472764E-02
5.525525525525524E+01	2.279616469463288E-02
5.565565565565564E+01	2.272340444160512E-02
5.605605605605604E+01	2.264983453317694E-02
5.645645645645644E+01	2.257544713800227E-02
5.685685685685684E+01	2.250023433808665E-02
5.725725725725724E+01	2.242418813126978E-02
5.765765765765764E+01	2.234730043397421E-02
5.805805805805804E+01	2.226956308423489E-02
5.845845845845844E+01	2.219096784502437E-02
5.885885885885885E+01	2.211150640788956E-02
5.925925925925925E+01	2.203117039691573E-02
5.965965965965965E+01	2.194995137303469E-02
6.006006006006005E+01	2.186784083869416E-02
6.046046046046045E+01	2.178483024290591E-02
6.086086086086085E+01	2.170091098669106E-02
6.126126126126125E+01	2.161607442894089E-02
6.166166166166165E+01	2.153031189271253E-02
6.206206206206205E+01	2.144361467197900E-02
6.246246246246245E+01	2.135597403885359E-02
6.286286286286285E+01	2.126738125130903E-02
6.326326326326325E+01	2.117782756141235E-02
6.366366366366365E+01	2.108730422409622E-02
6.406406406406406E+01	2.099580250648850E-02
6.446446446446446E+01	2.090331369782151E-02
6.486486486486486E+01	2.080982911994263E-02
6.526526526526526E+01	2.071534013844837E-02
6.566566566566566E+01	2.061983817446381E-02
6.606606606606606E+01	2.052331470150397E-02
6.646646646646646E+01	2.042576132179979E-02
6.686686686686686E+01	2.032716968431455E-02
6.726726726726726E+01	2.022753156367971E-02
6.766766766766766E+01	2.012683885939724E-02
6.806806806806806E+01	2.002508361194213E-02
6.846846846846846E+01	1.992225801965611E-02
6.886886886886886E+01	1.981835445645100E-02
6.926926926926926E+01	1.971336549033899E-02
6.966966966966966E+01	1.960728390280593E-02
7.007007007007006E+01	1.950010270904221E-02
7.047047047047046E+01	1.939181517904415E-02
7.087087087087086E+01	1.928241485959701E-02
7.127127127127126E+01	1.917189559714836E-02
7.167167167167166E+01	1.906025156157840E-02
7.207207207207206E+01	1.894747727087111E-02
7.247247247247246E+01	1.883356761668690E-02
7.287287287287286E+01	1.871851789083466E-02
7.327327327327326E+01	1.860232381263706E-02
7.367367367367366E+01	1.848498155717951E-02
7.407407407407406E+01	1.836648778442855E-02
7.447447447447446E+01	1.824683966920134E-02
7.487487487487486E+01	1.812603493196262E-02
7.527527527527526E+01	1.800407187042059E-02
7.567567567567566E+01	1.788094939188715E-02
7.607607607607606E+01	1.775666704636238E-02
7.647647647647646E+01	1.763122506029646E-02
7.687687687687686E+01	1.750462437097561E-02
7.727727727727726E+01	1.737686666147165E-02
7.767767767767766E+01	1.724795439608724E-02
7.807807807807806E+01	1.711789085622117E-02
7.847847847847846E+01	1.698668017657000E-02
7.887887887887887E+01	1.685432738157420E-02
7.927927927927927E+01	1.672083842200803E-02
7.967967967967967E+01	1.658622021160390E-02
8.008008008008007E+01	1.645048066359292E-02
8.048048048048047E+01	1.631362872703438E-02
8.088088088088087E+01	1.617567442279748E-02
8.128128128128127E+01	1.603662887905001E-02
8.168168168168167E+01	1.589650436609934E-02
8.208208208208207E+01	1.575531433042228E-02
8.248248248248247E+01	1.561307342771189E-02
8.288288288288287E+01	1.546979755476130E-02
8.328328328328327E+01	1.532550387999613E-02
8.368368368368367E+01	1.518021087246093E-02
8.408408408408407E+01	1.503393832905776E-02
8.448448448448447E+01	1.488670739982968E-02
8.488488488488487E+01	1.473854061107728E-02
8.528528528528527E+01	1.458946188609239E-02
8.568568568568567E+01	1.443949656329105E-02
8.608608608608607E+01	1.428867141152620E-02
8.648648648648647E+01	1.413701464236137E-02
8.688688688688687E+01	1.398455591908816E-02
8.728728728728727E+01	1.383132636227415E-02
8.768768768768767E+01	1.367735855163311E-02
8.808808808808807E+01	1.352268652401688E-02
8.848848848848847E+01	1.336734576733759E-02
8.888888888888887E+01	1.321137321024019E-02
8.928928928928927E+01	1.305480720735885E-02
8.968968968968967E+01	1.289768752000662E-02
9.009009009009007E+01	1.274005529216522E-02
9.049049049049047E+01	1.258195302166219E-02
9.089089089089087E+01	1.242342452644440E-02
9.129129129129127E+01	1.226451490588114E-02
9.169169169169167E+01	1.210527049705595E-02
9.209209209209207E+01	1.194573882603397E-02
9.249249249249247E+01	1.178596855412119E-02
9.289289289289287E+01	1.162600941916222E-02
9.329329329329327E+01	1.146591217195541E-02
9.369369369369367E+01	1.130572850789690E-02
9.409409409409407E+01	1.114551099399789E-02
9.449449449449448E+01	1.098531299145372E-02
9.489489489489488E+01	1.082518857397637E-02
9.529529529529528E+01	1.066519244213500E-02
9.569569569569568E+01	1.050537983398163E-02
9.609609609609608E+01	1.034580643226986E-02
9.649649649649648E+01	1.018652826860424E-02
9.689689689689688E+01	1.002760162488526E-02
9.729729729729728E+01	9.869082932440369E-03
9.769769769769768E+01	9.711028669254032E-03
9.809809809809808E+01	9.553495255729773E-03
9.849849849849848E+01	9.396538949433189E-03
9.889889889889888E+01	9.240215739278653E-03
9.929929929929928E+01	9.084581239631243E-03
9.969969969969968E+01	8.929690584801343E-03
1.001001001001001E+02	8.775598324410869E-03
1.005005005005005E+02	8.622358320107545E-03
1.009009009009009E+02	8.470023644097723E-03
1.013013013013013E+02	8.318646479957300E-03
1.017017017017017E+02	8.168278026166587E-03
1.021021021021021E+02	8.018968402796848E-03
1.025025025025025E+02	7.870766561754868E-03
1.029029029029029E+02	7.723720200967297E-03
1.033033033033033E+02	7.577875682858930E-03
1.037037037037037E+02	7.433277957448847E-03
1.041041041041041E+02	7.289970490355793E-03
1.045045045045045E+02	7.147995195969890E-03
1.049049049049049E+02	7.007392376011820E-03
1.053053053053053E+02	6.868200663663707E-03
1.057057057057057E+02	6.730456973418264E-03
1.061061061061061E+02	6.594196456754996E-03
1.065065065065065E+02	6.459452463714327E-03
1.069069069069069E+02	6.326256510403529E-03
1.073073073073073E+02	6.194638252431934E-03
1.077077077077077E+02	6.064625464237659E-03
1.081081081081081E+02	5.936244024234933E-03
1.085085085085085E+02	5.809517905678888E-03
1.089089089089089E+02	5.684469173115431E-03
1.093093093093093E+02	5.561117984256105E-03
1.097097097097097E+02	5.439482597092911E-03
1.101101101101101E+02	5.319579382045688E-03
1.105105105105105E+02	5.201422838914602E-03
1.109109109109109E+02	5.085025618393274E-03
1.113113113113113E+02	4.970398547883511E-03
1.117117117117117E+02	4.857550661340825E-03
1.121121121121121E+02	4.746489232870559E-03
1.125125125125125E+02	4.637219813788051E-03
1.129129129129129E+02	4.529746272851714E-03
1.133133133133133E+02	4.424070839376249E-03
1.137137137137137E+02	4.320194148933318E-03
1.141141141141141E+02	4.218115291349325E-03
1.145145145145145E+02	4.117831860714181E-03
1.149149149149149E+02	4.019340007120604E-03
1.153153153153153E+02	3.922634489861054E-03
1.157157157157157E+02	3.827708731817885E-03
1.161161161161161E+02	3.734554874792339E-03
1.165165165165165E+02	3.643163835528641E-03
1.169169169169169E+02	3.553525362201290E-03
1.173173173173173E+02	3.465628091145805E-03
1.177177177177177E+02	3.379459603626007E-03
1.181181181181181E+02	3.295006482444148E-03
1.185185185185185E+02	3.212254368213448E-03
1.189189189189189E+02	3.131188015126193E-03
1.193193193193193E+02	3.051791346063845E-03
1.197197197197197E+02	2.974047506909089E-03
1.201201201201201E+02	2.897938919932732E-03
1.205205205205205E+02	2.823447336141240E-03
1.209209209209209E+02	2.750553886483130E-03
1.213213213213213E+02	2.679239131824482E-03
1.217217217217217E+02	2.609483111615355E-03
1.221221221221221E+02	2.541265391179986E-03
1.225225225225225E+02	2.474565107574120E-03
1.229229229229229E+02	2.409361013962772E-03
1.233233233233233E+02	2.345631522481068E-03
1.237237237237237E+02	2.283354745549606E-03
1.241241241241241E+02	2.222508535623948E-03
1.245245245245245E+02	2.163070523365381E-03
1.249249249249249E+02	2.105018154227216E-03
1.253253253253253E+02	2.048328723457169E-03
1.257257257257257E+02	1.992979409522365E-03
1.261261261261261E+02	1.938947305968773E-03
1.265265265265265E+02	1.886209451731710E-03
1.269269269269269E+02	1.834742859918339E-03
1.273273273273273E+02	1.784524545086978E-03
1.277277277277277E+02	1.735531549051346E-03
1.281281281281281E+02	1.687740965240875E-03
1.285285285285285E+02	1.641129961650779E-03
1.289289289289289E+02	1.595675802417678E-03
1.293293293293293E+02	1.551355868058495E-03
1.297297297297297E+02	1.508147674411778E-03
1.301301301301301E+02	1.466028890321799E-03
1.305305305305305E+02	1.424977354106733E-03
1.309309309309309E+02	1.384971088852861E-03
1.313313313313313E+02	1.345988316577163E-03
1.317317317317317E+02	1.308007471300904E-03
1.321321321321321E+02	1.271007211076838E-03
1.325325325325325E+02	1.234966429012482E-03
1.329329329329329E+02	1.199864263331675E-03
1.333333333333333E+02	1.165680106516115E-03
1.337337337337337E+02	1.132393613568084E-03
1.341341341341341E+02	1.099984709434856E-03
1.345345345345345E+02	1.068433595634553E-03
1.349349349349349E+02	1.037720756122365E-03
1.353353353353353E+02	1.007826962435150E-03
1.357357357357357E+02	9.787332781514583E-04
1.361361361361361E+02	9.504210627030467E-04
1.365365365365365E+02	9.228719745728615E-04
1.369369369369369E+02	8.960679739134302E-04
1.373373373373373E+02	8.699913246185062E-04
1.377377377377377E+02	8.446245958796611E-04
1.381381381381381E+02	8.199506632584607E-04
1.385385385385385E+02	7.959527093036914E-04
1.389389389389389E+02	7.726142237420199E-04
1.393393393393393E+02	7.499190032693338E-04
1.397397397397397E+02	7.278511509689262E-04
1.401401401401401E+02	7.063950753815909E-04
1.405405405405405E+02	6.855354892516355E-04
1.409409409409409E+02	6.652574079717543E-04
1.413413413413413E+02	6.455461477486936E-04
1.417417417417417E+02	6.263873235106143E-04
1.421421421421421E+02	6.077668465760981E-04
1.425425425425425E+02	5.896709221037683E-04
1.429429429429429E+02	5.720860463405939E-04
1.433433433433433E+02	5.549990036860154E-04
1.437437437437437E+02	5.383968635881897E-04
1.441441441441441E+02	5.222669772877859E-04
1.445445445445445E+02	5.065969744239669E-04
1.449449449449449E+02	4.913747595163952E-04
1.453453453453453E+02	4.765885083363578E-04
1.457457457457457E+02	4.622266641793608E-04
1.461461461461461E+02	4.482779340508714E-04
1.465465465465465E+02	4.347312847761828E-04
1.469469469469469E+02	4.215759390447662E-04
1.473473473473473E+02	4.088013713988363E-04
1.477477477477477E+02	3.963973041752778E-04
1.481481481481481E+02	3.843537034095101E-04
1.485485485485485E+02	3.726607747093352E-04
1.489489489489489E+02	3.613089591063025E-04
1.493493493493493E+02	3.502889288916206E-04
1.497497497497497E+02	3.395915834431925E-04
1.501501501501501E+02	3.292080450499037E-04
1.505505505505505E+02	3.191296547388652E-04
1.509509509509509E+02	3.093479681109132E-04
1.513513513513513E+02	2.998547511892881E-04
1.517517517517517E+02	2.906419762860489E-04
1.521521521521521E+02	2.817018178904401E-04
1.525525525525525E+02	2.730266485830954E-04
1.529529529529529E+02	2.646090349796599E-04
1.533533533533533E+02	2.564417337071171E-04
1.537537537537537E+02	2.485176874158343E-04
1.541541541541541E+02	2.408300208300701E-04
1.545545545545545E+02	2.333720368394545E-04
1.549549549549549E+02	2.261372126337048E-04
1.553553553553553E+02	2.191191958826341E-04
1.557557557557557E+02	2.123118009632921E-04
1.561561561561561E+02	2.057090052358889E-04
1.565565565565565E+02	1.993049453699692E-04
1.569569569569569E+02	1.930939137221284E-04
1.573573573573573E+02	1.870703547664043E-04
1.577577577577577E+02	1.812288615783246E-04
1.581581581581581E+02	1.755641723734481E-04
1.585585585585585E+02	1.700711671011046E-04
1.589589589589589E+02	1.647448640939143E-04
1.593593593593593E+02	1.595804167735484E-04
1.597597597597597E+02	1.545731104130888E-04
1.601601601601601E+02	1.497183589562385E-04
1.605605605605605E+02	1.450117018935405E-04
1.609609609609609E+02	1.404488011956784E-04
1.613613613613613E+02	1.360254383038468E-04
1.617617617617617E+02	1.317375111771033E-04
1.621621621621621E+02	1.275810313965479E-04
1.625625625625625E+02	1.235521213261058E-04
1.629629629629629E+02	1.196470113296316E-04
1.633633633633633E+02	1.158620370440001E-04
1.637637637637637E+02	1.121936367077922E-04
1.641641641641641E+02	1.086383485451439E-04
1.645645645645645E+02	1.051928082042809E-04
1.649649649649649E+02	1.018537462502200E-04
1.653653653653653E+02	9.861798571109017E-05
1.657657657657657E+02	9.548243967748523E-05
1.661661661661661E+02	9.244410895423795E-05
1.665665665665665E+02	8.950007976397687E-05
1.669669669669669E+02	8.664752150180197E-05
1.673673673673673E+02	8.388368454039843E-05
1.677677677677677E+02	8.120589808488706E-05
1.681681681681681E+02	7.861156807669266E-05
1.685685685685685E+02	7.609817514570183E-05
1.689689689689689E+02	7.366327260996607E-05
1.693693693693693E+02	7.130448452219695E-05
1.697697697697697E+02	6.901950376229285E-05
1.701701701701701E+02	6.680609017513014E-05
1.705705705705705E+02	6.466206875284374E-05
1.709709709709709E+02	6.258532786082238E-05
1.713713713713713E+02	6.057381750663905E-05
1.717717717717717E+02	5.862554765113495E-05
1.721721721721721E+02	5.673858656087872E-05
1.725725725725725E+02	5.491105920122003E-05
1.729729729729729E+02	5.314114566916064E-05
1.733733733733733E+02	5.142707966526864E-05
1.737737737737737E+02	4.976714700386484E-05
1.741741741741741E+02	4.815968416071500E-05
1.745745745745745E+02	4.660307685746685E-05
1.749749749749749E+02	4.509575868207647E-05
1.753753753753753E+02	4.363620974447531E-05
1.757757757757757E+02	4.222295536673570E-05
1.761761761761761E+02	4.085456480700036E-05
1.765765765765765E+02	3.952965001644932E-05
1.769769769769769E+02	3.824686442858656E-05
1.773773773773773E+02	3.700490178013486E-05
1.777777777777777E+02	3.580249496284085E-05
1.781781781781781E+02	3.463841490549611E-05
1.785785785785785E+02	3.351146948549463E-05
1.789789789789789E+02	3.242050246925271E-05
1.793793793793793E+02	3.136439248083056E-05
1.797797797797797E+02	3.034205199810210E-05
1.801801801801801E+02	2.935242637583214E-05
1.805805805805805E+02	2.839449289502889E-05
1.809809809809809E+02	2.746725983795058E-05
1.813813813813813E+02	2.656976558815612E-05
1.817817817817817E+02	2.570107775499940E-05
1.821821821821821E+02	2.486029232197819E-05
1.825825825825825E+02	2.404653281835848E-05
1.829829829829829E+02	2.325894951350685E-05
1.833833833833833E+02	2.249671863337267E-05
1.837837837837837E+02	2.175904159857392E-05
1.841841841841841E+02	2.104514428355004E-05
1.845845845845845E+02	2.035427629625590E-05
1.849849849849849E+02	1.968571027788207E-05
1.853853853853853E+02	1.903874122209620E-05
1.857857857857857E+02	1.841268581331074E-05
1.861861861861861E+02	1.780688178349310E-05
1.865865865865865E+02	1.722068728704378E-05
1.869869869869869E+02	1.665348029327816E-05
1.873873873873873E+02	1.610465799605806E-05
1.877877877877877E+02	1.557363624012835E-05
1.881881881881881E+02	1.505984896372420E-05
1.885885885885886E+02	1.456274765702332E-05
1.889889889889890E+02	1.408180083602829E-05
1.893893893893894E+02	1.361649353147185E-05
1.897897897897898E+02	1.316632679234860E-05
1.901901901901902E+02	1.273081720368466E-05
1.905905905905906E+02	1.230949641816654E-05
1.909909909909910E+02	1.190191070125828E-05
1.913913913913914E+02	1.150762048944587E-05
1.917917917917918E+02	1.112619996125515E-05
1.921921921921922E+02	1.075723662069872E-05
1.925925925925926E+02	1.040033089281499E-05
1.929929929929930E+02	1.005509573097136E-05
1.933933933933934E+02	9.721156235610014E-06
1.937937937937938E+02	9.398149284124564E-06
1.941941941941942E+02	9.085723171561653E-06
1.945945945945946E+02	8.783537261850091E-06
1.949949949949950E+02	8.491261649267359E-06
1.953953953953954E+02	8.208576829860132E-06
1.957957957957958E+02	7.935173382543001E-06
1.961961961961962E+02	7.670751659606180E-06
1.965965965965966E+02	7.415021486370057E-06
1.969969969969970E+02	7.167701869730700E-06
1.973973973973974E+02	6.928520715347450E-06
1.977977977977978E+02	6.697214553229582E-06
1.981981981981982E+02	6.473528271485793E-06
1.985985985985986E+02	6.257214858005812E-06
1.989989989989990E+02	6.048035149849879E-06
1.993993993993994E+02	5.845757590127460E-06
1.997997997997998E+02	5.650157992152283E-06
2.002002002002002E+02	5.461019310666324E-06
2.006006006006006E+02	5.278131419931141E-06
2.010010010010010E+02	5.101290898489708E-06
2.014014014014014E+02	4.930300820407807E-06
2.018018018018018E+02	4.764970552808473E-06
2.022022022022022E+02	4.605115559518562E-06
2.026026026026026E+02	4.450557210650823E-06
2.030030030030030E+02	4.301122597950034E-06
2.034034034034034E+02	4.156644355736157E-06
2.038038038038038E+02	4.016960487282045E-06
2.042042042042042E+02	3.881914196467675E-06
2.046046046046046E+02	3.751353724557170E-06
2.050050050050050E+02	3.625132191949046E-06
2.054054054054054E+02	3.503107444754289E-06
2.058058058058058E+02	3.385141906060750E-06
2.062062062062062E+02	3.271102431746463E-06
2.066066066066066E+02	3.160860170707936E-06
2.070070070070070E+02	3.054290429373601E-06
2.074074074074074E+02	2.951272540375861E-06
2.078078078078078E+02	2.851689735258931E-06
2.082082082082082E+02	2.755429021102923E-06
2.086086086086086E+02	2.662381060948231E-06
2.090090090090090E+02	2.572440057907127E-06
2.094094094094094E+02	2.485503642853154E-06
2.098098098098098E+02	2.401472765581525E-06
2.102102102102102E+02	2.320251589337133E-06
2.106106106106106E+02	2.241747388609400E-06
2.110110110110110E+02	2.165870450096344E-06
2.114114114114114E+02	2.092533976742762E-06
2.118118118118118E+02	2.021653994760334E-06
2.122122122122122E+02	1.953149263539990E-06
2.126126126126126E+02	1.886941188369500E-06
2.130130130130130E+02	1.822953735871691E-06
2.134134134134134E+02	1.761113352081217E-06
2.138138138138138E+02	1.701348883080081E-06
2.142142142142142E+02	1.643591498114511E-06
2.146146146146146E+02	1.587774615117919E-06
2.150150150150150E+02	1.533833828566983E-06
2.154154154154154E+02	1.481706839599911E-06
2.158158158158158E+02	1.431333388328072E-06
2.162162162162162E+02	1.382655188274155E-06
2.166166166166166E+02	1.335615862871996E-06
2.170170170170170E+02	1.290160883965099E-06
2.174174174174174E+02	1.246237512242710E-06
2.178178178178178E+02	1.203794739554154E-06
2.182182182182182E+02	1.162783233043805E-06
2.186186186186186E+02	1.123155281050855E-06
2.190190190190190E+02	1.084864740719618E-06
2.194194194194194E+02	1.047866987267764E-06
2.198198198198198E+02	1.012118864861395E-06
2.202202202202202E+02	9.775786390474386E-07
2.206206206206206E+02	9.442059506952719E-07
2.210210210210210E+02	9.119617714009124E-07
2.214214214214214E+02	8.808083603085678E-07
2.218218218218218E+02	8.507092223055939E-07
2.222222222222222E+02	8.216290675483091E-07
2.226226226226226E+02	7.935337722773421E-07
2.230230230230230E+02	7.663903408824368E-07
2.234234234234234E+02	7.401668691778547E-07
2.238238238238238E+02	7.148325088506752E-07
2.242242242242242E+02	6.903574330454372E-07
2.246246246246246E+02	6.667128030496538E-07
2.250250250250250E+02	6.438707360458253E-07
2.254254254254254E+02	6.218042738966009E-07
2.258258258258258E+02	6.004873529307554E-07
2.262262262262262E+02	5.798947746986238E-07
2.266266266266266E+02	5.600021776666027E-07
2.270270270270270E+02	5.407860098212324E-07
2.274274274274274E+02	5.222235021542881E-07
2.278278278278278E+02	5.042926430011764E-07
2.282282282282282E+02	4.869721532057651E-07
2.286286286286286E+02	4.702414620856311E-07
2.290290290290290E+02	4.540806841724572E-07
2.294294294294294E+02	4.384705967031357E-07
2.298298298298298E+02	4.233926178378435E-07
2.302302302302302E+02	4.088287855821195E-07
2.306306306306306E+02	3.947617373906416E-07
2.310310310310310E+02	3.811746904311319E-07
2.314314314314314E+02	3.680514224874464E-07
2.318318318318318E+02	3.553762534815749E-07
2.322322322322322E+02	3.431340275948897E-07
2.326326326326326E+02	3.313100959696056E-07
2.330330330330330E+02	3.198902999719831E-07
2.334334334334334E+02	3.088609549993955E-07
2.338338338338338E+02	2.982088348139336E-07
2.342342342342342E+02	2.879211563857470E-07
2.346346346346346E+02	2.779855652298659E-07
2.350350350350350E+02	2.683901212207289E-07
2.354354354354354E+02	2.591232848691554E-07
2.358358358358358E+02	2.501739040469604E-07
2.362362362362362E+02	2.415312011448906E-07
2.366366366366366E+02	2.331847606499819E-07
2.370370370370370E+02	2.251245171289054E-07
2.374374374374374E+02	2.173407436042601E-07
2.378378378378378E+02	2.098240403112025E-07
2.382382382382382E+02	2.025653238221840E-07
2.386386386386386E+02	1.955558165279574E-07
2.390390390390390E+02	1.887870364633890E-07
2.394394394394394E+02	1.822507874669657E-07
2.398398398398398E+02	1.759391496632434E-07
2.402402402402402E+02	1.698444702578188E-07
2.406406406406406E+02	1.639593546347371E-07
2.410410410410410E+02	1.582766577465690E-07
2.414414414414414E+02	1.527894757876879E-07
2.418418418418418E+02	1.474911381415977E-07
2.422422422422422E+02	1.423751995934318E-07
2.426426426426426E+02	1.374354327990376E-07
2.430430430430430E+02	1.326658210023299E-07
2.434434434434434E+02	1.280605509928569E-07
2.438438438438438E+02	1.236140062957868E-07
2.442442442442442E+02	1.193207605867641E-07
2.446446446446446E+02	1.151755713243243E-07
2.450450450450450E+02	1.111733735927974E-07
2.454454454454454E+02	1.073092741488456E-07
2.458458458458458E+02	1.035785456650063E-07
2.462462462462462E+02	9.997662116382107E-08
2.466466466466466E+02	9.649908863633390E-08
2.470470470470470E+02	9.314168583894825E-08
2.474474474474474E+02	8.990029526281531E-08
2.478478478478478E+02	8.677093927012073E-08
2.482482482482482E+02	8.374977539181315E-08
2.486486486486486E+02	8.083309178149390E-08
2.490490490490490E+02	7.801730282035872E-08
2.494494494494494E+02	7.529894486824435E-08
2.498498498498498E+02	7.267467215599116E-08
2.502502502502502E+02	7.014125281449229E-08
2.506506506506506E+02	6.769556503594184E-08
2.510510510510510E+02	6.533459336294511E-08
2.514514514514514E+02	6.305542510128994E-08
2.518518518518518E+02	6.085524685231723E-08
2.522522522522522E+02	5.873134116095614E-08
2.526526526526526E+02	5.668108327562011E-08
2.530530530530530E+02	5.470193801628123E-08
2.534534534534534E+02	5.279145674715865E-08
2.538538538538538E+02	5.094727445057575E-08
2.542542542542542E+02	4.916710689864868E-08
2.546546546546546E+02	4.744874791957832E-08
2.550550550550550E+02	4.579006675542430E-08
2.554554554554554E+02	4.418900550833909E-08
2.558558558558558E+02	4.264357667233793E-08
2.562562562562562E+02	4.115186074777856E-08
2.566566566566567E+02	3.971200393581293E-08
2.570570570570571E+02	3.832221591016548E-08
2.574574574574575E+02	3.698076766367527E-08
2.578578578578579E+02	3.568598942712729E-08
2.582582582582584E+02	3.443626865797526E-08
2.586586586586588E+02	3.323004809663753E-08
2.590590590590592E+02	3.206582388812499E-08
2.594594594594597E+02	3.094214376683080E-08
2.598598598598601E+02	2.985760530238437E-08
2.602602602602605E+02	2.881085420454075E-08
2.606606606606609E+02	2.780058268514149E-08
2.610610610610614E+02	2.682552787524857E-08
2.614614614614618E+02	2.588447029561627E-08
2.618618618618622E+02	2.497623237872334E-08
2.622622622622627E+02	2.409967704064814E-08
2.626626626626631E+02	2.325370630112659E-08
2.630630630630635E+02	2.243725995018411E-08
2.634634634634639E+02	2.164931425978956E-08
2.638638638638644E+02	2.088888073902731E-08
2.642642642642648E+02	2.015500493133466E-08
2.646646646646652E+02	1.944676525239876E-08
2.650650650650657E+02	1.876327186735461E-08
2.654654654654661E+02	1.810366560596907E-08
2.658658658658665E+02	1.746711691454085E-08
2.662662662662669E+02	1.685282484328668E-08
2.666666666666674E+02	1.626001606802614E-08
2.670670670670678E+02	1.568794394501548E-08
2.674674674674682E+02	1.513588759781965E-08
2.678678678678687E+02	1.460315103514818E-08
2.682682682682691E+02	1.408906229861633E-08
2.686686686686695E+02	1.359297263942687E-08
2.690690690690699E+02	1.311425572300179E-08
2.694694694694704E+02	1.265230686062474E-08
2.698698698698708E+02	1.220654226718679E-08
2.702702702702712E+02	1.177639834415798E-08
2.706706706706717E+02	1.136133098693574E-08
2.710710710710721E+02	1.096081491575058E-08
2.714714714714725E+02	1.057434302933563E-08
2.718718718718729E+02	1.020142578059347E-08
2.722722722722734E+02	9.841590573519528E-09
2.726726726726738E+02	9.494381180664997E-09
2.730730730730742E+02	9.159357180447274E-09
2.734734734734747E+02	8.836093413638126E-09
2.738738738738751E+02	8.524179458382406E-09
2.742742742742755E+02	8.223219123122005E-09
2.746746746746759E+02	7.932829956820046E-09
2.750750750750764E+02	7.652642775900852E-09
2.754754754754768E+02	7.382301207340862E-09
2.758758758758772E+02	7.121461247364341E-09
2.762762762762777E+02	6.869790835215711E-09
2.766766766766781E+02	6.626969441498923E-09
2.770770770770785E+02	6.392687670590012E-09
2.774774774774789E+02	6.166646876646928E-09
2.778778778778794E+02	5.948558792755481E-09
2.782782782782798E+02	5.738145172766427E-09
2.786786786786802E+02	5.535137445393274E-09
2.790790790790807E+02	5.339276380155211E-09
2.794794794794811E+02	5.150311764762865E-09
2.798798798798815E+02	4.968002093558818E-09
2.802802802802819E+02	4.792114266637343E-09
2.806806806806824E+02	4.622423299280635E-09
2.810810810810828E+02	4.458712041361019E-09
2.814814814814832E+02	4.300770906370294E-09
2.818818818818837E+02	4.148397609748908E-09
2.822822822822841E+02	4.001396916198513E-09
2.826826826826845E+02	3.859580395672312E-09
2.830830830830849E+02	3.722766187747697E-09
2.834834834834854E+02	3.590778774095765E-09
2.838838838838858E+02	3.463448758771805E-09
2.842842842842862E+02	3.340612656060452E-09
2.846846846846867E+02	3.222112685617611E-09
2.850850850850871E+02	3.107796574660667E-09
2.854854854854875E+02	2.997517366966301E-09
2.858858858858879E+02	2.891133238443721E-09
2.862862862862884E+02	2.788507319058747E-09
2.866866866866888E+02	2.689507520891982E-09
2.870870870870892E+02	2.594006372121430E-09
2.874874874874897E+02	2.501880856727149E-09
2.878878878878901E+02	2.413012259722320E-09
2.882882882882905E+02	2.327286017721802E-09
2.886886886886909E+02	2.244591574665546E-09
2.890890890890914E+02	2.164822242520455E-09
2.894894894894918E+02	2.087875066790416E-09
2.898898898898922E+02	2.013650696669651E-09
2.902902902902927E+02	1.942053259680590E-09
2.906906906906931E+02	1.872990240642415E-09
2.910910910910935E+02	1.806372364821976E-09
2.914914914914939E+02	1.742113485123585E-09
2.918918918918944E+02	1.680130473179285E-09
2.922922922922948E+02	1.620343114205691E-09
2.926926926926952E+02	1.562674005498163E-09
2.930930930930957E+02	1.507048458437477E-09
2.934934934934961E+02	1.453394403888381E-09
2.938938938938965E+02	1.401642300873461E-09
2.942942942942969E+02	1.351725048409843E-09
2.946946946946974E+02	1.303577900400012E-09
2.950950950950978E+02	1.257138383471717E-09
2.954954954954982E+02	1.212346217665530E-09
2.958958958958987E+02	1.169143239872166E-09
2.962962962962991E+02	1.127473329924825E-09
2.966966966966995E+02	1.087282339255252E-09
2.970970970970999E+02	1.048518022025209E-09
2.974974974975004E+02	1.011129968648069E-09
2.978978978979008E+02	9.750695416182265E-10
2.982982982983012E+02	9.402898135687610E-10
2.986986986987017E+02	9.067455074805354E-10
2.990990990991021E+02	8.743929389685517E-10
2.994994994995025E+02	8.431899605739048E-10
2.998998998999029E+02	8.130959079921232E-10
3.003003003003034E+02	7.840715481710736E-10
3.007007007007038E+02	7.560790292138840E-10
3.011011011011042E+02	7.290818320245451E-10
3.015015015015047E+02	7.030447236359905E-10
3.019019019019051E+02	6.779337121625267E-10
3.023023023023055E+02	6.537160033204652E-10
3.027027027027059E+02	6.303599584627327E-10
3.031031031031064E+02	6.078350540751146E-10
3.035035035035068E+02	5.861118426835631E-10
3.039039039039072E+02	5.651619151237404E-10
3.043043043043077E+02	5.449578641256535E-10
3.047047047047081E+02	5.254732491678542E-10
3.051051051051085E+02	5.066825625572276E-10
3.055055055055089E+02	4.885611966919222E-10
3.059059059059094E+02	4.710854124664281E-10
3.063063063063098E+02	4.542323087792153E-10
3.067067067067102E+02	4.379797931047046E-10
3.071071071071107E+02	4.223065530926734E-10
3.075075075075111E+02	4.071920291594441E-10
3.079079079079115E+02	3.926163880364642E-10
3.083083083083120E+02	3.785604972430309E-10
3.087087087087124E+02	3.650059004510916E-10
3.091091091091128E+02	3.519347937111510E-10
3.095095095095132E+02	3.393300025093620E-10
3.099099099099137E+02	3.271749596269288E-10
3.103103103103141E+02	3.154536837739547E-10
3.107107107107145E+02	3.041507589708009E-10
3.111111111111150E+02	2.932513146509702E-10
3.115115115115154E+02	2.827410064604314E-10
3.119119119119158E+02	2.726059977291519E-10
3.123123123123162E+02	2.628329415914498E-10
3.127127127127167E+02	2.534089637325876E-10
3.131131131131171E+02	2.443216457398074E-10
3.135135135135175E+02	2.355590090367600E-10
3.139139139139180E+02	2.271094993810059E-10
3.143143143143184E+02	2.189619719049786E-10
3.147147147147188E+02	2.111056766814725E-10
3.151151151151192E+02	2.035302447953646E-10
3.155155155155197E+02	1.962256749039336E-10
3.159159159159201E+02	1.891823202687318E-10
3.163163163163205E+02	1.823908762425603E-10
3.167167167167210E+02	1.758423681956785E-10
3.171171171171214E+02	1.695281398659106E-10
3.175175175175218E+02	1.634398421178593E-10
3.179179179179222E+02	1.575694220969425E-10
3.183183183183227E+02	1.519091127644649E-10
3.187187187187231E+02	1.464514228004136E-10
3.191191191191235E+02	1.411891268611355E-10
3.195195195195240E+02	1.361152561794899E-10
3.199199199199244E+02	1.312230894955052E-10
3.203203203203248E+02	1.265061443059932E-10
3.207207207207252E+02	1.219581684219541E-10
3.211211211211257E+02	1.175731318230181E-10
3.215215215215261E+02	1.133452187985250E-10
3.219219219219265E+02	1.092688203652138E-10
3.223223223223270E+02	1.053385269518384E-10
3.227227227227274E+02	1.015491213413692E-10
3.231231231231278E+02	9.789557186175398E-11
3.235235235235282E+02	9.437302581653736E-11
3.239239239239287E+02	9.097680314693543E-11
3.243243243243291E+02	8.770239031725224E-11
3.247247247247295E+02	8.454543441581305E-11
3.251251251251300E+02	8.150173746385910E-11
3.255255255255304E+02	7.856725092510993E-11
3.259259259259308E+02	7.573807040895865E-11
3.263263263263312E+02	7.301043056050458E-11
3.267267267267317E+02	7.038070013087041E-11
3.271271271271321E+02	6.784537722147496E-11
3.275275275275325E+02	6.540108469615646E-11
3.279279279279330E+02	6.304456575525373E-11
3.283283283283334E+02	6.077267966595639E-11
3.287287287287338E+02	5.858239764343657E-11
3.291291291291342E+02	5.647079887746436E-11
3.295295295295347E+02	5.443506669939456E-11
3.299299299299351E+02	5.247248488459252E-11
3.303303303303355E+02	5.058043408553697E-11
3.307307307307360E+02	4.875638839100364E-11
3.311311311311364E+02	4.699791200689944E-11
3.315315315315368E+02	4.530265605446431E-11
3.319319319319372E+02	4.366835548171360E-11
3.323323323323377E+02	4.209282608413520E-11
3.327327327327381E+02	4.057396163079647E-11
3.331331331331385E+02	3.910973109214971E-11
3.335335335335390E+02	3.769817596595541E-11
3.339339339339394E+02	3.633740769786807E-11
3.343343343343398E+02	3.502560519334883E-11
3.347347347347402E+02	3.376101241768950E-11
3.351351351351407E+02	3.254193608104028E-11
3.355355355355411E+02	3.136674340544738E-11
3.359359359359415E+02	3.023385997100802E-11
3.363363363363420E+02	2.914176763835365E-11
3.367367367367424E+02	2.808900254476977E-11
3.371371371371428E+02	2.707415317135357E-11
3.375375375375432E+02	2.609585847870533E-11
3.379379379379437E+02	2.515280610873290E-11
3.383383383383441E+02	2.424373065023722E-11
3.387387387387445E+02	2.336741196602698E-11
3.391391391391450E+02	2.252267357938961E-11
3.395395395395454E+02	2.170838111782295E-11
3.399399399399458E+02	2.092344081200464E-11
3.403403403403462E+02	2.016679804804792E-11
3.407407407407467E+02	1.943743597116115E-11
3.411411411411471E+02	1.873437413889392E-11
3.415415415415475E+02	1.805666722221738E-11
3.419419419419480E+02	1.740340375274728E-11
3.423423423423484E+02	1.677370491447847E-11
3.427427427427488E+02	1.616672337845606E-11
3.431431431431492E+02	1.558164217886454E-11
3.435435435435497E+02	1.501767362906981E-11
3.439439439439501E+02	1.447405827619991E-11
3.443443443443505E+02	1.395006389290033E-11
3.447447447447510E+02	1.344498450494818E-11
3.451451451451514E+02	1.295813945345546E-11
3.455455455455518E+02	1.248887249043663E-11
3.459459459459522E+02	1.203655090655828E-11
3.463463463463527E+02	1.160056468993144E-11
3.467467467467531E+02	1.118032571484630E-11
3.471471471471535E+02	1.077526695938799E-11
3.475475475475540E+02	1.038484175091035E-11
3.479479479479544E+02	1.000852303837933E-11
3.483483483483548E+02	9.645802690634012E-12
3.487487487487552E+02	9.296190819645617E-12
3.491491491491557E+02	8.959215127888019E-12
3.495495495495561E+02	8.634420278964399E-12
3.499499499499565E+02	8.321367290664741E-12
3.503503503503570E+02	8.019632949658303E-12
3.507507507507574E+02	7.728809247053017E-12
3.511511511511578E+02	7.448502834081028E-12
3.515515515515582E+02	7.178334497195814E-12
3.519519519519587E+02	6.917938651891574E-12
3.523523523523591E+02	6.666962854579763E-12
3.527527527527595E+02	6.425067331881341E-12
3.531531531531600E+02	6.191924526716000E-12
3.535535535535604E+02	5.967218660591485E-12
3.539539539539608E+02	5.750645311517003E-12
3.543543543543612E+02	5.541911006985637E-12
3.547547547547617E+02	5.340732831489641E-12
3.551551551551621E+02	5.146838048052107E-12
3.555555555555625E+02	4.959963733276289E-12
3.559559559559630E+02	4.779856425431917E-12
3.563563563563634E+02	4.606271785114493E-12
3.567567567567638E+02	4.438974268030271E-12
3.571571571571642E+02	4.277736809475350E-12
3.575575575575647E+02	4.122340520092671E-12
3.579579579579651E+02	3.972574392505308E-12
3.583583583583655E+02	3.828235018438847E-12
3.587587587587660E+02	3.689126315959363E-12
3.591591591591664E+02	3.555059266466556E-12
3.595595595595668E+02	3.425851661094668E-12
3.599599599599673E+02	3.301327856185857E-12
3.603603603603677E+02	3.181318537512848E-12
3.607607607607681E+02	3.065660492938949E-12
3.611611611611685E+02	2.954196393214690E-12
3.615615615615690E+02	2.846774580620997E-12
3.619619619619694E+02	2.743248865179119E-12
3.623623623623698E+02	2.643478328157439E-12
3.627627627627703E+02	2.547327132614901E-12
3.631631631631707E+02	2.454664340730027E-12
3.635635635635711E+02	2.365363737673428E-12
3.639639639639715E+02	2.279303661790266E-12
3.643643643643720E+02	2.196366840867501E-12
3.647647647647724E+02	2.116440234268691E-12
3.651651651651728E+02	2.039414880726893E-12
3.655655655655733E+02	1.965185751593541E-12
3.659659659659737E+02	1.893651609348617E-12
3.663663663663741E+02	1.824714871184017E-12
3.667667667667745E+02	1.758281477479013E-12
3.671671671671750E+02	1.694260764992918E-12
3.675675675675754E+02	1.632565344606496E-12
3.679679679679758E+02	1.573110983449440E-12
3.683683683683763E+02	1.515816491257232E-12
3.687687687687767E+02	1.460603610806128E-12
3.691691691691771E+02	1.407396912280472E-12
3.695695695695775E+02	1.356123691431694E-12
3.699699699699780E+02	1.306713871393435E-12
3.703703703703784E+02	1.259099908021976E-12
3.707707707707788E+02	1.213216698635825E-12
3.711711711711793E+02	1.169001494032896E-12
3.715715715715797E+02	1.126393813667942E-12
3.719719719719801E+02	1.085335363877146E-12
3.723723723723805E+02	1.045769959040797E-12
3.727727727727810E+02	1.007643445578845E-12
3.731731731731814E+02	9.709036286779258E-13
3.735735735735818E+02	9.355002016519832E-13
3.739739739739823E+02	9.013846778422524E-13
3.743743743743827E+02	8.685103249655046E-13
3.747747747747831E+02	8.368321018230056E-13
3.751751751751835E+02	8.063065972854273E-13
3.755755755755840E+02	7.768919714722832E-13
3.759759759759844E+02	7.485478990471456E-13
3.763763763763848E+02	7.212355145528599E-13
3.767767767767853E+02	6.949173597135537E-13
3.771771771771857E+02	6.695573326329714E-13
3.775775775775861E+02	6.451206388211183E-13
3.779779779779865E+02	6.215737439835949E-13
3.783783783783870E+02	5.988843285104593E-13
3.787787787787874E+02	5.770212436035677E-13
3.791791791791878E+02	5.559544689836839E-13
3.795795795795883E+02	5.356550721205792E-13
3.799799799799887E+02	5.160951689315423E-13
3.803803803803891E+02	4.972478858955096E-13
3.807807807807895E+02	4.790873235320684E-13
3.811811811811900E+02	4.615885211962673E-13
3.815815815815904E+02	4.447274231420110E-13
3.819819819819908E+02	4.284808458084764E-13
3.823823823823913E+02	4.128264462856091E-13
3.827827827827917E+02	3.977426919163466E-13
3.831831831831921E+02	3.832088309947215E-13
3.835835835835925E+02	3.692048645204815E-13
3.839839839839930E+02	3.557115189722226E-13
3.843843843843934E+02	3.427102200624702E-13
3.847847847847938E+02	3.301830674393628E-13
3.851851851851943E+02	3.181128103009361E-13
3.855855855855947E+02	3.064828238891874E-13
3.859859859859951E+02	2.952770868322626E-13
3.863863863863955E+02	2.844801593042885E-13
3.867867867867960E+02	2.740771619734127E-13
3.871871871871964E+02	2.640537557097144E-13
3.875875875875968E+02	2.543961220256302E-13
3.879879879879973E+02	2.450909442225466E-13
3.883883883883977E+02	2.361253892181303E-13
3.887887887887981E+02	2.274870900299107E-13
3.891891891891985E+02	2.191641288914742E-13
3.895895895895990E+02	2.111450209785019E-13
3.899899899899994E+02	2.034186987226937E-13
3.903903903903998E+02	1.959744966923929E-13
3.907907907908003E+02	1.888021370195243E-13
3.911911911912007E+02	1.818917153531409E-13
3.915915915916011E+02	1.752336873206268E-13
3.919919919920015E+02	1.688188554782558E-13
3.923923923924020E+02	1.626383567334691E-13
3.927927927928024E+02	1.566836502218847E-13
3.931931931932028E+02	1.509465056226320E-13
3.935935935936033E+02	1.454189918962198E-13
3.939939939940037E+02	1.400934664297060E-13
3.943943943944041E+02	1.349625645744745E-13
3.947947947948045E+02	1.300191895624698E-13
3.951951951952050E+02	1.252565027872335E-13
3.955955955956054E+02	1.206679144365892E-13
3.959959959960058E+02	1.162470744642868E-13
3.963963963964063E+02	1.119878638883772E-13
3.967967967968067E+02	1.078843864045317E-13
3.971971971972071E+02	1.039309603029352E-13
3.975975975976075E+02	1.001221106777995E-13
3.979979979980080E+02	9.645256191893490E-14
3.983983983984084E+02	9.291723047519714E-14
3.987987987988088E+02	8.951121787999176E-14
3.991991991992093E+02	8.622980402937620E-14
3.995995995996097E+02	8.306844070363667E-14
4.000000000000101E+02	8.002274532354546E-14
