# mass, entropy
0.000000000000000E+00	1.053195946899553E-01
4.004004004004004E-01	1.053193860312441E-01
8.008008008008008E-01	1.053187600525069E-01
1.201201201201201E+00	1.053177167459324E-01
1.601601601601602E+00	1.053162560985014E-01
2.002002002002002E+00	1.053143780919854E-01
2.402402402402402E+00	1.053120827029464E-01
2.802802802802803E+00	1.053093699027339E-01
3.203203203203203E+00	1.053062396574845E-01
3.603603603603603E+00	1.053026919281187E-01
4.004004004004003E+00	1.052987266703386E-01
4.404404404404404E+00	1.052943438346248E-01
4.804804804804804E+00	1.052895433662336E-01
5.205205205205204E+00	1.052843252051928E-01
5.605605605605605E+00	1.052786892862980E-01
6.006006006006005E+00	1.052726355391084E-01
6.406406406406405E+00	1.052661638879418E-01
6.806806806806805E+00	1.052592742518697E-01
7.207207207207206E+00	1.052519665447121E-01
7.607607607607606E+00	1.052442406750318E-01
8.008008008008007E+00	1.052360965461279E-01
8.408408408408407E+00	1.052275340560297E-01
8.808808808808807E+00	1.052185530974897E-01
9.209209209209208E+00	1.052091535579770E-01
9.609609609609608E+00	1.051993353196690E-01
1.001001001001001E+01	1.051890982594443E-01
1.041041041041041E+01	1.051784422488738E-01
1.081081081081081E+01	1.051673671542125E-01
1.121121121121121E+01	1.051558728363906E-01
1.161161161161161E+01	1.051439591510042E-01
1.201201201201201E+01	1.051316259483051E-01
1.241241241241241E+01	1.051188730731916E-01
1.281281281281281E+01	1.051057003651974E-01
1.321321321321321E+01	1.050921076584811E-01
1.361361361361361E+01	1.050780947818152E-01
1.401401401401401E+01	1.050636615585743E-01
1.441441441441441E+01	1.050488078067231E-01
1.481481481481481E+01	1.050335333388044E-01
1.521521521521521E+01	1.050178379619267E-01
1.561561561561561E+01	1.050017214777503E-01
1.601601601601601E+01	1.049851836824745E-01
1.641641641641641E+01	1.049682243668237E-01
1.681681681681681E+01	1.049508433160331E-01
1.721721721721721E+01	1.049330403098339E-01
1.761761761761761E+01	1.049148151224390E-01
1.801801801801802E+01	1.048961675225266E-01
1.841841841841842E+01	1.048770972732252E-01
1.881881881881882E+01	1.048576041320970E-01
1.921921921921922E+01	1.048376878511216E-01
1.961961961961962E+01	1.048173481766783E-01
2.002002002002002E+01	1.047965848495299E-01
2.042042042042042E+01	1.047753976048033E-01
2.082082082082082E+01	1.047537861719727E-01
2.122122122122122E+01	1.047317502748401E-01
2.162162162162162E+01	1.047092896315161E-01
2.202202202202202E+01	1.046864039544008E-01
2.242242242242242E+01	1.046630929501638E-01
2.282282282282282E+01	1.046393563197234E-01
2.322322322322322E+01	1.046151937582262E-01
2.362362362362362E+01	1.045906049550255E-01
2.402402402402402E+01	1.045655895936595E-01
2.442442442442442E+01	1.045401473518297E-01
2.482482482482482E+01	1.045142779013777E-01
2.522522522522522E+01	1.044879809082619E-01
2.562562562562562E+01	1.044612560325349E-01
2.602602602602602E+01	1.044341029283183E-01
2.642642642642642E+01	1.044065212437792E-01
2.682682682682682E+01	1.043785106211045E-01
2.722722722722722E+01	1.043500706964756E-01
2.762762762762762E+01	1.043212011000432E-01
2.802802802802802E+01	1.042919014558994E-01
2.842842842842842E+01	1.042621713820521E-01
2.882882882882882E+01	1.042320104903970E-01
2.922922922922922E+01	1.042014183866895E-01
2.962962962962962E+01	1.041703946705167E-01
3.003003003003002E+01	1.041389389352681E-01
3.043043043043042E+01	1.041070507681061E-01
3.083083083083082E+01	1.040747297499361E-01
3.123123123123122E+01	1.040419754553760E-01
3.163163163163162E+01	1.040087874527251E-01
3.203203203203203E+01	1.039751653039319E-01
3.243243243243243E+01	1.039411085645628E-01
3.283283283283283E+01	1.039066167837688E-01
3.323323323323323E+01	1.038716895042522E-01
3.363363363363363E+01	1.038363262622329E-01
3.403403403403403E+01	1.038005265874137E-01
3.443443443443443E+01	1.037642900029453E-01
3.483483483483483E+01	1.037276160253909E-01
3.523523523523523E+01	1.036905041646895E-01
3.563563563563563E+01	1.036529539241196E-01
3.603603603603603E+01	1.036149648002609E-01
3.643643643643643E+01	1.035765362829573E-01
3.683683683683683E+01	1.035376678552772E-01
3.723723723723723E+01	1.034983589934744E-01
3.763763763763763E+01	1.034586091669487E-01
3.803803803803803E+01	1.034184178382042E-01
3.843843843843843E+01	1.033777844628087E-01
3.883883883883883E+01	1.033367084893515E-01
3.923923923923923E+01	1.032951893594007E-01
3.963963963963963E+01	1.032532265074596E-01
4.004004004004003E+01	1.032108193609231E-01
4.044044044044043E+01	1.031679673400327E-01
4.084084084084083E+01	1.031246698578305E-01
4.124124124124123E+01	1.030809263201140E-01
4.164164164164163E+01	1.030367361253881E-01
4.204204204204203E+01	1.029920986648180E-01
4.244244244244243E+01	1.029470133221805E-01
4.284284284284283E+01	1.029014794738148E-01
4.324324324324323E+01	1.028554964885724E-01
4.364364364364364E+01	1.028090637277665E-01
4.404404404404404E+01	1.027621805451199E-01
4.444444444444444E+01	1.027148462867132E-01
4.484484484484484E+01	1.026670602909310E-01
4.524524524524524E+01	1.026188218884080E-01
4.564564564564564E+01	1.025701304019740E-01
4.604604604604604E+01	1.025209851465983E-01
4.644644644644644E+01	1.024713854293323E-01
4.684684684684684E+01	1.024213305492531E-01
4.724724724724724E+01	1.023708197974038E-01
4.764764764764764E+01	1.023198524567347E-01
4.804804804804804E+01	1.022684278020429E-01
4.844844844844844E+01	1.022165450999110E-01
4.884884884884884E+01	1.021642036086446E-01
4.924924924924924E+01	1.021114025782095E-01
4.964964964964964E+01	1.020581412501670E-01
5.005005005005004E+01	1.020044188576092E-01
5.045045045045044E+01	1.019502346250921E-01
5.085085085085084E+01	1.018955877685692E-01
5.125125125125124E+01	1.018404774953220E-01
5.165165165165164E+01	1.017849030038916E-01
5.205205205205204E+01	1.017288634840078E-01
5.245245245245244E+01	1.016723581165172E-01
5.285285285285284E+01	1.016153860733109E-01
5.325325325325324E+01	1.015579465172504E-01
5.365365365365364E+01	1.015000386020927E-01
5.405405405405404E+01	1.014416614724135E-01
5.445445445445444E+01	1.013828142635309E-01
5.485485485485484E+01	1.013234961014251E-01
5.525525525525524E+01	1.012637061026601E-01
5.565565565565564E+01	1.012034433743014E-01
5.605605605605604E+01	1.011427070138343E-01
5.645645645645644E+01	1.010814961090796E-01
5.685685685685684E+01	1.010198097381083E-01
5.725725725725724E+01	1.009576469691561E-01
5.765765765765764E+01	1.008950068605344E-01
5.805805805805804E+01	1.008318884605420E-01
5.845845845845844E+01	1.007682908073736E-01
5.885885885885885E+01	1.007042129290284E-01
5.925925925925925E+01	1.006396538432160E-01
5.965965965965965E+01	1.005746125572614E-01
6.006006006006005E+01	1.005090880680087E-01
6.046046046046045E+01	1.004430793617223E-01
6.086086086086085E+01	1.003765854139874E-01
6.126126126126125E+01	1.003096051896089E-01
6.166166166166165E+01	1.002421376425076E-01
6.206206206206205E+01	1.001741817156164E-01
6.246246246246245E+01	1.001057363407730E-01
6.286286286286285E+01	1.000368004386125E-01
6.326326326326325E+01	9.996737291845674E-02
6.366366366366365E+01	9.989745267820307E-02
6.406406406406406E+01	9.982703860421063E-02
6.446446446446446E+01	9.975612957118483E-02
6.486486486486486E+01	9.968472444206032E-02
6.526526526526526E+01	9.961282206788108E-02
6.566566566566566E+01	9.954042128767987E-02
6.606606606606606E+01	9.946752092835459E-02
6.646646646646646E+01	9.939411980454296E-02
6.686686686686686E+01	9.932021671849528E-02
6.726726726726726E+01	9.924581045994484E-02
6.766766766766766E+01	9.917089980597593E-02
6.806806806806806E+01	9.909548352089044E-02
6.846846846846846E+01	9.901956035607146E-02
6.886886886886886E+01	9.894312904984461E-02
6.926926926926926E+01	9.886618832733743E-02
6.966966966966966E+01	9.878873690033628E-02
7.007007007007006E+01	9.871077346714074E-02
7.047047047047046E+01	9.863229671241491E-02
7.087087087087086E+01	9.855330530703763E-02
7.127127127127126E+01	9.847379790794877E-02
7.167167167167166E+01	9.839377315799333E-02
7.207207207207206E+01	9.831322968576307E-02
7.247247247247246E+01	9.823216610543538E-02
7.287287287287286E+01	9.815058101660878E-02
7.327327327327326E+01	9.806847300413636E-02
7.367367367367366E+01	9.798584063795571E-02
7.407407407407406E+01	9.790268247291649E-02
7.447447447447446E+01	9.781899704860403E-02
7.487487487487486E+01	9.773478288916118E-02
7.527527527527526E+01	9.765003850310562E-02
7.567567567567566E+01	9.756476238314468E-02
7.607607607607606E+01	9.747895300598722E-02
7.647647647647646E+01	9.739260883215128E-02
7.687687687687686E+01	9.730572830576904E-02
7.727727727727726E+01	9.721830985438777E-02
7.767767767767766E+01	9.713035188876790E-02
7.807807807807806E+01	9.704185280267653E-02
7.847847847847846E+01	9.695281097267823E-02
7.887887887887887E+01	9.686322475792127E-02
7.927927927927927E+01	9.677309249992037E-02
7.967967967967967E+01	9.668241252233538E-02
8.008008008008007E+01	9.659118313074638E-02
8.048048048048047E+01	9.649940261242379E-02
8.088088088088087E+01	9.640706923609502E-02
8.128128128128127E+01	9.631418125170665E-02
8.168168168168167E+01	9.622073689018228E-02
8.208208208208207E+01	9.612673436317574E-02
8.248248248248247E+01	9.603217186282002E-02
8.288288288288287E+01	9.593704756147127E-02
8.328328328328327E+01	9.584135961144827E-02
8.368368368368367E+01	9.574510614476692E-02
8.408408408408407E+01	9.564828527287032E-02
8.448448448448447E+01	9.555089508635256E-02
8.488488488488487E+01	9.545293365467887E-02
8.528528528528527E+01	9.535439902589962E-02
8.568568568568567E+01	9.525528922635852E-02
8.608608608608607E+01	9.515560226039699E-02
8.648648648648647E+01	9.505533611005115E-02
8.688688688688687E+01	9.495448873474388E-02
8.728728728728727E+01	9.485305807097125E-02
8.768768768768767E+01	9.475104203198245E-02
8.808808808808807E+01	9.464843850745426E-02
8.848848848848847E+01	9.454524536315836E-02
8.888888888888887E+01	9.444146044062350E-02
8.928928928928927E+01	9.433708155678998E-02
8.968968968968967E+01	9.423210650365847E-02
9.009009009009007E+01	9.412653304793146E-02
9.049049049049047E+01	9.402035893064802E-02
9.089089089089087E+01	9.391358186681147E-02
9.129129129129127E+01	9.380619954500984E-02
9.169169169169167E+01	9.369820962702913E-02
9.209209209209207E+01	9.358960974745846E-02
9.249249249249247E+01	9.348039751328853E-02
9.289289289289287E+01	9.337057050350120E-02
9.329329329329327E+01	9.326012626865200E-02
9.369369369369367E+01	9.314906233044326E-02
9.409409409409407E+01	9.303737618129072E-02
9.449449449449448E+01	9.292506528387945E-02
9.489489489489488E+01	9.281212707071287E-02
9.529529529529528E+01	9.269855894365188E-02
9.569569569569568E+01	9.258435827344515E-02
9.609609609609608E+01	9.246952239925030E-02
9.649649649649648E+01	9.235404862814561E-02
9.689689689689688E+01	9.223793423463182E-02
9.729729729729728E+01	9.212117646012422E-02
9.769769769769768E+01	9.200377251243493E-02
9.809809809809808E+01	9.188571956524449E-02
9.849849849849848E+01	9.176701475756331E-02
9.889889889889888E+01	9.164765519318238E-02
9.929929929929928E+01	9.152763794011275E-02
9.969969969969968E+01	9.140696003001421E-02
1.001001001001001E+02	9.128561845761277E-02
1.005005005005005E+02	9.116361018010610E-02
1.009009009009009E+02	9.104093211655724E-02
1.013013013013013E+02	9.091758114727663E-02
1.017017017017017E+02	9.079355411319132E-02
1.021021021021021E+02	9.066884781520206E-02
1.025025025025025E+02	9.054345901352726E-02
1.029029029029029E+02	9.041738442703404E-02
1.033033033033033E+02	9.029062073255609E-02
1.037037037037037E+02	9.016316456419760E-02
1.041041041041041E+02	9.003501251262358E-02
1.045045045045045E+02	8.990616112433635E-02
1.049049049049049E+02	8.977660690093675E-02
1.053053053053053E+02	8.964634629837187E-02
1.057057057057057E+02	8.951537572616675E-02
1.061061061061061E+02	8.938369154664165E-02
1.065065065065065E+02	8.925129007411349E-02
1.069069069069069E+02	8.911816757408113E-02
1.073073073073073E+02	8.898432026239536E-02
1.077077077077077E+02	8.884974430441187E-02
1.081081081081081E+02	8.871443581412773E-02
1.085085085085085E+02	8.857839085330094E-02
1.089089089089089E+02	8.844160543055243E-02
1.093093093093093E+02	8.830407550045127E-02
1.097097097097097E+02	8.816579696258062E-02
1.101101101101101E+02	8.802676566058691E-02
1.105105105105105E+02	8.788697738120954E-02
1.109109109109109E+02	8.774642785329226E-02
1.113113113113113E+02	8.760511274677511E-02
1.117117117117117E+02	8.746302767166730E-02
1.121121121121121E+02	8.732016817699990E-02
1.125125125125125E+02	8.717649882911160E-02
1.129129129129129E+02	8.703210781379749E-02
1.133133133133133E+02	8.688689772872814E-02
1.137137137137137E+02	8.674089478879309E-02
1.141141141141141E+02	8.659409422171430E-02
1.145145145145145E+02	8.644649118752100E-02
1.149149149149149E+02	8.629808077735616E-02
1.153153153153153E+02	8.614885801225994E-02
1.157157157157157E+02	8.599881784193145E-02
1.161161161161161E+02	8.584795514346721E-02
1.165165165165165E+02	8.569626472007667E-02
1.169169169169169E+02	8.554374129977464E-02
1.173173173173173E+02	8.539037953404985E-02
1.177177177177177E+02	8.523617399650990E-02
1.181181181181181E+02	8.508111918150169E-02
1.185185185185185E+02	8.492520950270817E-02
1.189189189189189E+02	8.476843929172004E-02
1.193193193193193E+02	8.461080279658274E-02
1.197197197197197E+02	8.445229418031858E-02
1.201201201201201E+02	8.429290751942375E-02
1.205205205205205E+02	8.413263680233979E-02
1.209209209209209E+02	8.397147592789968E-02
1.213213213213213E+02	8.380941870374839E-02
1.217217217217217E+02	8.364645884473773E-02
1.221221221221221E+02	8.348258997129485E-02
1.225225225225225E+02	8.331780560776575E-02
1.229229229229229E+02	8.315209918073223E-02
1.233233233233233E+02	8.298546401730285E-02
1.237237237237237E+02	8.281789334337836E-02
1.241241241241241E+02	8.264938028189095E-02
1.245245245245245E+02	8.247991785101783E-02
1.249249249249249E+02	8.230949896236889E-02
1.253253253253253E+02	8.213811641914930E-02
1.257257257257257E+02	8.196576291429618E-02
1.261261261261261E+02	8.179243102859080E-02
1.265265265265265E+02	8.161811322874536E-02
1.269269269269269E+02	8.144280186546574E-02
1.273273273273273E+02	8.126648917149000E-02
1.277277277277277E+02	8.108916725960359E-02
1.281281281281281E+02	8.091082812063057E-02
1.285285285285285E+02	8.073146362140346E-02
1.289289289289289E+02	8.055106550271023E-02
1.293293293293293E+02	8.036962537722075E-02
1.297297297297297E+02	8.018713472739226E-02
1.301301301301301E+02	8.000358490335625E-02
1.305305305305305E+02	7.981896712078533E-02
1.309309309309309E+02	7.963327245874417E-02
1.313313313313313E+02	7.944649185752301E-02
1.317317317317317E+02	7.925861611645629E-02
1.321321321321321E+02	7.906963243590699E-02
1.325325325325325E+02	7.887953862555487E-02
1.329329329329329E+02	7.868832388701054E-02
1.333333333333333E+02	7.849597268371704E-02
1.337337337337337E+02	7.830247814569025E-02
1.341341341341341E+02	7.810783018006065E-02
1.345345345345345E+02	7.791201853743930E-02
1.349349349349349E+02	7.771503280967364E-02
1.353353353353353E+02	7.751686242760618E-02
1.357357357357357E+02	7.731749665883700E-02
1.361361361361361E+02	7.711692460549335E-02
1.365365365365365E+02	7.691513520200910E-02
1.369369369369369E+02	7.671211721291786E-02
1.373373373373373E+02	7.650785923066246E-02
1.377377377377377E+02	7.630234967342453E-02
1.381381381381381E+02	7.609557678297844E-02
1.385385385385385E+02	7.588752862257342E-02
1.389389389389389E+02	7.567819307484763E-02
1.393393393393393E+02	7.546755783978022E-02
1.397397397397397E+02	7.525561043268464E-02
1.401401401401401E+02	7.504233818224935E-02
1.405405405405405E+02	7.482772822863112E-02
1.409409409409409E+02	7.461176752160686E-02
1.413413413413413E+02	7.439444281878986E-02
1.417417417417417E+02	7.417574068391704E-02
1.421421421421421E+02	7.395564748521417E-02
1.425425425425425E+02	7.373414939384583E-02
1.429429429429429E+02	7.351123238245851E-02
1.433433433433433E+02	7.328688222382414E-02
1.437437437437437E+02	7.306108448959277E-02
1.441441441441441E+02	7.283382454916335E-02
1.445445445445445E+02	7.260508756868202E-02
1.449449449449449E+02	7.237485851017753E-02
1.453453453453453E+02	7.214312213084470E-02
1.457457457457457E+02	7.190986298248607E-02
1.461461461461461E+02	7.167506541112373E-02
1.465465465465465E+02	7.143871355679318E-02
1.469469469469469E+02	7.120079103123682E-02
1.473473473473473E+02	7.096128223314138E-02
1.477477477477477E+02	7.072017034360593E-02
1.481481481481481E+02	7.047743867878414E-02
1.485485485485485E+02	7.023307035109870E-02
1.489489489489489E+02	6.998704827047098E-02
1.493493493493493E+02	6.973935514582187E-02
1.497497497497497E+02	6.948997355829425E-02
1.501501501501501E+02	6.923888564336610E-02
1.505505505505505E+02	6.898607362854346E-02
1.509509509509509E+02	6.873151944038924E-02
1.513513513513513E+02	6.847520481645594E-02
1.517517517517517E+02	6.821711130883970E-02
1.521521521521521E+02	6.795722028815770E-02
1.525525525525525E+02	6.769551294797149E-02
1.529529529529529E+02	6.743197030968073E-02
1.533533533533533E+02	6.716657322791252E-02
1.537537537537537E+02	6.689930239643262E-02
1.541541541541541E+02	6.663013835460557E-02
1.545545545545545E+02	6.635906149443196E-02
1.549549549549549E+02	6.608605206819192E-02
1.553553553553553E+02	6.581109019672529E-02
1.557557557557557E+02	6.553415587837963E-02
1.561561561561561E+02	6.525522899865824E-02
1.565565565565565E+02	6.497428934060195E-02
1.569569569569569E+02	6.469131659593835E-02
1.573573573573573E+02	6.440629037703509E-02
1.577577577577577E+02	6.411919022540118E-02
1.581581581581581E+02	6.382999563833774E-02
1.585585585585585E+02	6.353868607150259E-02
1.589589589589589E+02	6.324524095664179E-02
1.593593593593593E+02	6.294963971923345E-02
1.597597597597597E+02	6.265186179607414E-02
1.601601601601601E+02	6.235188665394412E-02
1.605605605605605E+02	6.204969380939426E-02
1.609609609609609E+02	6.174526284969780E-02
1.613613613613613E+02	6.143857345501144E-02
1.617617617617617E+02	6.112960542179033E-02
1.621621621621621E+02	6.081833868750278E-02
1.625625625625625E+02	6.050475335669045E-02
1.629629629629629E+02	6.018882972842046E-02
1.633633633633633E+02	5.987054832517556E-02
1.637637637637637E+02	5.954988992322880E-02
1.641641641641641E+02	5.922683558454931E-02
1.645645645645645E+02	5.890136669028441E-02
1.649649649649649E+02	5.857346497586329E-02
1.653653653653653E+02	5.824311256776651E-02
1.657657657657657E+02	5.791029202200502E-02
1.661661661661661E+02	5.757498636434877E-02
1.665665665665665E+02	5.723717913234674E-02
1.669669669669669E+02	5.689685441917462E-02
1.673673673673673E+02	5.655399691934681E-02
1.677677677677677E+02	5.620859197632451E-02
1.681681681681681E+02	5.586062563204984E-02
1.685685685685685E+02	5.551008467843205E-02
1.689689689689689E+02	5.515695671080702E-02
1.693693693693693E+02	5.480123018338810E-02
1.697697697697697E+02	5.444289446671989E-02
1.701701701701701E+02	5.408193990714175E-02
1.705705705705705E+02	5.371835788826163E-02
1.709709709709709E+02	5.335214089443324E-02
1.713713713713713E+02	5.298328257622330E-02
1.717717717717717E+02	5.261177781784620E-02
1.721721721721721E+02	5.223762280653514E-02
1.725725725725725E+02	5.186081510380999E-02
1.729729729729729E+02	5.148135371858977E-02
1.733733733733733E+02	5.109923918208865E-02
1.737737737737737E+02	5.071447362442116E-02
1.741741741741741E+02	5.032706085282972E-02
1.745745745745745E+02	4.993700643143471E-02
1.749749749749749E+02	4.954431776239203E-02
1.753753753753753E+02	4.914900416832840E-02
1.757757757757757E+02	4.875107697590865E-02
1.761761761761761E+02	4.835054960037249E-02
1.765765765765765E+02	4.794743763086039E-02
1.769769769769769E+02	4.754175891633023E-02
1.773773773773773E+02	4.713353365184743E-02
1.777777777777777E+02	4.672278446501171E-02
1.781781781781781E+02	4.630953650226341E-02
1.785785785785785E+02	4.589381751479236E-02
1.789789789789789E+02	4.547565794375021E-02
1.793793793793793E+02	4.505509100444775E-02
1.797797797797797E+02	4.463215276919622E-02
1.801801801801801E+02	4.420688224843109E-02
1.805805805805805E+02	4.377932146973603E-02
1.809809809809809E+02	4.334951555436404E-02
1.813813813813813E+02	4.291751279083340E-02
1.817817817817817E+02	4.248336470515651E-02
1.821821821821821E+02	4.204712612724264E-02
1.825825825825825E+02	4.160885525299830E-02
1.829829829829829E+02	4.116861370163507E-02
1.833833833833833E+02	4.072646656768066E-02
1.837837837837837E+02	4.028248246717924E-02
1.841841841841841E+02	3.983673357755833E-02
1.845845845845845E+02	3.938929567063395E-02
1.849849849849849E+02	3.894024813822424E-02
1.853853853853853E+02	3.848967400984223E-02
1.857857857857857E+02	3.803765996194349E-02
1.861861861861861E+02	3.758429631821361E-02
1.865865865865865E+02	3.712967704039383E-02
1.869869869869869E+02	3.667389970916043E-02
1.873873873873873E+02	3.621706549459699E-02
1.877877877877877E+02	3.575927911582576E-02
1.881881881881881E+02	3.530064878939764E-02
1.885885885885886E+02	3.484128616607767E-02
1.889889889889890E+02	3.438130625570752E-02
1.893893893893894E+02	3.392082733987400E-02
1.897897897897898E+02	3.345997087216741E-02
1.901901901901902E+02	3.299886136587207E-02
1.905905905905906E+02	3.253762626899590E-02
1.909909909909910E+02	3.207639582661330E-02
1.913913913913914E+02	3.161530293056976E-02
1.917917917917918E+02	3.115448295667178E-02
1.921921921921922E+02	3.069407358956585E-02
1.925925925925926E+02	3.023421463559245E-02
1.929929929929930E+02	2.977504782398526E-02
1.933933933933934E+02	2.931671659687012E-02
1.937937937937938E+02	2.885936588860572E-02
1.941941941941942E+02	2.840314189509046E-02
1.945945945945946E+02	2.794819183374596E-02
1.949949949949950E+02	2.749466369496691E-02
1.953953953953954E+02	2.704270598590574E-02
1.957957957957958E+02	2.659246746753371E-02
1.961961961961962E+02	2.614409688598770E-02
1.965965965965966E+02	2.569774269927476E-02
1.969969969969970E+02	2.525355280045998E-02
1.973973973973974E+02	2.481167423851177E-02
1.977977977977978E+02	2.437225293801500E-02
1.981981981981982E+02	2.393543341899341E-02
1.985985985985986E+02	2.350135851810028E-02
1.989989989989990E+02	2.307016911244635E-02
1.993993993993994E+02	2.264200384733219E-02
1.997997997997998E+02	2.221699886914015E-02
2.002002002002002E+02	2.179528756461817E-02
2.006006006006006E+02	2.137700030775497E-02
2.010010010010010E+02	2.096226421540200E-02
2.014014014014014E+02	2.055120291274530E-02
2.018018018018018E+02	2.014393630966685E-02
2.022022022022022E+02	1.974058038896547E-02
2.026026026026026E+02	1.934124700732707E-02
2.030030030030030E+02	1.894604370985006E-02
2.034034034034034E+02	1.855507355883906E-02
2.038038038038038E+02	1.816843497748465E-02
2.042042042042042E+02	1.778622160894663E-02
2.046046046046046E+02	1.740852219125565E-02
2.050050050050050E+02	1.703542044834415E-02
2.054054054054054E+02	1.666699499741314E-02
2.058058058058058E+02	1.630331927273755E-02
2.062062062062062E+02	1.594446146591154E-02
2.066066066066066E+02	1.559048448243515E-02
2.070070070070070E+02	1.524144591444972E-02
2.074074074074074E+02	1.489739802933764E-02
2.078078078078078E+02	1.455838777381730E-02
2.082082082082082E+02	1.422445679308439E-02
2.086086086086086E+02	1.389564146447838E-02
2.090090090090090E+02	1.357197294508622E-02
2.094094094094094E+02	1.325347723263797E-02
2.098098098098098E+02	1.294017523899680E-02
2.102102102102102E+02	1.263208287550346E-02
2.106106106106106E+02	1.232921114939873E-02
2.110110110110110E+02	1.203156627051998E-02
2.114114114114114E+02	1.173914976744643E-02
2.118118118118118E+02	1.145195861225492E-02
2.122122122122122E+02	1.116998535304054E-02
2.126126126126126E+02	1.089321825335696E-02
2.130130130130130E+02	1.062164143773651E-02
2.134134134134134E+02	1.035523504246206E-02
2.138138138138138E+02	1.009397537077893E-02
2.142142142142142E+02	9.837835051756796E-03
2.146146146146146E+02	9.586783202036160E-03
2.150150150150150E+02	9.340785589723658E-03
2.154154154154154E+02	9.099804799731879E-03
2.158158158158158E+02	8.863800399894154E-03
2.162162162162162E+02	8.632729107221218E-03
2.166166166166166E+02	8.406544953705039E-03
2.170170170170170E+02	8.185199451114162E-03
2.174174174174174E+02	7.968641754265012E-03
2.178178178178178E+02	7.756818822294184E-03
2.182182182182182E+02	7.549675577496743E-03
2.186186186186186E+02	7.347155061335857E-03
2.190190190190190E+02	7.149198587268319E-03
2.194194194194194E+02	6.955745890068998E-03
2.198198198198198E+02	6.766735271374685E-03
2.202202202202202E+02	6.582103741203884E-03
2.206206206206206E+02	6.401787155243781E-03
2.210210210210210E+02	6.225720347728520E-03
2.214214214214214E+02	6.053837259764584E-03
2.218218218218218E+02	5.886071062988410E-03
2.222222222222222E+02	5.722354278469408E-03
2.226226226226226E+02	5.562618890797523E-03
2.230230230230230E+02	5.406796457318491E-03
2.234234234234234E+02	5.254818212502464E-03
2.238238238238238E+02	5.106615167452018E-03
2.242242242242242E+02	4.962118204574421E-03
2.246246246246246E+02	4.821258167459856E-03
2.250250250250250E+02	4.683965946022837E-03
2.254254254254254E+02	4.550172556977550E-03
2.258258258258258E+02	4.419809219730157E-03
2.262262262262262E+02	4.292807427781696E-03
2.266266266266266E+02	4.169099015744612E-03
2.270270270270270E+02	4.048616222083802E-03
2.274274274274274E+02	3.931291747699977E-03
2.278278278278278E+02	3.817058810478632E-03
2.282282282282282E+02	3.705851195932489E-03
2.286286286286286E+02	3.597603304068915E-03
2.290290290290290E+02	3.492250192616287E-03
2.294294294294294E+02	3.389727616745342E-03
2.298298298298298E+02	3.289972065422308E-03
2.302302302302302E+02	3.192920794531323E-03
2.306306306306306E+02	3.098511856903004E-03
2.310310310310310E+02	3.006684129385619E-03
2.314314314314314E+02	2.917377337093677E-03
2.318318318318318E+02	2.830532074967227E-03
2.322322322322322E+02	2.746089826772889E-03
2.326326326326326E+02	2.663992981675291E-03
2.330330330330330E+02	2.584184848504709E-03
2.334334334334334E+02	2.506609667843781E-03
2.338338338338338E+02	2.431212622053009E-03
2.342342342342342E+02	2.357939843351195E-03
2.346346346346346E+02	2.286738420063727E-03
2.350350350350350E+02	2.217556401147727E-03
2.354354354354354E+02	2.150342799099592E-03
2.358358358358358E+02	2.085047591346593E-03
2.362362362362362E+02	2.021621720220491E-03
2.366366366366366E+02	1.960017091607257E-03
2.370370370370370E+02	1.900186572363307E-03
2.374374374374374E+02	1.842083986584814E-03
2.378378378378378E+02	1.785664110813004E-03
2.382382382382382E+02	1.730882668254656E-03
2.386386386386386E+02	1.677696322093391E-03
2.390390390390390E+02	1.626062667963869E-03
2.394394394394394E+02	1.575940225657458E-03
2.398398398398398E+02	1.527288430124675E-03
2.402402402402402E+02	1.480067621836289E-03
2.406406406406406E+02	1.434239036561922E-03
2.410410410410410E+02	1.389764794621774E-03
2.414414414414414E+02	1.346607889664139E-03
2.418418418418418E+02	1.304732177018555E-03
2.422422422422422E+02	1.264102361671510E-03
2.426426426426426E+02	1.224683985909055E-03
2.430430430430430E+02	1.186443416668034E-03
2.434434434434434E+02	1.149347832635153E-03
2.438438438438438E+02	1.113365211130765E-03
2.442442442442442E+02	1.078464314811934E-03
2.446446446446446E+02	1.044614678227175E-03
2.450450450450450E+02	1.011786594253164E-03
2.454454454454454E+02	9.799511004417612E-04
2.458458458458458E+02	9.490799653037304E-04
2.462462462462462E+02	9.191456745538005E-04
2.466466466466466E+02	8.901214173398957E-04
2.470470470470470E+02	8.619810724778608E-04
2.474474474474474E+02	8.346991947113143E-04
2.478478478478478E+02	8.082510010148775E-04
2.482482482482482E+02	7.826123569575939E-04
2.486486486486486E+02	7.577597631420381E-04
2.490490490490490E+02	7.336703417333582E-04
2.494494494494494E+02	7.103218230913097E-04
2.498498498498498E+02	6.876925325172101E-04
2.502502502502502E+02	6.657613771267176E-04
2.506506506506506E+02	6.445078328582977E-04
2.510510510510510E+02	6.239119316263475E-04
2.514514514514514E+02	6.039542486270134E-04
2.518518518518518E+02	5.846158898039708E-04
2.522522522522522E+02	5.658784794805862E-04
2.526526526526526E+02	5.477241481642078E-04
2.530530530530530E+02	5.301355205276000E-04
2.534534534534534E+02	5.130957035719216E-04
2.538538538538538E+02	4.965882749750335E-04
2.542542542542542E+02	4.805972716283641E-04
2.546546546546546E+02	4.651071783650194E-04
2.550550550550550E+02	4.501029168813630E-04
2.554554554554554E+02	4.355698348538109E-04
2.558558558558558E+02	4.214936952521586E-04
2.562562562562562E+02	4.078606658503939E-04
2.566566566566567E+02	3.946573089355350E-04
2.570570570570571E+02	3.818705712147477E-04
2.574574574574575E+02	3.694877739206229E-04
2.578578578578579E+02	3.574966031142590E-04
2.582582582582584E+02	3.458851001854957E-04
2.586586586586588E+02	3.346416525493995E-04
2.590590590590592E+02	3.237549845378950E-04
2.594594594594597E+02	3.132141484852016E-04
2.598598598598601E+02	3.030085160055709E-04
2.602602602602605E+02	2.931277694616371E-04
2.606606606606609E+02	2.835618936215259E-04
2.610610610610614E+02	2.743011675027438E-04
2.614614614614618E+02	2.653361564007349E-04
2.618618618618622E+02	2.566577040998661E-04
2.622622622622627E+02	2.482569252645137E-04
2.626626626626631E+02	2.401251980078354E-04
2.630630630630635E+02	2.322541566357016E-04
2.634634634634639E+02	2.246356845632362E-04
2.638638638638644E+02	2.172619074013102E-04
2.642642642642648E+02	2.101251862103127E-04
2.646646646646652E+02	2.032181109184524E-04
2.650650650650657E+02	1.965334939018330E-04
2.654654654654661E+02	1.900643637234890E-04
2.658658658658665E+02	1.838039590285676E-04
2.662662662662669E+02	1.777457225928091E-04
2.666666666666674E+02	1.718832955214758E-04
2.670670670670678E+02	1.662105115958711E-04
2.674674674674682E+02	1.607213917645831E-04
2.678678678678687E+02	1.554101387765990E-04
2.682682682682691E+02	1.502711319534402E-04
2.686686686686695E+02	1.452989220974706E-04
2.690690690690699E+02	1.404882265335602E-04
2.694694694694704E+02	1.358339242812891E-04
2.698698698698708E+02	1.313310513549046E-04
2.702702702702712E+02	1.269747961882687E-04
2.706706706706717E+02	1.227604951820503E-04
2.710710710710721E+02	1.186836283704526E-04
2.714714714714725E+02	1.147398152047907E-04
2.718718718718729E+02	1.109248104512671E-04
2.722722722722734E+02	1.072345002003264E-04
2.726726726726738E+02	1.036648979850015E-04
2.730730730730742E+02	1.002121410057033E-04
2.734734734734747E+02	9.687248645894109E-05
2.738738738738751E+02	9.364230796749372E-05
2.742742742742755E+02	9.051809210959976E-05
2.746746746746759E+02	8.749643504476393E-05
2.750750750750764E+02	8.457403923382084E-05
2.754754754754768E+02	8.174771025094107E-05
2.758758758758772E+02	7.901435368529836E-05
2.762762762762777E+02	7.637097213015894E-05
2.766766766766781E+02	7.381466225720301E-05
2.770770770770785E+02	7.134261197391453E-05
2.774774774774789E+02	6.895209766193359E-05
2.778778778778794E+02	6.664048149429283E-05
2.782782782782798E+02	6.440520882950895E-05
2.786786786786802E+02	6.224380568053782E-05
2.790790790790807E+02	6.015387625664507E-05
2.794794794794811E+02	5.813310057627994E-05
2.798798798798815E+02	5.617923214908683E-05
2.802802802802819E+02	5.429009572522391E-05
2.806806806806824E+02	5.246358511020074E-05
2.810810810810828E+02	5.069766104348459E-05
2.814814814814832E+02	4.899034913916481E-05
2.818818818818837E+02	4.733973788700354E-05
2.822822822822841E+02	4.574397671223771E-05
2.826826826826845E+02	4.420127409253593E-05
2.830830830830849E+02	4.270989573055089E-05
2.834834834834854E+02	4.126816278054363E-05
2.838838838838858E+02	3.987445012759229E-05
2.842842842842862E+02	3.852718471793522E-05
2.846846846846867E+02	3.722484393902899E-05
2.850850850850871E+02	3.596595404794120E-05
2.854854854854875E+02	3.474908864672811E-05
2.858858858858879E+02	3.357286720348200E-05
2.862862862862884E+02	3.243595361776446E-05
2.866866866866888E+02	3.133705482917639E-05
2.870870870870892E+02	3.027491946784310E-05
2.874874874874897E+02	2.924833654562735E-05
2.878878878878901E+02	2.825613418691075E-05
2.882882882882905E+02	2.729717839781566E-05
2.886886886886909E+02	2.637037187276723E-05
2.890890890890914E+02	2.547465283732367E-05
2.894894894894918E+02	2.460899392623296E-05
2.898898898898922E+02	2.377240109569770E-05
2.902902902902927E+02	2.296391256886070E-05
2.906906906906931E+02	2.218259781354633E-05
2.910910910910935E+02	2.142755655132107E-05
2.914914914914939E+02	2.069791779695965E-05
2.918918918918944E+02	1.999283892742931E-05
2.922922922922948E+02	1.931150477952727E-05
2.926926926926952E+02	1.865312677533044E-05
2.930930930930957E+02	1.801694207463960E-05
2.934934934934961E+02	1.740221275362174E-05
2.938938938938965E+02	1.680822500887667E-05
2.942942942942969E+02	1.623428838617483E-05
2.946946946946974E+02	1.567973503313469E-05
2.950950950950978E+02	1.514391897512736E-05
2.954954954954982E+02	1.462621541371651E-05
2.958958958958987E+02	1.412602004696116E-05
2.962962962962991E+02	1.364274841092668E-05
2.966966966966995E+02	1.317583524176899E-05
2.970970970970999E+02	1.272473385777390E-05
2.974974974975004E+02	1.228891556075129E-05
2.978978978979008E+02	1.186786905620083E-05
2.982982982983012E+02	1.146109989168262E-05
2.986986986987017E+02	1.106812991284186E-05
2.990990990991021E+02	1.068849673655289E-05
2.994994994995025E+02	1.032175324066314E-05
2.998998998999029E+02	9.967467069831906E-06
3.003003003003034E+02	9.625220156974313E-06
3.007007007007038E+02	9.294608259834303E-06
3.011011011011042E+02	8.975240512224531E-06
3.015015015015047E+02	8.666738989484267E-06
3.019019019019051E+02	8.368738287719878E-06
3.023023023023055E+02	8.080885116404639E-06
3.027027027027059E+02	7.802837903927321E-06
3.031031031031064E+02	7.534266415691081E-06
3.035035035035068E+02	7.274851384375600E-06
3.039039039039072E+02	7.024284151987052E-06
3.043043043043077E+02	6.782266323331444E-06
3.047047047047081E+02	6.548509430557779E-06
3.051051051051085E+02	6.322734608427700E-06
3.055055055055089E+02	6.104672279978743E-06
3.059059059059094E+02	5.894061852258185E-06
3.063063063063098E+02	5.690651421813858E-06
3.067067067067102E+02	5.494197489638017E-06
3.071071071071107E+02	5.304464685269146E-06
3.075075075075111E+02	5.121225499765641E-06
3.079079079079115E+02	4.944260027273867E-06
3.083083083083120E+02	4.773355714921180E-06
3.087087087087124E+02	4.608307120773121E-06
3.091091091091128E+02	4.448915679601381E-06
3.095095095095132E+02	4.294989476217118E-06
3.099099099099137E+02	4.146343026131381E-06
3.103103103103141E+02	4.002797063311988E-06
3.107107107107145E+02	3.864178334812877E-06
3.111111111111150E+02	3.730319402058844E-06
3.115115115115154E+02	3.601058448575418E-06
3.119119119119158E+02	3.476239093959816E-06
3.123123123123162E+02	3.355710213895179E-06
3.127127127127167E+02	3.239325766016488E-06
3.131131131131171E+02	3.126944621442374E-06
3.135135135135175E+02	3.018430401792700E-06
3.139139139139180E+02	2.913651321517338E-06
3.143143143143184E+02	2.812480035367079E-06
3.147147147147188E+02	2.714793490842705E-06
3.151151151151192E+02	2.620472785463270E-06
3.155155155155197E+02	2.529403028699774E-06
3.159159159159201E+02	2.441473208424985E-06
3.163163163163205E+02	2.356576061734826E-06
3.167167167167210E+02	2.274607950001379E-06
3.171171171171214E+02	2.195468738021717E-06
3.175175175175218E+02	2.119061677131137E-06
3.179179179179222E+02	2.045293292153456E-06
3.183183183183227E+02	1.974073272064952E-06
3.187187187187231E+02	1.905314364252419E-06
3.191191191191235E+02	1.838932272249628E-06
3.195195195195240E+02	1.774845556839974E-06
3.199199199199244E+02	1.712975540416677E-06
3.203203203203248E+02	1.653246214495430E-06
3.207207207207252E+02	1.595584150277442E-06
3.211211211211257E+02	1.539918412164318E-06
3.215215215215261E+02	1.486180474129121E-06
3.219219219219265E+02	1.434304138851105E-06
3.223223223223270E+02	1.384225459524420E-06
3.227227227227274E+02	1.335882664254098E-06
3.231231231231278E+02	1.289216082955162E-06
3.235235235235282E+02	1.244168076673549E-06
3.239239239239287E+02	1.200682969250050E-06
3.243243243243291E+02	1.158706981250919E-06
3.247247247247295E+02	1.118188166091354E-06
3.251251251251300E+02	1.079076348280292E-06
3.255255255255304E+02	1.041323063717304E-06
3.259259259259308E+02	1.004881501974570E-06
3.263263263263312E+02	9.697064504990380E-07
3.267267267267317E+02	9.357542406719701E-07
3.271271271271321E+02	9.029826956650726E-07
3.275275275275325E+02	8.713510800343631E-07
3.279279279279330E+02	8.408200509948187E-07
3.283283283283334E+02	8.113516113206503E-07
3.287287287287338E+02	7.829090638178677E-07
3.291291291291342E+02	7.554569673174607E-07
3.295295295295347E+02	7.289610941392219E-07
3.299299299299351E+02	7.033883889778559E-07
3.303303303303355E+02	6.787069291645229E-07
3.307307307307360E+02	6.548858862585244E-07
3.311311311311364E+02	6.318954889253193E-07
3.315315315315368E+02	6.097069870583963E-07
3.319319319319372E+02	5.882926171039873E-07
3.323323323323377E+02	5.676255685488806E-07
3.327327327327381E+02	5.476799515329079E-07
3.331331331331385E+02	5.284307655489087E-07
3.335335335335390E+02	5.098538691941939E-07
3.339339339339394E+02	4.919259509386939E-07
3.343343343343398E+02	4.746245008761072E-07
3.347347347347402E+02	4.579277834254729E-07
3.351351351351407E+02	4.418148109516276E-07
3.355355355355411E+02	4.262653182740611E-07
3.359359359359415E+02	4.112597380346662E-07
3.363363363363420E+02	3.967791768958339E-07
3.367367367367424E+02	3.828053925413022E-07
3.371371371371428E+02	3.693207714530259E-07
3.375375375375432E+02	3.563083074382747E-07
3.379379379379437E+02	3.437515808819305E-07
3.383383383383441E+02	3.316347386998444E-07
3.387387387387445E+02	3.199424749698692E-07
3.391391391391450E+02	3.086600122179525E-07
3.395395395395454E+02	2.977730833374325E-07
3.399399399399458E+02	2.872679141203810E-07
3.403403403403462E+02	2.771312063805407E-07
3.407407407407467E+02	2.673501216480819E-07
3.411411411411471E+02	2.579122654170393E-07
3.415415415415475E+02	2.488056719269376E-07
3.419419419419480E+02	2.400187894607100E-07
3.423423423423484E+02	2.315404661416138E-07
3.427427427427488E+02	2.233599362124144E-07
3.431431431431492E+02	2.154668067806531E-07
3.435435435435497E+02	2.078510450143677E-07
3.439439439439501E+02	2.005029657731383E-07
3.443443443443505E+02	1.934132196598253E-07
3.447447447447510E+02	1.865727814788703E-07
3.451451451451514E+02	1.799729390874837E-07
3.455455455455518E+02	1.736052826265016E-07
3.459459459459522E+02	1.674616941181273E-07
3.463463463463527E+02	1.615343374182095E-07
3.467467467467531E+02	1.558156485111056E-07
3.471471471471535E+02	1.502983261355819E-07
3.475475475475540E+02	1.449753227305909E-07
3.479479479479544E+02	1.398398356901240E-07
3.483483483483548E+02	1.348852989167147E-07
3.487487487487552E+02	1.301053746634998E-07
3.491491491491557E+02	1.254939456550901E-07
3.495495495495561E+02	1.210451074778251E-07
3.499499499499565E+02	1.167531612303019E-07
3.503503503503570E+02	1.126126064253700E-07
3.507507507507574E+02	1.086181341350817E-07
3.511511511511578E+02	1.047646203703675E-07
3.515515515515582E+02	1.010471196874846E-07
3.519519519519587E+02	9.746085901355404E-08
3.523523523523591E+02	9.400123168375275E-08
3.527527527527595E+02	9.066379168298205E-08
3.531531531531600E+02	8.744424808507260E-08
3.535535535535604E+02	8.433845968281852E-08
3.539539539539608E+02	8.134242980235604E-08
3.543543543543612E+02	7.845230129562550E-08
3.547547547547617E+02	7.566435170485770E-08
3.551551551551621E+02	7.297498859323736E-08
3.555555555555625E+02	7.038074503608664E-08
3.559559559559630E+02	6.787827526710583E-08
3.563563563563634E+02	6.546435047439004E-08
3.567567567567638E+02	6.313585474111879E-08
3.571571571571642E+02	6.088978112598829E-08
3.575575575575647E+02	5.872322787862179E-08
3.579579579579651E+02	5.663339478535304E-08
3.583583583583655E+02	5.461757964093398E-08
3.587587587587660E+02	5.267317484186963E-08
3.591591591591664E+02	5.079766409722400E-08
3.595595595595668E+02	4.898861925288587E-08
3.599599599599673E+02	4.724369722541502E-08
3.603603603603677E+02	4.556063704172361E-08
3.607607607607681E+02	4.393725698097225E-08
3.611611611611685E+02	4.237145181518293E-08
3.615615615615690E+02	4.086119014519037E-08
3.619619619619694E+02	3.940451182866712E-08
3.623623623623698E+02	3.799952549706781E-08
3.627627627627703E+02	3.664440615844642E-08
3.631631631631707E+02	3.533739288320190E-08
3.635635635635711E+02	3.407678656990898E-08
3.639639639639715E+02	3.286094778848635E-08
3.643643643643720E+02	3.168829469804839E-08
3.647647647647724E+02	3.055730103687654E-08
3.651651651651728E+02	2.946649418203357E-08
3.655655655655733E+02	2.841445327622754E-08
3.659659659659737E+02	2.739980741961575E-08
3.663663663663741E+02	2.642123392431456E-08
3.667667667667745E+02	2.547745662945963E-08
3.671671671671750E+02	2.456724427473279E-08
3.675675675675754E+02	2.368940893034398E-08
3.679679679679758E+02	2.284280448152434E-08
3.683683683683763E+02	2.202632516565343E-08
3.687687687687767E+02	2.123890416020725E-08
3.691691691691771E+02	2.047951221977572E-08
3.695695695695775E+02	1.974715636045761E-08
3.699699699699780E+02	1.904087859000020E-08
3.703703703703784E+02	1.835975468210483E-08
3.707707707707788E+02	1.770289299337424E-08
3.711711711711793E+02	1.706943332143024E-08
3.715715715715797E+02	1.645854580278000E-08
3.719719719719801E+02	1.586942984905769E-08
3.723723723723805E+02	1.530131312031608E-08
3.727727727727810E+02	1.475345053408695E-08
3.731731731731814E+02	1.422512330897415E-08
3.735735735735818E+02	1.371563804158444E-08
3.739739739739823E+02	1.322432581564381E-08
3.743743743743827E+02	1.275054134218361E-08
3.747747747747831E+02	1.229366212972348E-08
3.751751751751835E+02	1.185308768340973E-08
3.755755755755840E+02	1.142823873210818E-08
3.759759759759844E+02	1.101855648248173E-08
3.763763763763848E+02	1.062350189911806E-08
3.767767767767853E+02	1.024255500980364E-08
3.771771771771857E+02	9.875214235072469E-09
3.775775775775861E+02	9.520995741187508E-09
3.779779779779865E+02	9.179432815740944E-09
3.783783783783870E+02	8.850075265089137E-09
3.787787787787874E+02	8.532488832863148E-09
3.791791791791878E+02	8.226254638823777E-09
3.795795795795883E+02	7.930968637353437E-09
3.799799799799887E+02	7.646241094903229E-09
3.803803803803891E+02	7.371696085735474E-09
3.807807807807895E+02	7.106971005326460E-09
3.811811811811900E+02	6.851716100814325E-09
3.815815815815904E+02	6.605594017899502E-09
3.819819819819908E+02	6.368279363625074E-09
3.823823823823913E+02	6.139458284484183E-09
3.827827827827917E+02	5.918828059320777E-09
3.831831831831921E+02	5.706096706508457E-09
3.835835835835925E+02	5.500982604910095E-09
3.839839839839930E+02	5.303214128137670E-09
3.843843843843934E+02	5.112529291649108E-09
3.847847847847938E+02	4.928675412234025E-09
3.851851851851943E+02	4.751408779456646E-09
3.855855855855947E+02	4.580494338638702E-09
3.859859859859951E+02	4.415705384979283E-09
3.863863863863955E+02	4.256823268423375E-09
3.867867867867960E+02	4.103637108903320E-09
3.871871871871964E+02	3.955943521591310E-09
3.875875875875968E+02	3.813546351812918E-09
3.879879879879973E+02	3.676256419284269E-09
3.883883883883977E+02	3.543891271346782E-09
3.887887887887981E+02	3.416274944885153E-09
3.891891891891985E+02	3.293237736624707E-09
3.895895895895990E+02	3.174615981515139E-09
3.899899899899994E+02	3.060251838917746E-09
3.903903903903998E+02	2.949993086322838E-09
3.907907907908003E+02	2.843692920334110E-09
3.911911911912007E+02	2.741209764665102E-09
3.915915915916011E+02	2.642407084902510E-09
3.919919919920015E+02	2.547153209799081E-09
3.923923923924020E+02	2.455321158867348E-09
3.927927927928024E+02	2.366788476053456E-09
3.931931931932028E+02	2.281437069277778E-09
3.935935935936033E+02	2.199153055636681E-09
3.939939939940037E+02	2.119826612066911E-09
3.943943943944041E+02	2.043351831280855E-09
3.947947947948045E+02	1.969626582787793E-09
3.951951951952050E+02	1.898552378822596E-09
3.955955955956054E+02	1.830034245009572E-09
3.959959959960058E+02	1.763980595595211E-09
3.963963963964063E+02	1.700303113089276E-09
3.967967967968067E+02	1.638916632159468E-09
3.971971971972071E+02	1.579739027630091E-09
3.975975975976075E+02	1.522691106440501E-09
3.979979979980080E+02	1.467696503424143E-09
3.983983983984084E+02	1.414681580773808E-09
3.987987987988088E+02	1.363575331063422E-09
3.991991991992093E+02	1.314309283701285E-09
3.995995995996097E+02	1.266817414694007E-09
4.000000000000101E+02	1.221036059604568E-09
