# mass, entropy
0.000000000000000E+00	4.823497258006599E-01
4.004004004004004E-01	4.823494128211707E-01
8.008008008008008E-01	4.823484738814423E-01
1.201201201201201E+00	4.823469089776852E-01
1.601601601601602E+00	4.823447181035880E-01
2.002002002002002E+00	4.823419012503134E-01
2.402402402402402E+00	4.823384584064970E-01
2.802802802802803E+00	4.823343895582500E-01
3.203203203203203E+00	4.823296946891585E-01
3.603603603603603E+00	4.823243737802808E-01
4.004004004004003E+00	4.823184268101487E-01
4.404404404404404E+00	4.823118537547679E-01
4.804804804804804E+00	4.823046545876152E-01
5.205205205205204E+00	4.822968292796403E-01
5.605605605605605E+00	4.822883777992634E-01
6.006006006006005E+00	4.822793001123762E-01
6.406406406406405E+00	4.822695961823382E-01
6.806806806806805E+00	4.822592659699801E-01
7.207207207207206E+00	4.822483094336003E-01
7.607607607607606E+00	4.822367265289632E-01
8.008008008008007E+00	4.822245172093012E-01
8.408408408408407E+00	4.822116814253120E-01
8.808808808808807E+00	4.821982191251573E-01
9.209209209209208E+00	4.821841302544612E-01
9.609609609609608E+00	4.821694147563120E-01
1.001001001001001E+01	4.821540725712574E-01
1.041041041041041E+01	4.821381036373059E-01
1.081081081081081E+01	4.821215078899236E-01
1.121121121121121E+01	4.821042852620347E-01
1.161161161161161E+01	4.820864356840168E-01
1.201201201201201E+01	4.820679590837050E-01
1.241241241241241E+01	4.820488553863846E-01
1.281281281281281E+01	4.820291245147933E-01
1.321321321321321E+01	4.820087663891172E-01
1.361361361361361E+01	4.819877809269915E-01
1.401401401401401E+01	4.819661680434967E-01
1.441441441441441E+01	4.819439276511572E-01
1.481481481481481E+01	4.819210596599414E-01
1.521521521521521E+01	4.818975639772567E-01
1.561561561561561E+01	4.818734405079493E-01
1.601601601601601E+01	4.818486891543030E-01
1.641641641641641E+01	4.818233098160356E-01
1.681681681681681E+01	4.817973023902968E-01
1.721721721721721E+01	4.817706667716665E-01
1.761761761761761E+01	4.817434028521542E-01
1.801801801801802E+01	4.817155105211935E-01
1.841841841841842E+01	4.816869896656419E-01
1.881881881881882E+01	4.816578401697779E-01
1.921921921921922E+01	4.816280619152986E-01
1.961961961961962E+01	4.815976547813171E-01
2.002002002002002E+01	4.815666186443611E-01
2.042042042042042E+01	4.815349533783662E-01
2.082082082082082E+01	4.815026588546797E-01
2.122122122122122E+01	4.814697349420524E-01
2.162162162162162E+01	4.814361815066377E-01
2.202202202202202E+01	4.814019984119896E-01
2.242242242242242E+01	4.813671855190592E-01
2.282282282282282E+01	4.813317426861908E-01
2.322322322322322E+01	4.812956697691199E-01
2.362362362362362E+01	4.812589666209702E-01
2.402402402402402E+01	4.812216330922499E-01
2.442442442442442E+01	4.811836690308495E-01
2.482482482482482E+01	4.811450742820370E-01
2.522522522522522E+01	4.811058486884556E-01
2.562562562562562E+01	4.810659920901204E-01
2.602602602602602E+01	4.810255043244144E-01
2.642642642642642E+01	4.809843852260862E-01
2.682682682682682E+01	4.809426346272445E-01
2.722722722722722E+01	4.809002523573568E-01
2.762762762762762E+01	4.808572382432433E-01
2.802802802802802E+01	4.808135921090772E-01
2.842842842842842E+01	4.807693137763747E-01
2.882882882882882E+01	4.807244030639964E-01
2.922922922922922E+01	4.806788597881427E-01
2.962962962962962E+01	4.806326837623465E-01
3.003003003003002E+01	4.805858747974734E-01
3.043043043043042E+01	4.805384327017159E-01
3.083083083083082E+01	4.804903572805879E-01
3.123123123123122E+01	4.804416483369220E-01
3.163163163163162E+01	4.803923056708657E-01
3.203203203203203E+01	4.803423290798756E-01
3.243243243243243E+01	4.802917183587151E-01
3.283283283283283E+01	4.802404732994466E-01
3.323323323323323E+01	4.801885936914314E-01
3.363363363363363E+01	4.801360793213205E-01
3.403403403403403E+01	4.800829299730539E-01
3.443443443443443E+01	4.800291454278540E-01
3.483483483483483E+01	4.799747254642202E-01
3.523523523523523E+01	4.799196698579262E-01
3.563563563563563E+01	4.798639783820136E-01
3.603603603603603E+01	4.798076508067866E-01
3.643643643643643E+01	4.797506868998085E-01
3.683683683683683E+01	4.796930864258953E-01
3.723723723723723E+01	4.796348491471114E-01
3.763763763763763E+01	4.795759748227644E-01
3.803803803803803E+01	4.795164632093981E-01
3.843843843843843E+01	4.794563140607907E-01
3.883883883883883E+01	4.793955271279455E-01
3.923923923923923E+01	4.793341021590874E-01
3.963963963963963E+01	4.792720388996587E-01
4.004004004004003E+01	4.792093370923103E-01
4.044044044044043E+01	4.791459964768982E-01
4.084084084084083E+01	4.790820167904773E-01
4.124124124124123E+01	4.790173977672965E-01
4.164164164164163E+01	4.789521391387904E-01
4.204204204204203E+01	4.788862406335761E-01
4.244244244244243E+01	4.788197019774446E-01
4.284284284284283E+01	4.787525228933583E-01
4.324324324324323E+01	4.786847031014406E-01
4.364364364364364E+01	4.786162423189725E-01
4.404404404404404E+01	4.785471402603861E-01
4.444444444444444E+01	4.784773966372563E-01
4.484484484484484E+01	4.784070111582980E-01
4.524524524524524E+01	4.783359835293545E-01
4.564564564564564E+01	4.782643134533970E-01
4.604604604604604E+01	4.781920006305122E-01
4.644644644644644E+01	4.781190447578995E-01
4.684684684684684E+01	4.780454455298626E-01
4.724724724724724E+01	4.779712026378035E-01
4.764764764764764E+01	4.778963157702134E-01
4.804804804804804E+01	4.778207846126695E-01
4.844844844844844E+01	4.777446088478238E-01
4.884884884884884E+01	4.776677881553985E-01
4.924924924924924E+01	4.775903106116016E-01
4.964964964964964E+01	4.775121991387368E-01
5.005005005005004E+01	4.774334417663944E-01
5.045045045045044E+01	4.773540381625905E-01
5.085085085085084E+01	4.772739879923674E-01
5.125125125125124E+01	4.771932909177879E-01
5.165165165165164E+01	4.771119465979261E-01
5.205205205205204E+01	4.770299546888601E-01
5.245245245245244E+01	4.769473148436623E-01
5.285285285285284E+01	4.768640267123949E-01
5.325325325325324E+01	4.767800899420961E-01
5.365365365365364E+01	4.766955041767774E-01
5.405405405405404E+01	4.766102690574114E-01
5.445445445445444E+01	4.765243842219241E-01
5.485485485485484E+01	4.764378493051877E-01
5.525525525525524E+01	4.763506639390098E-01
5.565565565565564E+01	4.762628277521272E-01
5.605605605605604E+01	4.761743403701941E-01
5.645645645645644E+01	4.760852014157753E-01
5.685685685685684E+01	4.759954200212905E-01
5.725725725725724E+01	4.759049765957208E-01
5.765765765765764E+01	4.758138804396173E-01
5.805805805805804E+01	4.757221311631497E-01
5.845845845845844E+01	4.756297283733637E-01
5.885885885885885E+01	4.755366716741687E-01
5.925925925925925E+01	4.754429606663305E-01
5.965965965965965E+01	4.753485949474622E-01
6.006006006006005E+01	4.752535741120123E-01
6.046046046046045E+01	4.751578977512583E-01
6.086086086086085E+01	4.750615654532957E-01
6.126126126126125E+01	4.749645768030286E-01
6.166166166166165E+01	4.748669313821586E-01
6.206206206206205E+01	4.747686287691771E-01
6.246246246246245E+01	4.746696685393529E-01
6.286286286286285E+01	4.745700502647253E-01
6.326326326326325E+01	4.744697735140900E-01
6.366366366366365E+01	4.743688378529926E-01
6.406406406406406E+01	4.742672428437157E-01
6.446446446446446E+01	4.741649880452696E-01
6.486486486486486E+01	4.740620730133814E-01
6.526526526526526E+01	4.739584973004852E-01
6.566566566566566E+01	4.738542604557094E-01
6.606606606606606E+01	4.737493620248677E-01
6.646646646646646E+01	4.736438015504481E-01
6.686686686686686E+01	4.735375785716003E-01
6.726726726726726E+01	4.734306926241271E-01
6.766766766766766E+01	4.733231432404697E-01
6.806806806806806E+01	4.732149299497003E-01
6.846846846846846E+01	4.731060522775081E-01
6.886886886886886E+01	4.729965097461884E-01
6.926926926926926E+01	4.728863018746305E-01
6.966966966966966E+01	4.727754281783073E-01
7.007007007007006E+01	4.726638881692614E-01
7.047047047047046E+01	4.725516813560962E-01
7.087087087087086E+01	4.724388072439609E-01
7.127127127127126E+01	4.723252653345387E-01
7.167167167167166E+01	4.722110551260367E-01
7.207207207207206E+01	4.720961761131715E-01
7.247247247247246E+01	4.719806277871575E-01
7.287287287287286E+01	4.718644096356933E-01
7.327327327327326E+01	4.717475211429513E-01
7.367367367367366E+01	4.716299617895613E-01
7.407407407407406E+01	4.715117310526014E-01
7.447447447447446E+01	4.713928284055828E-01
7.487487487487486E+01	4.712732533184367E-01
7.527527527527526E+01	4.711530052575015E-01
7.567567567567566E+01	4.710320836855088E-01
7.607607607607606E+01	4.709104880615707E-01
7.647647647647646E+01	4.707882178411663E-01
7.687687687687686E+01	4.706652724761262E-01
7.727727727727726E+01	4.705416514146216E-01
7.767767767767766E+01	4.704173541011465E-01
7.807807807807806E+01	4.702923799765071E-01
7.847847847847846E+01	4.701667284778056E-01
7.887887887887887E+01	4.700403990384265E-01
7.927927927927927E+01	4.699133910880220E-01
7.967967967967967E+01	4.697857040524975E-01
8.008008008008007E+01	4.696573373539958E-01
8.048048048048047E+01	4.695282904108840E-01
8.088088088088087E+01	4.693985626377380E-01
8.128128128128127E+01	4.692681534453255E-01
8.168168168168167E+01	4.691370622405939E-01
8.208208208208207E+01	4.690052884266521E-01
8.248248248248247E+01	4.688728314027564E-01
8.288288288288287E+01	4.687396905642946E-01
8.328328328328327E+01	4.686058653027712E-01
8.368368368368367E+01	4.684713550057882E-01
8.408408408408407E+01	4.683361590570334E-01
8.448448448448447E+01	4.682002768362601E-01
8.488488488488487E+01	4.680637077192749E-01
8.528528528528527E+01	4.679264510779175E-01
8.568568568568567E+01	4.677885062800456E-01
8.608608608608607E+01	4.676498726895184E-01
8.648648648648647E+01	4.675105496661799E-01
8.688688688688687E+01	4.673705365658399E-01
8.728728728728727E+01	4.672298327402597E-01
8.768768768768767E+01	4.670884375371317E-01
8.808808808808807E+01	4.669463503000651E-01
8.848848848848847E+01	4.668035703685651E-01
8.888888888888887E+01	4.666600970780166E-01
8.928928928928927E+01	4.665159297596669E-01
8.968968968968967E+01	4.663710677406068E-01
9.009009009009007E+01	4.662255103437505E-01
9.049049049049047E+01	4.660792568878220E-01
9.089089089089087E+01	4.659323066873308E-01
9.129129129129127E+01	4.657846590525564E-01
9.169169169169167E+01	4.656363132895296E-01
9.209209209209207E+01	4.654872687000117E-01
9.249249249249247E+01	4.653375245814762E-01
9.289289289289287E+01	4.651870802270899E-01
9.329329329329327E+01	4.650359349256916E-01
9.369369369369367E+01	4.648840879617744E-01
9.409409409409407E+01	4.647315386154645E-01
9.449449449449448E+01	4.645782861625001E-01
9.489489489489488E+01	4.644243298742144E-01
9.529529529529528E+01	4.642696690175121E-01
9.569569569569568E+01	4.641143028548492E-01
9.609609609609608E+01	4.639582306442138E-01
9.649649649649648E+01	4.638014516391038E-01
9.689689689689688E+01	4.636439650885050E-01
9.729729729729728E+01	4.634857702368721E-01
9.769769769769768E+01	4.633268663241048E-01
9.809809809809808E+01	4.631672525855273E-01
9.849849849849848E+01	4.630069282518658E-01
9.889889889889888E+01	4.628458925492272E-01
9.929929929929928E+01	4.626841446990760E-01
9.969969969969968E+01	4.625216839182119E-01
1.001001001001001E+02	4.623585094187470E-01
1.005005005005005E+02	4.621946204080837E-01
1.009009009009009E+02	4.620300160888905E-01
1.013013013013013E+02	4.618646956590794E-01
1.017017017017017E+02	4.616986583117819E-01
1.021021021021021E+02	4.615319032353259E-01
1.025025025025025E+02	4.613644296132119E-01
1.029029029029029E+02	4.611962366240868E-01
1.033033033033033E+02	4.610273234417222E-01
1.037037037037037E+02	4.608576892349895E-01
1.041041041041041E+02	4.606873331678326E-01
1.045045045045045E+02	4.605162543992462E-01
1.049049049049049E+02	4.603444520832478E-01
1.053053053053053E+02	4.601719253688541E-01
1.057057057057057E+02	4.599986734000554E-01
1.061061061061061E+02	4.598246953157878E-01
1.065065065065065E+02	4.596499902499084E-01
1.069069069069069E+02	4.594745573311700E-01
1.073073073073073E+02	4.592983956831919E-01
1.077077077077077E+02	4.591215044244352E-01
1.081081081081081E+02	4.589438826681747E-01
1.085085085085085E+02	4.587655295224725E-01
1.089089089089089E+02	4.585864440901487E-01
1.093093093093093E+02	4.584066254687555E-01
1.097097097097097E+02	4.582260727505479E-01
1.101101101101101E+02	4.580447850224565E-01
1.105105105105105E+02	4.578627613660577E-01
1.109109109109109E+02	4.576800008575455E-01
1.113113113113113E+02	4.574965025677024E-01
1.117117117117117E+02	4.573122655618699E-01
1.121121121121121E+02	4.571272888999195E-01
1.125125125125125E+02	4.569415716362215E-01
1.129129129129129E+02	4.567551128196161E-01
1.133133133133133E+02	4.565679061904410E-01
1.137137137137137E+02	4.563799614406222E-01
1.141141141141141E+02	4.561912722668147E-01
1.145145145145145E+02	4.560018376951691E-01
1.149149149149149E+02	4.558116567460981E-01
1.153153153153153E+02	4.556207284342457E-01
1.157157157157157E+02	4.554290517684550E-01
1.161161161161161E+02	4.552366257517388E-01
1.165165165165165E+02	4.550434493812457E-01
1.169169169169169E+02	4.548495216482293E-01
1.173173173173173E+02	4.546548415380170E-01
1.177177177177177E+02	4.544594119871128E-01
1.181181181181181E+02	4.542632238541798E-01
1.185185185185185E+02	4.540662802538440E-01
1.189189189189189E+02	4.538685801481769E-01
1.193193193193193E+02	4.536701224931974E-01
1.197197197197197E+02	4.534709062388375E-01
1.201201201201201E+02	4.532709303289060E-01
1.205205205205205E+02	4.530701937010533E-01
1.209209209209209E+02	4.528686952867341E-01
1.213213213213213E+02	4.526664340111726E-01
1.217217217217217E+02	4.524634087933236E-01
1.221221221221221E+02	4.522596185458368E-01
1.225225225225225E+02	4.520550621750185E-01
1.229229229229229E+02	4.518497385807939E-01
1.233233233233233E+02	4.516436466566690E-01
1.237237237237237E+02	4.514367852896904E-01
1.241241241241241E+02	4.512291533604096E-01
1.245245245245245E+02	4.510207497428399E-01
1.249249249249249E+02	4.508115733044191E-01
1.253253253253253E+02	4.506016229059681E-01
1.257257257257257E+02	4.503908974016509E-01
1.261261261261261E+02	4.501793956389344E-01
1.265265265265265E+02	4.499671164585449E-01
1.269269269269269E+02	4.497540586944288E-01
1.273273273273273E+02	4.495402211737096E-01
1.277277277277277E+02	4.493256027166444E-01
1.281281281281281E+02	4.491102021365825E-01
1.285285285285285E+02	4.488940182399216E-01
1.289289289289289E+02	4.486770498260637E-01
1.293293293293293E+02	4.484592956873705E-01
1.297297297297297E+02	4.482407546091207E-01
1.301301301301301E+02	4.480214253694628E-01
1.305305305305305E+02	4.478013067393709E-01
1.309309309309309E+02	4.475803974825978E-01
1.313313313313313E+02	4.473586963556300E-01
1.317317317317317E+02	4.471362021076400E-01
1.321321321321321E+02	4.469129134804391E-01
1.325325325325325E+02	4.466888292084288E-01
1.329329329329329E+02	4.464639480185554E-01
1.333333333333333E+02	4.462382686302575E-01
1.337337337337337E+02	4.460117897554196E-01
1.341341341341341E+02	4.457845100983224E-01
1.345345345345345E+02	4.455564283555896E-01
1.349349349349349E+02	4.453275432161420E-01
1.353353353353353E+02	4.450978533611422E-01
1.357357357357357E+02	4.448673574639445E-01
1.361361361361361E+02	4.446360541900445E-01
1.365365365365365E+02	4.444039421970227E-01
1.369369369369369E+02	4.441710201344944E-01
1.373373373373373E+02	4.439372866440539E-01
1.377377377377377E+02	4.437027403592222E-01
1.381381381381381E+02	4.434673799053898E-01
1.385385385385385E+02	4.432312038997637E-01
1.389389389389389E+02	4.429942109513091E-01
1.393393393393393E+02	4.427563996606943E-01
1.397397397397397E+02	4.425177686202336E-01
1.401401401401401E+02	4.422783164138290E-01
1.405405405405405E+02	4.420380416169120E-01
1.409409409409409E+02	4.417969427963847E-01
1.413413413413413E+02	4.415550185105609E-01
1.417417417417417E+02	4.413122673091051E-01
1.421421421421421E+02	4.410686877329724E-01
1.425425425425425E+02	4.408242783143466E-01
1.429429429429429E+02	4.405790375765787E-01
1.433433433433433E+02	4.403329640341243E-01
1.437437437437437E+02	4.400860561924798E-01
1.441441441441441E+02	4.398383125481185E-01
1.445445445445445E+02	4.395897315884270E-01
1.449449449449449E+02	4.393403117916382E-01
1.453453453453453E+02	4.390900516267663E-01
1.457457457457457E+02	4.388389495535407E-01
1.461461461461461E+02	4.385870040223375E-01
1.465465465465465E+02	4.383342134741118E-01
1.469469469469469E+02	4.380805763403295E-01
1.473473473473473E+02	4.378260910428962E-01
1.477477477477477E+02	4.375707559940889E-01
1.481481481481481E+02	4.373145695964838E-01
1.485485485485485E+02	4.370575302428840E-01
1.489489489489489E+02	4.367996363162486E-01
1.493493493493493E+02	4.365408861896177E-01
1.497497497497497E+02	4.362812782260400E-01
1.501501501501501E+02	4.360208107784956E-01
1.505505505505505E+02	4.357594800615927E-01
1.509509509509509E+02	4.354972886647655E-01
1.513513513513513E+02	4.352342327943394E-01
1.517517517517517E+02	4.349703107619994E-01
1.521521521521521E+02	4.347055208689040E-01
1.525525525525525E+02	4.344398614056078E-01
1.529529529529529E+02	4.341733306519833E-01
1.533533533533533E+02	4.339059268771424E-01
1.537537537537537E+02	4.336376483393570E-01
1.541541541541541E+02	4.333684932859798E-01
1.545545545545545E+02	4.330984599533649E-01
1.549549549549549E+02	4.328275465667855E-01
1.553553553553553E+02	4.325557513403530E-01
1.557557557557557E+02	4.322830724769370E-01
1.561561561561561E+02	4.320095093070190E-01
1.565565565565565E+02	4.317350576031495E-01
1.569569569569569E+02	4.314597167990113E-01
1.573573573573573E+02	4.311834850525891E-01
1.577577577577577E+02	4.309063605102105E-01
1.581581581581581E+02	4.306283413064525E-01
1.585585585585585E+02	4.303494255640485E-01
1.589589589589589E+02	4.300696113937906E-01
1.593593593593593E+02	4.297888968944364E-01
1.597597597597597E+02	4.295072801526092E-01
1.601601601601601E+02	4.292247592426988E-01
1.605605605605605E+02	4.289413322267641E-01
1.609609609609609E+02	4.286569971544305E-01
1.613613613613613E+02	4.283717520627887E-01
1.617617617617617E+02	4.280855949762900E-01
1.621621621621621E+02	4.277985239066444E-01
1.625625625625625E+02	4.275105368527130E-01
1.629629629629629E+02	4.272216318004014E-01
1.633633633633633E+02	4.269318067225529E-01
1.637637637637637E+02	4.266410595788380E-01
1.641641641641641E+02	4.263493883156443E-01
1.645645645645645E+02	4.260567908659645E-01
1.649649649649649E+02	4.257632651492837E-01
1.653653653653653E+02	4.254688090714643E-01
1.657657657657657E+02	4.251734205246310E-01
1.661661661661661E+02	4.248770973870530E-01
1.665665665665665E+02	4.245798375230259E-01
1.669669669669669E+02	4.242816387827513E-01
1.673673673673673E+02	4.239824990022163E-01
1.677677677677677E+02	4.236824160030698E-01
1.681681681681681E+02	4.233813875924994E-01
1.685685685685685E+02	4.230794115631045E-01
1.689689689689689E+02	4.227764856927708E-01
1.693693693693693E+02	4.224726077445396E-01
1.697697697697697E+02	4.221677754664793E-01
1.701701701701701E+02	4.218619865915529E-01
1.705705705705705E+02	4.215552388374852E-01
1.709709709709709E+02	4.212475299066267E-01
1.713713713713713E+02	4.209388574858191E-01
1.717717717717717E+02	4.206292192462551E-01
1.721721721721721E+02	4.203186128433398E-01
1.725725725725725E+02	4.200070359165494E-01
1.729729729729729E+02	4.196944860892867E-01
1.733733733733733E+02	4.193809609687369E-01
1.737737737737737E+02	4.190664581457219E-01
1.741741741741741E+02	4.187509751945498E-01
1.745745745745745E+02	4.184345096728668E-01
1.749749749749749E+02	4.181170591215027E-01
1.753753753753753E+02	4.177986210643192E-01
1.757757757757757E+02	4.174791930080531E-01
1.761761761761761E+02	4.171587724421585E-01
1.765765765765765E+02	4.168373568386466E-01
1.769769769769769E+02	4.165149436519252E-01
1.773773773773773E+02	4.161915303186344E-01
1.777777777777777E+02	4.158671142574809E-01
1.781781781781781E+02	4.155416928690704E-01
1.785785785785785E+02	4.152152635357387E-01
1.789789789789789E+02	4.148878229181898E-01
1.793793793793793E+02	4.145593697506183E-01
1.797797797797797E+02	4.142299006807919E-01
1.801801801801801E+02	4.138994130161388E-01
1.805805805805805E+02	4.135679040448744E-01
1.809809809809809E+02	4.132353710358205E-01
1.813813813813813E+02	4.129018112382223E-01
1.817817817817817E+02	4.125672218815652E-01
1.821821821821821E+02	4.122316001753888E-01
1.825825825825825E+02	4.118949433090984E-01
1.829829829829829E+02	4.115572484517745E-01
1.833833833833833E+02	4.112185127519829E-01
1.837837837837837E+02	4.108787333375779E-01
1.841841841841841E+02	4.105379073155077E-01
1.845845845845845E+02	4.101960317716142E-01
1.849849849849849E+02	4.098531037704334E-01
1.853853853853853E+02	4.095091203549889E-01
1.857857857857857E+02	4.091640785465882E-01
1.861861861861861E+02	4.088179753446122E-01
1.865865865865865E+02	4.084708078431473E-01
1.869869869869869E+02	4.081225727077068E-01
1.873873873873873E+02	4.077732670444470E-01
1.877877877877877E+02	4.074228877633999E-01
1.881881881881881E+02	4.070714317515499E-01
1.885885885885886E+02	4.067188958726013E-01
1.889889889889890E+02	4.063652769667433E-01
1.893893893893894E+02	4.060105718504126E-01
1.897897897897898E+02	4.056547773160514E-01
1.901901901901902E+02	4.052978901318638E-01
1.905905905905906E+02	4.049399070415682E-01
1.909909909909910E+02	4.045808247641470E-01
1.913913913913914E+02	4.042206399935930E-01
1.917917917917918E+02	4.038593493986518E-01
1.921921921921922E+02	4.034969496225621E-01
1.925925925925926E+02	4.031334372827921E-01
1.929929929929930E+02	4.027688089707722E-01
1.933933933933934E+02	4.024030612516240E-01
1.937937937937938E+02	4.020361906638876E-01
1.941941941941942E+02	4.016681937192431E-01
1.945945945945946E+02	4.012990669022292E-01
1.949949949949950E+02	4.009288066699593E-01
1.953953953953954E+02	4.005574094518328E-01
1.957957957957958E+02	4.001848716492425E-01
1.961961961961962E+02	3.998111896352796E-01
1.965965965965966E+02	3.994363597544318E-01
1.969969969969970E+02	3.990603783222821E-01
1.973973973973974E+02	3.986832416251998E-01
1.977977977977978E+02	3.983049459200285E-01
1.981981981981982E+02	3.979254874337719E-01
1.985985985985986E+02	3.975448623632722E-01
1.989989989989990E+02	3.971630668748876E-01
1.993993993993994E+02	3.967800971041628E-01
1.997997997997998E+02	3.963959491554978E-01
2.002002002002002E+02	3.960106191018108E-01
2.006006006006006E+02	3.956241029841962E-01
2.010010010010010E+02	3.952363968115800E-01
2.014014014014014E+02	3.948474964398652E-01
2.018018018018018E+02	3.944573980327369E-01
2.022022022022022E+02	3.940660974034811E-01
2.026026026026026E+02	3.936735904289277E-01
2.030030030030030E+02	3.932798729519043E-01
2.034034034034034E+02	3.928849407808600E-01
2.038038038038038E+02	3.924887896894886E-01
2.042042042042042E+02	3.920914154163466E-01
2.046046046046046E+02	3.916928136644660E-01
2.050050050050050E+02	3.912929801009624E-01
2.054054054054054E+02	3.908919103566395E-01
2.058058058058058E+02	3.904896000255877E-01
2.062062062062062E+02	3.900860446647786E-01
2.066066066066066E+02	3.896812397936539E-01
2.070070070070070E+02	3.892751808937088E-01
2.074074074074074E+02	3.888678634080720E-01
2.078078078078078E+02	3.884592827410779E-01
2.082082082082082E+02	3.880494342578354E-01
2.086086086086086E+02	3.876383132837886E-01
2.090090090090090E+02	3.872259151042756E-01
2.094094094094094E+02	3.868122349640778E-01
2.098098098098098E+02	3.863972680669637E-01
2.102102102102102E+02	3.859810095752302E-01
2.106106106106106E+02	3.855634546092325E-01
2.110110110110110E+02	3.851445982469118E-01
2.114114114114114E+02	3.847244355233135E-01
2.118118118118118E+02	3.843029614301022E-01
2.122122122122122E+02	3.838801709150668E-01
2.126126126126126E+02	3.834560588816209E-01
2.130130130130130E+02	3.830306201882959E-01
2.134134134134134E+02	3.826038496482269E-01
2.138138138138138E+02	3.821757420286325E-01
2.142142142142142E+02	3.817462920502863E-01
2.146146146146146E+02	3.813154943869828E-01
2.150150150150150E+02	3.808833436649949E-01
2.154154154154154E+02	3.804498344625244E-01
2.158158158158158E+02	3.800149613091470E-01
2.162162162162162E+02	3.795787186852465E-01
2.166166166166166E+02	3.791411010214462E-01
2.170170170170170E+02	3.787021026980292E-01
2.174174174174174E+02	3.782617180443523E-01
2.178178178178178E+02	3.778199413382546E-01
2.182182182182182E+02	3.773767668054557E-01
2.186186186186186E+02	3.769321886189483E-01
2.190190190190190E+02	3.764862008983822E-01
2.194194194194194E+02	3.760387977094425E-01
2.198198198198198E+02	3.755899730632185E-01
2.202202202202202E+02	3.751397209155656E-01
2.206206206206206E+02	3.746880351664602E-01
2.210210210210210E+02	3.742349096593465E-01
2.214214214214214E+02	3.737803381804751E-01
2.218218218218218E+02	3.733243144582353E-01
2.222222222222222E+02	3.728668321624788E-01
2.226226226226226E+02	3.724078849038351E-01
2.230230230230230E+02	3.719474662330198E-01
2.234234234234234E+02	3.714855696401351E-01
2.238238238238238E+02	3.710221885539625E-01
2.242242242242242E+02	3.705573163412461E-01
2.246246246246246E+02	3.700909463059694E-01
2.250250250250250E+02	3.696230716886232E-01
2.254254254254254E+02	3.691536856654652E-01
2.258258258258258E+02	3.686827813477718E-01
2.262262262262262E+02	3.682103517810811E-01
2.266266266266266E+02	3.677363899444269E-01
2.270270270270270E+02	3.672608887495656E-01
2.274274274274274E+02	3.667838410401932E-01
2.278278278278278E+02	3.663052395911539E-01
2.282282282282282E+02	3.658250771076400E-01
2.286286286286286E+02	3.653433462243835E-01
2.290290290290290E+02	3.648600395048371E-01
2.294294294294294E+02	3.643751494403485E-01
2.298298298298298E+02	3.638886684493238E-01
2.302302302302302E+02	3.634005888763818E-01
2.306306306306306E+02	3.629109029915018E-01
2.310310310310310E+02	3.624196029891577E-01
2.314314314314314E+02	3.619266809874476E-01
2.318318318318318E+02	3.614321290272095E-01
2.322322322322322E+02	3.609359390711327E-01
2.326326326326326E+02	3.604381030028548E-01
2.330330330330330E+02	3.599386126260541E-01
2.334334334334334E+02	3.594374596635284E-01
2.338338338338338E+02	3.589346357562688E-01
2.342342342342342E+02	3.584301324625206E-01
2.346346346346346E+02	3.579239412568370E-01
2.350350350350350E+02	3.574160535291230E-01
2.354354354354354E+02	3.569064605836706E-01
2.358358358358358E+02	3.563951536381846E-01
2.362362362362362E+02	3.558821238227993E-01
2.366366366366366E+02	3.553673621790862E-01
2.370370370370370E+02	3.548508596590539E-01
2.374374374374374E+02	3.543326071241381E-01
2.378378378378378E+02	3.538125953441828E-01
2.382382382382382E+02	3.532908149964138E-01
2.386386386386386E+02	3.527672566644042E-01
2.390390390390390E+02	3.522419108370294E-01
2.394394394394394E+02	3.517147679074160E-01
2.398398398398398E+02	3.511858181718819E-01
2.402402402402402E+02	3.506550518288677E-01
2.406406406406406E+02	3.501224589778623E-01
2.410410410410410E+02	3.495880296183185E-01
2.414414414414414E+02	3.490517536485616E-01
2.418418418418418E+02	3.485136208646921E-01
2.422422422422422E+02	3.479736209594805E-01
2.426426426426426E+02	3.474317435212538E-01
2.430430430430430E+02	3.468879780327765E-01
2.434434434434434E+02	3.463423138701249E-01
2.438438438438438E+02	3.457947403015548E-01
2.442442442442442E+02	3.452452464863628E-01
2.446446446446446E+02	3.446938214737423E-01
2.450450450450450E+02	3.441404542016316E-01
2.454454454454454E+02	3.435851334955615E-01
2.458458458458458E+02	3.430278480674911E-01
2.462462462462462E+02	3.424685865146446E-01
2.466466466466466E+02	3.419073373183402E-01
2.470470470470470E+02	3.413440888428155E-01
2.474474474474474E+02	3.407788293340498E-01
2.478478478478478E+02	3.402115469185830E-01
2.482482482482482E+02	3.396422296023290E-01
2.486486486486486E+02	3.390708652693901E-01
2.490490490490490E+02	3.384974416808673E-01
2.494494494494494E+02	3.379219464736675E-01
2.498498498498498E+02	3.373443671593131E-01
2.502502502502502E+02	3.367646911227467E-01
2.506506506506506E+02	3.361829056211386E-01
2.510510510510510E+02	3.355989977826939E-01
2.514514514514514E+02	3.350129546054599E-01
2.518518518518518E+02	3.344247629561360E-01
2.522522522522522E+02	3.338344095688849E-01
2.526526526526526E+02	3.332418810441488E-01
2.530530530530530E+02	3.326471638474652E-01
2.534534534534534E+02	3.320502443082928E-01
2.538538538538538E+02	3.314511086188373E-01
2.542542542542542E+02	3.308497428328864E-01
2.546546546546546E+02	3.302461328646500E-01
2.550550550550550E+02	3.296402644876098E-01
2.554554554554554E+02	3.290321233333751E-01
2.558558558558558E+02	3.284216948905517E-01
2.562562562562562E+02	3.278089645036165E-01
2.566566566566567E+02	3.271939173718086E-01
2.570570570570571E+02	3.265765385480301E-01
2.574574574574575E+02	3.259568129377619E-01
2.578578578578579E+02	3.253347252979923E-01
2.582582582582584E+02	3.247102602361654E-01
2.586586586586588E+02	3.240834022091433E-01
2.590590590590592E+02	3.234541355221890E-01
2.594594594594597E+02	3.228224443279678E-01
2.598598598598601E+02	3.221883126255715E-01
2.602602602602605E+02	3.215517242595638E-01
2.606606606606609E+02	3.209126629190507E-01
2.610610610610614E+02	3.202711121367774E-01
2.614614614614618E+02	3.196270552882502E-01
2.618618618618622E+02	3.189804755908902E-01
2.622622622622627E+02	3.183313561032152E-01
2.626626626626631E+02	3.176796797240565E-01
2.630630630630635E+02	3.170254291918069E-01
2.634634634634639E+02	3.163685870837090E-01
2.638638638638644E+02	3.157091358151771E-01
2.642642642642648E+02	3.150470576391635E-01
2.646646646646652E+02	3.143823346455638E-01
2.650650650650657E+02	3.137149487606693E-01
2.654654654654661E+02	3.130448817466640E-01
2.658658658658665E+02	3.123721152011727E-01
2.662662662662669E+02	3.116966305568592E-01
2.666666666666674E+02	3.110184090810791E-01
2.670670670670678E+02	3.103374318755891E-01
2.674674674674682E+02	3.096536798763160E-01
2.678678678678687E+02	3.089671338531867E-01
2.682682682682691E+02	3.082777744100246E-01
2.686686686686695E+02	3.075855819845130E-01
2.690690690690699E+02	3.068905368482280E-01
2.694694694694704E+02	3.061926191067487E-01
2.698698698698708E+02	3.054918086998418E-01
2.702702702702712E+02	3.047880854017269E-01
2.706706706706717E+02	3.040814288214277E-01
2.710710710710721E+02	3.033718184032087E-01
2.714714714714725E+02	3.026592334271049E-01
2.718718718718729E+02	3.019436530095435E-01
2.722722722722734E+02	3.012250561040683E-01
2.726726726726738E+02	3.005034215021629E-01
2.730730730730742E+02	2.997787278341839E-01
2.734734734734747E+02	2.990509535704040E-01
2.738738738738751E+02	2.983200770221692E-01
2.742742742742755E+02	2.975860763431781E-01
2.746746746746759E+02	2.968489295308841E-01
2.750750750750764E+02	2.961086144280285E-01
2.754754754754768E+02	2.953651087243042E-01
2.758758758758772E+02	2.946183899581642E-01
2.762762762762777E+02	2.938684355187673E-01
2.766766766766781E+02	2.931152226480800E-01
2.770770770770785E+02	2.923587284431279E-01
2.774774774774789E+02	2.915989298584112E-01
2.778778778778794E+02	2.908358037084843E-01
2.782782782782798E+02	2.900693266707086E-01
2.786786786786802E+02	2.892994752881821E-01
2.790790790790807E+02	2.885262259728549E-01
2.794794794794811E+02	2.877495550088331E-01
2.798798798798815E+02	2.869694385558819E-01
2.802802802802819E+02	2.861858526531303E-01
2.806806806806824E+02	2.853987732229880E-01
2.810810810810828E+02	2.846081760752780E-01
2.814814814814832E+02	2.838140369115945E-01
2.818818818818837E+02	2.830163313298934E-01
2.822822822822841E+02	2.822150348293200E-01
2.826826826826845E+02	2.814101228152856E-01
2.830830830830849E+02	2.806015706047967E-01
2.834834834834854E+02	2.797893534320487E-01
2.838838838838858E+02	2.789734464542886E-01
2.842842842842862E+02	2.781538247579579E-01
2.846846846846867E+02	2.773304633651215E-01
2.850850850850871E+02	2.765033372401942E-01
2.854854854854875E+02	2.756724212969704E-01
2.858858858858879E+02	2.748376904059681E-01
2.862862862862884E+02	2.739991194020960E-01
2.866866866866888E+02	2.731566830926517E-01
2.870870870870892E+02	2.723103562656624E-01
2.874874874874897E+02	2.714601136985755E-01
2.878878878878901E+02	2.706059301673100E-01
2.882882882882905E+02	2.697477804556791E-01
2.886886886886909E+02	2.688856393651936E-01
2.890890890890914E+02	2.680194817252529E-01
2.894894894894918E+02	2.671492824037415E-01
2.898898898898922E+02	2.662750163180324E-01
2.902902902902927E+02	2.653966584464145E-01
2.906906906906931E+02	2.645141838399527E-01
2.910910910910935E+02	2.636275676347889E-01
2.914914914914939E+02	2.627367850648979E-01
2.918918918918944E+02	2.618418114753086E-01
2.922922922922948E+02	2.609426223357986E-01
2.926926926926952E+02	2.600391932550776E-01
2.930930930930957E+02	2.591314999954671E-01
2.934934934934961E+02	2.582195184880876E-01
2.938938938938965E+02	2.573032248485673E-01
2.942942942942969E+02	2.563825953932801E-01
2.946946946946974E+02	2.554576066561255E-01
2.950950950950978E+02	2.545282354058608E-01
2.954954954954982E+02	2.535944586639974E-01
2.958958958958987E+02	2.526562537232705E-01
2.962962962962991E+02	2.517135981666945E-01
2.966966966966995E+02	2.507664698872135E-01
2.970970970970999E+02	2.498148471079582E-01
2.974974974975004E+02	2.488587084031182E-01
2.978978978979008E+02	2.478980327194421E-01
2.982982982983012E+02	2.469327993983718E-01
2.986986986987017E+02	2.459629881988236E-01
2.990990990991021E+02	2.449885793206239E-01
2.994994994995025E+02	2.440095534286074E-01
2.998998998999029E+02	2.430258916773891E-01
3.003003003003034E+02	2.420375757368147E-01
3.007007007007038E+02	2.410445878180990E-01
3.011011011011042E+02	2.400469107006600E-01
3.015015015015047E+02	2.390445277596531E-01
3.019019019019051E+02	2.380374229942120E-01
3.023023023023055E+02	2.370255810564031E-01
3.027027027027059E+02	2.360089872808954E-01
3.031031031031064E+02	2.349876277153524E-01
3.035035035035068E+02	2.339614891515454E-01
3.039039039039072E+02	2.329305591571945E-01
3.043043043043077E+02	2.318948261085344E-01
3.047047047047081E+02	2.308542792236088E-01
3.051051051051085E+02	2.298089085962884E-01
3.055055055055089E+02	2.287587052310145E-01
3.059059059059094E+02	2.277036610782621E-01
3.063063063063098E+02	2.266437690707187E-01
3.067067067067102E+02	2.255790231601741E-01
3.071071071071107E+02	2.245094183551107E-01
3.075075075075111E+02	2.234349507589900E-01
3.079079079079115E+02	2.223556176092197E-01
3.083083083083120E+02	2.212714173167942E-01
3.087087087087124E+02	2.201823495065912E-01
3.091091091091128E+02	2.190884150583093E-01
3.095095095095132E+02	2.179896161480313E-01
3.099099099099137E+02	2.168859562903895E-01
3.103103103103141E+02	2.157774403813156E-01
3.107107107107145E+02	2.146640747413486E-01
3.111111111111150E+02	2.135458671594742E-01
3.115115115115154E+02	2.124228269374696E-01
3.119119119119158E+02	2.112949649347212E-01
3.123123123123162E+02	2.101622936134801E-01
3.127127127127167E+02	2.090248270845239E-01
3.131131131131171E+02	2.078825811531804E-01
3.135135135135175E+02	2.067355733656762E-01
3.139139139139180E+02	2.055838230557631E-01
3.143143143143184E+02	2.044273513915749E-01
3.147147147147188E+02	2.032661814226673E-01
3.151151151151192E+02	2.021003381271828E-01
3.155155155155197E+02	2.009298484590868E-01
3.159159159159201E+02	1.997547413954156E-01
3.163163163163205E+02	1.985750479834715E-01
3.167167167167210E+02	1.973908013878986E-01
3.171171171171214E+02	1.962020369375713E-01
3.175175175175218E+02	1.950087921722202E-01
3.179179179179222E+02	1.938111068887213E-01
3.183183183183227E+02	1.926090231869656E-01
3.187187187187231E+02	1.914025855152284E-01
3.191191191191235E+02	1.901918407149501E-01
3.195195195195240E+02	1.889768380648390E-01
3.199199199199244E+02	1.877576293242006E-01
3.203203203203248E+02	1.865342687754009E-01
3.207207207207252E+02	1.853068132653584E-01
3.211211211211257E+02	1.840753222459647E-01
3.215215215215261E+02	1.828398578133269E-01
3.219219219219265E+02	1.816004847457223E-01
3.223223223223270E+02	1.803572705401514E-01
3.227227227227274E+02	1.791102854473778E-01
3.231231231231278E+02	1.778596025053345E-01
3.235235235235282E+02	1.766052975707783E-01
3.239239239239287E+02	1.753474493490690E-01
3.243243243243291E+02	1.740861394219520E-01
3.247247247247295E+02	1.728214522732165E-01
3.251251251251300E+02	1.715534753121019E-01
3.255255255255304E+02	1.702822988943275E-01
3.259259259259308E+02	1.690080163406130E-01
3.263263263263312E+02	1.677307239525627E-01
3.267267267267317E+02	1.664505210257836E-01
3.271271271271321E+02	1.651675098601074E-01
3.275275275275325E+02	1.638817957667890E-01
3.279279279279330E+02	1.625934870725542E-01
3.283283283283334E+02	1.613026951203694E-01
3.287287287287338E+02	1.600095342668121E-01
3.291291291291342E+02	1.587141218759178E-01
3.295295295295347E+02	1.574165783093892E-01
3.299299299299351E+02	1.561170269130486E-01
3.303303303303355E+02	1.548155939994273E-01
3.307307307307360E+02	1.535124088263820E-01
3.311311311311364E+02	1.522076035716416E-01
3.315315315315368E+02	1.509013133031861E-01
3.319319319319372E+02	1.495936759453710E-01
3.323323323323377E+02	1.482848322407152E-01
3.327327327327381E+02	1.469749257072767E-01
3.331331331331385E+02	1.456641025915535E-01
3.335335335335390E+02	1.443525118168478E-01
3.339339339339394E+02	1.430403049270492E-01
3.343343343343398E+02	1.417276360257957E-01
3.347347347347402E+02	1.404146617109856E-01
3.351351351351407E+02	1.391015410046226E-01
3.355355355355411E+02	1.377884352779887E-01
3.359359359359415E+02	1.364755081721487E-01
3.363363363363420E+02	1.351629255138057E-01
3.367367367367424E+02	1.338508552265385E-01
3.371371371371428E+02	1.325394672374622E-01
3.375375375375432E+02	1.312289333793700E-01
3.379379379379437E+02	1.299194272884270E-01
3.383383383383441E+02	1.286111242974974E-01
3.387387387387445E+02	1.273042013252061E-01
3.391391391391450E+02	1.259988367608432E-01
3.395395395395454E+02	1.246952103452398E-01
3.399399399399458E+02	1.233935030477535E-01
3.403403403403462E+02	1.220938969395173E-01
3.407407407407467E+02	1.207965750631205E-01
3.411411411411471E+02	1.195017212989014E-01
3.415415415415475E+02	1.182095202280474E-01
3.419419419419480E+02	1.169201569927088E-01
3.423423423423484E+02	1.156338171533471E-01
3.427427427427488E+02	1.143506865435486E-01
3.431431431431492E+02	1.130709511225471E-01
3.435435435435497E+02	1.117947968257102E-01
3.439439439439501E+02	1.105224094132523E-01
3.443443443443505E+02	1.092539743174483E-01
3.447447447447510E+02	1.079896764886298E-01
3.451451451451514E+02	1.067297002402537E-01
3.455455455455518E+02	1.054742290933388E-01
3.459459459459522E+02	1.042234456205723E-01
3.463463463463527E+02	1.029775312903935E-01
3.467467467467531E+02	1.017366663113639E-01
3.471471471471535E+02	1.005010294771362E-01
3.475475475475540E+02	9.927079801233747E-02
3.479479479479544E+02	9.804614741967814E-02
3.483483483483548E+02	9.682725132860248E-02
3.487487487487552E+02	9.561428134579010E-02
3.491491491491557E+02	9.440740690781534E-02
3.495495495495561E+02	9.320679513627053E-02
3.499499499499565E+02	9.201261069564667E-02
3.503503503503570E+02	9.082501565426590E-02
3.507507507507574E+02	8.964416934854627E-02
3.511511511511578E+02	8.847022825087383E-02
3.515515515515582E+02	8.730334584134537E-02
3.519519519519587E+02	8.614367248363558E-02
3.523523523523591E+02	8.499135530522890E-02
3.527527527527595E+02	8.384653808224531E-02
3.531531531531600E+02	8.270936112907422E-02
3.535535535535604E+02	8.157996119301762E-02
3.539539539539608E+02	8.045847135412799E-02
3.543543543543612E+02	7.934502093041164E-02
3.547547547547617E+02	7.823973538854993E-02
3.551551551551621E+02	7.714273626027882E-02
3.555555555555625E+02	7.605414106454507E-02
3.559559559559630E+02	7.497406323554494E-02
3.563563563563634E+02	7.390261205673064E-02
3.567567567567638E+02	7.283989260085461E-02
3.571571571571642E+02	7.178600567610327E-02
3.575575575575647E+02	7.074104777835545E-02
3.579579579579651E+02	6.970511104958262E-02
3.583583583583655E+02	6.867828324239157E-02
3.587587587587660E+02	6.766064769069458E-02
3.591591591591664E+02	6.665228328647356E-02
3.595595595595668E+02	6.565326446259206E-02
3.599599599599673E+02	6.466366118159045E-02
3.603603603603677E+02	6.368353893038710E-02
3.607607607607681E+02	6.271295872079448E-02
3.611611611611685E+02	6.175197709574289E-02
3.615615615615690E+02	6.080064614109536E-02
3.619619619619694E+02	5.985901350292325E-02
3.623623623623698E+02	5.892712241010013E-02
3.627627627627703E+02	5.800501170206381E-02
3.631631631631707E+02	5.709271586158371E-02
3.635635635635711E+02	5.619026505236407E-02
3.639639639639715E+02	5.529768516130497E-02
3.643643643643720E+02	5.441499784523512E-02
3.647647647647724E+02	5.354222058192638E-02
3.651651651651728E+02	5.267936672519175E-02
3.655655655655733E+02	5.182644556386617E-02
3.659659659659737E+02	5.098346238446533E-02
3.663663663663741E+02	5.015041853731401E-02
3.667667667667745E+02	4.932731150593395E-02
3.671671671671750E+02	4.851413497948009E-02
3.675675675675754E+02	4.771087892801296E-02
3.679679679679758E+02	4.691752968039525E-02
3.683683683683763E+02	4.613407000460174E-02
3.687687687687767E+02	4.536047919023278E-02
3.691691691691771E+02	4.459673313302327E-02
3.695695695695775E+02	4.384280442114287E-02
3.699699699699780E+02	4.309866242308539E-02
3.703703703703784E+02	4.236427337694870E-02
3.707707707707788E+02	4.163960048091197E-02
3.711711711711793E+02	4.092460398472002E-02
3.715715715715797E+02	4.021924128199075E-02
3.719719719719801E+02	3.952346700316613E-02
3.723723723723805E+02	3.883723310893340E-02
3.727727727727810E+02	3.816048898394816E-02
3.731731731731814E+02	3.749318153069815E-02
3.735735735735818E+02	3.683525526335177E-02
3.739739739739823E+02	3.618665240144329E-02
3.743743743743827E+02	3.554731296325060E-02
3.747747747747831E+02	3.491717485873213E-02
3.751751751751835E+02	3.429617398189171E-02
3.755755755755840E+02	3.368424430245066E-02
3.759759759759844E+02	3.308131795671081E-02
3.763763763763848E+02	3.248732533750059E-02
3.767767767767853E+02	3.190219518310130E-02
3.771771771771857E+02	3.132585466505905E-02
3.775775775775861E+02	3.075822947479402E-02
3.779779779779865E+02	3.019924390892350E-02
3.783783783783870E+02	2.964882095322480E-02
3.787787787787874E+02	2.910688236516678E-02
3.791791791791878E+02	2.857334875494822E-02
3.795795795795883E+02	2.804813966498392E-02
3.799799799799887E+02	2.753117364778867E-02
3.803803803803891E+02	2.702236834221078E-02
3.807807807807895E+02	2.652164054797708E-02
3.811811811811900E+02	2.602890629851170E-02
3.815815815815904E+02	2.554408093199939E-02
3.819819819819908E+02	2.506707916066776E-02
3.823823823823913E+02	2.459781513826692E-02
3.827827827827917E+02	2.413620252573048E-02
3.831831831831921E+02	2.368215455500506E-02
3.835835835835925E+02	2.323558409104070E-02
3.839839839839930E+02	2.279640369193656E-02
3.843843843843934E+02	2.236452566724206E-02
3.847847847847938E+02	2.193986213441484E-02
3.851851851851943E+02	2.152232507344166E-02
3.855855855855947E+02	2.111182637963104E-02
3.859859859859951E+02	2.070827791458809E-02
3.863863863863955E+02	2.031159155538657E-02
3.867867867867960E+02	1.992167924195366E-02
3.871871871871964E+02	1.953845302268669E-02
3.875875875875968E+02	1.916182509832207E-02
3.879879879879973E+02	1.879170786407932E-02
3.883883883883977E+02	1.842801395010413E-02
3.887887887887981E+02	1.807065626023685E-02
3.891891891891985E+02	1.771954800913325E-02
3.895895895895990E+02	1.737460275776637E-02
3.899899899899994E+02	1.703573444733938E-02
3.903903903903998E+02	1.670285743163961E-02
3.907907907908003E+02	1.637588650786630E-02
3.911911911912007E+02	1.605473694596359E-02
3.915915915916011E+02	1.573932451649243E-02
3.919919919920015E+02	1.542956551707484E-02
3.923923923924020E+02	1.512537679744434E-02
3.927927927928024E+02	1.482667578313748E-02
3.931931931932028E+02	1.453338049786073E-02
3.935935935936033E+02	1.424540958456751E-02
3.939939939940037E+02	1.396268232528085E-02
3.943943943944041E+02	1.368511865969600E-02
3.947947947948045E+02	1.341263920259825E-02
3.951951951952050E+02	1.314516526013070E-02
3.955955955956054E+02	1.288261884494660E-02
3.959959959960058E+02	1.262492269028057E-02
3.963963963964063E+02	1.237200026297294E-02
3.967967967968067E+02	1.212377577548103E-02
3.971971971972071E+02	1.188017419691052E-02
3.975975975976075E+02	1.164112126310028E-02
3.979979979980080E+02	1.140654348579296E-02
3.983983983984084E+02	1.117636816092366E-02
3.987987987988088E+02	1.095052337605802E-02
3.991991991992093E+02	1.072893801701103E-02
3.995995995996097E+02	1.051154177367696E-02
4.000000000000101E+02	1.029826514510030E-02
