# mass, entropy
0.000000000000000E+00	1.380760828539694E-02
4.004004004004004E-01	1.380729529442175E-02
8.008008008008008E-01	1.380635628269833E-02
1.201201201201201E+00	1.380479113389023E-02
1.601601601601602E+00	1.380259965429418E-02
2.002002002002002E+00	1.379978157312628E-02
2.402402402402402E+00	1.379633654292319E-02
2.802802802802803E+00	1.379226414005813E-02
3.203203203203203E+00	1.378756386537246E-02
3.603603603603603E+00	1.378223514492304E-02
4.004004004004003E+00	1.377627733084590E-02
4.404404404404404E+00	1.376968970233679E-02
4.804804804804804E+00	1.376247146674923E-02
5.205205205205204E+00	1.375462176081076E-02
5.605605605605605E+00	1.374613965195816E-02
6.006006006006005E+00	1.373702413979240E-02
6.406406406406405E+00	1.372727415765413E-02
6.806806806806805E+00	1.371688857432083E-02
7.207207207207206E+00	1.370586619582613E-02
7.607607607607606E+00	1.369420576740284E-02
8.008008008008007E+00	1.368190597555010E-02
8.408408408408407E+00	1.366896545022611E-02
8.808808808808807E+00	1.365538276716725E-02
9.209209209209208E+00	1.364115645033462E-02
9.609609609609608E+00	1.362628497448922E-02
1.001001001001001E+01	1.361076676789643E-02
1.041041041041041E+01	1.359460021516122E-02
1.081081081081081E+01	1.357778366019469E-02
1.121121121121121E+01	1.356031540931305E-02
1.161161161161161E+01	1.354219373446987E-02
1.201201201201201E+01	1.352341687662239E-02
1.241241241241241E+01	1.350398304923263E-02
1.281281281281281E+01	1.348389044190398E-02
1.321321321321321E+01	1.346313722415367E-02
1.361361361361361E+01	1.344172154932186E-02
1.401401401401401E+01	1.341964155861724E-02
1.441441441441441E+01	1.339689538529971E-02
1.481481481481481E+01	1.337348115899982E-02
1.521521521521521E+01	1.334939701017510E-02
1.561561561561561E+01	1.332464107470275E-02
1.601601601601601E+01	1.329921149860817E-02
1.641641641641641E+01	1.327310644292869E-02
1.681681681681681E+01	1.324632408871148E-02
1.721721721721721E+01	1.321886264214423E-02
1.761761761761761E+01	1.319072033981748E-02
1.801801801801802E+01	1.316189545411648E-02
1.841841841841842E+01	1.313238629874072E-02
1.881881881881882E+01	1.310219123434871E-02
1.921921921921922E+01	1.307130867432527E-02
1.961961961961962E+01	1.303973709066838E-02
2.002002002002002E+01	1.300747501999215E-02
2.042042042042042E+01	1.297452106964200E-02
2.082082082082082E+01	1.294087392391824E-02
2.122122122122122E+01	1.290653235040303E-02
2.162162162162162E+01	1.287149520638613E-02
2.202202202202202E+01	1.283576144538374E-02
2.242242242242242E+01	1.279933012374477E-02
2.282282282282282E+01	1.276220040733813E-02
2.322322322322322E+01	1.272437157831416E-02
2.362362362362362E+01	1.268584304193319E-02
2.402402402402402E+01	1.264661433345322E-02
2.442442442442442E+01	1.260668512506864E-02
2.482482482482482E+01	1.256605523289121E-02
2.522522522522522E+01	1.252472462396407E-02
2.562562562562562E+01	1.248269342329895E-02
2.602602602602602E+01	1.243996192092654E-02
2.642642642642642E+01	1.239653057894902E-02
2.682682682682682E+01	1.235240003858369E-02
2.722722722722722E+01	1.230757112718595E-02
2.762762762762762E+01	1.226204486523919E-02
2.802802802802802E+01	1.221582247329930E-02
2.842842842842842E+01	1.216890537888017E-02
2.882882882882882E+01	1.212129522326707E-02
2.922922922922922E+01	1.207299386824343E-02
2.962962962962962E+01	1.202400340271702E-02
3.003003003003002E+01	1.197432614923041E-02
3.043043043043042E+01	1.192396467034084E-02
3.083083083083082E+01	1.187292177485377E-02
3.123123123123122E+01	1.182120052389466E-02
3.163163163163162E+01	1.176880423680285E-02
3.203203203203203E+01	1.171573649683121E-02
3.243243243243243E+01	1.166200115663567E-02
3.283283283283283E+01	1.160760234353764E-02
3.323323323323323E+01	1.155254446454318E-02
3.363363363363363E+01	1.149683221110224E-02
3.403403403403403E+01	1.144047056359147E-02
3.443443443443443E+01	1.138346479550431E-02
3.483483483483483E+01	1.132582047733198E-02
3.523523523523523E+01	1.126754348011958E-02
3.563563563563563E+01	1.120863997868136E-02
3.603603603603603E+01	1.114911645445987E-02
3.643643643643643E+01	1.108897969801421E-02
3.683683683683683E+01	1.102823681112252E-02
3.723723723723723E+01	1.096689520848525E-02
3.763763763763763E+01	1.090496261901561E-02
3.803803803803803E+01	1.084244708670468E-02
3.843843843843843E+01	1.077935697104937E-02
3.883883883883883E+01	1.071570094703218E-02
3.923923923923923E+01	1.065148800464267E-02
3.963963963963963E+01	1.058672744793144E-02
4.004004004004003E+01	1.052142889358842E-02
4.044044044044043E+01	1.045560226903857E-02
4.084084084084083E+01	1.038925781004884E-02
4.124124124124123E+01	1.032240605784171E-02
4.164164164164163E+01	1.025505785571202E-02
4.204204204204203E+01	1.018722434514443E-02
4.244244244244243E+01	1.011891696143100E-02
4.284284284284283E+01	1.005014742878912E-02
4.324324324324323E+01	9.980927754981722E-03
4.364364364364364E+01	9.911270225442980E-03
4.404404404404404E+01	9.841187396914194E-03
4.444444444444444E+01	9.770692090596002E-03
4.484484484484484E+01	9.699797384824403E-03
4.524524524524524E+01	9.628516607279741E-03
4.564564564564564E+01	9.556863326738911E-03
4.604604604604604E+01	9.484851344382837E-03
4.644644644644644E+01	9.412494684672312E-03
4.684684684684684E+01	9.339807585806938E-03
4.724724724724724E+01	9.266804489783051E-03
4.764764764764764E+01	9.193500032067899E-03
4.804804804804804E+01	9.119909030908518E-03
4.844844844844844E+01	9.046046476294953E-03
4.884884884884884E+01	8.971927518598590E-03
4.924924924924924E+01	8.897567456907398E-03
4.964964964964964E+01	8.822981727080797E-03
5.005005005005004E+01	8.748185889547962E-03
5.045045045045044E+01	8.673195616873771E-03
5.085085085085084E+01	8.598026681117832E-03
5.125125125125124E+01	8.522694941012227E-03
5.165165165165164E+01	8.447216328984342E-03
5.205205205205204E+01	8.371606838051528E-03
5.245245245245244E+01	8.295882508614721E-03
5.285285285285284E+01	8.220059415178249E-03
5.325325325325324E+01	8.144153653023296E-03
5.365365365365364E+01	8.068181324862533E-03
5.405405405405404E+01	7.992158527503157E-03
5.445445445445444E+01	7.916101338545659E-03
5.485485485485484E+01	7.840025803145181E-03
5.525525525525524E+01	7.763947920861957E-03
5.565565565565564E+01	7.687883632626969E-03
5.605605605605604E+01	7.611848807848287E-03
5.645645645645644E+01	7.535859231682904E-03
5.685685685685684E+01	7.459930592498287E-03
5.725725725725724E+01	7.384078469546814E-03
5.765765765765764E+01	7.308318320875657E-03
5.805805805805804E+01	7.232665471493486E-03
5.845845845845844E+01	7.157135101814488E-03
5.885885885885885E+01	7.081742236399128E-03
5.925925925925925E+01	7.006501733009858E-03
5.965965965965965E+01	6.931428271998955E-03
6.006006006006005E+01	6.856536346044343E-03
6.046046046046045E+01	6.781840250248115E-03
6.086086086086085E+01	6.707354072611187E-03
6.126126126126125E+01	6.633091684896212E-03
6.166166166166165E+01	6.559066733889634E-03
6.206206206206205E+01	6.485292633072503E-03
6.246246246246245E+01	6.411782554708260E-03
6.286286286286285E+01	6.338549422354578E-03
6.326326326326325E+01	6.265605903804937E-03
6.366366366366365E+01	6.192964404464443E-03
6.406406406406406E+01	6.120637061163125E-03
6.446446446446446E+01	6.048635736408722E-03
6.486486486486486E+01	5.976972013079875E-03
6.526526526526526E+01	5.905657189559358E-03
6.566566566566566E+01	5.834702275306055E-03
6.606606606606606E+01	5.764117986863135E-03
6.646646646646646E+01	5.693914744299066E-03
6.686686686686686E+01	5.624102668076897E-03
6.726726726726726E+01	5.554691576346593E-03
6.766766766766766E+01	5.485690982654081E-03
6.806806806806806E+01	5.417110094060027E-03
6.846846846846846E+01	5.348957809660487E-03
6.886886886886886E+01	5.281242719500976E-03
6.926926926926926E+01	5.213973103874707E-03
6.966966966966966E+01	5.147156932995296E-03
7.007007007007006E+01	5.080801867033583E-03
7.047047047047046E+01	5.014915256507776E-03
7.087087087087086E+01	4.949504143015677E-03
7.127127127127126E+01	4.884575260297369E-03
7.167167167167166E+01	4.820135035616449E-03
7.207207207207206E+01	4.756189591447520E-03
7.247247247247246E+01	4.692744747457537E-03
7.287287287287286E+01	4.629806022768339E-03
7.327327327327326E+01	4.567378638487625E-03
7.367367367367366E+01	4.505467520495470E-03
7.407407407407406E+01	4.444077302473504E-03
7.447447447447446E+01	4.383212329163787E-03
7.487487487487486E+01	4.322876659844545E-03
7.527527527527526E+01	4.263074072009862E-03
7.567567567567566E+01	4.203808065240668E-03
7.607607607607606E+01	4.145081865254342E-03
7.647647647647646E+01	4.086898428120559E-03
7.687687687687686E+01	4.029260444631049E-03
7.727727727727726E+01	3.972170344811263E-03
7.767767767767766E+01	3.915630302562101E-03
7.807807807807806E+01	3.859642240420139E-03
7.847847847847846E+01	3.804207834425055E-03
7.887887887887887E+01	3.749328519083231E-03
7.927927927927927E+01	3.695005492416842E-03
7.967967967967967E+01	3.641239721088025E-03
8.008008008008007E+01	3.588031945588030E-03
8.048048048048047E+01	3.535382685481657E-03
8.088088088088087E+01	3.483292244697542E-03
8.128128128128127E+01	3.431760716855254E-03
8.168168168168167E+01	3.380787990620500E-03
8.208208208208207E+01	3.330373755080075E-03
8.248248248248247E+01	3.280517505128580E-03
8.288288288288287E+01	3.231218546859239E-03
8.328328328328327E+01	3.182476002951566E-03
8.368368368368367E+01	3.134288818048903E-03
8.408408408408407E+01	3.086655764119274E-03
8.448448448448447E+01	3.039575445793304E-03
8.488488488488487E+01	2.993046305673294E-03
8.528528528528527E+01	2.947066629607898E-03
8.568568568568567E+01	2.901634551927168E-03
8.608608608608607E+01	2.856748060633045E-03
8.648648648648647E+01	2.812405002540693E-03
8.688688688688687E+01	2.768603088366412E-03
8.728728728728727E+01	2.725339897758113E-03
8.768768768768767E+01	2.682612884264681E-03
8.808808808808807E+01	2.640419380240775E-03
8.848848848848847E+01	2.598756601683978E-03
8.888888888888887E+01	2.557621653001379E-03
8.928928928928927E+01	2.517011531702988E-03
8.968968968968967E+01	2.476923133019594E-03
9.009009009009007E+01	2.437353254442963E-03
9.049049049049047E+01	2.398298600186438E-03
9.089089089089087E+01	2.359755785564267E-03
9.129129129129127E+01	2.321721341288185E-03
9.169169169169167E+01	2.284191717679957E-03
9.209209209209207E+01	2.247163288798818E-03
9.249249249249247E+01	2.210632356482877E-03
9.289289289289287E+01	2.174595154303779E-03
9.329329329329327E+01	2.139047851434042E-03
9.369369369369367E+01	2.103986556426663E-03
9.409409409409407E+01	2.069407320906731E-03
9.449449449449448E+01	2.035306143174909E-03
9.489489489489488E+01	2.001678971722833E-03
9.529529529529528E+01	1.968521708660489E-03
9.569569569569568E+01	1.935830213055885E-03
9.609609609609608E+01	1.903600304187338E-03
9.649649649649648E+01	1.871827764708829E-03
9.689689689689688E+01	1.840508343728998E-03
9.729729729729728E+01	1.809637759804415E-03
9.769769769769768E+01	1.779211703847833E-03
9.809809809809808E+01	1.749225841952247E-03
9.849849849849848E+01	1.719675818131612E-03
9.889889889889888E+01	1.690557256979156E-03
9.929929929929928E+01	1.661865766244284E-03
9.969969969969968E+01	1.633596939329120E-03
1.001001001001001E+02	1.605746357705777E-03
1.005005005005005E+02	1.578309593255505E-03
1.009009009009009E+02	1.551282210530880E-03
1.013013013013013E+02	1.524659768942273E-03
1.017017017017017E+02	1.498437824869819E-03
1.021021021021021E+02	1.472611933702191E-03
1.025025025025025E+02	1.447177651803447E-03
1.029029029029029E+02	1.422130538409285E-03
1.033033033033033E+02	1.397466157454052E-03
1.037037037037037E+02	1.373180079329836E-03
1.041041041041041E+02	1.349267882579015E-03
1.045045045045045E+02	1.325725155521643E-03
1.049049049049049E+02	1.302547497819026E-03
1.053053053053053E+02	1.279730521974888E-03
1.057057057057057E+02	1.257269854775510E-03
1.061061061061061E+02	1.235161138670208E-03
1.065065065065065E+02	1.213400033093538E-03
1.069069069069069E+02	1.191982215730603E-03
1.073073073073073E+02	1.170903383726834E-03
1.077077077077077E+02	1.150159254843585E-03
1.081081081081081E+02	1.129745568560924E-03
1.085085085085085E+02	1.109658087128925E-03
1.089089089089089E+02	1.089892596568826E-03
1.093093093093093E+02	1.070444907625338E-03
1.097097097097097E+02	1.051310856671420E-03
1.101101101101101E+02	1.032486306566811E-03
1.105105105105105E+02	1.013967147471576E-03
1.109109109109109E+02	9.957492976159345E-04
1.113113113113113E+02	9.778287040275938E-04
1.117117117117117E+02	9.602013432178246E-04
1.121121121121121E+02	9.428632218274535E-04
1.125125125125125E+02	9.258103772339823E-04
1.129129129129129E+02	9.090388781209735E-04
1.133133133133133E+02	8.925448250108520E-04
1.137137137137137E+02	8.763243507622554E-04
1.141141141141141E+02	8.603736210330102E-04
1.145145145145145E+02	8.446888347098424E-04
1.149149149149149E+02	8.292662243058631E-04
1.153153153153153E+02	8.141020563268765E-04
1.157157157157157E+02	7.991926316075297E-04
1.161161161161161E+02	7.845342856183001E-04
1.165165165165165E+02	7.701233887442928E-04
1.169169169169169E+02	7.559563465368116E-04
1.173173173173173E+02	7.420295999386346E-04
1.177177177177177E+02	7.283396254839058E-04
1.181181181181181E+02	7.148829354735355E-04
1.185185185185185E+02	7.016560781269890E-04
1.189189189189189E+02	6.886556377113060E-04
1.193193193193193E+02	6.758782346481887E-04
1.197197197197197E+02	6.633205255999664E-04
1.201201201201201E+02	6.509792035352300E-04
1.205205205205205E+02	6.388509977749072E-04
1.209209209209209E+02	6.269326740195281E-04
1.213213213213213E+02	6.152210343584242E-04
1.217217217217217E+02	6.037129172615554E-04
1.221221221221221E+02	5.924051975546824E-04
1.225225225225225E+02	5.812947863785440E-04
1.229229229229229E+02	5.703786311327094E-04
1.233233233233233E+02	5.596537154047357E-04
1.237237237237237E+02	5.491170588852610E-04
1.241241241241241E+02	5.387657172696408E-04
1.245245245245245E+02	5.285967821467034E-04
1.249249249249249E+02	5.186073808752136E-04
1.253253253253253E+02	5.087946764485867E-04
1.257257257257257E+02	4.991558673483975E-04
1.261261261261261E+02	4.896881873872082E-04
1.265265265265265E+02	4.803889055412257E-04
1.269269269269269E+02	4.712553257732691E-04
1.273273273273273E+02	4.622847868465469E-04
1.277277277277277E+02	4.534746621296862E-04
1.281281281281281E+02	4.448223593934751E-04
1.285285285285285E+02	4.363253205997553E-04
1.289289289289289E+02	4.279810216828737E-04
1.293293293293293E+02	4.197869723241184E-04
1.297297297297297E+02	4.117407157195246E-04
1.301301301301301E+02	4.038398283414327E-04
1.305305305305305E+02	3.960819196941750E-04
1.309309309309309E+02	3.884646320642439E-04
1.313313313313313E+02	3.809856402652914E-04
1.317317317317317E+02	3.736426513782941E-04
1.321321321321321E+02	3.664334044872047E-04
1.325325325325325E+02	3.593556704104085E-04
1.329329329329329E+02	3.524072514282799E-04
1.333333333333333E+02	3.455859810071376E-04
1.337337337337337E+02	3.388897235198742E-04
1.341341341341341E+02	3.323163739635343E-04
1.345345345345345E+02	3.258638576741039E-04
1.349349349349349E+02	3.195301300387611E-04
1.353353353353353E+02	3.133131762058347E-04
1.357357357357357E+02	3.072110107927006E-04
1.361361361361361E+02	3.012216775918481E-04
1.365365365365365E+02	2.953432492753270E-04
1.369369369369369E+02	2.895738270977890E-04
1.373373373373373E+02	2.839115405983244E-04
1.377377377377377E+02	2.783545473012854E-04
1.381381381381381E+02	2.729010324162839E-04
1.385385385385385E+02	2.675492085375420E-04
1.389389389389389E+02	2.622973153427668E-04
1.393393393393393E+02	2.571436192917145E-04
1.397397397397397E+02	2.520864133246017E-04
1.401401401401401E+02	2.471240165605143E-04
1.405405405405405E+02	2.422547739959627E-04
1.409409409409409E+02	2.374770562037170E-04
1.413413413413413E+02	2.327892590320618E-04
1.417417417417417E+02	2.281898033045920E-04
1.421421421421421E+02	2.236771345206761E-04
1.425425425425425E+02	2.192497225567001E-04
1.429429429429429E+02	2.149060613682060E-04
1.433433433433433E+02	2.106446686930290E-04
1.437437437437437E+02	2.064640857555347E-04
1.441441441441441E+02	2.023628769720552E-04
1.445445445445445E+02	1.983396296576118E-04
1.449449449449449E+02	1.943929537340148E-04
1.453453453453453E+02	1.905214814394236E-04
1.457457457457457E+02	1.867238670394420E-04
1.461461461461461E+02	1.829987865398293E-04
1.465465465465465E+02	1.793449374008927E-04
1.469469469469469E+02	1.757610382536306E-04
1.473473473473473E+02	1.722458286176908E-04
1.477477477477477E+02	1.687980686212013E-04
1.481481481481481E+02	1.654165387225323E-04
1.485485485485485E+02	1.621000394340394E-04
1.489489489489489E+02	1.588473910478423E-04
1.493493493493493E+02	1.556574333636814E-04
1.497497497497497E+02	1.525290254188986E-04
1.501501501501501E+02	1.494610452205830E-04
1.505505505505505E+02	1.464523894799182E-04
1.509509509509509E+02	1.435019733487688E-04
1.513513513513513E+02	1.406087301585373E-04
1.517517517517517E+02	1.377716111613214E-04
1.521521521521521E+02	1.349895852734023E-04
1.525525525525525E+02	1.322616388210867E-04
1.529529529529529E+02	1.295867752889275E-04
1.533533533533533E+02	1.269640150703431E-04
1.537537537537537E+02	1.243923952206576E-04
1.541541541541541E+02	1.218709692125747E-04
1.545545545545545E+02	1.193988066941042E-04
1.549549549549549E+02	1.169749932489526E-04
1.553553553553553E+02	1.145986301593903E-04
1.557557557557557E+02	1.122688341716053E-04
1.561561561561561E+02	1.099847372635513E-04
1.565565565565565E+02	1.077454864152971E-04
1.569569569569569E+02	1.055502433818836E-04
1.573573573573573E+02	1.033981844686898E-04
1.577577577577577E+02	1.012885003093135E-04
1.581581581581581E+02	9.922039564596457E-05
1.585585585585585E+02	9.719308911237315E-05
1.589589589589589E+02	9.520581301921007E-05
1.593593593593593E+02	9.325781314201664E-05
1.597597597597597E+02	9.134834851164128E-05
1.601601601601601E+02	8.947669120717786E-05
1.605605605605605E+02	8.764212615139907E-05
1.609609609609609E+02	8.584395090867965E-05
1.613613613613613E+02	8.408147548540029E-05
1.617617617617617E+02	8.235402213282483E-05
1.621621621621621E+02	8.066092515244054E-05
1.625625625625625E+02	7.900153070375195E-05
1.629629629629629E+02	7.737519661451662E-05
1.633633633633633E+02	7.578129219341196E-05
1.637637637637637E+02	7.421919804511971E-05
1.641641641641641E+02	7.268830588781602E-05
1.645645645645645E+02	7.118801837305306E-05
1.649649649649649E+02	6.971774890801752E-05
1.653653653653653E+02	6.827692148015188E-05
1.657657657657657E+02	6.686497048412342E-05
1.661661661661661E+02	6.548134055112337E-05
1.665665665665665E+02	6.412548638048236E-05
1.669669669669669E+02	6.279687257358362E-05
1.673673673673673E+02	6.149497347005751E-05
1.677677677677677E+02	6.021927298624004E-05
1.681681681681681E+02	5.896926445587708E-05
1.685685685685685E+02	5.774445047305616E-05
1.689689689689689E+02	5.654434273734789E-05
1.693693693693693E+02	5.536846190113704E-05
1.697697697697697E+02	5.421633741912541E-05
1.701701701701701E+02	5.308750739998652E-05
1.705705705705705E+02	5.198151846015267E-05
1.709709709709709E+02	5.089792557971436E-05
1.713713713713713E+02	4.983629196041307E-05
1.717717717717717E+02	4.879618888570571E-05
1.721721721721721E+02	4.777719558288210E-05
1.725725725725725E+02	4.677889908721367E-05
1.729729729729729E+02	4.580089410811413E-05
1.733733733733733E+02	4.484278289729010E-05
1.737737737737737E+02	4.390417511886221E-05
1.741741741741741E+02	4.298468772143502E-05
1.745745745745745E+02	4.208394481209515E-05
1.749749749749749E+02	4.120157753231695E-05
1.753753753753753E+02	4.033722393575402E-05
1.757757757757757E+02	3.949052886789658E-05
1.761761761761761E+02	3.866114384757261E-05
1.765765765765765E+02	3.784872695027254E-05
1.769769769769769E+02	3.705294269327634E-05
1.773773773773773E+02	3.627346192256122E-05
1.777777777777777E+02	3.550996170147052E-05
1.781781781781781E+02	3.476212520112095E-05
1.785785785785785E+02	3.402964159252913E-05
1.789789789789789E+02	3.331220594043499E-05
1.793793793793793E+02	3.260951909880258E-05
1.797797797797797E+02	3.192128760797646E-05
1.801801801801801E+02	3.124722359347379E-05
1.805805805805805E+02	3.058704466639131E-05
1.809809809809809E+02	2.994047382540655E-05
1.813813813813813E+02	2.930723936035321E-05
1.817817817817817E+02	2.868707475735011E-05
1.821821821821821E+02	2.807971860546406E-05
1.825825825825825E+02	2.748491450488571E-05
1.829829829829829E+02	2.690241097659947E-05
1.833833833833833E+02	2.633196137352680E-05
1.837837837837837E+02	2.577332379312376E-05
1.841841841841841E+02	2.522626099141304E-05
1.845845845845845E+02	2.469054029843081E-05
1.849849849849849E+02	2.416593353506962E-05
1.853853853853853E+02	2.365221693129770E-05
1.857857857857857E+02	2.314917104573595E-05
1.861861861861861E+02	2.265658068657356E-05
1.865865865865865E+02	2.217423483380388E-05
1.869869869869869E+02	2.170192656276149E-05
1.873873873873873E+02	2.123945296894251E-05
1.877877877877877E+02	2.078661509408973E-05
1.881881881881881E+02	2.034321785352454E-05
1.885885885885886E+02	1.990906996470760E-05
1.889889889889890E+02	1.948398387701069E-05
1.893893893893894E+02	1.906777570268207E-05
1.897897897897898E+02	1.866026514898800E-05
1.901901901901902E+02	1.826127545151289E-05
1.905905905905906E+02	1.787063330860161E-05
1.909909909909910E+02	1.748816881692623E-05
1.913913913913914E+02	1.711371540816137E-05
1.917917917917918E+02	1.674710978675076E-05
1.921921921921922E+02	1.638819186874920E-05
1.925925925925926E+02	1.603680472172346E-05
1.929929929929930E+02	1.569279450569629E-05
1.933933933933934E+02	1.535601041511720E-05
1.937937937937938E+02	1.502630462184509E-05
1.941941941941942E+02	1.470353221912648E-05
1.945945945945946E+02	1.438755116655444E-05
1.949949949949950E+02	1.407822223599309E-05
1.953953953953954E+02	1.377540895845230E-05
1.957957957957958E+02	1.347897757189829E-05
1.961961961961962E+02	1.318879696998511E-05
1.965965965965966E+02	1.290473865169288E-05
1.969969969969970E+02	1.262667667185808E-05
1.973973973973974E+02	1.235448759258236E-05
1.977977977977978E+02	1.208805043550535E-05
1.981981981981982E+02	1.182724663492823E-05
1.985985985985986E+02	1.157195999177412E-05
1.989989989989990E+02	1.132207662837204E-05
1.993993993993994E+02	1.107748494405120E-05
1.997997997997998E+02	1.083807557153250E-05
2.002002002002002E+02	1.060374133410435E-05
2.006006006006006E+02	1.037437720357023E-05
2.010010010010010E+02	1.014988025895508E-05
2.014014014014014E+02	9.930149645958534E-06
2.018018018018018E+02	9.715086537142489E-06
2.022022022022022E+02	9.504594092841053E-06
2.026026026026026E+02	9.298577422780956E-06
2.030030030030030E+02	9.096943548400659E-06
2.034034034034034E+02	8.899601365856633E-06
2.038038038038038E+02	8.706461609705327E-06
2.042042042042042E+02	8.517436817249599E-06
2.046046046046046E+02	8.332441293538565E-06
2.050050050050050E+02	8.151391077009762E-06
2.054054054054054E+02	7.974203905763002E-06
2.058058058058058E+02	7.800799184455147E-06
2.062062062062062E+02	7.631097951805480E-06
2.066066066066066E+02	7.465022848701101E-06
2.070070070070070E+02	7.302498086892393E-06
2.074074074074074E+02	7.143449418268380E-06
2.078078078078078E+02	6.987804104702148E-06
2.082082082082082E+02	6.835490888456479E-06
2.086086086086086E+02	6.686439963140344E-06
2.090090090090090E+02	6.540582945206419E-06
2.094094094094094E+02	6.397852845980688E-06
2.098098098098098E+02	6.258184044214630E-06
2.102102102102102E+02	6.121512259151216E-06
2.106106106106106E+02	5.987774524095571E-06
2.110110110110110E+02	5.856909160481735E-06
2.114114114114114E+02	5.728855752426722E-06
2.118118118118118E+02	5.603555121763491E-06
2.122122122122122E+02	5.480949303544354E-06
2.126126126126126E+02	5.360981522006678E-06
2.130130130130130E+02	5.243596166992651E-06
2.134134134134134E+02	5.128738770815210E-06
2.138138138138138E+02	5.016355985562203E-06
2.142142142142142E+02	4.906395560831105E-06
2.146146146146146E+02	4.798806321886551E-06
2.150150150150150E+02	4.693538148233326E-06
2.154154154154154E+02	4.590541952597298E-06
2.158158158158158E+02	4.489769660307127E-06
2.162162162162162E+02	4.391174189069514E-06
2.166166166166166E+02	4.294709429131013E-06
2.170170170170170E+02	4.200330223819471E-06
2.174174174174174E+02	4.107992350458229E-06
2.178178178178178E+02	4.017652501646484E-06
2.182182182182182E+02	3.929268266899091E-06
2.186186186186186E+02	3.842798114639433E-06
2.190190190190190E+02	3.758201374538902E-06
2.194194194194194E+02	3.675438220196746E-06
2.198198198198198E+02	3.594469652154100E-06
2.202202202202202E+02	3.515257481236110E-06
2.206206206206206E+02	3.437764312216236E-06
2.210210210210210E+02	3.361953527796766E-06
2.214214214214214E+02	3.287789272899867E-06
2.218218218218218E+02	3.215236439263407E-06
2.222222222222222E+02	3.144260650336004E-06
2.226226226226226E+02	3.074828246465840E-06
2.230230230230230E+02	3.006906270377737E-06
2.234234234234234E+02	2.940462452933331E-06
2.238238238238238E+02	2.875465199168966E-06
2.242242242242242E+02	2.811883574606341E-06
2.246246246246246E+02	2.749687291830708E-06
2.250250250250250E+02	2.688846697331779E-06
2.254254254254254E+02	2.629332758602415E-06
2.258258258258258E+02	2.571117051490317E-06
2.262262262262262E+02	2.514171747797997E-06
2.266266266266266E+02	2.458469603126444E-06
2.270270270270270E+02	2.403983944957870E-06
2.274274274274274E+02	2.350688660973128E-06
2.278278278278278E+02	2.298558187599385E-06
2.282282282282282E+02	2.247567498783710E-06
2.286286286286286E+02	2.197692094988388E-06
2.290290290290290E+02	2.148907992403736E-06
2.294294294294294E+02	2.101191712374375E-06
2.298298298298298E+02	2.054520271034890E-06
2.302302302302302E+02	2.008871169150978E-06
2.306306306306306E+02	1.964222382162139E-06
2.310310310310310E+02	1.920552350422145E-06
2.314314314314314E+02	1.877839969633509E-06
2.318318318318318E+02	1.836064581472302E-06
2.322322322322322E+02	1.795205964399654E-06
2.326326326326326E+02	1.755244324656448E-06
2.330330330330330E+02	1.716160287437662E-06
2.334334334334334E+02	1.677934888242962E-06
2.338338338338338E+02	1.640549564400187E-06
2.342342342342342E+02	1.603986146758379E-06
2.346346346346346E+02	1.568226851547171E-06
2.350350350350350E+02	1.533254272399294E-06
2.354354354354354E+02	1.499051372533094E-06
2.358358358358358E+02	1.465601477091982E-06
2.362362362362362E+02	1.432888265637811E-06
2.366366366366366E+02	1.400895764795181E-06
2.370370370370370E+02	1.369608341043802E-06
2.374374374374374E+02	1.339010693656021E-06
2.378378378378378E+02	1.309087847776741E-06
2.382382382382382E+02	1.279825147642944E-06
2.386386386386386E+02	1.251208249940141E-06
2.390390390390390E+02	1.223223117293077E-06
2.394394394394394E+02	1.195856011888088E-06
2.398398398398398E+02	1.169093489224560E-06
2.402402402402402E+02	1.142922391992955E-06
2.406406406406406E+02	1.117329844076970E-06
2.410410410410410E+02	1.092303244677385E-06
2.414414414414414E+02	1.067830262555231E-06
2.418418418418418E+02	1.043898830391951E-06
2.422422422422422E+02	1.020497139264256E-06
2.426426426426426E+02	9.976136332314357E-07
2.430430430430430E+02	9.752370040329273E-07
2.434434434434434E+02	9.533561858939564E-07
2.438438438438438E+02	9.319603504371508E-07
2.442442442442442E+02	9.110389016980351E-07
2.446446446446446E+02	8.905814712423449E-07
2.450450450450450E+02	8.705779133831854E-07
2.454454454454454E+02	8.510183004960411E-07
2.458458458458458E+02	8.318929184297108E-07
2.462462462462462E+02	8.131922620112811E-07
2.466466466466466E+02	7.949070306432589E-07
2.470470470470470E+02	7.770281239910615E-07
2.474474474474474E+02	7.595466377590536E-07
2.478478478478478E+02	7.424538595533925E-07
2.482482482482482E+02	7.257412648299329E-07
2.486486486486486E+02	7.094005129255308E-07
2.490490490490490E+02	6.934234431710629E-07
2.494494494494494E+02	6.778020710845527E-07
2.498498498498498E+02	6.625285846427827E-07
2.502502502502502E+02	6.475953406298587E-07
2.506506506506506E+02	6.329948610611604E-07
2.510510510510510E+02	6.187198296811938E-07
2.514514514514514E+02	6.047630885338463E-07
2.518518518518518E+02	5.911176346036168E-07
2.522522522522522E+02	5.777766165263818E-07
2.526526526526526E+02	5.647333313683098E-07
2.530530530530530E+02	5.519812214715560E-07
2.534534534534534E+02	5.395138713653933E-07
2.538538538538538E+02	5.273250047414639E-07
2.542542542542542E+02	5.154084814918709E-07
2.546546546546546E+02	5.037582948088191E-07
2.550550550550550E+02	4.923685683445962E-07
2.554554554554554E+02	4.812335534306559E-07
2.558558558558558E+02	4.703476263546084E-07
2.562562562562562E+02	4.597052856939661E-07
2.566566566566567E+02	4.493011497054738E-07
2.570570570570571E+02	4.391299537689211E-07
2.574574574574575E+02	4.291865478843078E-07
2.578578578578579E+02	4.194658942213035E-07
2.582582582582584E+02	4.099630647199312E-07
2.586586586586588E+02	4.006732387414270E-07
2.590590590590592E+02	3.915917007682738E-07
2.594594594594597E+02	3.827138381523891E-07
2.598598598598601E+02	3.740351389104996E-07
2.602602602602605E+02	3.655511895657433E-07
2.606606606606609E+02	3.572576730345420E-07
2.610610610610614E+02	3.491503665578347E-07
2.614614614614618E+02	3.412251396757640E-07
2.618618618618622E+02	3.334779522449210E-07
2.622622622622627E+02	3.259048524972787E-07
2.626626626626631E+02	3.185019751399777E-07
2.630630630630635E+02	3.112655394950977E-07
2.634634634634639E+02	3.041918476786260E-07
2.638638638638644E+02	2.972772828177954E-07
2.642642642642648E+02	2.905183073060209E-07
2.646646646646652E+02	2.839114610946504E-07
2.650650650650657E+02	2.774533600207821E-07
2.654654654654661E+02	2.711406941704003E-07
2.658658658658665E+02	2.649702262761072E-07
2.662662662662669E+02	2.589387901487345E-07
2.666666666666674E+02	2.530432891421394E-07
2.670670670670678E+02	2.472806946505003E-07
2.674674674674682E+02	2.416480446374369E-07
2.678678678678687E+02	2.361424421963046E-07
2.682682682682691E+02	2.307610541410144E-07
2.686686686686695E+02	2.255011096267463E-07
2.690690690690699E+02	2.203598987999409E-07
2.694694694694704E+02	2.153347714769603E-07
2.698698698698708E+02	2.104231358508237E-07
2.702702702702712E+02	2.056224572254401E-07
2.706706706706717E+02	2.009302567767596E-07
2.710710710710721E+02	1.963441103402924E-07
2.714714714714725E+02	1.918616472244421E-07
2.718718718718729E+02	1.874805490491193E-07
2.722722722722734E+02	1.831985486091089E-07
2.726726726726738E+02	1.790134287616748E-07
2.730730730730742E+02	1.749230213378991E-07
2.734734734734747E+02	1.709252060772594E-07
2.738738738738751E+02	1.670179095849588E-07
2.742742742742755E+02	1.631991043115375E-07
2.746746746746759E+02	1.594668075542961E-07
2.750750750750764E+02	1.558190804800766E-07
2.754754754754768E+02	1.522540271689562E-07
2.758758758758772E+02	1.487697936784145E-07
2.762762762762777E+02	1.453645671275440E-07
2.766766766766781E+02	1.420365748008899E-07
2.770770770770785E+02	1.387840832714978E-07
2.774774774774789E+02	1.356053975427788E-07
2.778778778778794E+02	1.324988602087862E-07
2.782782782782798E+02	1.294628506325236E-07
2.786786786786802E+02	1.264957841419029E-07
2.790790790790807E+02	1.235961112429825E-07
2.794794794794811E+02	1.207623168501218E-07
2.798798798798815E+02	1.179929195326942E-07
2.802802802802819E+02	1.152864707780136E-07
2.806806806806824E+02	1.126415542701291E-07
2.810810810810828E+02	1.100567851841554E-07
2.814814814814832E+02	1.075308094958110E-07
2.818818818818837E+02	1.050623033058420E-07
2.822822822822841E+02	1.026499721790185E-07
2.826826826826845E+02	1.002925504973952E-07
2.830830830830849E+02	9.798880082753485E-08
2.834834834834854E+02	9.573751330139774E-08
2.838838838838858E+02	9.353750501061028E-08
2.842842842842862E+02	9.138761941382797E-08
2.846846846846867E+02	8.928672575691520E-08
2.850850850850871E+02	8.723371850567067E-08
2.854854854854875E+02	8.522751679083185E-08
2.858858858858879E+02	8.326706386509949E-08
2.862862862862884E+02	8.135132657192271E-08
2.866866866866888E+02	7.947929482580164E-08
2.870870870870892E+02	7.764998110385515E-08
2.874874874874897E+02	7.586241994842045E-08
2.878878878878901E+02	7.411566748044582E-08
2.882882882882905E+02	7.240880092344792E-08
2.886886886886909E+02	7.074091813781043E-08
2.890890890890914E+02	6.911113716519919E-08
2.894894894894918E+02	6.751859578288371E-08
2.898898898898922E+02	6.596245106774842E-08
2.902902902902927E+02	6.444187896979156E-08
2.906906906906931E+02	6.295607389490498E-08
2.910910910910935E+02	6.150424829673969E-08
2.914914914914939E+02	6.008563227746068E-08
2.918918918918944E+02	5.869947319720285E-08
2.922922922922948E+02	5.734503529204017E-08
2.926926926926952E+02	5.602159930028670E-08
2.930930930930957E+02	5.472846209695119E-08
2.934934934934961E+02	5.346493633616994E-08
2.938938938938965E+02	5.223035010144719E-08
2.942942942942969E+02	5.102404656353520E-08
2.946946946946974E+02	4.984538364579110E-08
2.950950950950978E+02	4.869373369684878E-08
2.954954954954982E+02	4.756848317044891E-08
2.958958958958987E+02	4.646903231227469E-08
2.962962962962991E+02	4.539479485363987E-08
2.966966966966995E+02	4.434519771188470E-08
2.970970970970999E+02	4.331968069733359E-08
2.974974974975004E+02	4.231769622667347E-08
2.978978978979008E+02	4.133870904261509E-08
2.982982982983012E+02	4.038219593970139E-08
2.986986986987017E+02	3.944764549613044E-08
2.990990990991021E+02	3.853455781146358E-08
2.994994994995025E+02	3.764244425009127E-08
2.998998998999029E+02	3.677082719033262E-08
3.003003003003034E+02	3.591923977904708E-08
3.007007007007038E+02	3.508722569163843E-08
3.011011011011042E+02	3.427433889733591E-08
3.015015015015047E+02	3.348014342963646E-08
3.019019019019051E+02	3.270421316179835E-08
3.023023023023055E+02	3.194613158727524E-08
3.027027027027059E+02	3.120549160498471E-08
3.031031031031064E+02	3.048189530930611E-08
3.035035035035068E+02	2.977495378470522E-08
3.039039039039072E+02	2.908428690488557E-08
3.043043043043077E+02	2.840952313636787E-08
3.047047047047081E+02	2.775029934640196E-08
3.051051051051085E+02	2.710626061511682E-08
3.055055055055089E+02	2.647706005181644E-08
3.059059059059094E+02	2.586235861533226E-08
3.063063063063098E+02	2.526182493834291E-08
3.067067067067102E+02	2.467513515557587E-08
3.071071071071107E+02	2.410197273580600E-08
3.075075075075111E+02	2.354202831756854E-08
3.079079079079115E+02	2.299499954850594E-08
3.083083083083120E+02	2.246059092826868E-08
3.087087087087124E+02	2.193851365489330E-08
3.091091091091128E+02	2.142848547458155E-08
3.095095095095132E+02	2.093023053480657E-08
3.099099099099137E+02	2.044347924067311E-08
3.103103103103141E+02	1.996796811446142E-08
3.107107107107145E+02	1.950343965828496E-08
3.111111111111150E+02	1.904964221979361E-08
3.115115115115154E+02	1.860632986085630E-08
3.119119119119158E+02	1.817326222915791E-08
3.123123123123162E+02	1.775020443264618E-08
3.127127127127167E+02	1.733692691676672E-08
3.131131131131171E+02	1.693320534442526E-08
3.135135135135175E+02	1.653882047861681E-08
3.139139139139180E+02	1.615355806766386E-08
3.143143143143184E+02	1.577720873300600E-08
3.147147147147188E+02	1.540956785948575E-08
3.151151151151192E+02	1.505043548807475E-08
3.155155155155197E+02	1.469961621098799E-08
3.159159159159201E+02	1.435691906913257E-08
3.163163163163205E+02	1.402215745184071E-08
3.167167167167210E+02	1.369514899883597E-08
3.171171171171214E+02	1.337571550438428E-08
3.175175175175218E+02	1.306368282358139E-08
3.179179179179222E+02	1.275888078072994E-08
3.183183183183227E+02	1.246114307976003E-08
3.187187187187231E+02	1.217030721664847E-08
3.191191191191235E+02	1.188621439379267E-08
3.195195195195240E+02	1.160870943629617E-08
3.199199199199244E+02	1.133764071012340E-08
3.203203203203248E+02	1.107286004208318E-08
3.207207207207252E+02	1.081422264159977E-08
3.211211211211257E+02	1.056158702423268E-08
3.215215215215261E+02	1.031481493690648E-08
3.219219219219265E+02	1.007377128481287E-08
3.223223223223270E+02	9.838324059947952E-09
3.227227227227274E+02	9.608344271248925E-09
3.231231231231278E+02	9.383705876294521E-09
3.235235235235282E+02	9.164285714534869E-09
3.239239239239287E+02	8.949963442016891E-09
3.243243243243291E+02	8.740621467572122E-09
3.247247247247295E+02	8.536144890434681E-09
3.251251251251300E+02	8.336421439257705E-09
3.255255255255304E+02	8.141341412497263E-09
3.259259259259308E+02	7.950797620133544E-09
3.263263263263312E+02	7.764685326699664E-09
3.267267267267317E+02	7.582902195589051E-09
3.271271271271321E+02	7.405348234613188E-09
3.275275275275325E+02	7.231925742781852E-09
3.279279279279330E+02	7.062539258278927E-09
3.283283283283334E+02	6.897095507607032E-09
3.287287287287338E+02	6.735503355875220E-09
3.291291291291342E+02	6.577673758204222E-09
3.295295295295347E+02	6.423519712224499E-09
3.299299299299351E+02	6.272956211642853E-09
3.303303303303355E+02	6.125900200853769E-09
3.307307307307360E+02	5.982270530572215E-09
3.311311311311364E+02	5.841987914465430E-09
3.315315315315368E+02	5.704974886761165E-09
3.319319319319372E+02	5.571155760810871E-09
3.323323323323377E+02	5.440456588586456E-09
3.327327327327381E+02	5.312805121089934E-09
3.331331331331385E+02	5.188130769655478E-09
3.335335335335390E+02	5.066364568124172E-09
3.339339339339394E+02	4.947439135871859E-09
3.343343343343398E+02	4.831288641671144E-09
3.347347347347402E+02	4.717848768368968E-09
3.351351351351407E+02	4.607056678361470E-09
3.355355355355411E+02	4.498850979848436E-09
3.359359359359415E+02	4.393171693849901E-09
3.363363363363420E+02	4.289960221967850E-09
3.367367367367424E+02	4.189159314876466E-09
3.371371371371428E+02	4.090713041524475E-09
3.375375375375432E+02	3.994566759033948E-09
3.379379379379437E+02	3.900667083279691E-09
3.383383383383441E+02	3.808961860134190E-09
3.387387387387445E+02	3.719400137363218E-09
3.391391391391450E+02	3.631932137157402E-09
3.395395395395454E+02	3.546509229285715E-09
3.399399399399458E+02	3.463083904856809E-09
3.403403403403462E+02	3.381609750674626E-09
3.407407407407467E+02	3.302041424175042E-09
3.411411411411471E+02	3.224334628930388E-09
3.415415415415475E+02	3.148446090709257E-09
3.419419419419480E+02	3.074333534079020E-09
3.423423423423484E+02	3.001955659539010E-09
3.427427427427488E+02	2.931272121172364E-09
3.431431431431492E+02	2.862243504804896E-09
3.435435435435497E+02	2.794831306659679E-09
3.439439439439501E+02	2.728997912496181E-09
3.443443443443505E+02	2.664706577223000E-09
3.447447447447510E+02	2.601921404973670E-09
3.451451451451514E+02	2.540607329635059E-09
3.455455455455518E+02	2.480730095818203E-09
3.459459459459522E+02	2.422256240261628E-09
3.463463463463527E+02	2.365153073657421E-09
3.467467467467531E+02	2.309388662890595E-09
3.471471471471535E+02	2.254931813682320E-09
3.475475475475540E+02	2.201752053628108E-09
3.479479479479544E+02	2.149819615621864E-09
3.483483483483548E+02	2.099105421657294E-09
3.487487487487552E+02	2.049581066998019E-09
3.491491491491557E+02	2.001218804708187E-09
3.495495495495561E+02	1.953991530535412E-09
3.499499499499565E+02	1.907872768138082E-09
3.503503503503570E+02	1.862836654649323E-09
3.507507507507574E+02	1.818857926569973E-09
3.511511511511578E+02	1.775911905983156E-09
3.515515515515582E+02	1.733974487083211E-09
3.519519519519587E+02	1.693022123011872E-09
3.523523523523591E+02	1.653031812994741E-09
3.527527527527595E+02	1.613981089771293E-09
3.531531531531600E+02	1.575848007311774E-09
3.535535535535604E+02	1.538611128814510E-09
3.539539539539608E+02	1.502249514977271E-09
3.543543543543612E+02	1.466742712536530E-09
3.547547547547617E+02	1.432070743068499E-09
3.551551551551621E+02	1.398214092046083E-09
3.555555555555625E+02	1.365153698145918E-09
3.559559559559630E+02	1.332870942799839E-09
3.563563563563634E+02	1.301347639985269E-09
3.567567567567638E+02	1.270566026249070E-09
3.571571571571642E+02	1.240508750959615E-09
3.575575575575647E+02	1.211158866781883E-09
3.579579579579651E+02	1.182499820370529E-09
3.583583583583655E+02	1.154515443275979E-09
3.587587587587660E+02	1.127189943058741E-09
3.591591591591664E+02	1.100507894607184E-09
3.595595595595668E+02	1.074454231654182E-09
3.599599599599673E+02	1.049014238488108E-09
3.603603603603677E+02	1.024173541853763E-09
3.607607607607681E+02	9.999181030389383E-10
3.611611611611685E+02	9.762342101423756E-10
3.615615615615690E+02	9.531084705190242E-10
3.619619619619694E+02	9.305278033985587E-10
3.623623623623698E+02	9.084794326732094E-10
3.627627627627703E+02	8.869508798510789E-10
3.631631631631707E+02	8.659299571711608E-10
3.635635635635711E+02	8.454047608763952E-10
3.639639639639715E+02	8.253636646411586E-10
3.643643643643720E+02	8.057953131496813E-10
3.647647647647724E+02	7.866886158219522E-10
3.651651651651728E+02	7.680327406837524E-10
3.655655655655733E+02	7.498171083775384E-10
3.659659659659737E+02	7.320313863109673E-10
3.663663663663741E+02	7.146654829399297E-10
3.667667667667745E+02	6.977095421830175E-10
3.671671671671750E+02	6.811539379644390E-10
3.675675675675754E+02	6.649892688824517E-10
3.679679679679758E+02	6.492063530004448E-10
3.683683683683763E+02	6.337962227578844E-10
3.687687687687767E+02	6.187501199983801E-10
3.691691691691771E+02	6.040594911121967E-10
3.695695695695775E+02	5.897159822906046E-10
3.699699699699780E+02	5.757114348895205E-10
3.703703703703784E+02	5.620378808999317E-10
3.707707707707788E+02	5.486875385226756E-10
3.711711711711793E+02	5.356528078451772E-10
3.715715715715797E+02	5.229262666178321E-10
3.719719719719801E+02	5.105006661277415E-10
3.723723723723805E+02	4.983689271675890E-10
3.727727727727810E+02	4.865241360974703E-10
3.731731731731814E+02	4.749595409975550E-10
3.735735735735818E+02	4.636685479095032E-10
3.739739739739823E+02	4.526447171646171E-10
3.743743743743827E+02	4.418817597967075E-10
3.747747747747831E+02	4.313735340377919E-10
3.751751751751835E+02	4.211140418946666E-10
3.755755755755840E+02	4.110974258045526E-10
3.759759759759844E+02	4.013179653679667E-10
3.763763763763848E+02	3.917700741570771E-10
3.767767767767853E+02	3.824482965977879E-10
3.771771771771857E+02	3.733473049238805E-10
3.775775775775861E+02	3.644618962015625E-10
3.779779779779865E+02	3.557869894227858E-10
3.783783783783870E+02	3.473176226657894E-10
3.787787787787874E+02	3.390489503212936E-10
3.791791791791878E+02	3.309762403828673E-10
3.795795795795883E+02	3.230948717999724E-10
3.799799799799887E+02	3.154003318922630E-10
3.803803803803891E+02	3.078882138237202E-10
3.807807807807895E+02	3.005542141352624E-10
3.811811811811900E+02	2.933941303344752E-10
3.815815815815904E+02	2.864038585411538E-10
3.819819819819908E+02	2.795793911873814E-10
3.823823823823913E+02	2.729168147708771E-10
3.827827827827917E+02	2.664123076604029E-10
3.831831831831921E+02	2.600621379520177E-10
3.835835835835925E+02	2.538626613750292E-10
3.839839839839930E+02	2.478103192464749E-10
3.843843843843934E+02	2.419016364730442E-10
3.847847847847938E+02	2.361332195993235E-10
3.851851851851943E+02	2.305017549013139E-10
3.855855855855947E+02	2.250040065241808E-10
3.859859859859951E+02	2.196368146632019E-10
3.863863863863955E+02	2.143970937869372E-10
3.867867867867960E+02	2.092818309016339E-10
3.871871871871964E+02	2.042880838559256E-10
3.875875875875968E+02	1.994129796848927E-10
3.879879879879973E+02	1.946537129925775E-10
3.883883883883977E+02	1.900075443720675E-10
3.887887887887981E+02	1.854717988622823E-10
3.891891891891985E+02	1.810438644406175E-10
3.895895895895990E+02	1.767211905506134E-10
3.899899899899994E+02	1.725012866638511E-10
3.903903903903998E+02	1.683817208752714E-10
3.907907907908003E+02	1.643601185311625E-10
3.911911911912007E+02	1.604341608890463E-10
3.915915915916011E+02	1.566015838087379E-10
3.919919919920015E+02	1.528601764738528E-10
3.923923923924020E+02	1.492077801430597E-10
3.927927927928024E+02	1.456422869303944E-10
3.931931931932028E+02	1.421616386139591E-10
3.935935935936033E+02	1.387638254723533E-10
3.939939939940037E+02	1.354468851481969E-10
3.943943943944041E+02	1.322089015381155E-10
3.947947947948045E+02	1.290480037085785E-10
3.951951951952050E+02	1.259623648369922E-10
3.955955955956054E+02	1.229502011774623E-10
3.959959959960058E+02	1.200097710506561E-10
3.963963963964063E+02	1.171393738572059E-10
3.967967967968067E+02	1.143373491141100E-10
3.971971971972071E+02	1.116020755135981E-10
3.975975975976075E+02	1.089319700039406E-10
3.979979979980080E+02	1.063254868916936E-10
3.983983983984084E+02	1.037811169648856E-10
3.987987987988088E+02	1.012973866366566E-10
3.991991991992093E+02	9.887285710887874E-11
3.995995995996097E+02	9.650612355529521E-11
4.000000000000101E+02	9.419581432372313E-11
