# mass, entropy
0.000000000000000E+00	1.602273326955616E-01
4.004004004004004E-01	1.602270197074762E-01
8.008008008008008E-01	1.602260807390830E-01
1.201201201201201E+00	1.602245157779720E-01
1.601601601601602E+00	1.602223248034585E-01
2.002002002002002E+00	1.602195077865814E-01
2.402402402402402E+00	1.602160646901013E-01
2.802802802802803E+00	1.602119954684977E-01
3.203203203203203E+00	1.602073000679645E-01
3.603603603603603E+00	1.602019784264072E-01
4.004004004004003E+00	1.601960304734368E-01
4.404404404404404E+00	1.601894561303646E-01
4.804804804804804E+00	1.601822553101966E-01
5.205205205205204E+00	1.601744279176261E-01
5.605605605605605E+00	1.601659738490259E-01
6.006006006006005E+00	1.601568929924413E-01
6.406406406406405E+00	1.601471852275798E-01
6.806806806806805E+00	1.601368504258028E-01
7.207207207207206E+00	1.601258884501150E-01
7.607607607607606E+00	1.601142991551537E-01
8.008008008008007E+00	1.601020823871770E-01
8.408408408408407E+00	1.600892379840525E-01
8.808808808808807E+00	1.600757657752432E-01
9.209209209209208E+00	1.600616655817953E-01
9.609609609609608E+00	1.600469372163231E-01
1.001001001001001E+01	1.600315804829949E-01
1.041041041041041E+01	1.600155951775168E-01
1.081081081081081E+01	1.599989810871170E-01
1.121121121121121E+01	1.599817379905284E-01
1.161161161161161E+01	1.599638656579717E-01
1.201201201201201E+01	1.599453638511362E-01
1.241241241241241E+01	1.599262323231617E-01
1.281281281281281E+01	1.599064708186183E-01
1.321321321321321E+01	1.598860790734860E-01
1.361361361361361E+01	1.598650568151337E-01
1.401401401401401E+01	1.598434037622974E-01
1.441441441441441E+01	1.598211196250575E-01
1.481481481481481E+01	1.597982041048156E-01
1.521521521521521E+01	1.597746568942706E-01
1.561561561561561E+01	1.597504776773937E-01
1.601601601601601E+01	1.597256661294032E-01
1.641641641641641E+01	1.597002219167380E-01
1.681681681681681E+01	1.596741446970306E-01
1.721721721721721E+01	1.596474341190799E-01
1.761761761761761E+01	1.596200898228219E-01
1.801801801801802E+01	1.595921114393010E-01
1.841841841841842E+01	1.595634985906398E-01
1.881881881881882E+01	1.595342508900082E-01
1.921921921921922E+01	1.595043679415920E-01
1.961961961961962E+01	1.594738493405599E-01
2.002002002002002E+01	1.594426946730315E-01
2.042042042042042E+01	1.594109035160418E-01
2.082082082082082E+01	1.593784754375076E-01
2.122122122122122E+01	1.593454099961913E-01
2.162162162162162E+01	1.593117067416646E-01
2.202202202202202E+01	1.592773652142709E-01
2.242242242242242E+01	1.592423849450876E-01
2.282282282282282E+01	1.592067654558869E-01
2.322322322322322E+01	1.591705062590959E-01
2.362362362362362E+01	1.591336068577559E-01
2.402402402402402E+01	1.590960667454809E-01
2.442442442442442E+01	1.590578854064153E-01
2.482482482482482E+01	1.590190623151900E-01
2.522522522522522E+01	1.589795969368787E-01
2.562562562562562E+01	1.589394887269522E-01
2.602602602602602E+01	1.588987371312329E-01
2.642642642642642E+01	1.588573415858473E-01
2.682682682682682E+01	1.588153015171783E-01
2.722722722722722E+01	1.587726163418162E-01
2.762762762762762E+01	1.587292854665087E-01
2.802802802802802E+01	1.586853082881104E-01
2.842842842842842E+01	1.586406841935306E-01
2.882882882882882E+01	1.585954125596807E-01
2.922922922922922E+01	1.585494927534204E-01
2.962962962962962E+01	1.585029241315029E-01
3.003003003003002E+01	1.584557060405190E-01
3.043043043043042E+01	1.584078378168401E-01
3.083083083083082E+01	1.583593187865606E-01
3.123123123123122E+01	1.583101482654384E-01
3.163163163163162E+01	1.582603255588353E-01
3.203203203203203E+01	1.582098499616560E-01
3.243243243243243E+01	1.581587207582851E-01
3.283283283283283E+01	1.581069372225244E-01
3.323323323323323E+01	1.580544986175282E-01
3.363363363363363E+01	1.580014041957381E-01
3.403403403403403E+01	1.579476531988152E-01
3.443443443443443E+01	1.578932448575733E-01
3.483483483483483E+01	1.578381783919091E-01
3.523523523523523E+01	1.577824530107324E-01
3.563563563563563E+01	1.577260679118942E-01
3.603603603603603E+01	1.576690222821138E-01
3.643643643643643E+01	1.576113152969058E-01
3.683683683683683E+01	1.575529461205033E-01
3.723723723723723E+01	1.574939139057830E-01
3.763763763763763E+01	1.574342177941866E-01
3.803803803803803E+01	1.573738569156415E-01
3.843843843843843E+01	1.573128303884810E-01
3.883883883883883E+01	1.572511373193623E-01
3.923923923923923E+01	1.571887768031832E-01
3.963963963963963E+01	1.571257479229980E-01
4.004004004004003E+01	1.570620497499313E-01
4.044044044044043E+01	1.569976813430912E-01
4.084084084084083E+01	1.569326417494798E-01
4.124124124124123E+01	1.568669300039041E-01
4.164164164164163E+01	1.568005451288837E-01
4.204204204204203E+01	1.567334861345576E-01
4.244244244244243E+01	1.566657520185905E-01
4.284284284284283E+01	1.565973417660756E-01
4.324324324324323E+01	1.565282543494377E-01
4.364364364364364E+01	1.564584887283337E-01
4.404404404404404E+01	1.563880438495520E-01
4.444444444444444E+01	1.563169186469096E-01
4.484484484484484E+01	1.562451120411488E-01
4.524524524524524E+01	1.561726229398308E-01
4.564564564564564E+01	1.560994502372292E-01
4.604604604604604E+01	1.560255928142200E-01
4.644644644644644E+01	1.559510495381713E-01
4.684684684684684E+01	1.558758192628311E-01
4.724724724724724E+01	1.557998996934008E-01
4.764764764764764E+01	1.557232919446605E-01
4.804804804804804E+01	1.556459936765696E-01
4.844844844844844E+01	1.555680036871998E-01
4.884884884884884E+01	1.554893207604084E-01
4.924924924924924E+01	1.554099436657160E-01
4.964964964964964E+01	1.553298711581799E-01
5.005005005005004E+01	1.552491019782682E-01
5.045045045045044E+01	1.551676348517291E-01
5.085085085085084E+01	1.550854684894612E-01
5.125125125125124E+01	1.550026015873791E-01
5.165165165165164E+01	1.549190328262786E-01
5.205205205205204E+01	1.548347608716999E-01
5.245245245245244E+01	1.547497843737872E-01
5.285285285285284E+01	1.546641019671480E-01
5.325325325325324E+01	1.545777122707093E-01
5.365365365365364E+01	1.544906138875714E-01
5.405405405405404E+01	1.544028054048603E-01
5.445445445445444E+01	1.543142853935772E-01
5.485485485485484E+01	1.542250524084459E-01
5.525525525525524E+01	1.541351049877584E-01
5.565565565565564E+01	1.540444421272612E-01
5.605605605605604E+01	1.539530613439200E-01
5.645645645645644E+01	1.538609616396016E-01
5.685685685685684E+01	1.537681414853700E-01
5.725725725725724E+01	1.536745993350479E-01
5.765765765765764E+01	1.535803336250470E-01
5.805805805805804E+01	1.534853427741957E-01
5.845845845845844E+01	1.533896251835651E-01
5.885885885885885E+01	1.532931792362908E-01
5.925925925925925E+01	1.531960032973931E-01
5.965965965965965E+01	1.530980957135945E-01
6.006006006006005E+01	1.529994548131343E-01
6.046046046046045E+01	1.529000789055804E-01
6.086086086086085E+01	1.527999662816378E-01
6.126126126126125E+01	1.526991152129558E-01
6.166166166166165E+01	1.525975239519306E-01
6.206206206206205E+01	1.524951907315061E-01
6.246246246246245E+01	1.523921137649713E-01
6.286286286286285E+01	1.522882912457546E-01
6.326326326326325E+01	1.521837213472161E-01
6.366366366366365E+01	1.520784022224348E-01
6.406406406406406E+01	1.519723320039954E-01
6.446446446446446E+01	1.518655088037693E-01
6.486486486486486E+01	1.517579307126943E-01
6.526526526526526E+01	1.516495958005506E-01
6.566566566566566E+01	1.515405021157327E-01
6.606606606606606E+01	1.514306476850191E-01
6.646646646646646E+01	1.513200305133385E-01
6.686686686686686E+01	1.512086485835319E-01
6.726726726726726E+01	1.510964998561120E-01
6.766766766766766E+01	1.509835822690188E-01
6.806806806806806E+01	1.508698937373716E-01
6.846846846846846E+01	1.507554321532182E-01
6.886886886886886E+01	1.506401953852792E-01
6.926926926926926E+01	1.505241812786901E-01
6.966966966966966E+01	1.504073876547385E-01
7.007007007007006E+01	1.502898123105981E-01
7.047047047047046E+01	1.501714530190594E-01
7.087087087087086E+01	1.500523075282559E-01
7.127127127127126E+01	1.499323735613864E-01
7.167167167167166E+01	1.498116488164342E-01
7.207207207207206E+01	1.496901309658814E-01
7.247247247247246E+01	1.495678176564199E-01
7.287287287287286E+01	1.494447065086579E-01
7.327327327327326E+01	1.493207951168232E-01
7.367367367367366E+01	1.491960810484609E-01
7.407407407407406E+01	1.490705618441284E-01
7.447447447447446E+01	1.489442350170852E-01
7.487487487487486E+01	1.488170980529792E-01
7.527527527527526E+01	1.486891484095283E-01
7.567567567567566E+01	1.485603835161973E-01
7.607607607607606E+01	1.484308007738714E-01
7.647647647647646E+01	1.483003975545246E-01
7.687687687687686E+01	1.481691712008833E-01
7.727727727727726E+01	1.480371190260865E-01
7.767767767767766E+01	1.479042383133406E-01
7.807807807807806E+01	1.477705263155696E-01
7.847847847847846E+01	1.476359802550613E-01
7.887887887887887E+01	1.475005973231080E-01
7.927927927927927E+01	1.473643746796433E-01
7.967967967967967E+01	1.472273094528737E-01
8.008008008008007E+01	1.470893987389054E-01
8.048048048048047E+01	1.469506396013662E-01
8.088088088088087E+01	1.468110290710233E-01
8.128128128128127E+01	1.466705641453949E-01
8.168168168168167E+01	1.465292417883580E-01
8.208208208208207E+01	1.463870589297509E-01
8.248248248248247E+01	1.462440124649703E-01
8.288288288288287E+01	1.461000992545637E-01
8.328328328328327E+01	1.459553161238172E-01
8.368368368368367E+01	1.458096598623369E-01
8.408408408408407E+01	1.456631272236268E-01
8.448448448448447E+01	1.455157149246601E-01
8.488488488488487E+01	1.453674196454467E-01
8.528528528528527E+01	1.452182380285940E-01
8.568568568568567E+01	1.450681666788635E-01
8.608608608608607E+01	1.449172021627226E-01
8.648648648648647E+01	1.447653410078893E-01
8.688688688688687E+01	1.446125795710922E-01
8.728728728728727E+01	1.444589145621609E-01
8.768768768768767E+01	1.443043422615712E-01
8.808808808808807E+01	1.441488590373682E-01
8.848848848848847E+01	1.439924612164930E-01
8.888888888888887E+01	1.438351450842965E-01
8.928928928928927E+01	1.436769068840491E-01
8.968968968968967E+01	1.435177428164442E-01
9.009009009009007E+01	1.433576490390965E-01
9.049049049049047E+01	1.431966216660356E-01
9.089089089089087E+01	1.430346567671935E-01
9.129129129129127E+01	1.428717503678875E-01
9.169169169169167E+01	1.427078984482976E-01
9.209209209209207E+01	1.425430969429385E-01
9.249249249249247E+01	1.423773417401265E-01
9.289289289289287E+01	1.422106286814415E-01
9.329329329329327E+01	1.420429535611830E-01
9.369369369369367E+01	1.418743121258221E-01
9.409409409409407E+01	1.417047000734474E-01
9.449449449449448E+01	1.415341130532068E-01
9.489489489489488E+01	1.413625466647430E-01
9.529529529529528E+01	1.411899964576255E-01
9.569569569569568E+01	1.410164579307766E-01
9.609609609609608E+01	1.408419265318937E-01
9.649649649649648E+01	1.406663976568653E-01
9.689689689689688E+01	1.404898666491839E-01
9.729729729729728E+01	1.403123287993534E-01
9.769769769769768E+01	1.401337793442922E-01
9.809809809809808E+01	1.399542134667324E-01
9.849849849849848E+01	1.397736262946140E-01
9.889889889889888E+01	1.395920129004751E-01
9.929929929929928E+01	1.394093683008391E-01
9.969969969969968E+01	1.392256874555960E-01
1.001001001001001E+02	1.390409652673824E-01
1.005005005005005E+02	1.388551965809555E-01
1.009009009009009E+02	1.386683761825657E-01
1.013013013013013E+02	1.384804987993251E-01
1.017017017017017E+02	1.382915590985720E-01
1.021021021021021E+02	1.381015516872347E-01
1.025025025025025E+02	1.379104711111905E-01
1.029029029029029E+02	1.377183118546239E-01
1.033033033033033E+02	1.375250683393811E-01
1.037037037037037E+02	1.373307349243239E-01
1.041041041041041E+02	1.371353059046815E-01
1.045045045045045E+02	1.369387755113999E-01
1.049049049049049E+02	1.367411379104916E-01
1.053053053053053E+02	1.365423872023834E-01
1.057057057057057E+02	1.363425174212644E-01
1.061061061061061E+02	1.361415225344331E-01
1.065065065065065E+02	1.359393964416449E-01
1.069069069069069E+02	1.357361329744605E-01
1.073073073073073E+02	1.355317258955946E-01
1.077077077077077E+02	1.353261688982659E-01
1.081081081081081E+02	1.351194556055493E-01
1.085085085085085E+02	1.349115795697294E-01
1.089089089089089E+02	1.347025342716572E-01
1.093093093093093E+02	1.344923131201099E-01
1.097097097097097E+02	1.342809094511531E-01
1.101101101101101E+02	1.340683165275086E-01
1.105105105105105E+02	1.338545275379254E-01
1.109109109109109E+02	1.336395355965566E-01
1.113113113113113E+02	1.334233337423416E-01
1.117117117117117E+02	1.332059149383946E-01
1.121121121121121E+02	1.329872720714003E-01
1.125125125125125E+02	1.327673979510164E-01
1.129129129129129E+02	1.325462853092854E-01
1.133133133133133E+02	1.323239268000543E-01
1.137137137137137E+02	1.321003149984044E-01
1.141141141141141E+02	1.318754424000920E-01
1.145145145145145E+02	1.316493014209988E-01
1.149149149149149E+02	1.314218843965964E-01
1.153153153153153E+02	1.311931835814218E-01
1.157157157157157E+02	1.309631911485676E-01
1.161161161161161E+02	1.307318991891870E-01
1.165165165165165E+02	1.304992997120138E-01
1.169169169169169E+02	1.302653846428996E-01
1.173173173173173E+02	1.300301458243684E-01
1.177177177177177E+02	1.297935750151895E-01
1.181181181181181E+02	1.295556638899712E-01
1.185185185185185E+02	1.293164040387750E-01
1.189189189189189E+02	1.290757869667511E-01
1.193193193193193E+02	1.288338040937989E-01
1.197197197197197E+02	1.285904467542510E-01
1.201201201201201E+02	1.283457061965834E-01
1.205205205205205E+02	1.280995735831532E-01
1.209209209209209E+02	1.278520399899652E-01
1.213213213213213E+02	1.276030964064682E-01
1.217217217217217E+02	1.273527337353841E-01
1.221221221221221E+02	1.271009427925684E-01
1.225225225225225E+02	1.268477143069082E-01
1.229229229229229E+02	1.265930389202542E-01
1.233233233233233E+02	1.263369071873932E-01
1.237237237237237E+02	1.260793095760588E-01
1.241241241241241E+02	1.258202364669860E-01
1.245245245245245E+02	1.255596781540079E-01
1.249249249249249E+02	1.252976248441993E-01
1.253253253253253E+02	1.250340666580678E-01
1.257257257257257E+02	1.247689936297948E-01
1.261261261261261E+02	1.245023957075286E-01
1.265265265265265E+02	1.242342627537319E-01
1.269269269269269E+02	1.239645845455861E-01
1.273273273273273E+02	1.236933507754534E-01
1.277277277277277E+02	1.234205510514027E-01
1.281281281281281E+02	1.231461748977961E-01
1.285285285285285E+02	1.228702117559450E-01
1.289289289289289E+02	1.225926509848330E-01
1.293293293293293E+02	1.223134818619120E-01
1.297297297297297E+02	1.220326935839721E-01
1.301301301301301E+02	1.217502752680896E-01
1.305305305305305E+02	1.214662159526548E-01
1.309309309309309E+02	1.211805045984840E-01
1.313313313313313E+02	1.208931300900172E-01
1.317317317317317E+02	1.206040812366069E-01
1.321321321321321E+02	1.203133467738983E-01
1.325325325325325E+02	1.200209153653074E-01
1.329329329329329E+02	1.197267756035986E-01
1.333333333333333E+02	1.194309160125650E-01
1.337337337337337E+02	1.191333250488170E-01
1.341341341341341E+02	1.188339911036806E-01
1.345345345345345E+02	1.185329025052112E-01
1.349349349349349E+02	1.182300475203252E-01
1.353353353353353E+02	1.179254143570542E-01
1.357357357357357E+02	1.176189911669264E-01
1.361361361361361E+02	1.173107660474778E-01
1.365365365365365E+02	1.170007270448989E-01
1.369369369369369E+02	1.166888621568208E-01
1.373373373373373E+02	1.163751593352443E-01
1.377377377377377E+02	1.160596064896189E-01
1.381381381381381E+02	1.157421914900723E-01
1.385385385385385E+02	1.154229021707997E-01
1.389389389389389E+02	1.151017263336142E-01
1.393393393393393E+02	1.147786517516650E-01
1.397397397397397E+02	1.144536661733271E-01
1.401401401401401E+02	1.141267573262690E-01
1.405405405405405E+02	1.137979129217022E-01
1.409409409409409E+02	1.134671206588185E-01
1.413413413413413E+02	1.131343682294196E-01
1.417417417417417E+02	1.127996433227456E-01
1.421421421421421E+02	1.124629336305054E-01
1.425425425425425E+02	1.121242268521183E-01
1.429429429429429E+02	1.117835107001679E-01
1.433433433433433E+02	1.114407729060772E-01
1.437437437437437E+02	1.110960012260089E-01
1.441441441441441E+02	1.107491834469969E-01
1.445445445445445E+02	1.104003073933150E-01
1.449449449449449E+02	1.100493609330882E-01
1.453453453453453E+02	1.096963319851522E-01
1.457457457457457E+02	1.093412085261668E-01
1.461461461461461E+02	1.089839785979903E-01
1.465465465465465E+02	1.086246303153182E-01
1.469469469469469E+02	1.082631518735940E-01
1.473473473473473E+02	1.078995315571970E-01
1.477477477477477E+02	1.075337577479130E-01
1.481481481481481E+02	1.071658189336932E-01
1.485485485485485E+02	1.067957037177065E-01
1.489489489489489E+02	1.064234008276930E-01
1.493493493493493E+02	1.060488991256201E-01
1.497497497497497E+02	1.056721876176504E-01
1.501501501501501E+02	1.052932554644245E-01
1.505505505505505E+02	1.049120919916636E-01
1.509509509509509E+02	1.045286867010985E-01
1.513513513513513E+02	1.041430292817274E-01
1.517517517517517E+02	1.037551096214087E-01
1.521521521521521E+02	1.033649178187930E-01
1.525525525525525E+02	1.029724441955974E-01
1.529529529529529E+02	1.025776793092264E-01
1.533533533533533E+02	1.021806139657439E-01
1.537537537537537E+02	1.017812392331974E-01
1.541541541541541E+02	1.013795464552993E-01
1.545545545545545E+02	1.009755272654669E-01
1.549549549549549E+02	1.005691736012231E-01
1.553553553553553E+02	1.001604777189597E-01
1.557557557557557E+02	9.974943220906535E-02
1.561561561561561E+02	9.933603001141683E-02
1.565565565565565E+02	9.892026443123642E-02
1.569569569569569E+02	9.850212915531327E-02
1.573573573573573E+02	9.808161826858867E-02
1.577577577577577E+02	9.765872627110343E-02
1.581581581581581E+02	9.723344809530542E-02
1.585585585585585E+02	9.680577912371377E-02
1.589589589589589E+02	9.637571520693769E-02
1.593593593593593E+02	9.594325268204298E-02
1.597597597597597E+02	9.550838839126366E-02
1.601601601601601E+02	9.507111970105088E-02
1.605605605605605E+02	9.463144452145288E-02
1.609609609609609E+02	9.418936132581766E-02
1.613613613613613E+02	9.374486917081032E-02
1.617617617617617E+02	9.329796771673360E-02
1.621621621621621E+02	9.284865724814219E-02
1.625625625625625E+02	9.239693869473768E-02
1.629629629629629E+02	9.194281365253112E-02
1.633633633633633E+02	9.148628440525855E-02
1.637637637637637E+02	9.102735394603403E-02
1.641641641641641E+02	9.056602599922284E-02
1.645645645645645E+02	9.010230504251639E-02
1.649649649649649E+02	8.963619632918897E-02
1.653653653653653E+02	8.916770591051582E-02
1.657657657657657E+02	8.869684065832882E-02
1.661661661661661E+02	8.822360828768651E-02
1.665665665665665E+02	8.774801737963224E-02
1.669669669669669E+02	8.727007740401337E-02
1.673673673673673E+02	8.678979874233309E-02
1.677677677677677E+02	8.630719271060350E-02
1.681681681681681E+02	8.582227158216911E-02
1.685685685685685E+02	8.533504861046601E-02
1.689689689689689E+02	8.484553805168174E-02
1.693693693693693E+02	8.435375518727946E-02
1.697697697697697E+02	8.385971634634638E-02
1.701701701701701E+02	8.336343892772713E-02
1.705705705705705E+02	8.286494142190015E-02
1.709709709709709E+02	8.236424343255216E-02
1.713713713713713E+02	8.186136569780701E-02
1.717717717717717E+02	8.135633011106089E-02
1.721721721721721E+02	8.084915974137559E-02
1.725725725725725E+02	8.033987885338027E-02
1.729729729729729E+02	7.982851292663012E-02
1.733733733733733E+02	7.931508867436829E-02
1.737737737737737E+02	7.879963406163794E-02
1.741741741741741E+02	7.828217832268843E-02
1.745745745745745E+02	7.776275197761875E-02
1.749749749749749E+02	7.724138684820099E-02
1.753753753753753E+02	7.671811607282478E-02
1.757757757757757E+02	7.619297412050302E-02
1.761761761761761E+02	7.566599680387942E-02
1.765765765765765E+02	7.513722129117587E-02
1.769769769769769E+02	7.460668611701950E-02
1.773773773773773E+02	7.407443119208690E-02
1.777777777777777E+02	7.354049781150482E-02
1.781781781781781E+02	7.300492866194519E-02
1.785785785785785E+02	7.246776782735333E-02
1.789789789789789E+02	7.192906079324907E-02
1.793793793793793E+02	7.138885444954030E-02
1.797797797797797E+02	7.084719709178963E-02
1.801801801801801E+02	7.030413842087756E-02
1.805805805805805E+02	6.975972954100365E-02
1.809809809809809E+02	6.921402295597270E-02
1.813813813813813E+02	6.866707256371204E-02
1.817817817817817E+02	6.811893364896909E-02
1.821821821821821E+02	6.756966287414154E-02
1.825825825825825E+02	6.701931826819366E-02
1.829829829829829E+02	6.646795921361719E-02
1.833833833833833E+02	6.591564643139623E-02
1.837837837837837E+02	6.536244196394106E-02
1.841841841841841E+02	6.480840915595862E-02
1.845845845845845E+02	6.425361263323150E-02
1.849849849849849E+02	6.369811827928173E-02
1.853853853853853E+02	6.314199320990078E-02
1.857857857857857E+02	6.258530574553045E-02
1.861861861861861E+02	6.202812538148623E-02
1.865865865865865E+02	6.147052275601902E-02
1.869869869869869E+02	6.091256961621645E-02
1.873873873873873E+02	6.035433878175097E-02
1.877877877877877E+02	5.979590410648815E-02
1.881881881881881E+02	5.923734043797422E-02
1.885885885885886E+02	5.867872357482715E-02
1.889889889889890E+02	5.812013022206432E-02
1.893893893893894E+02	5.756163794440307E-02
1.897897897897898E+02	5.700332511757943E-02
1.901901901901902E+02	5.644527087773508E-02
1.905905905905906E+02	5.588755506893008E-02
1.909909909909910E+02	5.533025818884466E-02
1.913913913913914E+02	5.477346133273994E-02
1.917917917917918E+02	5.421724613575445E-02
1.921921921921922E+02	5.366169471361780E-02
1.925925925925926E+02	5.310688960187081E-02
1.929929929929930E+02	5.255291369368618E-02
1.933933933933934E+02	5.199985017638916E-02
1.937937937937938E+02	5.144778246678399E-02
1.941941941941942E+02	5.089679414539647E-02
1.945945945945946E+02	5.034696888974742E-02
1.949949949949950E+02	4.979839040677727E-02
1.953953953953954E+02	4.925114236454520E-02
1.957957957957958E+02	4.870530832333031E-02
1.961961961961962E+02	4.816097166626548E-02
1.965965965965966E+02	4.761821552963843E-02
1.969969969969970E+02	4.707712273299422E-02
1.973973973973974E+02	4.653777570917918E-02
1.977977977977978E+02	4.600025643446412E-02
1.981981981981982E+02	4.546464635888798E-02
1.985985985985986E+02	4.493102633696228E-02
1.989989989989990E+02	4.439947655887708E-02
1.993993993993994E+02	4.387007648234854E-02
1.997997997997998E+02	4.334290476524686E-02
2.002002002002002E+02	4.281803919914164E-02
2.006006006006006E+02	4.229555664389991E-02
2.010010010010010E+02	4.177553296346875E-02
2.014014014014014E+02	4.125804296297213E-02
2.018018018018018E+02	4.074316032724661E-02
2.022022022022022E+02	4.023095756093797E-02
2.026026026026026E+02	3.972150593027490E-02
2.030030030030030E+02	3.921487540663168E-02
2.034034034034034E+02	3.871113461198598E-02
2.038038038038038E+02	3.821035076637272E-02
2.042042042042042E+02	3.771258963742781E-02
2.046046046046046E+02	3.721791549211045E-02
2.050050050050050E+02	3.672639105068485E-02
2.054054054054054E+02	3.623807744303624E-02
2.058058058058058E+02	3.575303416738811E-02
2.062062062062062E+02	3.527131905148153E-02
2.066066066066066E+02	3.479298821626800E-02
2.070070070070070E+02	3.431809604216243E-02
2.074074074074074E+02	3.384669513789274E-02
2.078078078078078E+02	3.337883631197693E-02
2.082082082082082E+02	3.291456854684955E-02
2.086086086086086E+02	3.245393897565327E-02
2.090090090090090E+02	3.199699286170223E-02
2.094094094094094E+02	3.154377358061854E-02
2.098098098098098E+02	3.109432260513406E-02
2.102102102102102E+02	3.064867949254447E-02
2.106106106106106E+02	3.020688187479445E-02
2.110110110110110E+02	2.976896545116709E-02
2.114114114114114E+02	2.933496398354412E-02
2.118118118118118E+02	2.890490929419743E-02
2.122122122122122E+02	2.847883126606673E-02
2.126126126126126E+02	2.805675784547297E-02
2.130130130130130E+02	2.763871504721168E-02
2.134134134134134E+02	2.722472696196574E-02
2.138138138138138E+02	2.681481576597323E-02
2.142142142142142E+02	2.640900173288125E-02
2.146146146146146E+02	2.600730324771311E-02
2.150150150150150E+02	2.560973682287333E-02
2.154154154154154E+02	2.521631711611148E-02
2.158158158158158E+02	2.482705695036376E-02
2.162162162162162E+02	2.444196733538822E-02
2.166166166166166E+02	2.406105749110880E-02
2.170170170170170E+02	2.368433487258075E-02
2.174174174174174E+02	2.331180519648918E-02
2.178178178178178E+02	2.294347246909230E-02
2.182182182182182E+02	2.257933901551895E-02
2.186186186186186E+02	2.221940551033132E-02
2.190190190190190E+02	2.186367100926276E-02
2.194194194194194E+02	2.151213298204149E-02
2.198198198198198E+02	2.116478734621135E-02
2.202202202202202E+02	2.082162850186173E-02
2.206206206206206E+02	2.048264936718013E-02
2.210210210210210E+02	2.014784141474155E-02
2.214214214214214E+02	1.981719470845128E-02
2.218218218218218E+02	1.949069794105845E-02
2.222222222222222E+02	1.916833847216054E-02
2.226226226226226E+02	1.885010236662032E-02
2.230230230230230E+02	1.853597443331942E-02
2.234234234234234E+02	1.822593826417473E-02
2.238238238238238E+02	1.791997627334642E-02
2.242242242242242E+02	1.761806973656896E-02
2.246246246246246E+02	1.732019883053874E-02
2.250250250250250E+02	1.702634267229522E-02
2.254254254254254E+02	1.673647935853452E-02
2.258258258258258E+02	1.645058600479775E-02
2.262262262262262E+02	1.616863878447862E-02
2.266266266266266E+02	1.589061296759830E-02
2.270270270270270E+02	1.561648295929759E-02
2.274274274274274E+02	1.534622233799984E-02
2.278278278278278E+02	1.507980389320050E-02
2.282282282282282E+02	1.481719966284215E-02
2.286286286286286E+02	1.455838097023647E-02
2.290290290290290E+02	1.430331846049716E-02
2.294294294294294E+02	1.405198213645082E-02
2.298298298298298E+02	1.380434139399507E-02
2.302302302302302E+02	1.356036505687591E-02
2.306306306306306E+02	1.332002141085839E-02
2.310310310310310E+02	1.308327823726775E-02
2.314314314314314E+02	1.285010284587987E-02
2.318318318318318E+02	1.262046210714236E-02
2.322322322322322E+02	1.239432248370981E-02
2.326326326326326E+02	1.217165006127894E-02
2.330330330330330E+02	1.195241057871085E-02
2.334334334334334E+02	1.173656945743026E-02
2.338338338338338E+02	1.152409183009296E-02
2.342342342342342E+02	1.131494256851446E-02
2.346346346346346E+02	1.110908631085482E-02
2.350350350350350E+02	1.090648748805583E-02
2.354354354354354E+02	1.070711034952861E-02
2.358358358358358E+02	1.051091898809081E-02
2.362362362362362E+02	1.031787736415406E-02
2.366366366366366E+02	1.012794932916364E-02
2.370370370370370E+02	9.941098648293428E-03
2.374374374374374E+02	9.757289022400351E-03
2.378378378378378E+02	9.576484109243562E-03
2.382382382382382E+02	9.398647543974532E-03
2.386386386386386E+02	9.223742958905254E-03
2.390390390390390E+02	9.051734002562362E-03
2.394394394394394E+02	8.882584358035878E-03
2.398398398398398E+02	8.716257760632047E-03
2.402402402402402E+02	8.552718014840097E-03
2.406406406406406E+02	8.391929010623717E-03
2.410410410410410E+02	8.233854739048196E-03
2.414414414414414E+02	8.078459307254794E-03
2.418418418418418E+02	7.925706952794459E-03
2.422422422422422E+02	7.775562057333053E-03
2.426426426426426E+02	7.627989159740852E-03
2.430430430430430E+02	7.482952968579242E-03
2.434434434434434E+02	7.340418373997694E-03
2.438438438438438E+02	7.200350459054449E-03
2.442442442442442E+02	7.062714510474405E-03
2.446446446446446E+02	6.927476028857702E-03
2.450450450450450E+02	6.794600738352885E-03
2.454454454454454E+02	6.664054595808266E-03
2.458458458458458E+02	6.535803799415317E-03
2.462462462462462E+02	6.409814796857839E-03
2.466466466466466E+02	6.286054292980650E-03
2.470470470470470E+02	6.164489256991490E-03
2.474474474474474E+02	6.045086929209784E-03
2.478478478478478E+02	5.927814827375712E-03
2.482482482482482E+02	5.812640752533058E-03
2.486486486486486E+02	5.699532794499055E-03
2.490490490490490E+02	5.588459336934423E-03
2.494494494494494E+02	5.479389062026523E-03
2.498498498498498E+02	5.372290954798390E-03
2.502502502502502E+02	5.267134307056355E-03
2.506506506506506E+02	5.163888720988568E-03
2.510510510510510E+02	5.062524112426732E-03
2.514514514514514E+02	4.963010713782912E-03
2.518518518518518E+02	4.865319076673374E-03
2.522522522522522E+02	4.769420074240868E-03
2.526526526526526E+02	4.675284903186726E-03
2.530530530530530E+02	4.582885085523912E-03
2.534534534534534E+02	4.492192470061759E-03
2.538538538538538E+02	4.403179233633123E-03
2.542542542542542E+02	4.315817882074275E-03
2.546546546546546E+02	4.230081250967571E-03
2.550550550550550E+02	4.145942506156907E-03
2.554554554554554E+02	4.063375144045500E-03
2.558558558558558E+02	3.982352991685335E-03
2.562562562562562E+02	3.902850206667559E-03
2.566566566566567E+02	3.824841276822494E-03
2.570570570570571E+02	3.748301019738142E-03
2.574574574574575E+02	3.673204582105354E-03
2.578578578578579E+02	3.599527438897996E-03
2.582582582582584E+02	3.527245392395957E-03
2.586586586586588E+02	3.456334571058683E-03
2.590590590590592E+02	3.386771428256705E-03
2.594594594594597E+02	3.318532740868389E-03
2.598598598598601E+02	3.251595607748866E-03
2.602602602602605E+02	3.185937448078020E-03
2.606606606606609E+02	3.121535999593957E-03
2.610610610610614E+02	3.058369316718375E-03
2.614614614614618E+02	2.996415768580001E-03
2.618618618618622E+02	2.935654036941938E-03
2.622622622622627E+02	2.876063114038669E-03
2.626626626626631E+02	2.817622300328333E-03
2.630630630630635E+02	2.760311202165434E-03
2.634634634634639E+02	2.704109729399306E-03
2.638638638638644E+02	2.648998092903150E-03
2.642642642642648E+02	2.594956802038513E-03
2.646646646646652E+02	2.541966662059743E-03
2.650650650650657E+02	2.490008771462889E-03
2.654654654654661E+02	2.439064519283282E-03
2.658658658658665E+02	2.389115582345905E-03
2.662662662662669E+02	2.340143922472484E-03
2.666666666666674E+02	2.292131783649072E-03
2.670670670670678E+02	2.245061689157787E-03
2.674674674674682E+02	2.198916438676137E-03
2.678678678678687E+02	2.153679105347318E-03
2.682682682682691E+02	2.109333032824691E-03
2.686686686686695E+02	2.065861832293456E-03
2.690690690690699E+02	2.023249379472529E-03
2.694694694694704E+02	1.981479811599389E-03
2.698698698698708E+02	1.940537524400588E-03
2.702702702702712E+02	1.900407169050545E-03
2.706706706706717E+02	1.861073649121007E-03
2.710710710710721E+02	1.822522117523581E-03
2.714714714714725E+02	1.784737973447553E-03
2.718718718718729E+02	1.747706859295125E-03
2.722722722722734E+02	1.711414657616125E-03
2.726726726726738E+02	1.675847488044090E-03
2.730730730730742E+02	1.640991704235604E-03
2.734734734734747E+02	1.606833890814622E-03
2.738738738738751E+02	1.573360860323426E-03
2.742742742742755E+02	1.540559650181847E-03
2.746746746746759E+02	1.508417519656192E-03
2.750750750750764E+02	1.476921946839311E-03
2.754754754754768E+02	1.446060625643181E-03
2.758758758758772E+02	1.415821462805233E-03
2.762762762762777E+02	1.386192574909626E-03
2.766766766766781E+02	1.357162285424642E-03
2.770770770770785E+02	1.328719121757194E-03
2.774774774774789E+02	1.300851812325527E-03
2.778778778778794E+02	1.273549283650996E-03
2.782782782782798E+02	1.246800657469830E-03
2.786786786786802E+02	1.220595247865704E-03
2.790790790790807E+02	1.194922558423898E-03
2.794794794794811E+02	1.169772279407757E-03
2.798798798798815E+02	1.145134284958120E-03
2.802802802802819E+02	1.120998630316360E-03
2.806806806806824E+02	1.097355549071594E-03
2.810810810810828E+02	1.074195450432614E-03
2.814814814814832E+02	1.051508916525013E-03
2.818818818818837E+02	1.029286699713978E-03
2.822822822822841E+02	1.007519719953143E-03
2.826826826826845E+02	9.861990621599012E-04
2.830830830830849E+02	9.653159736174958E-04
2.834834834834854E+02	9.448618614042068E-04
2.838838838838858E+02	9.248282898499070E-04
2.842842842842862E+02	9.052069780202302E-04
2.846846846846867E+02	8.859897972285664E-04
2.850850850850871E+02	8.671687685760634E-04
2.854854854854875E+02	8.487360605197977E-04
2.858858858858879E+02	8.306839864692578E-04
2.862862862862884E+02	8.130050024112126E-04
2.866866866866888E+02	7.956917045631030E-04
2.870870870870892E+02	7.787368270549662E-04
2.874874874874897E+02	7.621332396399625E-04
2.878878878878901E+02	7.458739454335268E-04
2.882882882882905E+02	7.299520786811223E-04
2.886886886886909E+02	7.143609025546139E-04
2.890890890890914E+02	6.990938069771870E-04
2.894894894894918E+02	6.841443064768023E-04
2.898898898898922E+02	6.695060380680812E-04
2.902902902902927E+02	6.551727591625715E-04
2.906906906906931E+02	6.411383455072804E-04
2.910910910910935E+02	6.273967891513719E-04
2.914914914914939E+02	6.139421964409032E-04
2.918918918918944E+02	6.007687860414798E-04
2.922922922922948E+02	5.878708869886677E-04
2.926926926926952E+02	5.752429367660199E-04
2.930930930930957E+02	5.628794794105523E-04
2.934934934934961E+02	5.507751636454915E-04
2.938938938938965E+02	5.389247410401143E-04
2.942942942942969E+02	5.273230641964869E-04
2.946946946946974E+02	5.159650849629106E-04
2.950950950950978E+02	5.048458526738653E-04
2.954954954954982E+02	4.939605124162351E-04
2.958958958958987E+02	4.833043033216137E-04
2.962962962962991E+02	4.728725568844437E-04
2.966966966966995E+02	4.626606953057801E-04
2.970970970970999E+02	4.526642298624394E-04
2.974974974975004E+02	4.428787593012897E-04
2.978978978979008E+02	4.332999682584489E-04
2.982982982983012E+02	4.239236257031411E-04
2.986986986987017E+02	4.147455834059615E-04
2.990990990991021E+02	4.057617744313007E-04
2.994994994995025E+02	3.969682116536730E-04
2.998998998999029E+02	3.883609862976878E-04
3.003003003003034E+02	3.799362665014107E-04
3.007007007007038E+02	3.716902959028506E-04
3.011011011011042E+02	3.636193922493083E-04
3.015015015015047E+02	3.557199460293252E-04
3.019019019019051E+02	3.479884191269678E-04
3.023023023023055E+02	3.404213434981777E-04
3.027027027027059E+02	3.330153198689242E-04
3.031031031031064E+02	3.257670164548932E-04
3.035035035035068E+02	3.186731677024398E-04
3.039039039039072E+02	3.117305730505443E-04
3.043043043043077E+02	3.049360957134969E-04
3.047047047047081E+02	2.982866614840508E-04
3.051051051051085E+02	2.917792575567712E-04
3.055055055055089E+02	2.854109313713182E-04
3.059059059059094E+02	2.791787894753965E-04
3.063063063063098E+02	2.730799964071069E-04
3.067067067067102E+02	2.671117735964379E-04
3.071071071071107E+02	2.612713982856321E-04
3.075075075075111E+02	2.555562024681680E-04
3.079079079079115E+02	2.499635718460987E-04
3.083083083083120E+02	2.444909448054832E-04
3.087087087087124E+02	2.391358114096605E-04
3.091091091091128E+02	2.338957124101064E-04
3.095095095095132E+02	2.287682382746201E-04
3.099099099099137E+02	2.237510282325881E-04
3.103103103103141E+02	2.188417693370765E-04
3.107107107107145E+02	2.140381955435041E-04
3.111111111111150E+02	2.093380868046440E-04
3.115115115115154E+02	2.047392681817180E-04
3.119119119119158E+02	2.002396089713359E-04
3.123123123123162E+02	1.958370218480392E-04
3.127127127127167E+02	1.915294620222135E-04
3.131131131131171E+02	1.873149264131341E-04
3.135135135135175E+02	1.831914528369086E-04
3.139139139139180E+02	1.791571192090855E-04
3.143143143143184E+02	1.752100427617034E-04
3.147147147147188E+02	1.713483792745499E-04
3.151151151151192E+02	1.675703223204069E-04
3.155155155155197E+02	1.638741025240622E-04
3.159159159159201E+02	1.602579868348665E-04
3.163163163163205E+02	1.567202778126173E-04
3.167167167167210E+02	1.532593129265587E-04
3.171171171171214E+02	1.498734638672818E-04
3.175175175175218E+02	1.465611358713159E-04
3.179179179179222E+02	1.433207670582064E-04
3.183183183183227E+02	1.401508277798715E-04
3.187187187187231E+02	1.370498199820354E-04
3.191191191191235E+02	1.340162765775416E-04
3.195195195195240E+02	1.310487608313457E-04
3.199199199199244E+02	1.281458657569921E-04
3.203203203203248E+02	1.253062135243882E-04
3.207207207207252E+02	1.225284548786778E-04
3.211211211211257E+02	1.198112685700340E-04
3.215215215215261E+02	1.171533607941817E-04
3.219219219219265E+02	1.145534646434709E-04
3.223223223223270E+02	1.120103395683166E-04
3.227227227227274E+02	1.095227708488332E-04
3.231231231231278E+02	1.070895690764835E-04
3.235235235235282E+02	1.047095696455723E-04
3.239239239239287E+02	1.023816322544148E-04
3.243243243243291E+02	1.001046404160094E-04
3.247247247247295E+02	9.787750097805244E-05
3.251251251251300E+02	9.569914365213029E-05
3.255255255255304E+02	9.356852055192797E-05
3.259259259259308E+02	9.148460574029720E-05
3.263263263263312E+02	8.944639478502661E-05
3.267267267267317E+02	8.745290432316101E-05
3.271271271271321E+02	8.550317163371817E-05
3.275275275275325E+02	8.359625421865408E-05
3.279279279279330E+02	8.173122939192992E-05
3.283283283283334E+02	7.990719387653544E-05
3.287287287287338E+02	7.812326340932720E-05
3.291291291291342E+02	7.637857235354061E-05
3.295295295295347E+02	7.467227331883767E-05
3.299299299299351E+02	7.300353678875595E-05
3.303303303303355E+02	7.137155075542249E-05
3.307307307307360E+02	6.977552036140219E-05
3.311311311311364E+02	6.821466754855231E-05
3.315315315315368E+02	6.668823071375281E-05
3.319319319319372E+02	6.519546437138890E-05
3.323323323323377E+02	6.373563882246156E-05
3.327327327327381E+02	6.230803983020448E-05
3.331331331331385E+02	6.091196830208820E-05
3.335335335335390E+02	5.954673997809306E-05
3.339339339339394E+02	5.821168512513608E-05
3.343343343343398E+02	5.690614823753691E-05
3.347347347347402E+02	5.562948774341218E-05
3.351351351351407E+02	5.438107571688682E-05
3.355355355355411E+02	5.316029759601488E-05
3.359359359359415E+02	5.196655190630329E-05
3.363363363363420E+02	5.079924998973317E-05
3.367367367367424E+02	4.965781573917714E-05
3.371371371371428E+02	4.854168533810922E-05
3.375375375375432E+02	4.745030700551073E-05
3.379379379379437E+02	4.638314074587145E-05
3.383383383383441E+02	4.533965810419172E-05
3.387387387387445E+02	4.431934192589073E-05
3.391391391391450E+02	4.332168612152744E-05
3.395395395395454E+02	4.234619543624342E-05
3.399399399399458E+02	4.139238522383787E-05
3.403403403403462E+02	4.045978122538632E-05
3.407407407407467E+02	3.954791935231680E-05
3.411411411411471E+02	3.865634547385807E-05
3.415415415415475E+02	3.778461520877638E-05
3.419419419419480E+02	3.693229372131867E-05
3.423423423423484E+02	3.609895552128142E-05
3.427427427427488E+02	3.528418426812589E-05
3.431431431431492E+02	3.448757257906168E-05
3.435435435435497E+02	3.370872184102246E-05
3.439439439439501E+02	3.294724202645858E-05
3.443443443443505E+02	3.220275151287247E-05
3.447447447447510E+02	3.147487690602458E-05
3.451451451451514E+02	3.076325286673890E-05
3.455455455455518E+02	3.006752194123781E-05
3.459459459459522E+02	2.938733439493747E-05
3.463463463463527E+02	2.872234804963692E-05
3.467467467467531E+02	2.807222812403428E-05
3.471471471471535E+02	2.743664707750478E-05
3.475475475475540E+02	2.681528445707787E-05
3.479479479479544E+02	2.620782674754926E-05
3.483483483483548E+02	2.561396722466776E-05
3.487487487487552E+02	2.503340581133595E-05
3.491491491491557E+02	2.446584893676498E-05
3.495495495495561E+02	2.391100939852642E-05
3.499499499499565E+02	2.336860622744287E-05
3.503503503503570E+02	2.283836455526222E-05
3.507507507507574E+02	2.232001548506000E-05
3.511511511511578E+02	2.181329596431601E-05
3.515515515515582E+02	2.131794866061212E-05
3.519519519519587E+02	2.083372183989968E-05
3.523523523523591E+02	2.036036924728478E-05
3.527527527527595E+02	1.989764999028188E-05
3.531531531531600E+02	1.944532842448646E-05
3.535535535535604E+02	1.900317404161843E-05
3.539539539539608E+02	1.857096135988901E-05
3.543543543543612E+02	1.814846981664494E-05
3.547547547547617E+02	1.773548366324381E-05
3.551551551551621E+02	1.733179186211661E-05
3.555555555555625E+02	1.693718798597305E-05
3.559559559559630E+02	1.655147011910715E-05
3.563563563563634E+02	1.617444076076046E-05
3.567567567567638E+02	1.580590673050169E-05
3.571571571571642E+02	1.544567907558237E-05
3.575575575575647E+02	1.509357298022845E-05
3.579579579579651E+02	1.474940767682881E-05
3.583583583583655E+02	1.441300635898249E-05
3.587587587587660E+02	1.408419609636704E-05
3.591591591591664E+02	1.376280775139100E-05
3.595595595595668E+02	1.344867589759459E-05
3.599599599599673E+02	1.314163873976290E-05
3.603603603603677E+02	1.284153803571702E-05
3.607607607607681E+02	1.254821901974911E-05
3.611611611611685E+02	1.226153032766752E-05
3.615615615615690E+02	1.198132392341972E-05
3.619619619619694E+02	1.170745502726065E-05
3.623623623623698E+02	1.143978204543483E-05
3.627627627627703E+02	1.117816650134165E-05
3.631631631631707E+02	1.092247296815327E-05
3.635635635635711E+02	1.067256900285550E-05
3.639639639639715E+02	1.042832508168260E-05
3.643643643643720E+02	1.018961453691735E-05
3.647647647647724E+02	9.956313495028445E-06
3.651651651651728E+02	9.728300816117755E-06
3.655655655655733E+02	9.505458034650413E-06
3.659659659659737E+02	9.287669301441617E-06
3.663663663663741E+02	9.074821326874120E-06
3.667667667667745E+02	8.866803325320973E-06
3.671671671671750E+02	8.663506960748829E-06
3.675675675675754E+02	8.464826293477467E-06
3.679679679679758E+02	8.270657728071440E-06
3.683683683683763E+02	8.080899962340726E-06
3.687687687687767E+02	7.895453937427306E-06
3.691691691691771E+02	7.714222788955142E-06
3.695695695695775E+02	7.537111799221551E-06
3.699699699699780E+02	7.364028350408539E-06
3.703703703703784E+02	7.194881878792708E-06
3.707707707707788E+02	7.029583829933133E-06
3.711711711711793E+02	6.868047614816770E-06
3.715715715715797E+02	6.710188566941667E-06
3.719719719719801E+02	6.555923900318224E-06
3.723723723723805E+02	6.405172668369594E-06
3.727727727727810E+02	6.257855723712319E-06
3.731731731731814E+02	6.113895678798918E-06
3.735735735735818E+02	5.973216867404359E-06
3.739739739739823E+02	5.835745306938973E-06
3.743743743743827E+02	5.701408661570119E-06
3.747747747747831E+02	5.570136206136298E-06
3.751751751751835E+02	5.441858790836436E-06
3.755755755755840E+02	5.316508806678653E-06
3.759759759759844E+02	5.194020151672207E-06
3.763763763763848E+02	5.074328197747311E-06
3.767767767767853E+02	4.957369758387252E-06
3.771771771771857E+02	4.843083056958065E-06
3.775775775775861E+02	4.731407695721054E-06
3.779779779779865E+02	4.622284625513626E-06
3.783783783783870E+02	4.515656116084618E-06
3.787787787787874E+02	4.411465727070057E-06
3.791791791791878E+02	4.309658279596140E-06
3.795795795795883E+02	4.210179828495892E-06
3.799799799799887E+02	4.112977635126819E-06
3.803803803803891E+02	4.018000140776597E-06
3.807807807807895E+02	3.925196940644636E-06
3.811811811811900E+02	3.834518758387097E-06
3.815815815815904E+02	3.745917421213554E-06
3.819819819819908E+02	3.659345835523642E-06
3.823823823823913E+02	3.574757963072112E-06
3.827827827827917E+02	3.492108797651240E-06
3.831831831831921E+02	3.411354342279453E-06
3.835835835835925E+02	3.332451586885613E-06
3.839839839839930E+02	3.255358486478169E-06
3.843843843843934E+02	3.180033939789179E-06
3.847847847847938E+02	3.106437768382782E-06
3.851851851851943E+02	3.034530696218438E-06
3.855855855855947E+02	2.964274329659226E-06
3.859859859859951E+02	2.895631137915590E-06
3.863863863863955E+02	2.828564433915408E-06
3.867867867867960E+02	2.763038355591142E-06
3.871871871871964E+02	2.699017847575284E-06
3.875875875875968E+02	2.636468643295260E-06
3.879879879879973E+02	2.575357247459366E-06
3.883883883883977E+02	2.515650918925239E-06
3.887887887887981E+02	2.457317653942828E-06
3.891891891891985E+02	2.400326169763697E-06
3.895895895895990E+02	2.344645888608910E-06
3.899899899899994E+02	2.290246921987789E-06
3.903903903903998E+02	2.237100055359941E-06
3.907907907908003E+02	2.185176733133339E-06
3.911911911912007E+02	2.134449043991071E-06
3.915915915916011E+02	2.084889706539813E-06
3.919919919920015E+02	2.036472055273069E-06
3.923923923924020E+02	1.989170026842370E-06
3.927927927928024E+02	1.942958146629886E-06
3.931931931932028E+02	1.897811515615882E-06
3.935935935936033E+02	1.853705797534694E-06
3.939939939940037E+02	1.810617206313028E-06
3.943943943944041E+02	1.768522493784450E-06
3.947947947948045E+02	1.727398937674133E-06
3.951951951952050E+02	1.687224329848024E-06
3.955955955956054E+02	1.647976964820700E-06
3.959959959960058E+02	1.609635628516356E-06
3.963963963964063E+02	1.572179587277396E-06
3.967967967968067E+02	1.535588577115347E-06
3.971971971972071E+02	1.499842793198767E-06
3.975975975976075E+02	1.464922879573076E-06
3.979979979980080E+02	1.430809919107241E-06
3.983983983984084E+02	1.397485423662451E-06
3.987987987988088E+02	1.364931324477886E-06
3.991991991992093E+02	1.333129962768957E-06
3.995995995996097E+02	1.302064080533335E-06
4.000000000000101E+02	1.271716811560298E-06
