# mass, entropy
0.000000000000000E+00	4.309155317701933E-02
4.004004004004004E-01	4.309124018752420E-02
8.008008008008008E-01	4.309030119798143E-02
1.201201201201201E+00	4.308873614521488E-02
1.601601601601602E+00	4.308654492391793E-02
2.002002002002002E+00	4.308372738663380E-02
2.402402402402402E+00	4.308028334372820E-02
2.802802802802803E+00	4.307621256335395E-02
3.203203203203203E+00	4.307151477140806E-02
3.603603603603603E+00	4.306618965148078E-02
4.004004004004003E+00	4.306023684479714E-02
4.404404404404404E+00	4.305365595015061E-02
4.804804804804804E+00	4.304644652382938E-02
5.205205205205204E+00	4.303860807953454E-02
5.605605605605605E+00	4.303014008829128E-02
6.006006006006005E+00	4.302104197835211E-02
6.406406406406405E+00	4.301131313509304E-02
6.806806806806805E+00	4.300095290090199E-02
7.207207207207206E+00	4.298996057506018E-02
7.607607607607606E+00	4.297833541361623E-02
8.008008008008007E+00	4.296607662925311E-02
8.408408408408407E+00	4.295318339114807E-02
8.808808808808807E+00	4.293965482482555E-02
9.209209209209208E+00	4.292549001200340E-02
9.609609609609608E+00	4.291068799043216E-02
1.001001001001001E+01	4.289524775372800E-02
1.041041041041041E+01	4.287916825119895E-02
1.081081081081081E+01	4.286244838766484E-02
1.121121121121121E+01	4.284508702327115E-02
1.161161161161161E+01	4.282708297329653E-02
1.201201201201201E+01	4.280843500795478E-02
1.241241241241241E+01	4.278914185219071E-02
1.281281281281281E+01	4.276920218547078E-02
1.321321321321321E+01	4.274861464156809E-02
1.361361361361361E+01	4.272737780834229E-02
1.401401401401401E+01	4.270549022751451E-02
1.441441441441441E+01	4.268295039443756E-02
1.481481481481481E+01	4.265975675786144E-02
1.521521521521521E+01	4.263590771969457E-02
1.561561561561561E+01	4.261140163476113E-02
1.601601601601601E+01	4.258623681055426E-02
1.641641641641641E+01	4.256041150698602E-02
1.681681681681681E+01	4.253392393613387E-02
1.721721721721721E+01	4.250677226198422E-02
1.761761761761761E+01	4.247895460017344E-02
1.801801801801802E+01	4.245046901772634E-02
1.841841841841842E+01	4.242131353279270E-02
1.881881881881882E+01	4.239148611438220E-02
1.921921921921922E+01	4.236098468209801E-02
1.961961961961962E+01	4.232980710586944E-02
2.002002002002002E+01	4.229795120568402E-02
2.042042042042042E+01	4.226541475131967E-02
2.082082082082082E+01	4.223219546207697E-02
2.122122122122122E+01	4.219829100651240E-02
2.162162162162162E+01	4.216369900217261E-02
2.202202202202202E+01	4.212841701533063E-02
2.242242242242242E+01	4.209244256072422E-02
2.282282282282282E+01	4.205577310129702E-02
2.322322322322322E+01	4.201840604794296E-02
2.362362362362362E+01	4.198033875925469E-02
2.402402402402402E+01	4.194156854127632E-02
2.442442442442442E+01	4.190209264726145E-02
2.482482482482482E+01	4.186190827743681E-02
2.522522522522522E+01	4.182101257877242E-02
2.562562562562562E+01	4.177940264475869E-02
2.602602602602602E+01	4.173707551519161E-02
2.642642642642642E+01	4.169402817596624E-02
2.682682682682682E+01	4.165025755887973E-02
2.722722722722722E+01	4.160576054144441E-02
2.762762762762762E+01	4.156053394671188E-02
2.802802802802802E+01	4.151457454310896E-02
2.842842842842842E+01	4.146787904428632E-02
2.882882882882882E+01	4.142044410898089E-02
2.922922922922922E+01	4.137226634089280E-02
2.962962962962962E+01	4.132334228857795E-02
3.003003003003002E+01	4.127366844535722E-02
3.043043043043042E+01	4.122324124924352E-02
3.083083083083082E+01	4.117205708288740E-02
3.123123123123122E+01	4.112011227354286E-02
3.163163163163162E+01	4.106740309305417E-02
3.203203203203203E+01	4.101392575786492E-02
3.243243243243243E+01	4.095967642905096E-02
3.283283283283283E+01	4.090465121237784E-02
3.323323323323323E+01	4.084884615838484E-02
3.363363363363363E+01	4.079225726249643E-02
3.403403403403403E+01	4.073488046516272E-02
3.443443443443443E+01	4.067671165203045E-02
3.483483483483483E+01	4.061774665414614E-02
3.523523523523523E+01	4.055798124819249E-02
3.563563563563563E+01	4.049741115676034E-02
3.603603603603603E+01	4.043603204865712E-02
3.643643643643643E+01	4.037383953925407E-02
3.683683683683683E+01	4.031082919087359E-02
3.723723723723723E+01	4.024699651321881E-02
3.763763763763763E+01	4.018233696384691E-02
3.803803803803803E+01	4.011684594868849E-02
3.843843843843843E+01	4.005051882261452E-02
3.883883883883883E+01	3.998335089005329E-02
3.923923923923923E+01	3.991533740565901E-02
3.963963963963963E+01	3.984647357503448E-02
4.004004004004003E+01	3.977675455550984E-02
4.044044044044043E+01	3.970617545697971E-02
4.084084084084083E+01	3.963473134280081E-02
4.124124124124123E+01	3.956241723075266E-02
4.164164164164163E+01	3.948922809406342E-02
4.204204204204203E+01	3.941515886250350E-02
4.244244244244243E+01	3.934020442354947E-02
4.284284284284283E+01	3.926435962362054E-02
4.324324324324323E+01	3.918761926939041E-02
4.364364364364364E+01	3.910997812917714E-02
4.404404404404404E+01	3.903143093441352E-02
4.444444444444444E+01	3.895197238120080E-02
4.484484484484484E+01	3.887159713194867E-02
4.524524524524524E+01	3.879029981710410E-02
4.564564564564564E+01	3.870807503697189E-02
4.604604604604604E+01	3.862491736363027E-02
4.644644644644644E+01	3.854082134294375E-02
4.684684684684684E+01	3.845578149667696E-02
4.724724724724724E+01	3.836979232471217E-02
4.764764764764764E+01	3.828284830737316E-02
4.804804804804804E+01	3.819494390785951E-02
4.844844844844844E+01	3.810607357479331E-02
4.884884884884884E+01	3.801623174488222E-02
4.924924924924924E+01	3.792541284570167E-02
4.964964964964964E+01	3.783361129859945E-02
5.005005005005004E+01	3.774082152172583E-02
5.045045045045044E+01	3.764703793319242E-02
5.085085085085084E+01	3.755225495436303E-02
5.125125125125124E+01	3.745646701327943E-02
5.165165165165164E+01	3.735966854822555E-02
5.205205205205204E+01	3.726185401143289E-02
5.245245245245244E+01	3.716301787293048E-02
5.285285285285284E+01	3.706315462454241E-02
5.325325325325324E+01	3.696225878403589E-02
5.365365365365364E+01	3.686032489942282E-02
5.405405405405404E+01	3.675734755341800E-02
5.445445445445444E+01	3.665332136805648E-02
5.485485485485484E+01	3.654824100947304E-02
5.525525525525524E+01	3.644210119284648E-02
5.565565565565564E+01	3.633489668751117E-02
5.605605605605604E+01	3.622662232223844E-02
5.645645645645644E+01	3.611727299068987E-02
5.685685685685684E+01	3.600684365704516E-02
5.725725725725724E+01	3.589532936180611E-02
5.765765765765764E+01	3.578272522777884E-02
5.805805805805804E+01	3.566902646623586E-02
5.845845845845844E+01	3.555422838325947E-02
5.885885885885885E+01	3.543832638626785E-02
5.925925925925925E+01	3.532131599072460E-02
5.965965965965965E+01	3.520319282703288E-02
6.006006006006005E+01	3.508395264761442E-02
6.046046046046045E+01	3.496359133417366E-02
6.086086086086085E+01	3.484210490514711E-02
6.126126126126125E+01	3.471948952333728E-02
6.166166166166165E+01	3.459574150373061E-02
6.206206206206205E+01	3.447085732149832E-02
6.246246246246245E+01	3.434483362017862E-02
6.286286286286285E+01	3.421766722003829E-02
6.326326326326325E+01	3.408935512661156E-02
6.366366366366365E+01	3.395989453941333E-02
6.406406406406406E+01	3.382928286082339E-02
6.446446446446446E+01	3.369751770513831E-02
6.486486486486486E+01	3.356459690778622E-02
6.526526526526526E+01	3.343051853470012E-02
6.566566566566566E+01	3.329528089184406E-02
6.606606606606606E+01	3.315888253488648E-02
6.646646646646646E+01	3.302132227901409E-02
6.686686686686686E+01	3.288259920887893E-02
6.726726726726726E+01	3.274271268867122E-02
6.766766766766766E+01	3.260166237230908E-02
6.806806806806806E+01	3.245944821373624E-02
6.846846846846846E+01	3.231607047731775E-02
6.886886886886886E+01	3.217152974832312E-02
6.926926926926926E+01	3.202582694348546E-02
6.966966966966966E+01	3.187896332162485E-02
7.007007007007006E+01	3.173094049432264E-02
7.047047047047046E+01	3.158176043663338E-02
7.087087087087086E+01	3.143142549781977E-02
7.127127127127126E+01	3.127993841209564E-02
7.167167167167166E+01	3.112730230936062E-02
7.207207207207206E+01	3.097352072591002E-02
7.247247247247246E+01	3.081859761510190E-02
7.287287287287286E+01	3.066253735796347E-02
7.327327327327326E+01	3.050534477371690E-02
7.367367367367366E+01	3.034702513020521E-02
7.407407407407406E+01	3.018758415419686E-02
7.447447447447446E+01	3.002702804154802E-02
7.487487487487486E+01	2.986536346719992E-02
7.527527527527526E+01	2.970259759498832E-02
7.567567567567566E+01	2.953873808724166E-02
7.607607607607606E+01	2.937379311414316E-02
7.647647647647646E+01	2.920777136283242E-02
7.687687687687686E+01	2.904068204622070E-02
7.727727727727726E+01	2.887253491149382E-02
7.767767767767766E+01	2.870334024827634E-02
7.807807807807806E+01	2.853310889643014E-02
7.847847847847846E+01	2.836185225345985E-02
7.887887887887887E+01	2.818958228149785E-02
7.927927927927927E+01	2.801631151384093E-02
7.967967967967967E+01	2.784205306101073E-02
8.008008008008007E+01	2.766682061630999E-02
8.048048048048047E+01	2.749062846084663E-02
8.088088088088087E+01	2.731349146799789E-02
8.128128128128127E+01	2.713542510728690E-02
8.168168168168167E+01	2.695644544764441E-02
8.208208208208207E+01	2.677656916002878E-02
8.248248248248247E+01	2.659581351937791E-02
8.288288288288287E+01	2.641419640586747E-02
8.328328328328327E+01	2.623173630545033E-02
8.368368368368367E+01	2.604845230965320E-02
8.408408408408407E+01	2.586436411460750E-02
8.448448448448447E+01	2.567949201929227E-02
8.488488488488487E+01	2.549385692296839E-02
8.528528528528527E+01	2.530748032178496E-02
8.568568568568567E+01	2.512038430453939E-02
8.608608608608607E+01	2.493259154757538E-02
8.648648648648647E+01	2.474412530880373E-02
8.688688688688687E+01	2.455500942083341E-02
8.728728728728727E+01	2.436526828320172E-02
8.768768768768767E+01	2.417492685369492E-02
8.808808808808807E+01	2.398401063875230E-02
8.848848848848847E+01	2.379254568294964E-02
8.888888888888887E+01	2.360055855755927E-02
8.928928928928927E+01	2.340807634818755E-02
8.968968968968967E+01	2.321512664149198E-02
9.009009009009007E+01	2.302173751098368E-02
9.049049049049047E+01	2.282793750192260E-02
9.089089089089087E+01	2.263375561531644E-02
9.129129129129127E+01	2.243922129103614E-02
9.169169169169167E+01	2.224436439006399E-02
9.209209209209207E+01	2.204921517589305E-02
9.249249249249247E+01	2.185380429509902E-02
9.289289289289287E+01	2.165816275710894E-02
9.329329329329327E+01	2.146232191319304E-02
9.369369369369367E+01	2.126631343470966E-02
9.409409409409407E+01	2.107016929063458E-02
9.449449449449448E+01	2.087392172440982E-02
9.489489489489488E+01	2.067760323014857E-02
9.529529529529528E+01	2.048124652823549E-02
9.569569569569568E+01	2.028488454036403E-02
9.609609609609608E+01	2.008855036405447E-02
9.649649649649648E+01	1.989227724669810E-02
9.689689689689688E+01	1.969609855917525E-02
9.729729729729728E+01	1.950004776909627E-02
9.769769769769768E+01	1.930415841371622E-02
9.809809809809808E+01	1.910846407257525E-02
9.849849849849848E+01	1.891299833991811E-02
9.889889889889888E+01	1.871779479694687E-02
9.929929929929928E+01	1.852288698396200E-02
9.969969969969968E+01	1.832830837244741E-02
1.001001001001001E+02	1.813409233715548E-02
1.005005005005005E+02	1.794027212824833E-02
1.009009009009009E+02	1.774688084355142E-02
1.013013013013013E+02	1.755395140097555E-02
1.017017017017017E+02	1.736151651116260E-02
1.021021021021021E+02	1.716960865041015E-02
1.025025025025025E+02	1.697826003392855E-02
1.029029029029029E+02	1.678750258948377E-02
1.033033033033033E+02	1.659736793147753E-02
1.037037037037037E+02	1.640788733551500E-02
1.041041041041041E+02	1.621909171350876E-02
1.045045045045045E+02	1.603101158936593E-02
1.049049049049049E+02	1.584367707530328E-02
1.053053053053053E+02	1.565711784883329E-02
1.057057057057057E+02	1.547136313046178E-02
1.061061061061061E+02	1.528644166213541E-02
1.065065065065065E+02	1.510238168647478E-02
1.069069069069069E+02	1.491921092682648E-02
1.073073073073073E+02	1.473695656816482E-02
1.077077077077077E+02	1.455564523887082E-02
1.081081081081081E+02	1.437530299341412E-02
1.085085085085085E+02	1.419595529595952E-02
1.089089089089089E+02	1.401762700491824E-02
1.093093093093093E+02	1.384034235846005E-02
1.097097097097097E+02	1.366412496100030E-02
1.101101101101101E+02	1.348899777067264E-02
1.105105105105105E+02	1.331498308779555E-02
1.109109109109109E+02	1.314210254433798E-02
1.113113113113113E+02	1.297037709438651E-02
1.117117117117117E+02	1.279982700561422E-02
1.121121121121121E+02	1.263047185174791E-02
1.125125125125125E+02	1.246233050602919E-02
1.129129129129129E+02	1.229542113566079E-02
1.133133133133133E+02	1.212976119722880E-02
1.137137137137137E+02	1.196536743308784E-02
1.141141141141141E+02	1.180225586869509E-02
1.145145145145145E+02	1.164044181087642E-02
1.149149149149149E+02	1.147993984700634E-02
1.153153153153153E+02	1.132076384508136E-02
1.157157157157157E+02	1.116292695466514E-02
1.161161161161161E+02	1.100644160868179E-02
1.165165165165165E+02	1.085131952603268E-02
1.169169169169169E+02	1.069757171501063E-02
1.173173173173173E+02	1.054520847748437E-02
1.177177177177177E+02	1.039423941382489E-02
1.181181181181181E+02	1.024467342854482E-02
1.185185185185185E+02	1.009651873662089E-02
1.189189189189189E+02	9.949782870469081E-03
1.193193193193193E+02	9.804472687541473E-03
1.197197197197197E+02	9.660594378513533E-03
1.201201201201201E+02	9.518153476030184E-03
1.205205205205205E+02	9.377154863978963E-03
1.209209209209209E+02	9.237602787258395E-03
1.213213213213213E+02	9.099500862009870E-03
1.217217217217217E+02	8.962852086281394E-03
1.221221221221221E+02	8.827658851091812E-03
1.225225225225225E+02	8.693922951864446E-03
1.229229229229229E+02	8.561645600199447E-03
1.233233233233233E+02	8.430827435954693E-03
1.237237237237237E+02	8.301468539605499E-03
1.241241241241241E+02	8.173568444854144E-03
1.245245245245245E+02	8.047126151460660E-03
1.249249249249249E+02	7.922140138267347E-03
1.253253253253253E+02	7.798608376389825E-03
1.257257257257257E+02	7.676528342548647E-03
1.261261261261261E+02	7.555897032515946E-03
1.265265265265265E+02	7.436710974652794E-03
1.269269269269269E+02	7.318966243513381E-03
1.273273273273273E+02	7.202658473493655E-03
1.277277277277277E+02	7.087782872502274E-03
1.281281281281281E+02	6.974334235633172E-03
1.285285285285285E+02	6.862306958819827E-03
1.289289289289289E+02	6.751695052452089E-03
1.293293293293293E+02	6.642492154937633E-03
1.297297297297297E+02	6.534691546190900E-03
1.301301301301301E+02	6.428286161033267E-03
1.305305305305305E+02	6.323268602489294E-03
1.309309309309309E+02	6.219631154964621E-03
1.313313313313313E+02	6.117365797292145E-03
1.317317317317317E+02	6.016464215633855E-03
1.321321321321321E+02	5.916917816226687E-03
1.325325325325325E+02	5.818717737961543E-03
1.329329329329329E+02	5.721854864785499E-03
1.333333333333333E+02	5.626319837917946E-03
1.337337337337337E+02	5.532103067872323E-03
1.341341341341341E+02	5.439194746275750E-03
1.345345345345345E+02	5.347584857479631E-03
1.349349349349349E+02	5.257263189955092E-03
1.353353353353353E+02	5.168219347467655E-03
1.357357357357357E+02	5.080442760026335E-03
1.361361361361361E+02	4.993922694602931E-03
1.365365365365365E+02	4.908648265617857E-03
1.369369369369369E+02	4.824608445189509E-03
1.373373373373373E+02	4.741792073144651E-03
1.377377377377377E+02	4.660187866787850E-03
1.381381381381381E+02	4.579784430428512E-03
1.385385385385385E+02	4.500570264664504E-03
1.389389389389389E+02	4.422533775421796E-03
1.393393393393393E+02	4.345663282750094E-03
1.397397397397397E+02	4.269947029374579E-03
1.401401401401401E+02	4.195373189004545E-03
1.405405405405405E+02	4.121929874399848E-03
1.409409409409409E+02	4.049605145196518E-03
1.413413413413413E+02	3.978387015493165E-03
1.417417417417417E+02	3.908263461200091E-03
1.421421421421421E+02	3.839222427153268E-03
1.425425425425425E+02	3.771251833995641E-03
1.429429429429429E+02	3.704339584828352E-03
1.433433433433433E+02	3.638473571634781E-03
1.437437437437437E+02	3.573641681480402E-03
1.441441441441441E+02	3.509831802491696E-03
1.445445445445445E+02	3.447031829617440E-03
1.449449449449449E+02	3.385229670175938E-03
1.453453453453453E+02	3.324413249191728E-03
1.457457457457457E+02	3.264570514525588E-03
1.461461461461461E+02	3.205689441801611E-03
1.465465465465465E+02	3.147758039135285E-03
1.469469469469469E+02	3.090764351666534E-03
1.473473473473473E+02	3.034696465901820E-03
1.477477477477477E+02	2.979542513869338E-03
1.481481481481481E+02	2.925290677091448E-03
1.485485485485485E+02	2.871929190378529E-03
1.489489489489489E+02	2.819446345448415E-03
1.493493493493493E+02	2.767830494375575E-03
1.497497497497497E+02	2.717070052874301E-03
1.501501501501501E+02	2.667153503420013E-03
1.505505505505505E+02	2.618069398212927E-03
1.509509509509509E+02	2.569806361988205E-03
1.513513513513513E+02	2.522353094676751E-03
1.517517517517517E+02	2.475698373920741E-03
1.521521521521521E+02	2.429831057448002E-03
1.525525525525525E+02	2.384740085309245E-03
1.529529529529529E+02	2.340414481982166E-03
1.533533533533533E+02	2.296843358346362E-03
1.537537537537537E+02	2.254015913532985E-03
1.541541541541541E+02	2.211921436652944E-03
1.545545545545545E+02	2.170549308407501E-03
1.549549549549549E+02	2.129889002584950E-03
1.553553553553553E+02	2.089930087447102E-03
1.557557557557557E+02	2.050662227009145E-03
1.561561561561561E+02	2.012075182216475E-03
1.565565565565565E+02	1.974158812021948E-03
1.569569569569569E+02	1.936903074367005E-03
1.573573573573573E+02	1.900298027069985E-03
1.577577577577577E+02	1.864333828624949E-03
1.581581581581581E+02	1.829000738914202E-03
1.585585585585585E+02	1.794289119837662E-03
1.589589589589589E+02	1.760189435862170E-03
1.593593593593593E+02	1.726692254493716E-03
1.597597597597597E+02	1.693788246675534E-03
1.601601601601601E+02	1.661468187114933E-03
1.605605605605605E+02	1.629722954541647E-03
1.609609609609609E+02	1.598543531900429E-03
1.613613613613613E+02	1.567921006480559E-03
1.617617617617617E+02	1.537846569984830E-03
1.621621621621621E+02	1.508311518540546E-03
1.625625625625625E+02	1.479307252654984E-03
1.629629629629629E+02	1.450825277117681E-03
1.633633633633633E+02	1.422857200851903E-03
1.637637637637637E+02	1.395394736717506E-03
1.641641641641641E+02	1.368429701267402E-03
1.645645645645645E+02	1.341954014459753E-03
1.649649649649649E+02	1.315959699327942E-03
1.653653653653653E+02	1.290438881610335E-03
1.657657657657657E+02	1.265383789341768E-03
1.661661661661661E+02	1.240786752408635E-03
1.665665665665665E+02	1.216640202069414E-03
1.669669669669669E+02	1.192936670442376E-03
1.673673673673673E+02	1.169668789962207E-03
1.677677677677677E+02	1.146829292807178E-03
1.681681681681681E+02	1.124411010298479E-03
1.685685685685685E+02	1.102406872273256E-03
1.689689689689689E+02	1.080809906432852E-03
1.693693693693693E+02	1.059613237667699E-03
1.697697697697697E+02	1.038810087360243E-03
1.701701701701701E+02	1.018393772667283E-03
1.705705705705705E+02	9.983577057829959E-04
1.709709709709709E+02	9.786953931839096E-04
1.713713713713713E+02	9.594004348570589E-04
1.717717717717717E+02	9.404665235124603E-04
1.721721721721721E+02	9.218874437810565E-04
1.725725725725725E+02	9.036570713992060E-04
1.729729729729729E+02	8.857693723807600E-04
1.733733733733733E+02	8.682184021777435E-04
1.737737737737737E+02	8.509983048305968E-04
1.741741741741741E+02	8.341033121089133E-04
1.745745745745745E+02	8.175277426435764E-04
1.749749749749749E+02	8.012660010511406E-04
1.753753753753753E+02	7.853125770512955E-04
1.757757757757757E+02	7.696620445782022E-04
1.761761761761761E+02	7.543090608864651E-04
1.765765765765765E+02	7.392483656524636E-04
1.769769769769769E+02	7.244747800717601E-04
1.773773773773773E+02	7.099832059532284E-04
1.777777777777777E+02	6.957686248105832E-04
1.781781781781781E+02	6.818260969518838E-04
1.785785785785785E+02	6.681507605676429E-04
1.789789789789789E+02	6.547378308180677E-04
1.793793793793793E+02	6.415825989200000E-04
1.797797797797797E+02	6.286804312340504E-04
1.801801801801801E+02	6.160267683524290E-04
1.805805805805805E+02	6.036171241879384E-04
1.809809809809809E+02	5.914470850645672E-04
1.813813813813813E+02	5.795123088101296E-04
1.817817817817817E+02	5.678085238513287E-04
1.821821821821821E+02	5.563315283116582E-04
1.825825825825825E+02	5.450771891124792E-04
1.829829829829829E+02	5.340414410776498E-04
1.833833833833833E+02	5.232202860420111E-04
1.837837837837837E+02	5.126097919640585E-04
1.841841841841841E+02	5.022060920430924E-04
1.845845845845845E+02	4.920053838411202E-04
1.849849849849849E+02	4.820039284097851E-04
1.853853853853853E+02	4.721980494225652E-04
1.857857857857857E+02	4.625841323124797E-04
1.861861861861861E+02	4.531586234155244E-04
1.865865865865865E+02	4.439180291200466E-04
1.869869869869869E+02	4.348589150222494E-04
1.873873873873873E+02	4.259779050880154E-04
1.877877877877877E+02	4.172716808212158E-04
1.881881881881881E+02	4.087369804386713E-04
1.885885885885886E+02	4.003705980518998E-04
1.889889889889890E+02	3.921693828558093E-04
1.893893893893894E+02	3.841302383244453E-04
1.897897897897898E+02	3.762501214139213E-04
1.901901901901902E+02	3.685260417726374E-04
1.905905905905906E+02	3.609550609588897E-04
1.909909909909910E+02	3.535342916659563E-04
1.913913913913914E+02	3.462608969547478E-04
1.917917917917918E+02	3.391320894940949E-04
1.921921921921922E+02	3.321451308087379E-04
1.925925925925926E+02	3.252973305350806E-04
1.929929929929930E+02	3.185860456847652E-04
1.933933933933934E+02	3.120086799160977E-04
1.937937937937938E+02	3.055626828133869E-04
1.941941941941942E+02	2.992455491742100E-04
1.945945945945946E+02	2.930548183046418E-04
1.949949949949950E+02	2.869880733224676E-04
1.953953953953954E+02	2.810429404683939E-04
1.957957957957958E+02	2.752170884252701E-04
1.961961961961962E+02	2.695082276453246E-04
1.965965965965966E+02	2.639141096854216E-04
1.969969969969970E+02	2.584325265503260E-04
1.973973973973974E+02	2.530613100439813E-04
1.977977977977978E+02	2.477983311287760E-04
1.981981981981982E+02	2.426414992927945E-04
1.985985985985986E+02	2.375887619250242E-04
1.989989989989990E+02	2.326381036985012E-04
1.993993993993994E+02	2.277875459613674E-04
1.997997997997998E+02	2.230351461358086E-04
2.002002002002002E+02	2.183789971248423E-04
2.006006006006006E+02	2.138172267269207E-04
2.010010010010010E+02	2.093479970583082E-04
2.014014014014014E+02	2.049695039831971E-04
2.018018018018018E+02	2.006799765515147E-04
2.022022022022022E+02	1.964776764443808E-04
2.026026026026026E+02	1.923608974271630E-04
2.030030030030030E+02	1.883279648100867E-04
2.034034034034034E+02	1.843772349163432E-04
2.038038038038038E+02	1.805070945576467E-04
2.042042042042042E+02	1.767159605171831E-04
2.046046046046046E+02	1.730022790398966E-04
2.050050050050050E+02	1.693645253300542E-04
2.054054054054054E+02	1.658012030560311E-04
2.058058058058058E+02	1.623108438622543E-04
2.062062062062062E+02	1.588920068882469E-04
2.066066066066066E+02	1.555432782947063E-04
2.070070070070070E+02	1.522632707965542E-04
2.074074074074074E+02	1.490506232028961E-04
2.078078078078078E+02	1.459039999638229E-04
2.082082082082082E+02	1.428220907239868E-04
2.086086086086086E+02	1.398036098828906E-04
2.090090090090090E+02	1.368472961618156E-04
2.094094094094094E+02	1.339519121773269E-04
2.098098098098098E+02	1.311162440212827E-04
2.102102102102102E+02	1.283391008472828E-04
2.106106106106106E+02	1.256193144634827E-04
2.110110110110110E+02	1.229557389317088E-04
2.114114114114114E+02	1.203472501728000E-04
2.118118118118118E+02	1.177927455781103E-04
2.122122122122122E+02	1.152911436270971E-04
2.126126126126126E+02	1.128413835109314E-04
2.130130130130130E+02	1.104424247620529E-04
2.134134134134134E+02	1.080932468896041E-04
2.138138138138138E+02	1.057928490206713E-04
2.142142142142142E+02	1.035402495472626E-04
2.146146146146146E+02	1.013344857789530E-04
2.150150150150150E+02	9.917461360112473E-05
2.154154154154154E+02	9.705970713873549E-05
2.158158158158158E+02	9.498885842554329E-05
2.162162162162162E+02	9.296117707871764E-05
2.166166166166166E+02	9.097578997876977E-05
2.170170170170170E+02	8.903184095473148E-05
2.174174174174174E+02	8.712849047451328E-05
2.178178178178178E+02	8.526491534037568E-05
2.182182182182182E+02	8.344030838944298E-05
2.186186186186186E+02	8.165387819919332E-05
2.190190190190190E+02	7.990484879785753E-05
2.194194194194194E+02	7.819245937965937E-05
2.198198198198198E+02	7.651596402483103E-05
2.202202202202202E+02	7.487463142433741E-05
2.206206206206206E+02	7.326774460924472E-05
2.210210210210210E+02	7.169460068466616E-05
2.214214214214214E+02	7.015451056822242E-05
2.218218218218218E+02	6.864679873295106E-05
2.222222222222222E+02	6.717080295460176E-05
2.226226226226226E+02	6.572587406325512E-05
2.230230230230230E+02	6.431137569920035E-05
2.234234234234234E+02	6.292668407301237E-05
2.238238238238238E+02	6.157118772976455E-05
2.242242242242242E+02	6.024428731731813E-05
2.246246246246246E+02	5.894539535862596E-05
2.250250250250250E+02	5.767393602799277E-05
2.254254254254254E+02	5.642934493123122E-05
2.258258258258258E+02	5.521106888965594E-05
2.262262262262262E+02	5.401856572785699E-05
2.266266266266266E+02	5.285130406519625E-05
2.270270270270270E+02	5.170876311096857E-05
2.274274274274274E+02	5.059043246317269E-05
2.278278278278278E+02	4.949581191083555E-05
2.282282282282282E+02	4.842441123983512E-05
2.286286286286286E+02	4.737575004216793E-05
2.290290290290290E+02	4.634935752860657E-05
2.294294294294294E+02	4.534477234469464E-05
2.298298298298298E+02	4.436154239002640E-05
2.302302302302302E+02	4.339922464075972E-05
2.306306306306306E+02	4.245738497530968E-05
2.310310310310310E+02	4.153559800317360E-05
2.314314314314314E+02	4.063344689683664E-05
2.318318318318318E+02	3.975052322670852E-05
2.322322322322322E+02	3.888642679904269E-05
2.326326326326326E+02	3.804076549678985E-05
2.330330330330330E+02	3.721315512333782E-05
2.334334334334334E+02	3.640321924909065E-05
2.338338338338338E+02	3.561058906084140E-05
2.342342342342342E+02	3.483490321389164E-05
2.346346346346346E+02	3.407580768687334E-05
2.350350350350350E+02	3.333295563922793E-05
2.354354354354354E+02	3.260600727129914E-05
2.358358358358358E+02	3.189462968699531E-05
2.362362362362362E+02	3.119849675897943E-05
2.366366366366366E+02	3.051728899634355E-05
2.370370370370370E+02	2.985069341472683E-05
2.374374374374374E+02	2.919840340883542E-05
2.378378378378378E+02	2.856011862732401E-05
2.382382382382382E+02	2.793554484999918E-05
2.386386386386386E+02	2.732439386730479E-05
2.390390390390390E+02	2.672638336205094E-05
2.394394394394394E+02	2.614123679334794E-05
2.398398398398398E+02	2.556868328270790E-05
2.402402402402402E+02	2.500845750227637E-05
2.406406406406406E+02	2.446029956515776E-05
2.410410410410410E+02	2.392395491779811E-05
2.414414414414414E+02	2.339917423438997E-05
2.418418418418418E+02	2.288571331326412E-05
2.422422422422422E+02	2.238333297523365E-05
2.426426426426426E+02	2.189179896385645E-05
2.430430430430430E+02	2.141088184758268E-05
2.434434434434434E+02	2.094035692375403E-05
2.438438438438438E+02	2.048000412442246E-05
2.442442442442442E+02	2.002960792395657E-05
2.446446446446446E+02	1.958895724840359E-05
2.450450450450450E+02	1.915784538657657E-05
2.454454454454454E+02	1.873606990283592E-05
2.458458458458458E+02	1.832343255153528E-05
2.462462462462462E+02	1.791973919310232E-05
2.466466466466466E+02	1.752479971172483E-05
2.470470470470470E+02	1.713842793461423E-05
2.474474474474474E+02	1.676044155281759E-05
2.478478478478478E+02	1.639066204355085E-05
2.482482482482482E+02	1.602891459402543E-05
2.486486486486486E+02	1.567502802674207E-05
2.490490490490490E+02	1.532883472622466E-05
2.494494494494494E+02	1.499017056716874E-05
2.498498498498498E+02	1.465887484397839E-05
2.502502502502502E+02	1.433479020166698E-05
2.506506506506506E+02	1.401776256809640E-05
2.510510510510510E+02	1.370764108753102E-05
2.514514514514514E+02	1.340427805548167E-05
2.518518518518518E+02	1.310752885481682E-05
2.522522522522522E+02	1.281725189311717E-05
2.526526526526526E+02	1.253330854125123E-05
2.530530530530530E+02	1.225556307314921E-05
2.534534534534534E+02	1.198388260675334E-05
2.538538538538538E+02	1.171813704612281E-05
2.542542542542542E+02	1.145819902467222E-05
2.546546546546546E+02	1.120394384952216E-05
2.550550550550550E+02	1.095524944694181E-05
2.554554554554554E+02	1.071199630886304E-05
2.558558558558558E+02	1.047406744044591E-05
2.562562562562562E+02	1.024134830867652E-05
2.566566566566567E+02	1.001372679197734E-05
2.570570570570571E+02	9.791093130811736E-06
2.574574574574575E+02	9.573339879263414E-06
2.578578578578579E+02	9.360361857573170E-06
2.582582582582584E+02	9.152056105614574E-06
2.586586586586588E+02	8.948321837291053E-06
2.590590590590592E+02	8.749060395837144E-06
2.594594594594597E+02	8.554175210006629E-06
2.598598598598601E+02	8.363571751131080E-06
2.602602602602605E+02	8.177157491032238E-06
2.606606606606609E+02	7.994841860772026E-06
2.610610610610614E+02	7.816536210224340E-06
2.614614614614618E+02	7.642153768453173E-06
2.618618618618622E+02	7.471609604881486E-06
2.622622622622627E+02	7.304820591235908E-06
2.626626626626631E+02	7.141705364252622E-06
2.630630630630635E+02	6.982184289129554E-06
2.634634634634639E+02	6.826179423710963E-06
2.638638638638644E+02	6.673614483390201E-06
2.642642642642648E+02	6.524414806716961E-06
2.646646646646652E+02	6.378507321695465E-06
2.650650650650657E+02	6.235820512760339E-06
2.654654654654661E+02	6.096284388417137E-06
2.658658658658665E+02	5.959830449534688E-06
2.662662662662669E+02	5.826391658276742E-06
2.666666666666674E+02	5.695902407660515E-06
2.670670670670678E+02	5.568298491730099E-06
2.674674674674682E+02	5.443517076332692E-06
2.678678678678687E+02	5.321496670486120E-06
2.682682682682691E+02	5.202177098326113E-06
2.686686686686695E+02	5.085499471622035E-06
2.690690690690699E+02	4.971406162850090E-06
2.694694694694704E+02	4.859840778813077E-06
2.698698698698708E+02	4.750748134796079E-06
2.702702702702712E+02	4.644074229247676E-06
2.706706706706717E+02	4.539766218976254E-06
2.710710710710721E+02	4.437772394851547E-06
2.714714714714725E+02	4.338042158001357E-06
2.718718718718729E+02	4.240525996493791E-06
2.722722722722734E+02	4.145175462495540E-06
2.726726726726738E+02	4.051943149896769E-06
2.730730730730742E+02	3.960782672393484E-06
2.734734734734747E+02	3.871648642018388E-06
2.738738738738751E+02	3.784496648111296E-06
2.742742742742755E+02	3.699283236720576E-06
2.746746746746759E+02	3.615965890427000E-06
2.750750750750764E+02	3.534503008581618E-06
2.754754754754768E+02	3.454853887949647E-06
2.758758758758772E+02	3.376978703752114E-06
2.762762762762777E+02	3.300838491097466E-06
2.766766766766781E+02	3.226395126795475E-06
2.770770770770785E+02	3.153611311545642E-06
2.774774774774789E+02	3.082450552492903E-06
2.778778778778794E+02	3.012877146143115E-06
2.782782782782798E+02	2.944856161631245E-06
2.786786786786802E+02	2.878353424335217E-06
2.790790790790807E+02	2.813335499828549E-06
2.794794794794811E+02	2.749769678164907E-06
2.798798798798815E+02	2.687623958488036E-06
2.802802802802819E+02	2.626867033960526E-06
2.806806806806824E+02	2.567468277004982E-06
2.810810810810828E+02	2.509397724851392E-06
2.814814814814832E+02	2.452626065384491E-06
2.818818818818837E+02	2.397124623285133E-06
2.822822822822841E+02	2.342865346459726E-06
2.826826826826845E+02	2.289820792751946E-06
2.830830830830849E+02	2.237964116931058E-06
2.834834834834854E+02	2.187269057951210E-06
2.838838838838858E+02	2.137709926476294E-06
2.842842842842862E+02	2.089261592664973E-06
2.846846846846867E+02	2.041899474210616E-06
2.850850850850871E+02	1.995599524630990E-06
2.854854854854875E+02	1.950338221802634E-06
2.858858858858879E+02	1.906092556735001E-06
2.862862862862884E+02	1.862840022579400E-06
2.866866866866888E+02	1.820558603868128E-06
2.870870870870892E+02	1.779226765978941E-06
2.874874874874897E+02	1.738823444820412E-06
2.878878878878901E+02	1.699328036733617E-06
2.882882882882905E+02	1.660720388605742E-06
2.886886886886909E+02	1.622980788191333E-06
2.890890890890914E+02	1.586089954636879E-06
2.894894894894918E+02	1.550029029204665E-06
2.898898898898922E+02	1.514779566191723E-06
2.902902902902927E+02	1.480323524040002E-06
2.906906906906931E+02	1.446643256633722E-06
2.910910910910935E+02	1.413721504780187E-06
2.914914914914939E+02	1.381541387870214E-06
2.918918918918944E+02	1.350086395714551E-06
2.922922922922948E+02	1.319340380552619E-06
2.926926926926952E+02	1.289287549230088E-06
2.930930930930957E+02	1.259912455541771E-06
2.934934934934961E+02	1.231199992736469E-06
2.938938938938965E+02	1.203135386180402E-06
2.942942942942969E+02	1.175704186175975E-06
2.946946946946974E+02	1.148892260932684E-06
2.950950950950978E+02	1.122685789686993E-06
2.954954954954982E+02	1.097071255968128E-06
2.958958958958987E+02	1.072035441006776E-06
2.962962962962991E+02	1.047565417283709E-06
2.966966966966995E+02	1.023648542215453E-06
2.970970970970999E+02	1.000272451974177E-06
2.974974974975004E+02	9.774250554389864E-07
2.978978978979008E+02	9.550945282759246E-07
2.982982982983012E+02	9.332693071439982E-07
2.986986986987017E+02	9.119380840246077E-07
2.990990990991021E+02	8.910898006718298E-07
2.994994994995025E+02	8.707136431810223E-07
2.998998998999029E+02	8.507990366733019E-07
3.003003003003034E+02	8.313356400934769E-07
3.007007007007038E+02	8.123133411190670E-07
3.011011011011042E+02	7.937222511781050E-07
3.015015015015047E+02	7.755527005734337E-07
3.019019019019051E+02	7.577952337112928E-07
3.023023023023055E+02	7.404406044320037E-07
3.027027027027059E+02	7.234797714406183E-07
3.031031031031064E+02	7.069038938354540E-07
3.035035035035068E+02	6.907043267324459E-07
3.039039039039072E+02	6.748726169833287E-07
3.043043043043077E+02	6.594004989856615E-07
3.047047047047081E+02	6.442798905827944E-07
3.051051051051085E+02	6.295028890518599E-07
3.055055055055089E+02	6.150617671779685E-07
3.059059059059094E+02	6.009489694127784E-07
3.063063063063098E+02	5.871571081156759E-07
3.067067067067102E+02	5.736789598758216E-07
3.071071071071107E+02	5.605074619133653E-07
3.075075075075111E+02	5.476357085581579E-07
3.079079079079115E+02	5.350569478043357E-07
3.083083083083120E+02	5.227645779391626E-07
3.087087087087124E+02	5.107521442445791E-07
3.091091091091128E+02	4.990133357699108E-07
3.095095095095132E+02	4.875419821742458E-07
3.099099099099137E+02	4.763320506369893E-07
3.103103103103141E+02	4.653776428351781E-07
3.107107107107145E+02	4.546729919861237E-07
3.111111111111150E+02	4.442124599540035E-07
3.115115115115154E+02	4.339905344190569E-07
3.119119119119158E+02	4.240018261080462E-07
3.123123123123162E+02	4.142410660846902E-07
3.127127127127167E+02	4.047031030987923E-07
3.131131131131171E+02	3.953829009928264E-07
3.135135135135175E+02	3.862755361647508E-07
3.139139139139180E+02	3.773761950858577E-07
3.143143143143184E+02	3.686801718724901E-07
3.147147147147188E+02	3.601828659104797E-07
3.151151151151192E+02	3.518797795311792E-07
3.155155155155197E+02	3.437665157379962E-07
3.159159159159201E+02	3.358387759823479E-07
3.163163163163205E+02	3.280923579879837E-07
3.167167167167210E+02	3.205231536226458E-07
3.171171171171214E+02	3.131271468160564E-07
3.175175175175218E+02	3.059004115232388E-07
3.179179179179222E+02	2.988391097322107E-07
3.183183183183227E+02	2.919394895150949E-07
3.187187187187231E+02	2.851978831217201E-07
3.191191191191235E+02	2.786107051148059E-07
3.195195195195240E+02	2.721744505458391E-07
3.199199199199244E+02	2.658856931707642E-07
3.203203203203248E+02	2.597410837046504E-07
3.207207207207252E+02	2.537373481144792E-07
3.211211211211257E+02	2.478712859492511E-07
3.215215215215261E+02	2.421397687066007E-07
3.219219219219265E+02	2.365397382351437E-07
3.223223223223270E+02	2.310682051717777E-07
3.227227227227274E+02	2.257222474131986E-07
3.231231231231278E+02	2.204990086208845E-07
3.235235235235282E+02	2.153956967588357E-07
3.239239239239287E+02	2.104095826633609E-07
3.243243243243291E+02	2.055379986442216E-07
3.247247247247295E+02	2.007783371164576E-07
3.251251251251300E+02	1.961280492622342E-07
3.255255255255304E+02	1.915846437220601E-07
3.259259259259308E+02	1.871456853147475E-07
3.263263263263312E+02	1.828087937854888E-07
3.267267267267317E+02	1.785716425814457E-07
3.271271271271321E+02	1.744319576542550E-07
3.275275275275325E+02	1.703875162888693E-07
3.279279279279330E+02	1.664361459581642E-07
3.283283283283334E+02	1.625757232027531E-07
3.287287287287338E+02	1.588041725354652E-07
3.291291291291342E+02	1.551194653699501E-07
3.295295295295347E+02	1.515196189728891E-07
3.299299299299351E+02	1.480026954393024E-07
3.303303303303355E+02	1.445668006904462E-07
3.307307307307360E+02	1.412100834938137E-07
3.311311311311364E+02	1.379307345047615E-07
3.315315315315368E+02	1.347269853292870E-07
3.319319319319372E+02	1.315971076075017E-07
3.323323323323377E+02	1.285394121173490E-07
3.327327327327381E+02	1.255522478981248E-07
3.331331331331385E+02	1.226340013933740E-07
3.335335335335390E+02	1.197830956127373E-07
3.339339339339394E+02	1.169979893123385E-07
3.343343343343398E+02	1.142771761933057E-07
3.347347347347402E+02	1.116191841180364E-07
3.351351351351407E+02	1.090225743438128E-07
3.355355355355411E+02	1.064859407733947E-07
3.359359359359415E+02	1.040079092222174E-07
3.363363363363420E+02	1.015871367018312E-07
3.367367367367424E+02	9.922231071923051E-08
3.371371371371428E+02	9.691214859172259E-08
3.375375375375432E+02	9.465539677699902E-08
3.379379379379437E+02	9.245083021807621E-08
3.383383383383441E+02	9.029725170277824E-08
3.387387387387445E+02	8.819349123744834E-08
3.391391391391450E+02	8.613840543457307E-08
3.395395395395454E+02	8.413087691401643E-08
3.399399399399458E+02	8.216981371756657E-08
3.403403403403462E+02	8.025414873650181E-08
3.407407407407467E+02	7.838283915189205E-08
3.411411411411471E+02	7.655486588735471E-08
3.415415415415475E+02	7.476923307399394E-08
3.419419419419480E+02	7.302496752725343E-08
3.423423423423484E+02	7.132111823542382E-08
3.427427427427488E+02	6.965675585954651E-08
3.431431431431492E+02	6.803097224446453E-08
3.435435435435497E+02	6.644287994077533E-08
3.439439439439501E+02	6.489161173744643E-08
3.443443443443505E+02	6.337632020485773E-08
3.447447447447510E+02	6.189617724804252E-08
3.451451451451514E+02	6.045037366990232E-08
3.455455455455518E+02	5.903811874417596E-08
3.459459459459522E+02	5.765863979794719E-08
3.463463463463527E+02	5.631118180348214E-08
3.467467467467531E+02	5.499500697918987E-08
3.471471471471535E+02	5.370939439950467E-08
3.475475475475540E+02	5.245363961349454E-08
3.479479479479544E+02	5.122705427200145E-08
3.483483483483548E+02	5.002896576312688E-08
3.487487487487552E+02	4.885871685587718E-08
3.491491491491557E+02	4.771566535178842E-08
3.495495495495561E+02	4.659918374435539E-08
3.499499499499565E+02	4.550865888609077E-08
3.503503503503570E+02	4.444349166304736E-08
3.507507507507574E+02	4.340309667663667E-08
3.511511511511578E+02	4.238690193258358E-08
3.515515515515582E+02	4.139434853685831E-08
3.519519519519587E+02	4.042489039843182E-08
3.523523523523591E+02	3.947799393870289E-08
3.527527527527595E+02	3.855313780744939E-08
3.531531531531600E+02	3.764981260515867E-08
3.535535535535604E+02	3.676752061159651E-08
3.539539539539608E+02	3.590577552047493E-08
3.543543543543612E+02	3.506410218008494E-08
3.547547547547617E+02	3.424203633976032E-08
3.551551551551621E+02	3.343912440204418E-08
3.555555555555625E+02	3.265492318043098E-08
3.559559559559630E+02	3.188899966256030E-08
3.563563563563634E+02	3.114093077874107E-08
3.567567567567638E+02	3.041030317568787E-08
3.571571571571642E+02	2.969671299535304E-08
3.575575575575647E+02	2.899976565874175E-08
3.579579579579651E+02	2.831907565459877E-08
3.583583583583655E+02	2.765426633285819E-08
3.587587587587660E+02	2.700496970275078E-08
3.591591591591664E+02	2.637082623546441E-08
3.595595595595668E+02	2.575148467125661E-08
3.599599599599673E+02	2.514660183091973E-08
3.603603603603677E+02	2.455584243150158E-08
3.607607607607681E+02	2.397887890618707E-08
3.611611611611685E+02	2.341539122824733E-08
3.615615615615690E+02	2.286506673896606E-08
3.619619619619694E+02	2.232759997945400E-08
3.623623623623698E+02	2.180269252626480E-08
3.627627627627703E+02	2.129005283072728E-08
3.631631631631707E+02	2.078939606191107E-08
3.635635635635711E+02	2.030044395314440E-08
3.639639639639715E+02	1.982292465200455E-08
3.643643643643720E+02	1.935657257370330E-08
3.647647647647724E+02	1.890112825779143E-08
3.651651651651728E+02	1.845633822810804E-08
3.655655655655733E+02	1.802195485590164E-08
3.659659659659737E+02	1.759773622605265E-08
3.663663663663741E+02	1.718344600632720E-08
3.667667667667745E+02	1.677885331959471E-08
3.671671671671750E+02	1.638373261894245E-08
3.675675675675754E+02	1.599786356562249E-08
3.679679679679758E+02	1.562103090976710E-08
3.683683683683763E+02	1.525302437381101E-08
3.687687687687767E+02	1.489363853855918E-08
3.691691691691771E+02	1.454267273184117E-08
3.695695695695775E+02	1.419993091969357E-08
3.699699699699780E+02	1.386522160001426E-08
3.703703703703784E+02	1.353835769863252E-08
3.707707707707788E+02	1.321915646774072E-08
3.711711711711793E+02	1.290743938663465E-08
3.715715715715797E+02	1.260303206471060E-08
3.719719719719801E+02	1.230576414666819E-08
3.723723723723805E+02	1.201546921986957E-08
3.727727727727810E+02	1.173198472380622E-08
3.731731731731814E+02	1.145515186162618E-08
3.735735735735818E+02	1.118481551367488E-08
3.739739739739823E+02	1.092082415300480E-08
3.743743743743827E+02	1.066302976280880E-08
3.747747747747831E+02	1.041128775573483E-08
3.751751751751835E+02	1.016545689503837E-08
3.755755755755840E+02	9.925399217532215E-09
3.759759759759844E+02	9.690979958292347E-09
3.763763763763848E+02	9.462067477080737E-09
3.767767767767853E+02	9.238533186446006E-09
3.771771771771857E+02	9.020251481464070E-09
3.775775775775861E+02	8.807099671082238E-09
3.779779779779865E+02	8.598957911029609E-09
3.783783783783870E+02	8.395709138259414E-09
3.787787787787874E+02	8.197239006887730E-09
3.791791791791878E+02	8.003435825595631E-09
3.795795795795883E+02	7.814190496460806E-09
3.799799799799887E+02	7.629396455187124E-09
3.803803803803891E+02	7.448949612699784E-09
3.807807807807895E+02	7.272748298075775E-09
3.811811811811900E+02	7.100693202778968E-09
3.815815815815904E+02	6.932687326170499E-09
3.819819819819908E+02	6.768635922265577E-09
3.823823823823913E+02	6.608446447708390E-09
3.827827827827917E+02	6.452028510937536E-09
3.831831831831921E+02	6.299293822514986E-09
3.835835835835925E+02	6.150156146592289E-09
3.839839839839930E+02	6.004531253488018E-09
3.843843843843934E+02	5.862336873351588E-09
3.847847847847938E+02	5.723492650888371E-09
3.851851851851943E+02	5.587920101122376E-09
3.855855855855947E+02	5.455542566172801E-09
3.859859859859951E+02	5.326285173021375E-09
3.863863863863955E+02	5.200074792248141E-09
3.867867867867960E+02	5.076839997713486E-09
3.871871871871964E+02	4.956511027165140E-09
3.875875875875968E+02	4.839019743748884E-09
3.879879879879973E+02	4.724299598402648E-09
3.883883883883977E+02	4.612285593113681E-09
3.887887887887981E+02	4.502914245019389E-09
3.891891891891985E+02	4.396123551332480E-09
3.895895895895990E+02	4.291852955071700E-09
3.899899899899994E+02	4.190043311579928E-09
3.903903903903998E+02	4.090636855811436E-09
3.907907907908003E+02	3.993577170371200E-09
3.911911911912007E+02	3.898809154288707E-09
3.915915915916011E+02	3.806278992509838E-09
3.919919919920015E+02	3.715934126090307E-09
3.923923923924020E+02	3.627723223074668E-09
3.927927927928024E+02	3.541596150045365E-09
3.931931931932028E+02	3.457503944326422E-09
3.935935935936033E+02	3.375398786826864E-09
3.939939939940037E+02	3.295233975509365E-09
3.943943943944041E+02	3.216963899469749E-09
3.947947947948045E+02	3.140544013613415E-09
3.951951951952050E+02	3.065930813915120E-09
3.955955955956054E+02	2.993081813248722E-09
3.959959959960058E+02	2.921955517773937E-09
3.963963963964063E+02	2.852511403867278E-09
3.967967967968067E+02	2.784709895584884E-09
3.971971971972071E+02	2.718512342644940E-09
3.975975975976075E+02	2.653880998917892E-09
3.979979979980080E+02	2.590779001412825E-09
3.983983983984084E+02	2.529170349748652E-09
3.987987987988088E+02	2.469019886098997E-09
3.991991991992093E+02	2.410293275599995E-09
3.995995995996097E+02	2.352956987210336E-09
4.000000000000101E+02	2.296978275013273E-09
