# barionic density, thermodynamic_potential 
1.000000000000000E-03	-3.473914759524632E-03
2.780780780780781E-03	-1.698821134959871E-02
4.561561561561562E-03	-3.548187620390308E-02
6.342342342342344E-03	-5.746735269849523E-02
8.123123123123124E-03	-8.184550117630351E-02
9.903903903903905E-03	-1.076613405430180E-01
1.168468468468469E-02	-1.350522718421416E-01
1.346546546546547E-02	-1.634141259678472E-01
1.524624624624625E-02	-1.921596397805843E-01
1.702702702702703E-02	-2.216916211555144E-01
1.880780780780781E-02	-2.511568219865694E-01
2.058858858858859E-02	-2.807409841930166E-01
2.236936936936937E-02	-3.103298022583658E-01
2.415015015015015E-02	-3.398283317378628E-01
2.593093093093093E-02	-3.686240166543939E-01
2.771171171171171E-02	-3.976844459775748E-01
2.949249249249249E-02	-4.258549222022339E-01
3.127327327327327E-02	-4.536249013053748E-01
3.305405405405405E-02	-4.802921848313417E-01
3.483483483483484E-02	-5.064296297787223E-01
3.661561561561562E-02	-5.320158601170988E-01
3.839639639639640E-02	-5.562720809234634E-01
4.017717717717718E-02	-5.806817066049916E-01
4.195795795795797E-02	-6.028557661879859E-01
4.373873873873875E-02	-6.251759764500093E-01
4.551951951951953E-02	-6.459625687857624E-01
4.730030030030032E-02	-6.660472954672514E-01
4.908108108108110E-02	-6.844916719624052E-01
5.086186186186188E-02	-7.021955042205263E-01
5.264264264264266E-02	-7.181672212900594E-01
5.442342342342345E-02	-7.333726687957096E-01
5.620420420420423E-02	-7.478322450442647E-01
5.798498498498501E-02	-7.604751267276697E-01
5.976576576576580E-02	-7.712407720637202E-01
6.154654654654658E-02	-7.812215177873441E-01
6.332732732732736E-02	-7.904466348372807E-01
6.510810810810815E-02	-7.977424671989866E-01
6.688888888888893E-02	-8.042914106035823E-01
6.866966966966971E-02	-8.088697047587630E-01
7.045045045045049E-02	-8.114336119451764E-01
7.223123123123128E-02	-8.132530332695751E-01
7.401201201201206E-02	-8.143675851847547E-01
7.579279279279284E-02	-8.134559935056132E-01
7.757357357357363E-02	-8.104843684359366E-01
7.935435435435441E-02	-8.068335175275934E-01
8.113513513513519E-02	-8.011122747248010E-01
8.291591591591597E-02	-7.932940585492361E-01
8.469669669669676E-02	-7.848397091838706E-01
8.647747747747754E-02	-7.742905640770914E-01
8.825825825825832E-02	-7.631587549412870E-01
9.003903903903911E-02	-7.499417775834445E-01
9.181981981981989E-02	-7.346244761970411E-01
9.360060060060067E-02	-7.187937328571934E-01
9.538138138138146E-02	-6.992626689966528E-01
9.716216216216224E-02	-6.808872083329334E-01
9.894294294294302E-02	-6.587972966526650E-01
1.007237237237238E-01	-6.362964578556785E-01
1.025045045045046E-01	-6.100340727143703E-01
1.042852852852854E-01	-5.851289154029473E-01
1.060660660660662E-01	-5.564666465829760E-01
1.078468468468469E-01	-5.257592635075525E-01
1.096276276276277E-01	-4.948004070556635E-01
1.114084084084085E-01	-4.618540751503133E-01
1.131891891891893E-01	-4.269330333090693E-01
1.149699699699701E-01	-3.900526264415021E-01
1.167507507507509E-01	-3.512307915698329E-01
1.185315315315316E-01	-3.104880708842757E-01
1.203123123123124E-01	-2.697402744329338E-01
1.220930930930932E-01	-2.252445756098496E-01
1.238738738738740E-01	-1.808305100516918E-01
1.256546546546548E-01	-1.326940494727751E-01
1.274354354354355E-01	-8.473498410194225E-02
1.292162162162163E-01	-3.309122223208760E-02
1.309969969969971E-01	1.827027660237945E-02
1.327777777777779E-01	7.326641911959086E-02
1.345585585585587E-01	1.298808182873472E-01
1.363393393393394E-01	1.880661687819156E-01
1.381201201201202E-01	2.477724145692264E-01
1.399009009009010E-01	3.089467370646162E-01
1.416816816816818E-01	3.715335437818794E-01
1.434624624624626E-01	4.375517107150699E-01
1.452432432432434E-01	5.048851878232199E-01
1.470240240240241E-01	5.734685676870868E-01
1.488048048048049E-01	6.453431679574351E-01
1.505855855855857E-01	7.162285273707312E-01
1.523663663663665E-01	7.924073964586569E-01
1.541471471471473E-01	8.674432178531788E-01
1.559279279279281E-01	9.455200758361570E-01
1.577087087087088E-01	1.026577336808259E+00
1.594894894894896E-01	1.108387189429322E+00
1.612702702702704E-01	1.193024453787075E+00
1.630510510510512E-01	1.278237481259566E+00
1.648318318318320E-01	1.366105567884915E+00
1.666126126126128E-01	1.454355178126661E+00
1.683933933933935E-01	1.547257775337584E+00
1.701741741741743E-01	1.640338136951868E+00
1.719549549549551E-01	1.735675798562170E+00
1.737357357357359E-01	1.830957800648775E+00
1.755165165165167E-01	1.930463868202878E+00
1.772972972972975E-01	2.031870567423084E+00
1.790780780780782E-01	2.135045250826806E+00
1.808588588588590E-01	2.239848352813169E+00
1.826396396396398E-01	2.346133315046700E+00
1.844204204204206E-01	2.453746516245701E+00
1.862012012012014E-01	2.564730695949493E+00
1.879819819819822E-01	2.678911125172817E+00
1.897627627627629E-01	2.791705007533437E+00
1.915435435435437E-01	2.909520213786436E+00
1.933243243243245E-01	3.027757694997490E+00
1.951051051051053E-01	3.148398142933729E+00
1.968858858858861E-01	3.269032986140246E+00
1.986666666666669E-01	3.393784373455674E+00
2.004474474474476E-01	3.519671596387525E+00
2.022282282282284E-01	3.648589057827849E+00
2.040090090090092E-01	3.778625914533222E+00
2.057897897897900E-01	3.910554987451178E+00
2.075705705705708E-01	4.044050959898414E+00
2.093513513513516E-01	4.179828296878441E+00
2.111321321321323E-01	4.318558326628590E+00
2.129129129129131E-01	4.457737293920673E+00
2.146936936936939E-01	4.600072239849396E+00
2.164744744744747E-01	4.744049029464350E+00
2.182552552552555E-01	4.890196062176074E+00
2.200360360360362E-01	5.037971602284415E+00
2.218168168168170E-01	5.187803018447084E+00
2.235975975975978E-01	5.339058857173313E+00
2.253783783783786E-01	5.493024774439618E+00
2.271591591591594E-01	5.648928858246109E+00
2.289399399399402E-01	5.806906003027507E+00
2.307207207207209E-01	5.966991931702523E+00
2.325015015015017E-01	6.128192953397047E+00
2.342822822822825E-01	6.292177010910564E+00
2.360630630630633E-01	6.457690043322600E+00
2.378438438438441E-01	6.626017875810248E+00
2.396246246246249E-01	6.795588529283123E+00
2.414054054054056E-01	6.968063939205422E+00
2.431861861861864E-01	7.141423699453298E+00
2.449669669669672E-01	7.317460383523212E+00
2.467477477477480E-01	7.495058975361644E+00
2.485285285285288E-01	7.675672172224040E+00
2.503093093093096E-01	7.857044721812144E+00
2.520900900900903E-01	8.041344001369453E+00
2.538708708708711E-01	8.227140148756007E+00
2.556516516516518E-01	8.415251225417705E+00
2.574324324324326E-01	8.605449277584739E+00
2.592132132132133E-01	8.797557760750806E+00
2.609939939939941E-01	8.991591530150345E+00
2.627747747747748E-01	9.187876351720661E+00
2.645555555555556E-01	9.386003683344825E+00
2.663363363363364E-01	9.586235736661820E+00
2.681171171171171E-01	9.788525384605236E+00
2.698978978978979E-01	9.454571092394872E+00
2.716786786786786E-01	8.896356019884934E+00
2.734594594594594E-01	8.336919956730981E+00
2.752402402402401E-01	7.776268209533555E+00
2.770210210210209E-01	7.214406027604127E+00
2.788018018018016E-01	6.651338603954173E+00
2.805825825825824E-01	6.087071076252414E+00
2.823633633633632E-01	5.521608527762965E+00
2.841441441441439E-01	4.954955988262554E+00
2.859249249249247E-01	4.387118434935473E+00
2.877057057057054E-01	3.818100793243957E+00
2.894864864864862E-01	3.247907937785385E+00
2.912672672672669E-01	2.676544693133565E+00
2.930480480480477E-01	2.104015834643633E+00
2.948288288288284E-01	1.530326089259688E+00
2.966096096096092E-01	9.554801362887702E-01
2.983903903903899E-01	3.794826081712017E-01
3.001711711711707E-01	-1.976619087772633E-01
3.019519519519515E-01	-7.759488736378444E-01
3.037327327327322E-01	-1.355373790165231E+00
3.055135135135130E-01	-1.935932206096368E+00
3.072942942942937E-01	-2.517619712464239E+00
3.090750750750745E-01	-3.100431942924388E+00
3.108558558558552E-01	-3.684364573104176E+00
3.126366366366360E-01	-4.269413319958858E+00
3.144174174174167E-01	-4.855573941142666E+00
3.161981981981975E-01	-5.442842234395812E+00
3.179789789789783E-01	-6.031214036939673E+00
3.197597597597590E-01	-6.620685224885619E+00
3.215405405405398E-01	-7.211251712661578E+00
3.233213213213205E-01	-7.802909452441781E+00
3.251021021021013E-01	-8.395654433589698E+00
3.268828828828820E-01	-8.989482682121434E+00
3.286636636636628E-01	-9.584390260166856E+00
3.304444444444435E-01	-1.018037326544891E+01
3.322252252252243E-01	-1.077742783077201E+01
3.340060060060051E-01	-1.137555012351868E+01
3.357867867867858E-01	-1.197473634516291E+01
3.375675675675666E-01	-1.257498273077863E+01
3.393483483483473E-01	-1.317628554857583E+01
3.411291291291281E-01	-1.377864109942630E+01
3.429099099099088E-01	-1.438204571642109E+01
3.446906906906896E-01	-1.498649576441085E+01
3.464714714714703E-01	-1.559198763957966E+01
3.482522522522511E-01	-1.619851776900668E+01
3.500330330330318E-01	-1.680608261024781E+01
3.518138138138126E-01	-1.741467865092091E+01
3.535945945945934E-01	-1.802430240830336E+01
3.553753753753741E-01	-1.863495042892737E+01
3.571561561561549E-01	-1.924661928819205E+01
3.589369369369356E-01	-1.985930558998189E+01
3.607177177177164E-01	-2.047300596628293E+01
3.624984984984971E-01	-2.108771707681899E+01
3.642792792792779E-01	-2.170343560868332E+01
3.660600600600586E-01	-2.232015827598389E+01
3.678408408408394E-01	-2.293788181949503E+01
3.696216216216202E-01	-2.355660300630552E+01
3.714024024024009E-01	-2.417631862948701E+01
3.731831831831817E-01	-2.479702550775983E+01
3.749639639639624E-01	-2.541872048516461E+01
3.767447447447432E-01	-2.604140043074494E+01
3.785255255255239E-01	-2.666506223822580E+01
3.803063063063047E-01	-2.728970282570981E+01
3.820870870870854E-01	-2.791531913537119E+01
3.838678678678662E-01	-2.854190813315245E+01
3.856486486486470E-01	-2.916946680847605E+01
3.874294294294277E-01	-2.979799217395066E+01
3.892102102102085E-01	-3.042748126508650E+01
3.909909909909892E-01	-3.105793114002199E+01
3.927717717717700E-01	-3.168933887923913E+01
3.945525525525507E-01	-3.232170158530107E+01
3.963333333333315E-01	-3.295501638258156E+01
3.981141141141122E-01	-3.358928041700710E+01
3.998948948948930E-01	-3.422449085579547E+01
4.016756756756737E-01	-3.486064488720513E+01
4.034564564564545E-01	-3.549773972028697E+01
4.052372372372353E-01	-3.613577258463783E+01
4.070180180180160E-01	-3.677474073015992E+01
4.087987987987968E-01	-3.741464142682480E+01
4.105795795795775E-01	-3.805547196443877E+01
4.123603603603583E-01	-3.869722965241363E+01
4.141411411411390E-01	-3.933991181953979E+01
4.159219219219198E-01	-3.998351581376619E+01
4.177027027027005E-01	-4.062803900198196E+01
4.194834834834813E-01	-4.127347876979502E+01
4.212642642642621E-01	-4.191983252132741E+01
4.230450450450428E-01	-4.256709767900247E+01
4.248258258258236E-01	-4.321527168333796E+01
4.266066066066043E-01	-4.386435199274865E+01
4.283873873873851E-01	-4.451433608334355E+01
4.301681681681658E-01	-4.516522144872715E+01
4.319489489489466E-01	-4.581700559981209E+01
4.337297297297273E-01	-4.646968606462497E+01
4.355105105105081E-01	-4.712326038811852E+01
4.372912912912889E-01	-4.777772613198977E+01
4.390720720720696E-01	-4.843308087449350E+01
4.408528528528504E-01	-4.908932221026953E+01
4.426336336336311E-01	-4.974644775015940E+01
4.444144144144119E-01	-5.040445512103679E+01
4.461951951951926E-01	-5.106334196563421E+01
4.479759759759734E-01	-5.172310594237570E+01
4.497567567567541E-01	-5.238374472520718E+01
4.515375375375349E-01	-5.304525600343732E+01
4.533183183183156E-01	-5.370763748157106E+01
4.550990990990964E-01	-5.437088687915229E+01
4.568798798798772E-01	-5.503500193060881E+01
4.586606606606579E-01	-5.569998038509402E+01
4.604414414414387E-01	-5.636582000633643E+01
4.622222222222194E-01	-5.703251857248915E+01
4.640030030030002E-01	-5.770007387598071E+01
4.657837837837809E-01	-5.836848372336908E+01
4.675645645645617E-01	-5.903774593519893E+01
4.693453453453424E-01	-5.970785834585649E+01
4.711261261261232E-01	-6.037881880343457E+01
4.729069069069040E-01	-6.105062516958787E+01
4.746876876876847E-01	-6.172327531940118E+01
4.764684684684655E-01	-6.239676714125471E+01
4.782492492492462E-01	-6.307109853668817E+01
4.800300300300270E-01	-6.374626742027249E+01
4.818108108108077E-01	-6.442227171948343E+01
4.835915915915885E-01	-6.509910937456925E+01
4.853723723723692E-01	-6.577677833842745E+01
4.871531531531500E-01	-6.645527657648108E+01
4.889339339339308E-01	-6.713460206655827E+01
4.907147147147115E-01	-6.781475279876577E+01
4.924954954954923E-01	-6.849572677537799E+01
4.942762762762730E-01	-6.917752201071562E+01
4.960570570570538E-01	-6.986013653102691E+01
4.978378378378345E-01	-7.054356837438081E+01
4.996186186186153E-01	-7.122781559054374E+01
5.013993993993960E-01	-7.191287624088091E+01
5.031801801801769E-01	-7.259874839823487E+01
5.049609609609577E-01	-7.328543014682509E+01
5.067417417417385E-01	-7.397291958213737E+01
5.085225225225193E-01	-7.466121481081836E+01
5.103033033033001E-01	-7.535031395057104E+01
5.120840840840809E-01	-7.604021513005364E+01
5.138648648648617E-01	-7.673091648877698E+01
5.156456456456425E-01	-7.742241617700347E+01
5.174264264264233E-01	-7.811471235564613E+01
5.192072072072041E-01	-7.880780319617770E+01
5.209879879879850E-01	-7.950168688052645E+01
5.227687687687658E-01	-8.019636160098344E+01
5.245495495495466E-01	-8.089182556011156E+01
5.263303303303274E-01	-8.158807697064594E+01
5.281111111111082E-01	-8.228511405540849E+01
5.298918918918890E-01	-8.298293504721414E+01
5.316726726726698E-01	-8.368153818878000E+01
5.334534534534506E-01	-8.438092173264113E+01
5.352342342342314E-01	-8.508108394105693E+01
5.370150150150123E-01	-8.578202308593200E+01
5.387957957957931E-01	-8.648373744872470E+01
5.405765765765739E-01	-8.718622532036443E+01
5.423573573573547E-01	-8.788948500117203E+01
5.441381381381355E-01	-8.859351480077339E+01
5.459189189189163E-01	-8.929831303801893E+01
5.476996996996971E-01	-9.000387804090542E+01
5.494804804804779E-01	-9.071020814649182E+01
5.512612612612587E-01	-9.141730170082974E+01
5.530420420420395E-01	-9.212515705887517E+01
5.548228228228204E-01	-9.283377258441988E+01
5.566036036036012E-01	-9.354314665001084E+01
5.583843843843820E-01	-9.425327763688301E+01
5.601651651651628E-01	-9.496416393487425E+01
5.619459459459436E-01	-9.567580394236029E+01
5.637267267267244E-01	-9.638819606618108E+01
5.655075075075052E-01	-9.710133872156939E+01
5.672882882882860E-01	-9.781523033207850E+01
5.690690690690668E-01	-9.852986932951308E+01
5.708498498498477E-01	-9.924525415386324E+01
5.726306306306285E-01	-9.996138325323318E+01
5.744114114114093E-01	-1.006782550837738E+02
5.761921921921901E-01	-1.013958681096192E+02
5.779729729729709E-01	-1.021142208028173E+02
5.797537537537517E-01	-1.028333116432673E+02
5.815345345345325E-01	-1.035531391186519E+02
5.833153153153133E-01	-1.042737017243799E+02
5.850960960960941E-01	-1.049949979635185E+02
5.868768768768750E-01	-1.057170263467292E+02
5.886576576576558E-01	-1.064397853922137E+02
5.904384384384366E-01	-1.071632736256447E+02
5.922192192192174E-01	-1.078874895801127E+02
5.939999999999982E-01	-1.086124317960603E+02
5.957807807807790E-01	-1.093380988212307E+02
5.975615615615598E-01	-1.100644892106025E+02
5.993423423423406E-01	-1.107916015263349E+02
6.011231231231214E-01	-1.115194343377111E+02
6.029039039039022E-01	-1.122479862210848E+02
6.046846846846831E-01	-1.129772557598171E+02
6.064654654654639E-01	-1.137072415442290E+02
6.082462462462447E-01	-1.144379421715412E+02
6.100270270270255E-01	-1.151693562458249E+02
6.118078078078063E-01	-1.159014823779448E+02
6.135885885885871E-01	-1.166343191855090E+02
6.153693693693679E-01	-1.173678652928143E+02
6.171501501501487E-01	-1.181021193307979E+02
6.189309309309295E-01	-1.188370799369809E+02
6.207117117117104E-01	-1.195727457554235E+02
6.224924924924912E-01	-1.203091154366716E+02
6.242732732732720E-01	-1.210461876377103E+02
6.260540540540528E-01	-1.217839610219107E+02
6.278348348348336E-01	-1.225224342589822E+02
6.296156156156144E-01	-1.232616060249297E+02
6.313963963963952E-01	-1.240014750020000E+02
6.331771771771760E-01	-1.247420398786362E+02
6.349579579579568E-01	-1.254832993494347E+02
6.367387387387377E-01	-1.262252521150945E+02
6.385195195195185E-01	-1.269678968823755E+02
6.403003003002993E-01	-1.277112323640495E+02
6.420810810810801E-01	-1.284552572788598E+02
6.438618618618609E-01	-1.291999703514739E+02
6.456426426426417E-01	-1.299453703124400E+02
6.474234234234225E-01	-1.306914558981475E+02
6.492042042042033E-01	-1.314382258507781E+02
6.509849849849841E-01	-1.321856789182671E+02
6.527657657657649E-01	-1.329338138542639E+02
6.545465465465458E-01	-1.336826294180823E+02
6.563273273273266E-01	-1.344321243746685E+02
6.581081081081074E-01	-1.351822974945553E+02
6.598888888888882E-01	-1.359331475538206E+02
6.616696696696690E-01	-1.366846733340535E+02
6.634504504504498E-01	-1.374368736223064E+02
6.652312312312306E-01	-1.381897472110641E+02
6.670120120120114E-01	-1.389432928981987E+02
6.687927927927922E-01	-1.396975094869340E+02
6.705735735735731E-01	-1.404523957858109E+02
6.723543543543539E-01	-1.412079506086402E+02
6.741351351351347E-01	-1.419641727744761E+02
6.759159159159155E-01	-1.427210611075711E+02
6.776966966966963E-01	-1.434786144373443E+02
6.794774774774771E-01	-1.442368315983435E+02
6.812582582582579E-01	-1.449957114302092E+02
6.830390390390387E-01	-1.457552527776393E+02
6.848198198198195E-01	-1.465154544903548E+02
6.866006006006004E-01	-1.472763154230634E+02
6.883813813813812E-01	-1.480378344354240E+02
6.901621621621620E-01	-1.488000103920181E+02
6.919429429429428E-01	-1.495628421623087E+02
6.937237237237236E-01	-1.503263286206125E+02
6.955045045045044E-01	-1.510904686460622E+02
6.972852852852852E-01	-1.518552611225764E+02
6.990660660660660E-01	-1.526207049388281E+02
7.008468468468468E-01	-1.533867989882078E+02
7.026276276276276E-01	-1.541535421687954E+02
7.044084084084085E-01	-1.549209333833287E+02
7.061891891891893E-01	-1.556889715391694E+02
7.079699699699701E-01	-1.564576555482718E+02
7.097507507507509E-01	-1.572269843271574E+02
7.115315315315317E-01	-1.579969567968765E+02
7.133123123123125E-01	-1.587675718829837E+02
7.150930930930933E-01	-1.595388285155063E+02
7.168738738738741E-01	-1.603107256289145E+02
7.186546546546549E-01	-1.610832621620884E+02
7.204354354354358E-01	-1.618564370582990E+02
7.222162162162166E-01	-1.626302492651662E+02
7.239969969969974E-01	-1.634046977346379E+02
7.257777777777782E-01	-1.641797814229626E+02
7.275585585585590E-01	-1.649554992906560E+02
7.293393393393398E-01	-1.657318503024794E+02
7.311201201201206E-01	-1.665088334274033E+02
7.329009009009014E-01	-1.672864476385917E+02
7.346816816816822E-01	-1.680646919133646E+02
7.364624624624631E-01	-1.688435652331741E+02
7.382432432432439E-01	-1.696230665835824E+02
7.400240240240247E-01	-1.704031949542286E+02
7.418048048048055E-01	-1.711839493388084E+02
7.435855855855863E-01	-1.719653287350429E+02
7.453663663663671E-01	-1.727473321446564E+02
7.471471471471479E-01	-1.735299585733510E+02
7.489279279279287E-01	-1.743132070307765E+02
7.507087087087095E-01	-1.750970765305128E+02
7.524894894894903E-01	-1.758815660900391E+02
7.542702702702712E-01	-1.766666747307127E+02
7.560510510510520E-01	-1.774524014777421E+02
7.578318318318328E-01	-1.782387453601655E+02
7.596126126126136E-01	-1.790257054108229E+02
7.613933933933944E-01	-1.798132806663361E+02
7.631741741741752E-01	-1.806014701670852E+02
7.649549549549560E-01	-1.813902729571810E+02
7.667357357357368E-01	-1.821796880844458E+02
7.685165165165176E-01	-1.829697146003891E+02
7.702972972972985E-01	-1.837603515601850E+02
7.720780780780793E-01	-1.845515980226478E+02
7.738588588588601E-01	-1.853434530502154E+02
7.756396396396409E-01	-1.861359157089173E+02
7.774204204204217E-01	-1.869289850683635E+02
7.792012012012025E-01	-1.877226602017126E+02
7.809819819819833E-01	-1.885169401856583E+02
7.827627627627641E-01	-1.893118241004040E+02
7.845435435435449E-01	-1.901073110296411E+02
7.863243243243258E-01	-1.909034000605275E+02
7.881051051051066E-01	-1.917000902836699E+02
7.898858858858874E-01	-1.924973807931019E+02
7.916666666666682E-01	-1.932952706862602E+02
7.934474474474490E-01	-1.940937590639674E+02
7.952282282282298E-01	-1.948928450304106E+02
7.970090090090106E-01	-1.956925276931238E+02
7.987897897897914E-01	-1.964928061629612E+02
8.005705705705722E-01	-1.972936795540859E+02
8.023513513513530E-01	-1.980951469839438E+02
8.041321321321339E-01	-1.988972075732486E+02
8.059129129129147E-01	-1.996998604459595E+02
8.076936936936955E-01	-2.005031047292637E+02
8.094744744744763E-01	-2.013069395535549E+02
8.112552552552571E-01	-2.021113640524204E+02
8.130360360360379E-01	-2.029163773626133E+02
8.148168168168187E-01	-2.037219786240439E+02
8.165975975975995E-01	-2.045281669797528E+02
8.183783783783803E-01	-2.053349415758985E+02
8.201591591591612E-01	-2.061423015617379E+02
8.219399399399420E-01	-2.069502460896060E+02
8.237207207207228E-01	-2.077587743148993E+02
8.255015015015036E-01	-2.085678853960603E+02
8.272822822822844E-01	-2.093775784945578E+02
8.290630630630652E-01	-2.101878527748704E+02
8.308438438438460E-01	-2.109987074044666E+02
8.326246246246268E-01	-2.118101415537926E+02
8.344054054054076E-01	-2.126221543962506E+02
8.361861861861885E-01	-2.134347451081871E+02
8.379669669669693E-01	-2.142479128688706E+02
8.397477477477501E-01	-2.150616568604773E+02
8.415285285285309E-01	-2.158759762680770E+02
8.433093093093117E-01	-2.166908702796118E+02
8.450900900900925E-01	-2.175063380858865E+02
8.468708708708733E-01	-2.183223788805444E+02
8.486516516516541E-01	-2.191389918600603E+02
8.504324324324349E-01	-2.199561762237167E+02
8.522132132132157E-01	-2.207739311735922E+02
8.539939939939966E-01	-2.215922559145479E+02
8.557747747747774E-01	-2.224111496542059E+02
8.575555555555582E-01	-2.232306116029390E+02
8.593363363363390E-01	-2.240506409738546E+02
8.611171171171198E-01	-2.248712369827749E+02
8.628978978979006E-01	-2.256923988482308E+02
8.646786786786814E-01	-2.265141257914402E+02
8.664594594594622E-01	-2.273364170362943E+02
8.682402402402430E-01	-2.281592718093439E+02
8.700210210210239E-01	-2.289826893397849E+02
8.718018018018047E-01	-2.298066688594436E+02
8.735825825825855E-01	-2.306312096027623E+02
8.753633633633663E-01	-2.314563108067860E+02
8.771441441441471E-01	-2.322819717111452E+02
8.789249249249279E-01	-2.331081915580462E+02
8.807057057057087E-01	-2.339349695922556E+02
8.824864864864895E-01	-2.347623050610832E+02
8.842672672672703E-01	-2.355901972143733E+02
8.860480480480512E-01	-2.364186453044890E+02
8.878288288288320E-01	-2.372476485862971E+02
8.896096096096128E-01	-2.380772063171580E+02
8.913903903903936E-01	-2.389073177569085E+02
8.931711711711744E-01	-2.397379821678519E+02
8.949519519519552E-01	-2.405691988147441E+02
8.967327327327360E-01	-2.414009669647789E+02
8.985135135135168E-01	-2.422332858875761E+02
9.002942942942976E-01	-2.430661548551716E+02
9.020750750750784E-01	-2.438995731419996E+02
9.038558558558593E-01	-2.447335400248826E+02
9.056366366366401E-01	-2.455680547830189E+02
9.074174174174209E-01	-2.464031166979689E+02
9.091981981982017E-01	-2.472387250536449E+02
9.109789789789825E-01	-2.480748791362967E+02
9.127597597597633E-01	-2.489115782345016E+02
9.145405405405441E-01	-2.497488216391484E+02
9.163213213213249E-01	-2.505866086434316E+02
9.181021021021057E-01	-2.514249385428320E+02
9.198828828828866E-01	-2.522638106351110E+02
9.216636636636674E-01	-2.531032242202955E+02
9.234444444444482E-01	-2.539431786006671E+02
9.252252252252290E-01	-2.547836730807530E+02
9.270060060060098E-01	-2.556247069673086E+02
9.287867867867906E-01	-2.564662795693102E+02
9.305675675675714E-01	-2.573083901979462E+02
9.323483483483522E-01	-2.581510381665985E+02
9.341291291291330E-01	-2.589942227908377E+02
9.359099099099139E-01	-2.598379433884097E+02
9.376906906906947E-01	-2.606821992792229E+02
9.394714714714755E-01	-2.615269897853418E+02
9.412522522522563E-01	-2.623723142309714E+02
9.430330330330371E-01	-2.632181719424480E+02
9.448138138138179E-01	-2.640645622482289E+02
9.465945945945987E-01	-2.649114844788846E+02
9.483753753753795E-01	-2.657589379670808E+02
9.501561561561603E-01	-2.666069220475747E+02
9.519369369369411E-01	-2.674554360572020E+02
9.537177177177220E-01	-2.683044793348654E+02
9.554984984985028E-01	-2.691540512215274E+02
9.572792792792836E-01	-2.700041510601973E+02
9.590600600600644E-01	-2.708547781959228E+02
9.608408408408452E-01	-2.717059319757777E+02
9.626216216216260E-01	-2.725576117488527E+02
9.644024024024068E-01	-2.734098168662499E+02
9.661831831831876E-01	-2.742625466810637E+02
9.679639639639684E-01	-2.751158005483808E+02
9.697447447447493E-01	-2.759695778252631E+02
9.715255255255301E-01	-2.768238778707437E+02
9.733063063063109E-01	-2.776787000458094E+02
9.750870870870917E-01	-2.785340437134023E+02
9.768678678678725E-01	-2.793899082384000E+02
9.786486486486533E-01	-2.802462929876115E+02
9.804294294294341E-01	-2.811031973297663E+02
9.822102102102149E-01	-2.819606206355088E+02
9.839909909909957E-01	-2.828185622773794E+02
9.857717717717766E-01	-2.836770216298164E+02
9.875525525525574E-01	-2.845359980691410E+02
9.893333333333382E-01	-2.853954909735498E+02
9.911141141141190E-01	-2.862554997231036E+02
9.928948948948998E-01	-2.871160236997225E+02
9.946756756756806E-01	-2.879770622871729E+02
9.964564564564614E-01	-2.888386148710606E+02
9.982372372372422E-01	-2.897006808388242E+02
1.000018018018023E+00	-2.905632595797206E+02
1.001798798798804E+00	-2.914263504848232E+02
1.003579579579585E+00	-2.922899529470069E+02
1.005360360360365E+00	-2.931540663609467E+02
1.007141141141146E+00	-2.940186901231004E+02
1.008921921921927E+00	-2.948838236317083E+02
1.010702702702708E+00	-2.957494662867794E+02
1.012483483483489E+00	-2.966156174900880E+02
1.014264264264269E+00	-2.974822766451575E+02
1.016045045045050E+00	-2.983494431572631E+02
1.017825825825831E+00	-2.992171164334136E+02
1.019606606606612E+00	-3.000852958823493E+02
1.021387387387393E+00	-3.009539809145313E+02
1.023168168168173E+00	-3.018231709421352E+02
1.024948948948954E+00	-3.026928653790415E+02
1.026729729729735E+00	-3.035630636408277E+02
1.028510510510516E+00	-3.044337651447622E+02
1.030291291291297E+00	-3.053049693097960E+02
1.032072072072078E+00	-3.061766755565550E+02
1.033852852852858E+00	-3.070488833073282E+02
1.035633633633639E+00	-3.079215919860676E+02
1.037414414414420E+00	-3.087948010183741E+02
1.039195195195201E+00	-3.096685098314924E+02
1.040975975975982E+00	-3.105427178543041E+02
1.042756756756762E+00	-3.114174245173213E+02
1.044537537537543E+00	-3.122926292526745E+02
1.046318318318324E+00	-3.131683314941101E+02
1.048099099099105E+00	-3.140445306769802E+02
1.049879879879886E+00	-3.149212262382366E+02
1.051660660660666E+00	-3.157984176164246E+02
1.053441441441447E+00	-3.166761042516714E+02
1.055222222222228E+00	-3.175542855856861E+02
1.057003003003009E+00	-3.184329610617447E+02
1.058783783783790E+00	-3.193121301246892E+02
1.060564564564570E+00	-3.201917922209159E+02
1.062345345345351E+00	-3.210719467983754E+02
1.064126126126132E+00	-3.219525933065565E+02
1.065906906906913E+00	-3.228337311964851E+02
1.067687687687694E+00	-3.237153599207172E+02
1.069468468468475E+00	-3.245974789333295E+02
1.071249249249255E+00	-3.254800876899153E+02
1.073030030030036E+00	-3.263631856475768E+02
1.074810810810817E+00	-3.272467722649176E+02
1.076591591591598E+00	-3.281308470020349E+02
1.078372372372379E+00	-3.290154093205197E+02
1.080153153153159E+00	-3.299004586834412E+02
1.081933933933940E+00	-3.307859945553441E+02
1.083714714714721E+00	-3.316720164022445E+02
1.085495495495502E+00	-3.325585236916204E+02
1.087276276276283E+00	-3.334455158924065E+02
1.089057057057063E+00	-3.343329924749896E+02
1.090837837837844E+00	-3.352209529111933E+02
1.092618618618625E+00	-3.361093966742860E+02
1.094399399399406E+00	-3.369983232389650E+02
1.096180180180187E+00	-3.378877320813522E+02
1.097960960960968E+00	-3.387776226789861E+02
1.099741741741748E+00	-3.396679945108226E+02
1.101522522522529E+00	-3.405588470572216E+02
1.103303303303310E+00	-3.414501797999424E+02
1.105084084084091E+00	-3.423419922221410E+02
1.106864864864872E+00	-3.432342838083596E+02
1.108645645645652E+00	-3.441270540445257E+02
1.110426426426433E+00	-3.450203024179414E+02
1.112207207207214E+00	-3.459140284172786E+02
1.113987987987995E+00	-3.468082315325787E+02
1.115768768768776E+00	-3.477029112552359E+02
1.117549549549556E+00	-3.485980670780018E+02
1.119330330330337E+00	-3.494936984949741E+02
1.121111111111118E+00	-3.503898050015941E+02
1.122891891891899E+00	-3.512863860946354E+02
1.124672672672680E+00	-3.521834412722055E+02
1.126453453453460E+00	-3.530809700337354E+02
1.128234234234241E+00	-3.539789718799752E+02
1.130015015015022E+00	-3.548774463129898E+02
1.131795795795803E+00	-3.557763928361514E+02
1.133576576576584E+00	-3.566758109541333E+02
1.135357357357365E+00	-3.575757001729098E+02
1.137138138138145E+00	-3.584760599997430E+02
1.138918918918926E+00	-3.593768899431843E+02
1.140699699699707E+00	-3.602781895130656E+02
1.142480480480488E+00	-3.611799582204922E+02
1.144261261261269E+00	-3.620821955778429E+02
1.146042042042049E+00	-3.629849010987600E+02
1.147822822822830E+00	-3.638880742981460E+02
1.149603603603611E+00	-3.647917146921573E+02
1.151384384384392E+00	-3.656958217982010E+02
1.153165165165173E+00	-3.666003951349285E+02
1.154945945945953E+00	-3.675054342222297E+02
1.156726726726734E+00	-3.684109385812280E+02
1.158507507507515E+00	-3.693169077342777E+02
1.160288288288296E+00	-3.702233412049550E+02
1.162069069069077E+00	-3.711302385180566E+02
1.163849849849858E+00	-3.720375991995925E+02
1.165630630630638E+00	-3.729454227767824E+02
1.167411411411419E+00	-3.738537087780487E+02
1.169192192192200E+00	-3.747624567330163E+02
1.170972972972981E+00	-3.756716661724986E+02
1.172753753753762E+00	-3.765813366285056E+02
1.174534534534542E+00	-3.774914676342260E+02
1.176315315315323E+00	-3.784020587240311E+02
1.178096096096104E+00	-3.793131094334681E+02
1.179876876876885E+00	-3.802246192992534E+02
1.181657657657666E+00	-3.811365878592683E+02
1.183438438438446E+00	-3.820490146525567E+02
1.185219219219227E+00	-3.829618992193177E+02
1.187000000000008E+00	-3.838752411009023E+02
1.188780780780789E+00	-3.847890398398108E+02
1.190561561561570E+00	-3.857032949796803E+02
1.192342342342350E+00	-3.866180060652928E+02
1.194123123123131E+00	-3.875331726425593E+02
1.195903903903912E+00	-3.884487942585220E+02
1.197684684684693E+00	-3.893648704613456E+02
1.199465465465474E+00	-3.902814008003152E+02
1.201246246246255E+00	-3.911983848258310E+02
1.203027027027035E+00	-3.921158220894072E+02
1.204807807807816E+00	-3.930337121436633E+02
1.206588588588597E+00	-3.939520545423184E+02
1.208369369369378E+00	-3.948708488401908E+02
1.210150150150159E+00	-3.957900945931956E+02
1.211930930930939E+00	-3.967097913583357E+02
1.213711711711720E+00	-3.976299386936976E+02
1.215492492492501E+00	-3.985505361584496E+02
1.217273273273282E+00	-3.994715833128366E+02
1.219054054054063E+00	-4.003930797181774E+02
1.220834834834843E+00	-4.013150249368564E+02
1.222615615615624E+00	-4.022374185323247E+02
1.224396396396405E+00	-4.031602600690921E+02
1.226177177177186E+00	-4.040835491127254E+02
1.227957957957967E+00	-4.050072852298413E+02
1.229738738738748E+00	-4.059314679881049E+02
1.231519519519528E+00	-4.068560969562272E+02
1.233300300300309E+00	-4.077811717039549E+02
1.235081081081090E+00	-4.087066918020741E+02
1.236861861861871E+00	-4.096326568223999E+02
1.238642642642652E+00	-4.105590663377761E+02
1.240423423423432E+00	-4.114859199220728E+02
1.242204204204213E+00	-4.124132171501747E+02
1.243984984984994E+00	-4.133409575979858E+02
1.245765765765775E+00	-4.142691408424230E+02
1.247546546546556E+00	-4.151977664614092E+02
1.249327327327336E+00	-4.161268340338720E+02
1.251108108108117E+00	-4.170563431397413E+02
1.252888888888898E+00	-4.179862933599425E+02
1.254669669669679E+00	-4.189166842763934E+02
1.256450450450460E+00	-4.198475154720022E+02
1.258231231231240E+00	-4.207787865306614E+02
1.260012012012021E+00	-4.217104970372457E+02
1.261792792792802E+00	-4.226426465776094E+02
1.263573573573583E+00	-4.235752347385783E+02
1.265354354354364E+00	-4.245082611079529E+02
1.267135135135145E+00	-4.254417252744956E+02
1.268915915915925E+00	-4.263756268279367E+02
1.270696696696706E+00	-4.273099653589643E+02
1.272477477477487E+00	-4.282447404592231E+02
1.274258258258268E+00	-4.291799517213094E+02
1.276039039039049E+00	-4.301155987387720E+02
1.277819819819829E+00	-4.310516811061007E+02
1.279600600600610E+00	-4.319881984187314E+02
1.281381381381391E+00	-4.329251502730349E+02
1.283162162162172E+00	-4.338625362663224E+02
1.284942942942953E+00	-4.348003559968311E+02
1.286723723723733E+00	-4.357386090637287E+02
1.288504504504514E+00	-4.366772950671084E+02
1.290285285285295E+00	-4.376164136079842E+02
1.292066066066076E+00	-4.385559642882877E+02
1.293846846846857E+00	-4.394959467108647E+02
1.295627627627638E+00	-4.404363604794744E+02
1.297408408408418E+00	-4.413772051987817E+02
1.299189189189199E+00	-4.423184804743564E+02
1.300969969969980E+00	-4.432601859126703E+02
1.302750750750761E+00	-4.442023211210926E+02
1.304531531531542E+00	-4.451448857078885E+02
1.306312312312322E+00	-4.460878792822127E+02
1.308093093093103E+00	-4.470313014541084E+02
1.309873873873884E+00	-4.479751518345065E+02
1.311654654654665E+00	-4.489194300352165E+02
1.313435435435446E+00	-4.498641356689259E+02
1.315216216216226E+00	-4.508092683492023E+02
1.316996996997007E+00	-4.517548276904799E+02
1.318777777777788E+00	-4.527008133080653E+02
1.320558558558569E+00	-4.536472248181331E+02
1.322339339339350E+00	-4.545940618377144E+02
1.324120120120130E+00	-4.555413239847044E+02
1.325900900900911E+00	-4.564890108778550E+02
1.327681681681692E+00	-4.574371221367724E+02
1.329462462462473E+00	-4.583856573819094E+02
1.331243243243254E+00	-4.593346162345701E+02
1.333024024024035E+00	-4.602839983169001E+02
1.334804804804815E+00	-4.612338032518905E+02
1.336585585585596E+00	-4.621840306633685E+02
1.338366366366377E+00	-4.631346801759946E+02
1.340147147147158E+00	-4.640857514152658E+02
1.341927927927939E+00	-4.650372440075075E+02
1.343708708708719E+00	-4.659891575798692E+02
1.345489489489500E+00	-4.669414917603272E+02
1.347270270270281E+00	-4.678942461776783E+02
1.349051051051062E+00	-4.688474204615359E+02
1.350831831831843E+00	-4.698010142423277E+02
1.352612612612623E+00	-4.707550271512978E+02
1.354393393393404E+00	-4.717094588204932E+02
1.356174174174185E+00	-4.726643088827745E+02
1.357954954954966E+00	-4.736195769717992E+02
1.359735735735747E+00	-4.745752627220313E+02
1.361516516516527E+00	-4.755313657687293E+02
1.363297297297308E+00	-4.764878857479489E+02
1.365078078078089E+00	-4.774448222965357E+02
1.366858858858870E+00	-4.784021750521279E+02
1.368639639639651E+00	-4.793599436531495E+02
1.370420420420432E+00	-4.803181277388094E+02
1.372201201201212E+00	-4.812767269490973E+02
1.373981981981993E+00	-4.822357409247802E+02
1.375762762762774E+00	-4.831951693074070E+02
1.377543543543555E+00	-4.841550117392912E+02
1.379324324324336E+00	-4.851152678635262E+02
1.381105105105116E+00	-4.860759373239671E+02
1.382885885885897E+00	-4.870370197652383E+02
1.384666666666678E+00	-4.879985148327219E+02
1.386447447447459E+00	-4.889604221725690E+02
1.388228228228240E+00	-4.899227414316797E+02
1.390009009009020E+00	-4.908854722577130E+02
1.391789789789801E+00	-4.918486142990823E+02
1.393570570570582E+00	-4.928121672049456E+02
1.395351351351363E+00	-4.937761306252141E+02
1.397132132132144E+00	-4.947405042105402E+02
1.398912912912925E+00	-4.957052876123189E+02
1.400693693693705E+00	-4.966704804826868E+02
1.402474474474486E+00	-4.976360824745143E+02
1.404255255255267E+00	-4.986020932414121E+02
1.406036036036048E+00	-4.995685124377169E+02
1.407816816816829E+00	-5.005353397184999E+02
1.409597597597609E+00	-5.015025747395566E+02
1.411378378378390E+00	-5.024702171574090E+02
1.413159159159171E+00	-5.034382666293022E+02
1.414939939939952E+00	-5.044067228131998E+02
1.416720720720733E+00	-5.053755853677831E+02
1.418501501501513E+00	-5.063448539524488E+02
1.420282282282294E+00	-5.073145282273072E+02
1.422063063063075E+00	-5.082846078531784E+02
1.423843843843856E+00	-5.092550924915904E+02
1.425624624624637E+00	-5.102259818047778E+02
1.427405405405417E+00	-5.111972754556782E+02
1.429186186186198E+00	-5.121689731079277E+02
1.430966966966979E+00	-5.131410744258656E+02
1.432747747747760E+00	-5.141135790745229E+02
1.434528528528541E+00	-5.150864867196287E+02
1.436309309309322E+00	-5.160597970276012E+02
1.438090090090102E+00	-5.170335096655481E+02
1.439870870870883E+00	-5.180076243012663E+02
1.441651651651664E+00	-5.189821406032361E+02
1.443432432432445E+00	-5.199570582406204E+02
1.445213213213226E+00	-5.209323768832628E+02
1.446993993994006E+00	-5.219080962016851E+02
1.448774774774787E+00	-5.228842158670850E+02
1.450555555555568E+00	-5.238607355513332E+02
1.452336336336349E+00	-5.248376549269742E+02
1.454117117117130E+00	-5.258149736672185E+02
1.455897897897910E+00	-5.267926914459458E+02
1.457678678678691E+00	-5.277708079377026E+02
1.459459459459472E+00	-5.287493228176936E+02
1.461240240240253E+00	-5.297282357617869E+02
1.463021021021034E+00	-5.307075464465097E+02
1.464801801801815E+00	-5.316872545490442E+02
1.466582582582595E+00	-5.326673597472272E+02
1.468363363363376E+00	-5.336478617195471E+02
1.470144144144157E+00	-5.346287601451440E+02
1.471924924924938E+00	-5.356100547038041E+02
1.473705705705719E+00	-5.365917450759598E+02
1.475486486486499E+00	-5.375738309426879E+02
1.477267267267280E+00	-5.385563119857070E+02
1.479048048048061E+00	-5.395391878873716E+02
1.480828828828842E+00	-5.405224583306808E+02
1.482609609609623E+00	-5.415061229992643E+02
1.484390390390403E+00	-5.424901815773837E+02
1.486171171171184E+00	-5.434746337499364E+02
1.487951951951965E+00	-5.444594792024491E+02
1.489732732732746E+00	-5.454447176210706E+02
1.491513513513527E+00	-5.464303486925810E+02
1.493294294294307E+00	-5.474163721043797E+02
1.495075075075088E+00	-5.484027875444890E+02
1.496855855855869E+00	-5.493895947015544E+02
1.498636636636650E+00	-5.503767932648325E+02
1.500417417417431E+00	-5.513643829241983E+02
1.502198198198212E+00	-5.523523633701398E+02
1.503978978978992E+00	-5.533407342937580E+02
1.505759759759773E+00	-5.543294953867653E+02
1.507540540540554E+00	-5.553186463414750E+02
1.509321321321335E+00	-5.563081868508143E+02
1.511102102102116E+00	-5.572981166083073E+02
1.512882882882896E+00	-5.582884353080872E+02
1.514663663663677E+00	-5.592791426448821E+02
1.516444444444458E+00	-5.602702383140195E+02
1.518225225225239E+00	-5.612617220114244E+02
1.520006006006020E+00	-5.622535934336165E+02
1.521786786786800E+00	-5.632458522777051E+02
1.523567567567581E+00	-5.642384982413969E+02
1.525348348348362E+00	-5.652315310229797E+02
1.527129129129143E+00	-5.662249503213334E+02
1.528909909909924E+00	-5.672187558359237E+02
1.530690690690705E+00	-5.682129472667957E+02
1.532471471471485E+00	-5.692075243145800E+02
1.534252252252266E+00	-5.702024866804868E+02
1.536033033033047E+00	-5.711978340663018E+02
1.537813813813828E+00	-5.721935661743873E+02
1.539594594594609E+00	-5.731896827076844E+02
1.541375375375389E+00	-5.741861833697039E+02
1.543156156156170E+00	-5.751830678645256E+02
1.544936936936951E+00	-5.761803358968036E+02
1.546717717717732E+00	-5.771779871717554E+02
1.548498498498513E+00	-5.781760213951648E+02
1.550279279279293E+00	-5.791744382733805E+02
1.552060060060074E+00	-5.801732375133142E+02
1.553840840840855E+00	-5.811724188224352E+02
1.555621621621636E+00	-5.821719819087766E+02
1.557402402402417E+00	-5.831719264809235E+02
1.559183183183197E+00	-5.841722522480222E+02
1.560963963963978E+00	-5.851729589197648E+02
1.562744744744759E+00	-5.861740462064035E+02
1.564525525525540E+00	-5.871755138187355E+02
1.566306306306321E+00	-5.881773614681088E+02
1.568087087087102E+00	-5.891795888664201E+02
1.569867867867882E+00	-5.901821957261072E+02
1.571648648648663E+00	-5.911851817601564E+02
1.573429429429444E+00	-5.921885466820922E+02
1.575210210210225E+00	-5.931922902059823E+02
1.576990990991006E+00	-5.941964120464318E+02
1.578771771771786E+00	-5.952009119185841E+02
1.580552552552567E+00	-5.962057895381158E+02
1.582333333333348E+00	-5.972110446212409E+02
1.584114114114129E+00	-5.982166768847046E+02
1.585894894894910E+00	-5.992226860457813E+02
1.587675675675690E+00	-6.002290718222757E+02
1.589456456456471E+00	-6.012358339325219E+02
1.591237237237252E+00	-6.022429720953751E+02
1.593018018018033E+00	-6.032504860302224E+02
1.594798798798814E+00	-6.042583754569660E+02
1.596579579579595E+00	-6.052666400960361E+02
1.598360360360375E+00	-6.062752796683762E+02
1.600141141141156E+00	-6.072842938954554E+02
1.601921921921937E+00	-6.082936824992530E+02
1.603702702702718E+00	-6.093034452022675E+02
1.605483483483499E+00	-6.103135817275106E+02
1.607264264264279E+00	-6.113240917985040E+02
1.609045045045060E+00	-6.123349751392798E+02
1.610825825825841E+00	-6.133462314743847E+02
1.612606606606622E+00	-6.143578605288667E+02
1.614387387387403E+00	-6.153698620282821E+02
1.616168168168183E+00	-6.163822356986939E+02
1.617948948948964E+00	-6.173949812666633E+02
1.619729729729745E+00	-6.184080984592601E+02
1.621510510510526E+00	-6.194215870040480E+02
1.623291291291307E+00	-6.204354466290924E+02
1.625072072072087E+00	-6.214496770629576E+02
1.626852852852868E+00	-6.224642780347003E+02
1.628633633633649E+00	-6.234792492738707E+02
1.630414414414430E+00	-6.244945905105187E+02
1.632195195195211E+00	-6.255103014751776E+02
1.633975975975992E+00	-6.265263818988751E+02
1.635756756756772E+00	-6.275428315131294E+02
1.637537537537553E+00	-6.285596500499414E+02
1.639318318318334E+00	-6.295768372417997E+02
1.641099099099115E+00	-6.305943928216775E+02
1.642879879879896E+00	-6.316123165230338E+02
1.644660660660676E+00	-6.326306080798013E+02
1.646441441441457E+00	-6.336492672264012E+02
1.648222222222238E+00	-6.346682936977313E+02
1.650003003003019E+00	-6.356876872291623E+02
1.651783783783800E+00	-6.367074475565478E+02
1.653564564564580E+00	-6.377275744162143E+02
1.655345345345361E+00	-6.387480675449551E+02
1.657126126126142E+00	-6.397689266800444E+02
1.658906906906923E+00	-6.407901515592230E+02
1.660687687687704E+00	-6.418117419207010E+02
1.662468468468485E+00	-6.428336975031543E+02
1.664249249249265E+00	-6.438560180457334E+02
1.666030030030046E+00	-6.448787032880437E+02
1.667810810810827E+00	-6.459017529701605E+02
1.669591591591608E+00	-6.469251668326215E+02
1.671372372372389E+00	-6.479489446164243E+02
1.673153153153169E+00	-6.489730860630270E+02
1.674933933933950E+00	-6.499975909143477E+02
1.676714714714731E+00	-6.510224589127592E+02
1.678495495495512E+00	-6.520476898010929E+02
1.680276276276293E+00	-6.530732833226339E+02
1.682057057057073E+00	-6.540992392211201E+02
1.683837837837854E+00	-6.551255572407417E+02
1.685618618618635E+00	-6.561522371261444E+02
1.687399399399416E+00	-6.571792786224169E+02
1.689180180180197E+00	-6.582066814750988E+02
1.690960960960977E+00	-6.592344454301792E+02
1.692741741741758E+00	-6.602625702340902E+02
1.694522522522539E+00	-6.612910556337101E+02
1.696303303303320E+00	-6.623199013763606E+02
1.698084084084101E+00	-6.633491072098050E+02
1.699864864864882E+00	-6.643786728822452E+02
1.701645645645662E+00	-6.654085981423295E+02
1.703426426426443E+00	-6.664388827391385E+02
1.705207207207224E+00	-6.674695264221918E+02
1.706987987988005E+00	-6.685005289414466E+02
1.708768768768786E+00	-6.695318900472921E+02
1.710549549549566E+00	-6.705636094905531E+02
1.712330330330347E+00	-6.715956870224863E+02
1.714111111111128E+00	-6.726281223947808E+02
1.715891891891909E+00	-6.736609153595537E+02
1.717672672672690E+00	-6.746940656693532E+02
1.719453453453470E+00	-6.757275730771516E+02
1.721234234234251E+00	-6.767614373363494E+02
1.723015015015032E+00	-6.777956582007773E+02
1.724795795795813E+00	-6.788302354246816E+02
1.726576576576594E+00	-6.798651687627371E+02
1.728357357357375E+00	-6.809004579700395E+02
1.730138138138155E+00	-6.819361028021031E+02
1.731918918918936E+00	-6.829721030148648E+02
1.733699699699717E+00	-6.840084583646749E+02
1.735480480480498E+00	-6.850451686083088E+02
1.737261261261279E+00	-6.860822335029507E+02
1.739042042042059E+00	-6.871196528062028E+02
1.740822822822840E+00	-6.881574262760787E+02
1.742603603603621E+00	-6.891955536710093E+02
1.744384384384402E+00	-6.902340347498348E+02
1.746165165165183E+00	-6.912728692718010E+02
1.747945945945963E+00	-6.923120569965695E+02
1.749726726726744E+00	-6.933515976842082E+02
1.751507507507525E+00	-6.943914910951908E+02
1.753288288288306E+00	-6.954317369904002E+02
1.755069069069087E+00	-6.964723351311168E+02
1.756849849849867E+00	-6.975132852790330E+02
1.758630630630648E+00	-6.985545871962404E+02
1.760411411411429E+00	-6.995962406452318E+02
1.762192192192210E+00	-7.006382453889000E+02
1.763972972972991E+00	-7.016806011905401E+02
1.765753753753772E+00	-7.027233078138406E+02
1.767534534534552E+00	-7.037663650228933E+02
1.769315315315333E+00	-7.048097725821817E+02
1.771096096096114E+00	-7.058535302565861E+02
1.772876876876895E+00	-7.068976378113821E+02
1.774657657657676E+00	-7.079420950122358E+02
1.776438438438456E+00	-7.089869016252032E+02
1.778219219219237E+00	-7.100320574167399E+02
1.780000000000018E+00	-7.110775621536832E+02
