# mass, thermodynamic potential
3.107535578994751E+02	-3.473914759524632E-03
3.095786323165894E+02	-1.698821134959871E-02
3.083884479599000E+02	-3.548187620390308E-02
3.072135223770142E+02	-5.746735269849523E-02
3.060385967941285E+02	-8.184550117630351E-02
3.048522271308900E+02	-1.076613405430180E-01
3.036773015480042E+02	-1.350522718421416E-01
3.025023759651185E+02	-1.634141259678472E-01
3.013198209953309E+02	-1.921596397805843E-01
3.001448954124451E+02	-2.216916211555144E-01
2.989623404426574E+02	-2.511568219865694E-01
2.977797854728699E+02	-2.807409841930166E-01
2.965972305030823E+02	-3.103298022583658E-01
2.954146755332947E+02	-3.398283317378628E-01
2.942244911766053E+02	-3.686240166543939E-01
2.930419362068176E+02	-3.976844459775748E-01
2.918517518501282E+02	-4.258549222022339E-01
2.906615674934387E+02	-4.536249013053748E-01
2.894637537498475E+02	-4.802921848313417E-01
2.882659400062561E+02	-5.064296297787223E-01
2.870681262626647E+02	-5.320158601170988E-01
2.858626831321716E+02	-5.562720809234634E-01
2.846648693885804E+02	-5.806817066049916E-01
2.834517968711853E+02	-6.028557661879859E-01
2.822463537406922E+02	-6.251759764500093E-01
2.810332812232971E+02	-6.459625687857624E-01
2.798202087059021E+02	-6.660472954672514E-01
2.785995068016052E+02	-6.844916719624052E-01
2.773788048973083E+02	-7.021955042205263E-01
2.761504736061096E+02	-7.181672212900594E-01
2.749221423149109E+02	-7.333726687957096E-01
2.736938110237122E+02	-7.478322450442647E-01
2.724578503456116E+02	-7.604751267276697E-01
2.712142602806092E+02	-7.712407720637202E-01
2.699706702156067E+02	-7.812215177873441E-01
2.687270801506043E+02	-7.904466348372807E-01
2.674758606986999E+02	-7.977424671989866E-01
2.662246412467957E+02	-8.042914106035823E-01
2.649657924079895E+02	-8.088697047587630E-01
2.636993141822815E+02	-8.114336119451764E-01
2.624328359565735E+02	-8.132530332695751E-01
2.611663577308655E+02	-8.143675851847547E-01
2.598922501182556E+02	-8.134559935056132E-01
2.586105131187439E+02	-8.104843684359366E-01
2.573287761192321E+02	-8.068335175275934E-01
2.560394097328186E+02	-8.011122747248010E-01
2.547424139595032E+02	-7.932940585492361E-01
2.534454181861877E+02	-7.848397091838706E-01
2.521407930259705E+02	-7.742905640770914E-01
2.508361678657532E+02	-7.631587549412870E-01
2.495239133186340E+02	-7.499417775834445E-01
2.482040293846130E+02	-7.346244761970411E-01
2.468841454505920E+02	-7.187937328571934E-01
2.455490027427673E+02	-6.992626689966528E-01
2.442214894218445E+02	-6.808872083329334E-01
2.428787173271179E+02	-6.587972966526650E-01
2.415359452323914E+02	-6.362964578556785E-01
2.401779143638611E+02	-6.100340727143703E-01
2.388275128822327E+02	-5.851289154029473E-01
2.374618526268005E+02	-5.564666465829760E-01
2.360885629844665E+02	-5.257592635075525E-01
2.347152733421325E+02	-4.948004070556635E-01
2.333343543128967E+02	-4.618540751503133E-01
2.319458058967590E+02	-4.269330333090693E-01
2.305496280937195E+02	-3.900526264415021E-01
2.291458209037781E+02	-3.512307915698329E-01
2.277343843269348E+02	-3.104880708842757E-01
2.263229477500915E+02	-2.697402744329338E-01
2.248962523994446E+02	-2.252445756098496E-01
2.234695570487976E+02	-1.808305100516918E-01
2.220276029243469E+02	-1.326940494727751E-01
2.205856487998962E+02	-8.473498410194225E-02
2.191284359016418E+02	-3.309122223208760E-02
2.176712230033875E+02	1.827027660237945E-02
2.161987513313293E+02	7.326641911959086E-02
2.147186502723694E+02	1.298808182873472E-01
2.132309198265075E+02	1.880661687819156E-01
2.117355599937439E+02	2.477724145692264E-01
2.102325707740784E+02	3.089467370646162E-01
2.087219521675109E+02	3.715335437818794E-01
2.071960747871399E+02	4.375517107150699E-01
2.056625680198669E+02	5.048851878232199E-01
2.041214318656922E+02	5.734685676870868E-01
2.025650369377136E+02	6.453431679574351E-01
2.010086420097351E+02	7.162285273707312E-01
1.994293589210511E+02	7.924073964586569E-01
1.978500758323669E+02	8.674432178531788E-01
1.962555339698791E+02	9.455200758361570E-01
1.946457333335877E+02	1.026577336808259E+00
1.930283033103943E+02	1.108387189429322E+00
1.913956145133972E+02	1.193024453787075E+00
1.897552963294983E+02	1.278237481259566E+00
1.880997193717957E+02	1.366105567884915E+00
1.864365130271912E+02	1.454355178126661E+00
1.847504185218811E+02	1.547257775337584E+00
1.830566946296692E+02	1.640338136951868E+00
1.813477119636535E+02	1.735675798562170E+00
1.796310999107361E+02	1.830957800648775E+00
1.778915996971131E+02	1.930463868202878E+00
1.761368407096863E+02	2.031870567423084E+00
1.743668229484558E+02	2.135045250826806E+00
1.725815464134216E+02	2.239848352813169E+00
1.707810111045837E+02	2.346133315046700E+00
1.689652170219422E+02	2.453746516245701E+00
1.671265347785950E+02	2.564730695949493E+00
1.652649643745422E+02	2.678911125172817E+00
1.633957645835877E+02	2.791705007533437E+00
1.614960472450256E+02	2.909520213786436E+00
1.595810711326599E+02	3.027757694997490E+00
1.576432068595886E+02	3.148398142933729E+00
1.556900838127136E+02	3.269032986140246E+00
1.537064432182312E+02	3.393784373455674E+00
1.517018218097687E+02	3.519671596387525E+00
1.496685902004242E+02	3.648589057827849E+00
1.476124704303741E+02	3.778625914533222E+00
1.455296478061676E+02	3.910554987451178E+00
1.434201223278046E+02	4.044050959898414E+00
1.412800793018341E+02	4.179828296878441E+00
1.391057040348053E+02	4.318558326628590E+00
1.369046259136200E+02	4.457737293920673E+00
1.346654008579254E+02	4.600072239849396E+00
1.323918435611725E+02	4.744049029464350E+00
1.300801393299103E+02	4.890196062176074E+00
1.277302881641388E+02	5.037971602284415E+00
1.253384753704071E+02	5.187803018447084E+00
1.229047009487152E+02	5.339058857173313E+00
1.204213355121612E+02	5.493024774439618E+00
1.178883790607452E+02	5.648928858246109E+00
1.153020169010162E+02	5.806906003027507E+00
1.126584343395233E+02	5.966991931702523E+00
1.099576313762665E+02	6.128192953397047E+00
1.071881639308929E+02	6.292177010910564E+00
1.043500320034027E+02	6.457690043322600E+00
1.014317915134430E+02	6.626017875810248E+00
9.843344246101378E+01	6.795588529283123E+00
9.533972607231141E+01	6.968063939205422E+00
9.215064234733580E+01	7.141423699453298E+00
8.884711781883240E+01	7.317460383523212E+00
8.542152309989930E+01	7.495058975361644E+00
8.185097002983093E+01	7.675672172224040E+00
7.812782922172548E+01	7.857044721812144E+00
7.421681476116181E+01	8.041344001369453E+00
7.009503848743439E+01	8.227140148756007E+00
6.571767775249482E+01	8.415251225417705E+00
6.103132684803009E+01	8.605449277584739E+00
5.595969190502167E+01	8.797557760750806E+00
5.038642477321625E+01	8.991591530150345E+00
4.411888343334198E+01	9.187876351720661E+00
3.680850027132034E+01	9.386003683344825E+00
2.763606986856460E+01	9.586235736661820E+00
1.315954664063453E+01	9.788525384605236E+00
0.000000000000000E+00	9.454571092394872E+00
0.000000000000000E+00	8.896356019884934E+00
0.000000000000000E+00	8.336919956730981E+00
0.000000000000000E+00	7.776268209533555E+00
0.000000000000000E+00	7.214406027604127E+00
0.000000000000000E+00	6.651338603954173E+00
0.000000000000000E+00	6.087071076252414E+00
0.000000000000000E+00	5.521608527762965E+00
0.000000000000000E+00	4.954955988262554E+00
0.000000000000000E+00	4.387118434935473E+00
0.000000000000000E+00	3.818100793243957E+00
0.000000000000000E+00	3.247907937785385E+00
0.000000000000000E+00	2.676544693133565E+00
0.000000000000000E+00	2.104015834643633E+00
0.000000000000000E+00	1.530326089259688E+00
0.000000000000000E+00	9.554801362887702E-01
0.000000000000000E+00	3.794826081712017E-01
0.000000000000000E+00	-1.976619087772633E-01
0.000000000000000E+00	-7.759488736378444E-01
0.000000000000000E+00	-1.355373790165231E+00
0.000000000000000E+00	-1.935932206096368E+00
0.000000000000000E+00	-2.517619712464239E+00
0.000000000000000E+00	-3.100431942924388E+00
0.000000000000000E+00	-3.684364573104176E+00
0.000000000000000E+00	-4.269413319958858E+00
0.000000000000000E+00	-4.855573941142666E+00
0.000000000000000E+00	-5.442842234395812E+00
0.000000000000000E+00	-6.031214036939673E+00
0.000000000000000E+00	-6.620685224885619E+00
0.000000000000000E+00	-7.211251712661578E+00
0.000000000000000E+00	-7.802909452441781E+00
0.000000000000000E+00	-8.395654433589698E+00
0.000000000000000E+00	-8.989482682121434E+00
0.000000000000000E+00	-9.584390260166856E+00
0.000000000000000E+00	-1.018037326544891E+01
0.000000000000000E+00	-1.077742783077201E+01
0.000000000000000E+00	-1.137555012351868E+01
0.000000000000000E+00	-1.197473634516291E+01
0.000000000000000E+00	-1.257498273077863E+01
0.000000000000000E+00	-1.317628554857583E+01
0.000000000000000E+00	-1.377864109942630E+01
0.000000000000000E+00	-1.438204571642109E+01
0.000000000000000E+00	-1.498649576441085E+01
0.000000000000000E+00	-1.559198763957966E+01
0.000000000000000E+00	-1.619851776900668E+01
0.000000000000000E+00	-1.680608261024781E+01
0.000000000000000E+00	-1.741467865092091E+01
0.000000000000000E+00	-1.802430240830336E+01
0.000000000000000E+00	-1.863495042892737E+01
0.000000000000000E+00	-1.924661928819205E+01
0.000000000000000E+00	-1.985930558998189E+01
0.000000000000000E+00	-2.047300596628293E+01
0.000000000000000E+00	-2.108771707681899E+01
0.000000000000000E+00	-2.170343560868332E+01
0.000000000000000E+00	-2.232015827598389E+01
0.000000000000000E+00	-2.293788181949503E+01
0.000000000000000E+00	-2.355660300630552E+01
0.000000000000000E+00	-2.417631862948701E+01
0.000000000000000E+00	-2.479702550775983E+01
0.000000000000000E+00	-2.541872048516461E+01
0.000000000000000E+00	-2.604140043074494E+01
0.000000000000000E+00	-2.666506223822580E+01
0.000000000000000E+00	-2.728970282570981E+01
0.000000000000000E+00	-2.791531913537119E+01
0.000000000000000E+00	-2.854190813315245E+01
0.000000000000000E+00	-2.916946680847605E+01
0.000000000000000E+00	-2.979799217395066E+01
0.000000000000000E+00	-3.042748126508650E+01
0.000000000000000E+00	-3.105793114002199E+01
0.000000000000000E+00	-3.168933887923913E+01
0.000000000000000E+00	-3.232170158530107E+01
0.000000000000000E+00	-3.295501638258156E+01
0.000000000000000E+00	-3.358928041700710E+01
0.000000000000000E+00	-3.422449085579547E+01
0.000000000000000E+00	-3.486064488720513E+01
0.000000000000000E+00	-3.549773972028697E+01
0.000000000000000E+00	-3.613577258463783E+01
0.000000000000000E+00	-3.677474073015992E+01
0.000000000000000E+00	-3.741464142682480E+01
0.000000000000000E+00	-3.805547196443877E+01
0.000000000000000E+00	-3.869722965241363E+01
0.000000000000000E+00	-3.933991181953979E+01
0.000000000000000E+00	-3.998351581376619E+01
0.000000000000000E+00	-4.062803900198196E+01
0.000000000000000E+00	-4.127347876979502E+01
0.000000000000000E+00	-4.191983252132741E+01
0.000000000000000E+00	-4.256709767900247E+01
0.000000000000000E+00	-4.321527168333796E+01
0.000000000000000E+00	-4.386435199274865E+01
0.000000000000000E+00	-4.451433608334355E+01
0.000000000000000E+00	-4.516522144872715E+01
0.000000000000000E+00	-4.581700559981209E+01
0.000000000000000E+00	-4.646968606462497E+01
0.000000000000000E+00	-4.712326038811852E+01
0.000000000000000E+00	-4.777772613198977E+01
0.000000000000000E+00	-4.843308087449350E+01
0.000000000000000E+00	-4.908932221026953E+01
0.000000000000000E+00	-4.974644775015940E+01
0.000000000000000E+00	-5.040445512103679E+01
0.000000000000000E+00	-5.106334196563421E+01
0.000000000000000E+00	-5.172310594237570E+01
0.000000000000000E+00	-5.238374472520718E+01
0.000000000000000E+00	-5.304525600343732E+01
0.000000000000000E+00	-5.370763748157106E+01
0.000000000000000E+00	-5.437088687915229E+01
0.000000000000000E+00	-5.503500193060881E+01
0.000000000000000E+00	-5.569998038509402E+01
0.000000000000000E+00	-5.636582000633643E+01
0.000000000000000E+00	-5.703251857248915E+01
0.000000000000000E+00	-5.770007387598071E+01
0.000000000000000E+00	-5.836848372336908E+01
0.000000000000000E+00	-5.903774593519893E+01
0.000000000000000E+00	-5.970785834585649E+01
0.000000000000000E+00	-6.037881880343457E+01
0.000000000000000E+00	-6.105062516958787E+01
0.000000000000000E+00	-6.172327531940118E+01
0.000000000000000E+00	-6.239676714125471E+01
0.000000000000000E+00	-6.307109853668817E+01
0.000000000000000E+00	-6.374626742027249E+01
0.000000000000000E+00	-6.442227171948343E+01
0.000000000000000E+00	-6.509910937456925E+01
0.000000000000000E+00	-6.577677833842745E+01
0.000000000000000E+00	-6.645527657648108E+01
0.000000000000000E+00	-6.713460206655827E+01
0.000000000000000E+00	-6.781475279876577E+01
0.000000000000000E+00	-6.849572677537799E+01
0.000000000000000E+00	-6.917752201071562E+01
0.000000000000000E+00	-6.986013653102691E+01
0.000000000000000E+00	-7.054356837438081E+01
0.000000000000000E+00	-7.122781559054374E+01
0.000000000000000E+00	-7.191287624088091E+01
0.000000000000000E+00	-7.259874839823487E+01
0.000000000000000E+00	-7.328543014682509E+01
0.000000000000000E+00	-7.397291958213737E+01
0.000000000000000E+00	-7.466121481081836E+01
0.000000000000000E+00	-7.535031395057104E+01
0.000000000000000E+00	-7.604021513005364E+01
0.000000000000000E+00	-7.673091648877698E+01
0.000000000000000E+00	-7.742241617700347E+01
0.000000000000000E+00	-7.811471235564613E+01
0.000000000000000E+00	-7.880780319617770E+01
0.000000000000000E+00	-7.950168688052645E+01
0.000000000000000E+00	-8.019636160098344E+01
0.000000000000000E+00	-8.089182556011156E+01
0.000000000000000E+00	-8.158807697064594E+01
0.000000000000000E+00	-8.228511405540849E+01
0.000000000000000E+00	-8.298293504721414E+01
0.000000000000000E+00	-8.368153818878000E+01
0.000000000000000E+00	-8.438092173264113E+01
0.000000000000000E+00	-8.508108394105693E+01
0.000000000000000E+00	-8.578202308593200E+01
0.000000000000000E+00	-8.648373744872470E+01
0.000000000000000E+00	-8.718622532036443E+01
0.000000000000000E+00	-8.788948500117203E+01
0.000000000000000E+00	-8.859351480077339E+01
0.000000000000000E+00	-8.929831303801893E+01
0.000000000000000E+00	-9.000387804090542E+01
0.000000000000000E+00	-9.071020814649182E+01
0.000000000000000E+00	-9.141730170082974E+01
0.000000000000000E+00	-9.212515705887517E+01
0.000000000000000E+00	-9.283377258441988E+01
0.000000000000000E+00	-9.354314665001084E+01
0.000000000000000E+00	-9.425327763688301E+01
0.000000000000000E+00	-9.496416393487425E+01
0.000000000000000E+00	-9.567580394236029E+01
0.000000000000000E+00	-9.638819606618108E+01
0.000000000000000E+00	-9.710133872156939E+01
0.000000000000000E+00	-9.781523033207850E+01
0.000000000000000E+00	-9.852986932951308E+01
0.000000000000000E+00	-9.924525415386324E+01
0.000000000000000E+00	-9.996138325323318E+01
0.000000000000000E+00	-1.006782550837738E+02
0.000000000000000E+00	-1.013958681096192E+02
0.000000000000000E+00	-1.021142208028173E+02
0.000000000000000E+00	-1.028333116432673E+02
0.000000000000000E+00	-1.035531391186519E+02
0.000000000000000E+00	-1.042737017243799E+02
0.000000000000000E+00	-1.049949979635185E+02
0.000000000000000E+00	-1.057170263467292E+02
0.000000000000000E+00	-1.064397853922137E+02
0.000000000000000E+00	-1.071632736256447E+02
0.000000000000000E+00	-1.078874895801127E+02
0.000000000000000E+00	-1.086124317960603E+02
0.000000000000000E+00	-1.093380988212307E+02
0.000000000000000E+00	-1.100644892106025E+02
0.000000000000000E+00	-1.107916015263349E+02
0.000000000000000E+00	-1.115194343377111E+02
0.000000000000000E+00	-1.122479862210848E+02
0.000000000000000E+00	-1.129772557598171E+02
0.000000000000000E+00	-1.137072415442290E+02
0.000000000000000E+00	-1.144379421715412E+02
0.000000000000000E+00	-1.151693562458249E+02
0.000000000000000E+00	-1.159014823779448E+02
0.000000000000000E+00	-1.166343191855090E+02
0.000000000000000E+00	-1.173678652928143E+02
0.000000000000000E+00	-1.181021193307979E+02
0.000000000000000E+00	-1.188370799369809E+02
0.000000000000000E+00	-1.195727457554235E+02
0.000000000000000E+00	-1.203091154366716E+02
0.000000000000000E+00	-1.210461876377103E+02
0.000000000000000E+00	-1.217839610219107E+02
0.000000000000000E+00	-1.225224342589822E+02
0.000000000000000E+00	-1.232616060249297E+02
0.000000000000000E+00	-1.240014750020000E+02
0.000000000000000E+00	-1.247420398786362E+02
0.000000000000000E+00	-1.254832993494347E+02
0.000000000000000E+00	-1.262252521150945E+02
0.000000000000000E+00	-1.269678968823755E+02
0.000000000000000E+00	-1.277112323640495E+02
0.000000000000000E+00	-1.284552572788598E+02
0.000000000000000E+00	-1.291999703514739E+02
0.000000000000000E+00	-1.299453703124400E+02
0.000000000000000E+00	-1.306914558981475E+02
0.000000000000000E+00	-1.314382258507781E+02
0.000000000000000E+00	-1.321856789182671E+02
0.000000000000000E+00	-1.329338138542639E+02
0.000000000000000E+00	-1.336826294180823E+02
0.000000000000000E+00	-1.344321243746685E+02
0.000000000000000E+00	-1.351822974945553E+02
0.000000000000000E+00	-1.359331475538206E+02
0.000000000000000E+00	-1.366846733340535E+02
0.000000000000000E+00	-1.374368736223064E+02
0.000000000000000E+00	-1.381897472110641E+02
0.000000000000000E+00	-1.389432928981987E+02
0.000000000000000E+00	-1.396975094869340E+02
0.000000000000000E+00	-1.404523957858109E+02
0.000000000000000E+00	-1.412079506086402E+02
0.000000000000000E+00	-1.419641727744761E+02
0.000000000000000E+00	-1.427210611075711E+02
0.000000000000000E+00	-1.434786144373443E+02
0.000000000000000E+00	-1.442368315983435E+02
0.000000000000000E+00	-1.449957114302092E+02
0.000000000000000E+00	-1.457552527776393E+02
0.000000000000000E+00	-1.465154544903548E+02
0.000000000000000E+00	-1.472763154230634E+02
0.000000000000000E+00	-1.480378344354240E+02
0.000000000000000E+00	-1.488000103920181E+02
0.000000000000000E+00	-1.495628421623087E+02
0.000000000000000E+00	-1.503263286206125E+02
0.000000000000000E+00	-1.510904686460622E+02
0.000000000000000E+00	-1.518552611225764E+02
0.000000000000000E+00	-1.526207049388281E+02
0.000000000000000E+00	-1.533867989882078E+02
0.000000000000000E+00	-1.541535421687954E+02
0.000000000000000E+00	-1.549209333833287E+02
0.000000000000000E+00	-1.556889715391694E+02
0.000000000000000E+00	-1.564576555482718E+02
0.000000000000000E+00	-1.572269843271574E+02
0.000000000000000E+00	-1.579969567968765E+02
0.000000000000000E+00	-1.587675718829837E+02
0.000000000000000E+00	-1.595388285155063E+02
0.000000000000000E+00	-1.603107256289145E+02
0.000000000000000E+00	-1.610832621620884E+02
0.000000000000000E+00	-1.618564370582990E+02
0.000000000000000E+00	-1.626302492651662E+02
0.000000000000000E+00	-1.634046977346379E+02
0.000000000000000E+00	-1.641797814229626E+02
0.000000000000000E+00	-1.649554992906560E+02
0.000000000000000E+00	-1.657318503024794E+02
0.000000000000000E+00	-1.665088334274033E+02
0.000000000000000E+00	-1.672864476385917E+02
0.000000000000000E+00	-1.680646919133646E+02
0.000000000000000E+00	-1.688435652331741E+02
0.000000000000000E+00	-1.696230665835824E+02
0.000000000000000E+00	-1.704031949542286E+02
0.000000000000000E+00	-1.711839493388084E+02
0.000000000000000E+00	-1.719653287350429E+02
0.000000000000000E+00	-1.727473321446564E+02
0.000000000000000E+00	-1.735299585733510E+02
0.000000000000000E+00	-1.743132070307765E+02
0.000000000000000E+00	-1.750970765305128E+02
0.000000000000000E+00	-1.758815660900391E+02
0.000000000000000E+00	-1.766666747307127E+02
0.000000000000000E+00	-1.774524014777421E+02
0.000000000000000E+00	-1.782387453601655E+02
0.000000000000000E+00	-1.790257054108229E+02
0.000000000000000E+00	-1.798132806663361E+02
0.000000000000000E+00	-1.806014701670852E+02
0.000000000000000E+00	-1.813902729571810E+02
0.000000000000000E+00	-1.821796880844458E+02
0.000000000000000E+00	-1.829697146003891E+02
0.000000000000000E+00	-1.837603515601850E+02
0.000000000000000E+00	-1.845515980226478E+02
0.000000000000000E+00	-1.853434530502154E+02
0.000000000000000E+00	-1.861359157089173E+02
0.000000000000000E+00	-1.869289850683635E+02
0.000000000000000E+00	-1.877226602017126E+02
0.000000000000000E+00	-1.885169401856583E+02
0.000000000000000E+00	-1.893118241004040E+02
0.000000000000000E+00	-1.901073110296411E+02
0.000000000000000E+00	-1.909034000605275E+02
0.000000000000000E+00	-1.917000902836699E+02
0.000000000000000E+00	-1.924973807931019E+02
0.000000000000000E+00	-1.932952706862602E+02
0.000000000000000E+00	-1.940937590639674E+02
0.000000000000000E+00	-1.948928450304106E+02
0.000000000000000E+00	-1.956925276931238E+02
0.000000000000000E+00	-1.964928061629612E+02
0.000000000000000E+00	-1.972936795540859E+02
0.000000000000000E+00	-1.980951469839438E+02
0.000000000000000E+00	-1.988972075732486E+02
0.000000000000000E+00	-1.996998604459595E+02
0.000000000000000E+00	-2.005031047292637E+02
0.000000000000000E+00	-2.013069395535549E+02
0.000000000000000E+00	-2.021113640524204E+02
0.000000000000000E+00	-2.029163773626133E+02
0.000000000000000E+00	-2.037219786240439E+02
0.000000000000000E+00	-2.045281669797528E+02
0.000000000000000E+00	-2.053349415758985E+02
0.000000000000000E+00	-2.061423015617379E+02
0.000000000000000E+00	-2.069502460896060E+02
0.000000000000000E+00	-2.077587743148993E+02
0.000000000000000E+00	-2.085678853960603E+02
0.000000000000000E+00	-2.093775784945578E+02
0.000000000000000E+00	-2.101878527748704E+02
0.000000000000000E+00	-2.109987074044666E+02
0.000000000000000E+00	-2.118101415537926E+02
0.000000000000000E+00	-2.126221543962506E+02
0.000000000000000E+00	-2.134347451081871E+02
0.000000000000000E+00	-2.142479128688706E+02
0.000000000000000E+00	-2.150616568604773E+02
0.000000000000000E+00	-2.158759762680770E+02
0.000000000000000E+00	-2.166908702796118E+02
0.000000000000000E+00	-2.175063380858865E+02
0.000000000000000E+00	-2.183223788805444E+02
0.000000000000000E+00	-2.191389918600603E+02
0.000000000000000E+00	-2.199561762237167E+02
0.000000000000000E+00	-2.207739311735922E+02
0.000000000000000E+00	-2.215922559145479E+02
0.000000000000000E+00	-2.224111496542059E+02
0.000000000000000E+00	-2.232306116029390E+02
0.000000000000000E+00	-2.240506409738546E+02
0.000000000000000E+00	-2.248712369827749E+02
0.000000000000000E+00	-2.256923988482308E+02
0.000000000000000E+00	-2.265141257914402E+02
0.000000000000000E+00	-2.273364170362943E+02
0.000000000000000E+00	-2.281592718093439E+02
0.000000000000000E+00	-2.289826893397849E+02
0.000000000000000E+00	-2.298066688594436E+02
0.000000000000000E+00	-2.306312096027623E+02
0.000000000000000E+00	-2.314563108067860E+02
0.000000000000000E+00	-2.322819717111452E+02
0.000000000000000E+00	-2.331081915580462E+02
0.000000000000000E+00	-2.339349695922556E+02
0.000000000000000E+00	-2.347623050610832E+02
0.000000000000000E+00	-2.355901972143733E+02
0.000000000000000E+00	-2.364186453044890E+02
0.000000000000000E+00	-2.372476485862971E+02
0.000000000000000E+00	-2.380772063171580E+02
0.000000000000000E+00	-2.389073177569085E+02
0.000000000000000E+00	-2.397379821678519E+02
0.000000000000000E+00	-2.405691988147441E+02
0.000000000000000E+00	-2.414009669647789E+02
0.000000000000000E+00	-2.422332858875761E+02
0.000000000000000E+00	-2.430661548551716E+02
0.000000000000000E+00	-2.438995731419996E+02
0.000000000000000E+00	-2.447335400248826E+02
0.000000000000000E+00	-2.455680547830189E+02
0.000000000000000E+00	-2.464031166979689E+02
0.000000000000000E+00	-2.472387250536449E+02
0.000000000000000E+00	-2.480748791362967E+02
0.000000000000000E+00	-2.489115782345016E+02
0.000000000000000E+00	-2.497488216391484E+02
0.000000000000000E+00	-2.505866086434316E+02
0.000000000000000E+00	-2.514249385428320E+02
0.000000000000000E+00	-2.522638106351110E+02
0.000000000000000E+00	-2.531032242202955E+02
0.000000000000000E+00	-2.539431786006671E+02
0.000000000000000E+00	-2.547836730807530E+02
0.000000000000000E+00	-2.556247069673086E+02
0.000000000000000E+00	-2.564662795693102E+02
0.000000000000000E+00	-2.573083901979462E+02
0.000000000000000E+00	-2.581510381665985E+02
0.000000000000000E+00	-2.589942227908377E+02
0.000000000000000E+00	-2.598379433884097E+02
0.000000000000000E+00	-2.606821992792229E+02
0.000000000000000E+00	-2.615269897853418E+02
0.000000000000000E+00	-2.623723142309714E+02
0.000000000000000E+00	-2.632181719424480E+02
0.000000000000000E+00	-2.640645622482289E+02
0.000000000000000E+00	-2.649114844788846E+02
0.000000000000000E+00	-2.657589379670808E+02
0.000000000000000E+00	-2.666069220475747E+02
0.000000000000000E+00	-2.674554360572020E+02
0.000000000000000E+00	-2.683044793348654E+02
0.000000000000000E+00	-2.691540512215274E+02
0.000000000000000E+00	-2.700041510601973E+02
0.000000000000000E+00	-2.708547781959228E+02
0.000000000000000E+00	-2.717059319757777E+02
0.000000000000000E+00	-2.725576117488527E+02
0.000000000000000E+00	-2.734098168662499E+02
0.000000000000000E+00	-2.742625466810637E+02
0.000000000000000E+00	-2.751158005483808E+02
0.000000000000000E+00	-2.759695778252631E+02
0.000000000000000E+00	-2.768238778707437E+02
0.000000000000000E+00	-2.776787000458094E+02
0.000000000000000E+00	-2.785340437134023E+02
0.000000000000000E+00	-2.793899082384000E+02
0.000000000000000E+00	-2.802462929876115E+02
0.000000000000000E+00	-2.811031973297663E+02
0.000000000000000E+00	-2.819606206355088E+02
0.000000000000000E+00	-2.828185622773794E+02
0.000000000000000E+00	-2.836770216298164E+02
0.000000000000000E+00	-2.845359980691410E+02
0.000000000000000E+00	-2.853954909735498E+02
0.000000000000000E+00	-2.862554997231036E+02
0.000000000000000E+00	-2.871160236997225E+02
0.000000000000000E+00	-2.879770622871729E+02
0.000000000000000E+00	-2.888386148710606E+02
0.000000000000000E+00	-2.897006808388242E+02
0.000000000000000E+00	-2.905632595797206E+02
0.000000000000000E+00	-2.914263504848232E+02
0.000000000000000E+00	-2.922899529470069E+02
0.000000000000000E+00	-2.931540663609467E+02
0.000000000000000E+00	-2.940186901231004E+02
0.000000000000000E+00	-2.948838236317083E+02
0.000000000000000E+00	-2.957494662867794E+02
0.000000000000000E+00	-2.966156174900880E+02
0.000000000000000E+00	-2.974822766451575E+02
0.000000000000000E+00	-2.983494431572631E+02
0.000000000000000E+00	-2.992171164334136E+02
0.000000000000000E+00	-3.000852958823493E+02
0.000000000000000E+00	-3.009539809145313E+02
0.000000000000000E+00	-3.018231709421352E+02
0.000000000000000E+00	-3.026928653790415E+02
0.000000000000000E+00	-3.035630636408277E+02
0.000000000000000E+00	-3.044337651447622E+02
0.000000000000000E+00	-3.053049693097960E+02
0.000000000000000E+00	-3.061766755565550E+02
0.000000000000000E+00	-3.070488833073282E+02
0.000000000000000E+00	-3.079215919860676E+02
0.000000000000000E+00	-3.087948010183741E+02
0.000000000000000E+00	-3.096685098314924E+02
0.000000000000000E+00	-3.105427178543041E+02
0.000000000000000E+00	-3.114174245173213E+02
0.000000000000000E+00	-3.122926292526745E+02
0.000000000000000E+00	-3.131683314941101E+02
0.000000000000000E+00	-3.140445306769802E+02
0.000000000000000E+00	-3.149212262382366E+02
0.000000000000000E+00	-3.157984176164246E+02
0.000000000000000E+00	-3.166761042516714E+02
0.000000000000000E+00	-3.175542855856861E+02
0.000000000000000E+00	-3.184329610617447E+02
0.000000000000000E+00	-3.193121301246892E+02
0.000000000000000E+00	-3.201917922209159E+02
0.000000000000000E+00	-3.210719467983754E+02
0.000000000000000E+00	-3.219525933065565E+02
0.000000000000000E+00	-3.228337311964851E+02
0.000000000000000E+00	-3.237153599207172E+02
0.000000000000000E+00	-3.245974789333295E+02
0.000000000000000E+00	-3.254800876899153E+02
0.000000000000000E+00	-3.263631856475768E+02
0.000000000000000E+00	-3.272467722649176E+02
0.000000000000000E+00	-3.281308470020349E+02
0.000000000000000E+00	-3.290154093205197E+02
0.000000000000000E+00	-3.299004586834412E+02
0.000000000000000E+00	-3.307859945553441E+02
0.000000000000000E+00	-3.316720164022445E+02
0.000000000000000E+00	-3.325585236916204E+02
0.000000000000000E+00	-3.334455158924065E+02
0.000000000000000E+00	-3.343329924749896E+02
0.000000000000000E+00	-3.352209529111933E+02
0.000000000000000E+00	-3.361093966742860E+02
0.000000000000000E+00	-3.369983232389650E+02
0.000000000000000E+00	-3.378877320813522E+02
0.000000000000000E+00	-3.387776226789861E+02
0.000000000000000E+00	-3.396679945108226E+02
0.000000000000000E+00	-3.405588470572216E+02
0.000000000000000E+00	-3.414501797999424E+02
0.000000000000000E+00	-3.423419922221410E+02
0.000000000000000E+00	-3.432342838083596E+02
0.000000000000000E+00	-3.441270540445257E+02
0.000000000000000E+00	-3.450203024179414E+02
0.000000000000000E+00	-3.459140284172786E+02
0.000000000000000E+00	-3.468082315325787E+02
0.000000000000000E+00	-3.477029112552359E+02
0.000000000000000E+00	-3.485980670780018E+02
0.000000000000000E+00	-3.494936984949741E+02
0.000000000000000E+00	-3.503898050015941E+02
0.000000000000000E+00	-3.512863860946354E+02
0.000000000000000E+00	-3.521834412722055E+02
0.000000000000000E+00	-3.530809700337354E+02
0.000000000000000E+00	-3.539789718799752E+02
0.000000000000000E+00	-3.548774463129898E+02
0.000000000000000E+00	-3.557763928361514E+02
0.000000000000000E+00	-3.566758109541333E+02
0.000000000000000E+00	-3.575757001729098E+02
0.000000000000000E+00	-3.584760599997430E+02
0.000000000000000E+00	-3.593768899431843E+02
0.000000000000000E+00	-3.602781895130656E+02
0.000000000000000E+00	-3.611799582204922E+02
0.000000000000000E+00	-3.620821955778429E+02
0.000000000000000E+00	-3.629849010987600E+02
0.000000000000000E+00	-3.638880742981460E+02
0.000000000000000E+00	-3.647917146921573E+02
0.000000000000000E+00	-3.656958217982010E+02
0.000000000000000E+00	-3.666003951349285E+02
0.000000000000000E+00	-3.675054342222297E+02
0.000000000000000E+00	-3.684109385812280E+02
0.000000000000000E+00	-3.693169077342777E+02
0.000000000000000E+00	-3.702233412049550E+02
0.000000000000000E+00	-3.711302385180566E+02
0.000000000000000E+00	-3.720375991995925E+02
0.000000000000000E+00	-3.729454227767824E+02
0.000000000000000E+00	-3.738537087780487E+02
0.000000000000000E+00	-3.747624567330163E+02
0.000000000000000E+00	-3.756716661724986E+02
0.000000000000000E+00	-3.765813366285056E+02
0.000000000000000E+00	-3.774914676342260E+02
0.000000000000000E+00	-3.784020587240311E+02
0.000000000000000E+00	-3.793131094334681E+02
0.000000000000000E+00	-3.802246192992534E+02
0.000000000000000E+00	-3.811365878592683E+02
0.000000000000000E+00	-3.820490146525567E+02
0.000000000000000E+00	-3.829618992193177E+02
0.000000000000000E+00	-3.838752411009023E+02
0.000000000000000E+00	-3.847890398398108E+02
0.000000000000000E+00	-3.857032949796803E+02
0.000000000000000E+00	-3.866180060652928E+02
0.000000000000000E+00	-3.875331726425593E+02
0.000000000000000E+00	-3.884487942585220E+02
0.000000000000000E+00	-3.893648704613456E+02
0.000000000000000E+00	-3.902814008003152E+02
0.000000000000000E+00	-3.911983848258310E+02
0.000000000000000E+00	-3.921158220894072E+02
0.000000000000000E+00	-3.930337121436633E+02
0.000000000000000E+00	-3.939520545423184E+02
0.000000000000000E+00	-3.948708488401908E+02
0.000000000000000E+00	-3.957900945931956E+02
0.000000000000000E+00	-3.967097913583357E+02
0.000000000000000E+00	-3.976299386936976E+02
0.000000000000000E+00	-3.985505361584496E+02
0.000000000000000E+00	-3.994715833128366E+02
0.000000000000000E+00	-4.003930797181774E+02
0.000000000000000E+00	-4.013150249368564E+02
0.000000000000000E+00	-4.022374185323247E+02
0.000000000000000E+00	-4.031602600690921E+02
0.000000000000000E+00	-4.040835491127254E+02
0.000000000000000E+00	-4.050072852298413E+02
0.000000000000000E+00	-4.059314679881049E+02
0.000000000000000E+00	-4.068560969562272E+02
0.000000000000000E+00	-4.077811717039549E+02
0.000000000000000E+00	-4.087066918020741E+02
0.000000000000000E+00	-4.096326568223999E+02
0.000000000000000E+00	-4.105590663377761E+02
0.000000000000000E+00	-4.114859199220728E+02
0.000000000000000E+00	-4.124132171501747E+02
0.000000000000000E+00	-4.133409575979858E+02
0.000000000000000E+00	-4.142691408424230E+02
0.000000000000000E+00	-4.151977664614092E+02
0.000000000000000E+00	-4.161268340338720E+02
0.000000000000000E+00	-4.170563431397413E+02
0.000000000000000E+00	-4.179862933599425E+02
0.000000000000000E+00	-4.189166842763934E+02
0.000000000000000E+00	-4.198475154720022E+02
0.000000000000000E+00	-4.207787865306614E+02
0.000000000000000E+00	-4.217104970372457E+02
0.000000000000000E+00	-4.226426465776094E+02
0.000000000000000E+00	-4.235752347385783E+02
0.000000000000000E+00	-4.245082611079529E+02
0.000000000000000E+00	-4.254417252744956E+02
0.000000000000000E+00	-4.263756268279367E+02
0.000000000000000E+00	-4.273099653589643E+02
0.000000000000000E+00	-4.282447404592231E+02
0.000000000000000E+00	-4.291799517213094E+02
0.000000000000000E+00	-4.301155987387720E+02
0.000000000000000E+00	-4.310516811061007E+02
0.000000000000000E+00	-4.319881984187314E+02
0.000000000000000E+00	-4.329251502730349E+02
0.000000000000000E+00	-4.338625362663224E+02
0.000000000000000E+00	-4.348003559968311E+02
0.000000000000000E+00	-4.357386090637287E+02
0.000000000000000E+00	-4.366772950671084E+02
0.000000000000000E+00	-4.376164136079842E+02
0.000000000000000E+00	-4.385559642882877E+02
0.000000000000000E+00	-4.394959467108647E+02
0.000000000000000E+00	-4.404363604794744E+02
0.000000000000000E+00	-4.413772051987817E+02
0.000000000000000E+00	-4.423184804743564E+02
0.000000000000000E+00	-4.432601859126703E+02
0.000000000000000E+00	-4.442023211210926E+02
0.000000000000000E+00	-4.451448857078885E+02
0.000000000000000E+00	-4.460878792822127E+02
0.000000000000000E+00	-4.470313014541084E+02
0.000000000000000E+00	-4.479751518345065E+02
0.000000000000000E+00	-4.489194300352165E+02
0.000000000000000E+00	-4.498641356689259E+02
0.000000000000000E+00	-4.508092683492023E+02
0.000000000000000E+00	-4.517548276904799E+02
0.000000000000000E+00	-4.527008133080653E+02
0.000000000000000E+00	-4.536472248181331E+02
0.000000000000000E+00	-4.545940618377144E+02
0.000000000000000E+00	-4.555413239847044E+02
0.000000000000000E+00	-4.564890108778550E+02
0.000000000000000E+00	-4.574371221367724E+02
0.000000000000000E+00	-4.583856573819094E+02
0.000000000000000E+00	-4.593346162345701E+02
0.000000000000000E+00	-4.602839983169001E+02
0.000000000000000E+00	-4.612338032518905E+02
0.000000000000000E+00	-4.621840306633685E+02
0.000000000000000E+00	-4.631346801759946E+02
0.000000000000000E+00	-4.640857514152658E+02
0.000000000000000E+00	-4.650372440075075E+02
0.000000000000000E+00	-4.659891575798692E+02
0.000000000000000E+00	-4.669414917603272E+02
0.000000000000000E+00	-4.678942461776783E+02
0.000000000000000E+00	-4.688474204615359E+02
0.000000000000000E+00	-4.698010142423277E+02
0.000000000000000E+00	-4.707550271512978E+02
0.000000000000000E+00	-4.717094588204932E+02
0.000000000000000E+00	-4.726643088827745E+02
0.000000000000000E+00	-4.736195769717992E+02
0.000000000000000E+00	-4.745752627220313E+02
0.000000000000000E+00	-4.755313657687293E+02
0.000000000000000E+00	-4.764878857479489E+02
0.000000000000000E+00	-4.774448222965357E+02
0.000000000000000E+00	-4.784021750521279E+02
0.000000000000000E+00	-4.793599436531495E+02
0.000000000000000E+00	-4.803181277388094E+02
0.000000000000000E+00	-4.812767269490973E+02
0.000000000000000E+00	-4.822357409247802E+02
0.000000000000000E+00	-4.831951693074070E+02
0.000000000000000E+00	-4.841550117392912E+02
0.000000000000000E+00	-4.851152678635262E+02
0.000000000000000E+00	-4.860759373239671E+02
0.000000000000000E+00	-4.870370197652383E+02
0.000000000000000E+00	-4.879985148327219E+02
0.000000000000000E+00	-4.889604221725690E+02
0.000000000000000E+00	-4.899227414316797E+02
0.000000000000000E+00	-4.908854722577130E+02
0.000000000000000E+00	-4.918486142990823E+02
0.000000000000000E+00	-4.928121672049456E+02
0.000000000000000E+00	-4.937761306252141E+02
0.000000000000000E+00	-4.947405042105402E+02
0.000000000000000E+00	-4.957052876123189E+02
0.000000000000000E+00	-4.966704804826868E+02
0.000000000000000E+00	-4.976360824745143E+02
0.000000000000000E+00	-4.986020932414121E+02
0.000000000000000E+00	-4.995685124377169E+02
0.000000000000000E+00	-5.005353397184999E+02
0.000000000000000E+00	-5.015025747395566E+02
0.000000000000000E+00	-5.024702171574090E+02
0.000000000000000E+00	-5.034382666293022E+02
0.000000000000000E+00	-5.044067228131998E+02
0.000000000000000E+00	-5.053755853677831E+02
0.000000000000000E+00	-5.063448539524488E+02
0.000000000000000E+00	-5.073145282273072E+02
0.000000000000000E+00	-5.082846078531784E+02
0.000000000000000E+00	-5.092550924915904E+02
0.000000000000000E+00	-5.102259818047778E+02
0.000000000000000E+00	-5.111972754556782E+02
0.000000000000000E+00	-5.121689731079277E+02
0.000000000000000E+00	-5.131410744258656E+02
0.000000000000000E+00	-5.141135790745229E+02
0.000000000000000E+00	-5.150864867196287E+02
0.000000000000000E+00	-5.160597970276012E+02
0.000000000000000E+00	-5.170335096655481E+02
0.000000000000000E+00	-5.180076243012663E+02
0.000000000000000E+00	-5.189821406032361E+02
0.000000000000000E+00	-5.199570582406204E+02
0.000000000000000E+00	-5.209323768832628E+02
0.000000000000000E+00	-5.219080962016851E+02
0.000000000000000E+00	-5.228842158670850E+02
0.000000000000000E+00	-5.238607355513332E+02
0.000000000000000E+00	-5.248376549269742E+02
0.000000000000000E+00	-5.258149736672185E+02
0.000000000000000E+00	-5.267926914459458E+02
0.000000000000000E+00	-5.277708079377026E+02
0.000000000000000E+00	-5.287493228176936E+02
0.000000000000000E+00	-5.297282357617869E+02
0.000000000000000E+00	-5.307075464465097E+02
0.000000000000000E+00	-5.316872545490442E+02
0.000000000000000E+00	-5.326673597472272E+02
0.000000000000000E+00	-5.336478617195471E+02
0.000000000000000E+00	-5.346287601451440E+02
0.000000000000000E+00	-5.356100547038041E+02
0.000000000000000E+00	-5.365917450759598E+02
0.000000000000000E+00	-5.375738309426879E+02
0.000000000000000E+00	-5.385563119857070E+02
0.000000000000000E+00	-5.395391878873716E+02
0.000000000000000E+00	-5.405224583306808E+02
0.000000000000000E+00	-5.415061229992643E+02
0.000000000000000E+00	-5.424901815773837E+02
0.000000000000000E+00	-5.434746337499364E+02
0.000000000000000E+00	-5.444594792024491E+02
0.000000000000000E+00	-5.454447176210706E+02
0.000000000000000E+00	-5.464303486925810E+02
0.000000000000000E+00	-5.474163721043797E+02
0.000000000000000E+00	-5.484027875444890E+02
0.000000000000000E+00	-5.493895947015544E+02
0.000000000000000E+00	-5.503767932648325E+02
0.000000000000000E+00	-5.513643829241983E+02
0.000000000000000E+00	-5.523523633701398E+02
0.000000000000000E+00	-5.533407342937580E+02
0.000000000000000E+00	-5.543294953867653E+02
0.000000000000000E+00	-5.553186463414750E+02
0.000000000000000E+00	-5.563081868508143E+02
0.000000000000000E+00	-5.572981166083073E+02
0.000000000000000E+00	-5.582884353080872E+02
0.000000000000000E+00	-5.592791426448821E+02
0.000000000000000E+00	-5.602702383140195E+02
0.000000000000000E+00	-5.612617220114244E+02
0.000000000000000E+00	-5.622535934336165E+02
0.000000000000000E+00	-5.632458522777051E+02
0.000000000000000E+00	-5.642384982413969E+02
0.000000000000000E+00	-5.652315310229797E+02
0.000000000000000E+00	-5.662249503213334E+02
0.000000000000000E+00	-5.672187558359237E+02
0.000000000000000E+00	-5.682129472667957E+02
0.000000000000000E+00	-5.692075243145800E+02
0.000000000000000E+00	-5.702024866804868E+02
0.000000000000000E+00	-5.711978340663018E+02
0.000000000000000E+00	-5.721935661743873E+02
0.000000000000000E+00	-5.731896827076844E+02
0.000000000000000E+00	-5.741861833697039E+02
0.000000000000000E+00	-5.751830678645256E+02
0.000000000000000E+00	-5.761803358968036E+02
0.000000000000000E+00	-5.771779871717554E+02
0.000000000000000E+00	-5.781760213951648E+02
0.000000000000000E+00	-5.791744382733805E+02
0.000000000000000E+00	-5.801732375133142E+02
0.000000000000000E+00	-5.811724188224352E+02
0.000000000000000E+00	-5.821719819087766E+02
0.000000000000000E+00	-5.831719264809235E+02
0.000000000000000E+00	-5.841722522480222E+02
0.000000000000000E+00	-5.851729589197648E+02
0.000000000000000E+00	-5.861740462064035E+02
0.000000000000000E+00	-5.871755138187355E+02
0.000000000000000E+00	-5.881773614681088E+02
0.000000000000000E+00	-5.891795888664201E+02
0.000000000000000E+00	-5.901821957261072E+02
0.000000000000000E+00	-5.911851817601564E+02
0.000000000000000E+00	-5.921885466820922E+02
0.000000000000000E+00	-5.931922902059823E+02
0.000000000000000E+00	-5.941964120464318E+02
0.000000000000000E+00	-5.952009119185841E+02
0.000000000000000E+00	-5.962057895381158E+02
0.000000000000000E+00	-5.972110446212409E+02
0.000000000000000E+00	-5.982166768847046E+02
0.000000000000000E+00	-5.992226860457813E+02
0.000000000000000E+00	-6.002290718222757E+02
0.000000000000000E+00	-6.012358339325219E+02
0.000000000000000E+00	-6.022429720953751E+02
0.000000000000000E+00	-6.032504860302224E+02
0.000000000000000E+00	-6.042583754569660E+02
0.000000000000000E+00	-6.052666400960361E+02
0.000000000000000E+00	-6.062752796683762E+02
0.000000000000000E+00	-6.072842938954554E+02
0.000000000000000E+00	-6.082936824992530E+02
0.000000000000000E+00	-6.093034452022675E+02
0.000000000000000E+00	-6.103135817275106E+02
0.000000000000000E+00	-6.113240917985040E+02
0.000000000000000E+00	-6.123349751392798E+02
0.000000000000000E+00	-6.133462314743847E+02
0.000000000000000E+00	-6.143578605288667E+02
0.000000000000000E+00	-6.153698620282821E+02
0.000000000000000E+00	-6.163822356986939E+02
0.000000000000000E+00	-6.173949812666633E+02
0.000000000000000E+00	-6.184080984592601E+02
0.000000000000000E+00	-6.194215870040480E+02
0.000000000000000E+00	-6.204354466290924E+02
0.000000000000000E+00	-6.214496770629576E+02
0.000000000000000E+00	-6.224642780347003E+02
0.000000000000000E+00	-6.234792492738707E+02
0.000000000000000E+00	-6.244945905105187E+02
0.000000000000000E+00	-6.255103014751776E+02
0.000000000000000E+00	-6.265263818988751E+02
0.000000000000000E+00	-6.275428315131294E+02
0.000000000000000E+00	-6.285596500499414E+02
0.000000000000000E+00	-6.295768372417997E+02
0.000000000000000E+00	-6.305943928216775E+02
0.000000000000000E+00	-6.316123165230338E+02
0.000000000000000E+00	-6.326306080798013E+02
0.000000000000000E+00	-6.336492672264012E+02
0.000000000000000E+00	-6.346682936977313E+02
0.000000000000000E+00	-6.356876872291623E+02
0.000000000000000E+00	-6.367074475565478E+02
0.000000000000000E+00	-6.377275744162143E+02
0.000000000000000E+00	-6.387480675449551E+02
0.000000000000000E+00	-6.397689266800444E+02
0.000000000000000E+00	-6.407901515592230E+02
0.000000000000000E+00	-6.418117419207010E+02
0.000000000000000E+00	-6.428336975031543E+02
0.000000000000000E+00	-6.438560180457334E+02
0.000000000000000E+00	-6.448787032880437E+02
0.000000000000000E+00	-6.459017529701605E+02
0.000000000000000E+00	-6.469251668326215E+02
0.000000000000000E+00	-6.479489446164243E+02
0.000000000000000E+00	-6.489730860630270E+02
0.000000000000000E+00	-6.499975909143477E+02
0.000000000000000E+00	-6.510224589127592E+02
0.000000000000000E+00	-6.520476898010929E+02
0.000000000000000E+00	-6.530732833226339E+02
0.000000000000000E+00	-6.540992392211201E+02
0.000000000000000E+00	-6.551255572407417E+02
0.000000000000000E+00	-6.561522371261444E+02
0.000000000000000E+00	-6.571792786224169E+02
0.000000000000000E+00	-6.582066814750988E+02
0.000000000000000E+00	-6.592344454301792E+02
0.000000000000000E+00	-6.602625702340902E+02
0.000000000000000E+00	-6.612910556337101E+02
0.000000000000000E+00	-6.623199013763606E+02
0.000000000000000E+00	-6.633491072098050E+02
0.000000000000000E+00	-6.643786728822452E+02
0.000000000000000E+00	-6.654085981423295E+02
0.000000000000000E+00	-6.664388827391385E+02
0.000000000000000E+00	-6.674695264221918E+02
0.000000000000000E+00	-6.685005289414466E+02
0.000000000000000E+00	-6.695318900472921E+02
0.000000000000000E+00	-6.705636094905531E+02
0.000000000000000E+00	-6.715956870224863E+02
0.000000000000000E+00	-6.726281223947808E+02
0.000000000000000E+00	-6.736609153595537E+02
0.000000000000000E+00	-6.746940656693532E+02
0.000000000000000E+00	-6.757275730771516E+02
0.000000000000000E+00	-6.767614373363494E+02
0.000000000000000E+00	-6.777956582007773E+02
0.000000000000000E+00	-6.788302354246816E+02
0.000000000000000E+00	-6.798651687627371E+02
0.000000000000000E+00	-6.809004579700395E+02
0.000000000000000E+00	-6.819361028021031E+02
0.000000000000000E+00	-6.829721030148648E+02
0.000000000000000E+00	-6.840084583646749E+02
0.000000000000000E+00	-6.850451686083088E+02
0.000000000000000E+00	-6.860822335029507E+02
0.000000000000000E+00	-6.871196528062028E+02
0.000000000000000E+00	-6.881574262760787E+02
0.000000000000000E+00	-6.891955536710093E+02
0.000000000000000E+00	-6.902340347498348E+02
0.000000000000000E+00	-6.912728692718010E+02
0.000000000000000E+00	-6.923120569965695E+02
0.000000000000000E+00	-6.933515976842082E+02
0.000000000000000E+00	-6.943914910951908E+02
0.000000000000000E+00	-6.954317369904002E+02
0.000000000000000E+00	-6.964723351311168E+02
0.000000000000000E+00	-6.975132852790330E+02
0.000000000000000E+00	-6.985545871962404E+02
0.000000000000000E+00	-6.995962406452318E+02
0.000000000000000E+00	-7.006382453889000E+02
0.000000000000000E+00	-7.016806011905401E+02
0.000000000000000E+00	-7.027233078138406E+02
0.000000000000000E+00	-7.037663650228933E+02
0.000000000000000E+00	-7.048097725821817E+02
0.000000000000000E+00	-7.058535302565861E+02
0.000000000000000E+00	-7.068976378113821E+02
0.000000000000000E+00	-7.079420950122358E+02
0.000000000000000E+00	-7.089869016252032E+02
0.000000000000000E+00	-7.100320574167399E+02
0.000000000000000E+00	-7.110775621536832E+02
