# barionic density, mass
1.000000000000000E-02	9.179084088745118E+02
1.139139139139139E-02	9.153449331665040E+02
1.278278278278278E-02	9.124152466430664E+02
1.417417417417418E-02	9.094855601196290E+02
1.556556556556557E-02	9.065558735961914E+02
1.695695695695696E-02	9.036261870727540E+02
1.834834834834835E-02	9.006965005493165E+02
1.973973973973974E-02	8.977668140258789E+02
2.113113113113113E-02	8.952033383178712E+02
2.252252252252252E-02	8.922736517944337E+02
2.391391391391391E-02	8.893439652709961E+02
2.530530530530530E-02	8.864142787475587E+02
2.669669669669669E-02	8.834845922241212E+02
2.808808808808808E-02	8.809211165161133E+02
2.947947947947947E-02	8.779914299926760E+02
3.087087087087086E-02	8.750617434692384E+02
3.226226226226225E-02	8.721320569458009E+02
3.365365365365364E-02	8.695685812377932E+02
3.504504504504503E-02	8.666388947143556E+02
3.643643643643642E-02	8.637092081909180E+02
3.782782782782781E-02	8.611457324829103E+02
3.921921921921920E-02	8.582160459594728E+02
4.061061061061060E-02	8.552863594360352E+02
4.200200200200199E-02	8.527228837280273E+02
4.339339339339338E-02	8.497931972045899E+02
4.478478478478477E-02	8.468635106811524E+02
4.617617617617616E-02	8.443000349731445E+02
4.756756756756755E-02	8.413703484497070E+02
4.895895895895894E-02	8.384406619262696E+02
5.035035035035033E-02	8.358771862182617E+02
5.174174174174172E-02	8.329474996948242E+02
5.313313313313311E-02	8.300178131713868E+02
5.452452452452450E-02	8.274543374633789E+02
5.591591591591589E-02	8.245246509399415E+02
5.730730730730728E-02	8.219611752319337E+02
5.869869869869867E-02	8.190314887084961E+02
6.009009009009006E-02	8.161018021850587E+02
6.148148148148145E-02	8.135383264770509E+02
6.287287287287284E-02	8.106086399536133E+02
6.426426426426424E-02	8.080451642456056E+02
6.565565565565563E-02	8.051154777221681E+02
6.704704704704703E-02	8.021857911987305E+02
6.843843843843843E-02	7.996223154907228E+02
6.982982982982983E-02	7.966926289672853E+02
7.122122122122122E-02	7.941291532592774E+02
7.261261261261262E-02	7.911994667358399E+02
7.400400400400402E-02	7.886359910278321E+02
7.539539539539541E-02	7.857063045043946E+02
7.678678678678681E-02	7.831428287963867E+02
7.817817817817821E-02	7.802131422729493E+02
7.956956956956961E-02	7.776496665649414E+02
8.096096096096100E-02	7.747199800415040E+02
8.235235235235240E-02	7.717902935180664E+02
8.374374374374380E-02	7.692268178100586E+02
8.513513513513520E-02	7.662971312866210E+02
8.652652652652659E-02	7.637336555786134E+02
8.791791791791799E-02	7.608039690551758E+02
8.930930930930939E-02	7.582404933471679E+02
9.070070070070078E-02	7.553108068237306E+02
9.209209209209218E-02	7.527473311157227E+02
9.348348348348358E-02	7.498176445922852E+02
9.487487487487498E-02	7.472541688842774E+02
9.626626626626637E-02	7.443244823608399E+02
9.765765765765777E-02	7.417610066528322E+02
9.904904904904917E-02	7.388313201293946E+02
1.004404404404406E-01	7.362678444213867E+02
1.018318318318320E-01	7.333381578979494E+02
1.032232232232234E-01	7.307746821899415E+02
1.046146146146148E-01	7.278449956665040E+02
1.060060060060062E-01	7.252815199584961E+02
1.073973973973976E-01	7.223518334350587E+02
1.087887887887889E-01	7.197883577270508E+02
1.101801801801803E-01	7.168586712036134E+02
1.115715715715717E-01	7.142951954956055E+02
1.129629629629631E-01	7.113655089721680E+02
1.143543543543545E-01	7.088020332641602E+02
1.157457457457459E-01	7.058723467407227E+02
1.171371371371373E-01	7.033088710327148E+02
1.185285285285287E-01	7.003791845092773E+02
1.199199199199201E-01	6.978157088012696E+02
1.213113113113115E-01	6.948860222778320E+02
1.227027027027029E-01	6.923225465698241E+02
1.240940940940943E-01	6.893928600463868E+02
1.254854854854857E-01	6.868293843383789E+02
1.268768768768771E-01	6.838996978149414E+02
1.282682682682685E-01	6.813362221069336E+02
1.296596596596599E-01	6.784065355834961E+02
1.310510510510512E-01	6.754768490600586E+02
1.324424424424426E-01	6.729133733520508E+02
1.338338338338340E-01	6.699836868286133E+02
1.352252252252254E-01	6.674202111206056E+02
1.366166166166168E-01	6.644905245971680E+02
1.380080080080082E-01	6.619270488891602E+02
1.393993993993995E-01	6.589973623657228E+02
1.407907907907909E-01	6.564338866577149E+02
1.421821821821823E-01	6.535042001342773E+02
1.435735735735737E-01	6.505745136108399E+02
1.449649649649651E-01	6.480110379028321E+02
1.463563563563565E-01	6.450813513793945E+02
1.477477477477478E-01	6.425178756713868E+02
1.491391391391392E-01	6.395881891479493E+02
1.505305305305306E-01	6.366585026245117E+02
1.519219219219220E-01	6.340950269165040E+02
1.533133133133134E-01	6.312568930969239E+02
1.547047047047048E-01	6.285103119812013E+02
1.560960960960961E-01	6.255806254577637E+02
1.574874874874875E-01	6.228340443420411E+02
1.588788788788789E-01	6.200874632263185E+02
1.602702702702703E-01	6.171577767028809E+02
1.616616616616617E-01	6.144111955871583E+02
1.630530530530531E-01	6.116646144714357E+02
1.644444444444444E-01	6.087349279479981E+02
1.658358358358358E-01	6.059883468322755E+02
1.672272272272272E-01	6.030586603088379E+02
1.686186186186186E-01	6.003120791931153E+02
1.700100100100100E-01	5.973823926696778E+02
1.714014014014014E-01	5.946358115539551E+02
1.727927927927927E-01	5.917061250305176E+02
1.741841841841841E-01	5.889595439147949E+02
1.755755755755755E-01	5.860298573913574E+02
1.769669669669669E-01	5.832832762756348E+02
1.783583583583583E-01	5.803535897521973E+02
1.797497497497497E-01	5.774239032287599E+02
1.811411411411410E-01	5.746773221130370E+02
1.825325325325324E-01	5.717476355895997E+02
1.839239239239238E-01	5.688179490661621E+02
1.853153153153152E-01	5.660713679504395E+02
1.867067067067066E-01	5.631416814270021E+02
1.880980980980980E-01	5.602119949035646E+02
1.894894894894893E-01	5.572823083801270E+02
1.908808808808807E-01	5.543526218566897E+02
1.922722722722721E-01	5.514229353332521E+02
1.936636636636635E-01	5.484932488098145E+02
1.950550550550549E-01	5.455635622863772E+02
1.964464464464463E-01	5.426338757629396E+02
1.978378378378376E-01	5.397041892395021E+02
1.992292292292290E-01	5.367745027160645E+02
2.006206206206204E-01	5.338448161926271E+02
2.020120120120118E-01	5.309151296691896E+02
2.034034034034032E-01	5.279854431457520E+02
2.047947947947946E-01	5.250557566223144E+02
2.061861861861859E-01	5.219429646911622E+02
2.075775775775773E-01	5.190132781677246E+02
2.089689689689687E-01	5.160835916442870E+02
2.103603603603601E-01	5.129707997131347E+02
2.117517517517515E-01	5.100411131896972E+02
2.131431431431429E-01	5.069283212585449E+02
2.145345345345342E-01	5.039986347351074E+02
2.159259259259256E-01	5.008858428039551E+02
2.173173173173170E-01	4.979561562805176E+02
2.187087087087084E-01	4.948433643493652E+02
2.201001001000998E-01	4.917305724182129E+02
2.214914914914912E-01	4.888008858947754E+02
2.228828828828825E-01	4.856880939636231E+02
2.242742742742739E-01	4.825753020324707E+02
2.256656656656653E-01	4.794625101013184E+02
2.270570570570567E-01	4.763497181701661E+02
2.284484484484481E-01	4.732369262390137E+02
2.298398398398395E-01	4.701241343078614E+02
2.312312312312308E-01	4.670113423767090E+02
2.326226226226222E-01	4.638985504455567E+02
2.340140140140136E-01	4.606026531066895E+02
2.354054054054050E-01	4.574898611755371E+02
2.367967967967964E-01	4.543770692443848E+02
2.381881881881878E-01	4.510811719055176E+02
2.395795795795791E-01	4.479683799743653E+02
2.409709709709705E-01	4.446724826354981E+02
2.423623623623619E-01	4.413765852966309E+02
2.437537537537533E-01	4.382637933654785E+02
2.451451451451447E-01	4.349678960266114E+02
2.465365365365361E-01	4.316719986877442E+02
2.479279279279274E-01	4.283761013488770E+02
2.493193193193188E-01	4.250802040100098E+02
2.507107107107102E-01	4.217843066711426E+02
2.521021021021016E-01	4.183053039245605E+02
2.534934934934930E-01	4.150094065856934E+02
2.548848848848844E-01	4.117135092468262E+02
2.562762762762757E-01	4.082345065002442E+02
2.576676676676671E-01	4.049386091613770E+02
2.590590590590585E-01	4.014596064147950E+02
2.604504504504499E-01	3.979806036682130E+02
2.618418418418413E-01	3.945016009216309E+02
2.632332332332327E-01	3.910225981750488E+02
2.646246246246240E-01	3.875435954284668E+02
2.660160160160154E-01	3.840645926818848E+02
2.674074074074068E-01	3.805855899353027E+02
2.687987987987982E-01	3.771065871887207E+02
2.701901901901896E-01	3.734444790344239E+02
2.715815815815810E-01	3.697823708801270E+02
2.729729729729723E-01	3.663033681335450E+02
2.743643643643637E-01	3.626412599792480E+02
2.757557557557551E-01	3.589791518249512E+02
2.771471471471465E-01	3.551339382629395E+02
2.785385385385379E-01	3.514718301086426E+02
2.799299299299293E-01	3.478097219543457E+02
2.813213213213206E-01	3.439645083923339E+02
2.827127127127120E-01	3.401192948303223E+02
2.841041041041034E-01	3.362740812683106E+02
2.854954954954948E-01	3.324288677062988E+02
2.868868868868862E-01	3.285836541442871E+02
2.882782782782776E-01	3.247384405822754E+02
2.896696696696689E-01	3.207101216125488E+02
2.910610610610603E-01	3.166818026428223E+02
2.924524524524517E-01	3.126534836730958E+02
2.938438438438431E-01	3.086251647033692E+02
2.952352352352345E-01	3.044137403259278E+02
2.966266266266259E-01	3.003854213562012E+02
2.980180180180173E-01	2.961739969787598E+02
2.994094094094086E-01	2.919625726013183E+02
3.008008008008000E-01	2.875680428161621E+02
3.021921921921914E-01	2.833566184387207E+02
3.035835835835828E-01	2.789620886535645E+02
3.049749749749742E-01	2.745675588684082E+02
3.063663663663656E-01	2.699899236755371E+02
3.077577577577569E-01	2.654580648345948E+02
3.091491491491483E-01	2.608804296417237E+02
3.105405405405397E-01	2.562112417449950E+02
3.119319319319311E-01	2.514505011444092E+02
3.133233233233225E-01	2.466897605438233E+02
3.147147147147139E-01	2.417459145355225E+02
3.161061061061052E-01	2.368020685272217E+02
3.174974974974966E-01	2.317666698150635E+02
3.188888888888880E-01	2.266397183990478E+02
3.202802802802794E-01	2.213296615753174E+02
3.216716716716708E-01	2.160196047515869E+02
3.230630630630622E-01	2.105264425201416E+02
3.244544544544535E-01	2.049417275848388E+02
3.258458458458449E-01	1.992654599456787E+02
3.272372372372363E-01	1.934060868988037E+02
3.286286286286277E-01	1.873636084442138E+02
3.300200200200191E-01	1.812295772857666E+02
3.314114114114105E-01	1.748208880157470E+02
3.328028028028018E-01	1.682290933380127E+02
3.341941941941932E-01	1.614541932525635E+02
3.355855855855846E-01	1.543130823516846E+02
3.369769769769760E-01	1.469888660430908E+02
3.383683683683674E-01	1.392068862152099E+02
3.397597597597588E-01	1.310586955718994E+02
3.411511511511501E-01	1.223611887054443E+02
3.425425425425415E-01	1.130228129119873E+02
3.439339339339329E-01	1.029520154876709E+02
3.453253253253243E-01	9.187413832092284E+01
3.467167167167157E-01	7.926275336456300E+01
3.481081081081071E-01	6.429388628387451E+01
3.494994994994984E-01	4.470160765838624E+01
3.508908908908898E-01	0.000000000000000E+00
3.522822822822812E-01	0.000000000000000E+00
3.536736736736726E-01	0.000000000000000E+00
3.550650650650640E-01	0.000000000000000E+00
3.564564564564554E-01	0.000000000000000E+00
3.578478478478467E-01	0.000000000000000E+00
3.592392392392381E-01	0.000000000000000E+00
3.606306306306295E-01	0.000000000000000E+00
3.620220220220209E-01	0.000000000000000E+00
3.634134134134123E-01	0.000000000000000E+00
3.648048048048037E-01	0.000000000000000E+00
3.661961961961950E-01	0.000000000000000E+00
3.675875875875864E-01	0.000000000000000E+00
3.689789789789778E-01	0.000000000000000E+00
3.703703703703692E-01	0.000000000000000E+00
3.717617617617606E-01	0.000000000000000E+00
3.731531531531520E-01	0.000000000000000E+00
3.745445445445433E-01	0.000000000000000E+00
3.759359359359347E-01	0.000000000000000E+00
3.773273273273261E-01	0.000000000000000E+00
3.787187187187175E-01	0.000000000000000E+00
3.801101101101089E-01	0.000000000000000E+00
3.815015015015003E-01	0.000000000000000E+00
3.828928928928916E-01	0.000000000000000E+00
3.842842842842830E-01	0.000000000000000E+00
3.856756756756744E-01	0.000000000000000E+00
3.870670670670658E-01	0.000000000000000E+00
3.884584584584572E-01	0.000000000000000E+00
3.898498498498486E-01	0.000000000000000E+00
3.912412412412399E-01	0.000000000000000E+00
3.926326326326313E-01	0.000000000000000E+00
3.940240240240227E-01	0.000000000000000E+00
3.954154154154141E-01	0.000000000000000E+00
3.968068068068055E-01	0.000000000000000E+00
3.981981981981969E-01	0.000000000000000E+00
3.995895895895882E-01	0.000000000000000E+00
4.009809809809796E-01	0.000000000000000E+00
4.023723723723710E-01	0.000000000000000E+00
4.037637637637624E-01	0.000000000000000E+00
4.051551551551538E-01	0.000000000000000E+00
4.065465465465452E-01	0.000000000000000E+00
4.079379379379365E-01	0.000000000000000E+00
4.093293293293279E-01	0.000000000000000E+00
4.107207207207193E-01	0.000000000000000E+00
4.121121121121107E-01	0.000000000000000E+00
4.135035035035021E-01	0.000000000000000E+00
4.148948948948935E-01	0.000000000000000E+00
4.162862862862848E-01	0.000000000000000E+00
4.176776776776762E-01	0.000000000000000E+00
4.190690690690676E-01	0.000000000000000E+00
4.204604604604590E-01	0.000000000000000E+00
4.218518518518504E-01	0.000000000000000E+00
4.232432432432418E-01	0.000000000000000E+00
4.246346346346331E-01	0.000000000000000E+00
4.260260260260245E-01	0.000000000000000E+00
4.274174174174159E-01	0.000000000000000E+00
4.288088088088073E-01	0.000000000000000E+00
4.302002002001987E-01	0.000000000000000E+00
4.315915915915901E-01	0.000000000000000E+00
4.329829829829814E-01	0.000000000000000E+00
4.343743743743728E-01	0.000000000000000E+00
4.357657657657642E-01	0.000000000000000E+00
4.371571571571556E-01	0.000000000000000E+00
4.385485485485470E-01	0.000000000000000E+00
4.399399399399384E-01	0.000000000000000E+00
4.413313313313297E-01	0.000000000000000E+00
4.427227227227211E-01	0.000000000000000E+00
4.441141141141125E-01	0.000000000000000E+00
4.455055055055039E-01	0.000000000000000E+00
4.468968968968953E-01	0.000000000000000E+00
4.482882882882867E-01	0.000000000000000E+00
4.496796796796780E-01	0.000000000000000E+00
4.510710710710694E-01	0.000000000000000E+00
4.524624624624608E-01	0.000000000000000E+00
4.538538538538522E-01	0.000000000000000E+00
4.552452452452436E-01	0.000000000000000E+00
4.566366366366350E-01	0.000000000000000E+00
4.580280280280263E-01	0.000000000000000E+00
4.594194194194177E-01	0.000000000000000E+00
4.608108108108091E-01	0.000000000000000E+00
4.622022022022005E-01	0.000000000000000E+00
4.635935935935919E-01	0.000000000000000E+00
4.649849849849833E-01	0.000000000000000E+00
4.663763763763746E-01	0.000000000000000E+00
4.677677677677660E-01	0.000000000000000E+00
4.691591591591574E-01	0.000000000000000E+00
4.705505505505488E-01	0.000000000000000E+00
4.719419419419402E-01	0.000000000000000E+00
4.733333333333316E-01	0.000000000000000E+00
4.747247247247229E-01	0.000000000000000E+00
4.761161161161143E-01	0.000000000000000E+00
4.775075075075057E-01	0.000000000000000E+00
4.788988988988971E-01	0.000000000000000E+00
4.802902902902885E-01	0.000000000000000E+00
4.816816816816799E-01	0.000000000000000E+00
4.830730730730712E-01	0.000000000000000E+00
4.844644644644626E-01	0.000000000000000E+00
4.858558558558540E-01	0.000000000000000E+00
4.872472472472454E-01	0.000000000000000E+00
4.886386386386368E-01	0.000000000000000E+00
4.900300300300282E-01	0.000000000000000E+00
4.914214214214195E-01	0.000000000000000E+00
4.928128128128109E-01	0.000000000000000E+00
4.942042042042023E-01	0.000000000000000E+00
4.955955955955937E-01	0.000000000000000E+00
4.969869869869851E-01	0.000000000000000E+00
4.983783783783765E-01	0.000000000000000E+00
4.997697697697678E-01	0.000000000000000E+00
5.011611611611593E-01	0.000000000000000E+00
5.025525525525507E-01	0.000000000000000E+00
5.039439439439422E-01	0.000000000000000E+00
5.053353353353336E-01	0.000000000000000E+00
5.067267267267250E-01	0.000000000000000E+00
5.081181181181165E-01	0.000000000000000E+00
5.095095095095079E-01	0.000000000000000E+00
5.109009009008993E-01	0.000000000000000E+00
5.122922922922908E-01	0.000000000000000E+00
5.136836836836822E-01	0.000000000000000E+00
5.150750750750737E-01	0.000000000000000E+00
5.164664664664651E-01	0.000000000000000E+00
5.178578578578565E-01	0.000000000000000E+00
5.192492492492480E-01	0.000000000000000E+00
5.206406406406394E-01	0.000000000000000E+00
5.220320320320309E-01	0.000000000000000E+00
5.234234234234223E-01	0.000000000000000E+00
5.248148148148137E-01	0.000000000000000E+00
5.262062062062052E-01	0.000000000000000E+00
5.275975975975966E-01	0.000000000000000E+00
5.289889889889881E-01	0.000000000000000E+00
5.303803803803795E-01	0.000000000000000E+00
5.317717717717709E-01	0.000000000000000E+00
5.331631631631624E-01	0.000000000000000E+00
5.345545545545538E-01	0.000000000000000E+00
5.359459459459452E-01	0.000000000000000E+00
5.373373373373367E-01	0.000000000000000E+00
5.387287287287281E-01	0.000000000000000E+00
5.401201201201196E-01	0.000000000000000E+00
5.415115115115110E-01	0.000000000000000E+00
5.429029029029024E-01	0.000000000000000E+00
5.442942942942939E-01	0.000000000000000E+00
5.456856856856853E-01	0.000000000000000E+00
5.470770770770768E-01	0.000000000000000E+00
5.484684684684682E-01	0.000000000000000E+00
5.498598598598596E-01	0.000000000000000E+00
5.512512512512511E-01	0.000000000000000E+00
5.526426426426425E-01	0.000000000000000E+00
5.540340340340340E-01	0.000000000000000E+00
5.554254254254254E-01	0.000000000000000E+00
5.568168168168168E-01	0.000000000000000E+00
5.582082082082083E-01	0.000000000000000E+00
5.595995995995997E-01	0.000000000000000E+00
5.609909909909911E-01	0.000000000000000E+00
5.623823823823826E-01	0.000000000000000E+00
5.637737737737740E-01	0.000000000000000E+00
5.651651651651655E-01	0.000000000000000E+00
5.665565565565569E-01	0.000000000000000E+00
5.679479479479483E-01	0.000000000000000E+00
5.693393393393398E-01	0.000000000000000E+00
5.707307307307312E-01	0.000000000000000E+00
5.721221221221227E-01	0.000000000000000E+00
5.735135135135141E-01	0.000000000000000E+00
5.749049049049055E-01	0.000000000000000E+00
5.762962962962970E-01	0.000000000000000E+00
5.776876876876884E-01	0.000000000000000E+00
5.790790790790799E-01	0.000000000000000E+00
5.804704704704713E-01	0.000000000000000E+00
5.818618618618627E-01	0.000000000000000E+00
5.832532532532542E-01	0.000000000000000E+00
5.846446446446456E-01	0.000000000000000E+00
5.860360360360370E-01	0.000000000000000E+00
5.874274274274285E-01	0.000000000000000E+00
5.888188188188199E-01	0.000000000000000E+00
5.902102102102114E-01	0.000000000000000E+00
5.916016016016028E-01	0.000000000000000E+00
5.929929929929942E-01	0.000000000000000E+00
5.943843843843857E-01	0.000000000000000E+00
5.957757757757771E-01	0.000000000000000E+00
5.971671671671686E-01	0.000000000000000E+00
5.985585585585600E-01	0.000000000000000E+00
5.999499499499514E-01	0.000000000000000E+00
6.013413413413429E-01	0.000000000000000E+00
6.027327327327343E-01	0.000000000000000E+00
6.041241241241257E-01	0.000000000000000E+00
6.055155155155172E-01	0.000000000000000E+00
6.069069069069086E-01	0.000000000000000E+00
6.082982982983001E-01	0.000000000000000E+00
6.096896896896915E-01	0.000000000000000E+00
6.110810810810829E-01	0.000000000000000E+00
6.124724724724744E-01	0.000000000000000E+00
6.138638638638658E-01	0.000000000000000E+00
6.152552552552573E-01	0.000000000000000E+00
6.166466466466487E-01	0.000000000000000E+00
6.180380380380401E-01	0.000000000000000E+00
6.194294294294316E-01	0.000000000000000E+00
6.208208208208230E-01	0.000000000000000E+00
6.222122122122145E-01	0.000000000000000E+00
6.236036036036059E-01	0.000000000000000E+00
6.249949949949973E-01	0.000000000000000E+00
6.263863863863888E-01	0.000000000000000E+00
6.277777777777802E-01	0.000000000000000E+00
6.291691691691716E-01	0.000000000000000E+00
6.305605605605631E-01	0.000000000000000E+00
6.319519519519545E-01	0.000000000000000E+00
6.333433433433460E-01	0.000000000000000E+00
6.347347347347374E-01	0.000000000000000E+00
6.361261261261288E-01	0.000000000000000E+00
6.375175175175203E-01	0.000000000000000E+00
6.389089089089117E-01	0.000000000000000E+00
6.403003003003032E-01	0.000000000000000E+00
6.416916916916946E-01	0.000000000000000E+00
6.430830830830860E-01	0.000000000000000E+00
6.444744744744775E-01	0.000000000000000E+00
6.458658658658689E-01	0.000000000000000E+00
6.472572572572604E-01	0.000000000000000E+00
6.486486486486518E-01	0.000000000000000E+00
6.500400400400432E-01	0.000000000000000E+00
6.514314314314347E-01	0.000000000000000E+00
6.528228228228261E-01	0.000000000000000E+00
6.542142142142175E-01	0.000000000000000E+00
6.556056056056090E-01	0.000000000000000E+00
6.569969969970004E-01	0.000000000000000E+00
6.583883883883919E-01	0.000000000000000E+00
6.597797797797833E-01	0.000000000000000E+00
6.611711711711747E-01	0.000000000000000E+00
6.625625625625662E-01	0.000000000000000E+00
6.639539539539576E-01	0.000000000000000E+00
6.653453453453491E-01	0.000000000000000E+00
6.667367367367405E-01	0.000000000000000E+00
6.681281281281319E-01	0.000000000000000E+00
6.695195195195234E-01	0.000000000000000E+00
6.709109109109148E-01	0.000000000000000E+00
6.723023023023063E-01	0.000000000000000E+00
6.736936936936977E-01	0.000000000000000E+00
6.750850850850891E-01	0.000000000000000E+00
6.764764764764806E-01	0.000000000000000E+00
6.778678678678720E-01	0.000000000000000E+00
6.792592592592634E-01	0.000000000000000E+00
6.806506506506549E-01	0.000000000000000E+00
6.820420420420463E-01	0.000000000000000E+00
6.834334334334378E-01	0.000000000000000E+00
6.848248248248292E-01	0.000000000000000E+00
6.862162162162206E-01	0.000000000000000E+00
6.876076076076121E-01	0.000000000000000E+00
6.889989989990035E-01	0.000000000000000E+00
6.903903903903950E-01	0.000000000000000E+00
6.917817817817864E-01	0.000000000000000E+00
6.931731731731778E-01	0.000000000000000E+00
6.945645645645693E-01	0.000000000000000E+00
6.959559559559607E-01	0.000000000000000E+00
6.973473473473522E-01	0.000000000000000E+00
6.987387387387436E-01	0.000000000000000E+00
7.001301301301350E-01	0.000000000000000E+00
7.015215215215265E-01	0.000000000000000E+00
7.029129129129179E-01	0.000000000000000E+00
7.043043043043093E-01	0.000000000000000E+00
7.056956956957008E-01	0.000000000000000E+00
7.070870870870922E-01	0.000000000000000E+00
7.084784784784837E-01	0.000000000000000E+00
7.098698698698751E-01	0.000000000000000E+00
7.112612612612665E-01	0.000000000000000E+00
7.126526526526580E-01	0.000000000000000E+00
7.140440440440494E-01	0.000000000000000E+00
7.154354354354409E-01	0.000000000000000E+00
7.168268268268323E-01	0.000000000000000E+00
7.182182182182237E-01	0.000000000000000E+00
7.196096096096152E-01	0.000000000000000E+00
7.210010010010066E-01	0.000000000000000E+00
7.223923923923981E-01	0.000000000000000E+00
7.237837837837895E-01	0.000000000000000E+00
7.251751751751809E-01	0.000000000000000E+00
7.265665665665724E-01	0.000000000000000E+00
7.279579579579638E-01	0.000000000000000E+00
7.293493493493552E-01	0.000000000000000E+00
7.307407407407467E-01	0.000000000000000E+00
7.321321321321381E-01	0.000000000000000E+00
7.335235235235296E-01	0.000000000000000E+00
7.349149149149210E-01	0.000000000000000E+00
7.363063063063124E-01	0.000000000000000E+00
7.376976976977039E-01	0.000000000000000E+00
7.390890890890953E-01	0.000000000000000E+00
7.404804804804868E-01	0.000000000000000E+00
7.418718718718782E-01	0.000000000000000E+00
7.432632632632696E-01	0.000000000000000E+00
7.446546546546611E-01	0.000000000000000E+00
7.460460460460525E-01	0.000000000000000E+00
7.474374374374440E-01	0.000000000000000E+00
7.488288288288354E-01	0.000000000000000E+00
7.502202202202268E-01	0.000000000000000E+00
7.516116116116183E-01	0.000000000000000E+00
7.530030030030097E-01	0.000000000000000E+00
7.543943943944011E-01	0.000000000000000E+00
7.557857857857926E-01	0.000000000000000E+00
7.571771771771840E-01	0.000000000000000E+00
7.585685685685755E-01	0.000000000000000E+00
7.599599599599669E-01	0.000000000000000E+00
7.613513513513583E-01	0.000000000000000E+00
7.627427427427498E-01	0.000000000000000E+00
7.641341341341412E-01	0.000000000000000E+00
7.655255255255327E-01	0.000000000000000E+00
7.669169169169241E-01	0.000000000000000E+00
7.683083083083155E-01	0.000000000000000E+00
7.696996996997070E-01	0.000000000000000E+00
7.710910910910984E-01	0.000000000000000E+00
7.724824824824899E-01	0.000000000000000E+00
7.738738738738813E-01	0.000000000000000E+00
7.752652652652727E-01	0.000000000000000E+00
7.766566566566642E-01	0.000000000000000E+00
7.780480480480556E-01	0.000000000000000E+00
7.794394394394470E-01	0.000000000000000E+00
7.808308308308385E-01	0.000000000000000E+00
7.822222222222299E-01	0.000000000000000E+00
7.836136136136214E-01	0.000000000000000E+00
7.850050050050128E-01	0.000000000000000E+00
7.863963963964042E-01	0.000000000000000E+00
7.877877877877957E-01	0.000000000000000E+00
7.891791791791871E-01	0.000000000000000E+00
7.905705705705786E-01	0.000000000000000E+00
7.919619619619700E-01	0.000000000000000E+00
7.933533533533614E-01	0.000000000000000E+00
7.947447447447529E-01	0.000000000000000E+00
7.961361361361443E-01	0.000000000000000E+00
7.975275275275358E-01	0.000000000000000E+00
7.989189189189272E-01	0.000000000000000E+00
8.003103103103186E-01	0.000000000000000E+00
8.017017017017101E-01	0.000000000000000E+00
8.030930930931015E-01	0.000000000000000E+00
8.044844844844929E-01	0.000000000000000E+00
8.058758758758844E-01	0.000000000000000E+00
8.072672672672758E-01	0.000000000000000E+00
8.086586586586673E-01	0.000000000000000E+00
8.100500500500587E-01	0.000000000000000E+00
8.114414414414501E-01	0.000000000000000E+00
8.128328328328416E-01	0.000000000000000E+00
8.142242242242330E-01	0.000000000000000E+00
8.156156156156245E-01	0.000000000000000E+00
8.170070070070159E-01	0.000000000000000E+00
8.183983983984073E-01	0.000000000000000E+00
8.197897897897988E-01	0.000000000000000E+00
8.211811811811902E-01	0.000000000000000E+00
8.225725725725817E-01	0.000000000000000E+00
8.239639639639731E-01	0.000000000000000E+00
8.253553553553645E-01	0.000000000000000E+00
8.267467467467560E-01	0.000000000000000E+00
8.281381381381474E-01	0.000000000000000E+00
8.295295295295388E-01	0.000000000000000E+00
8.309209209209303E-01	0.000000000000000E+00
8.323123123123217E-01	0.000000000000000E+00
8.337037037037132E-01	0.000000000000000E+00
8.350950950951046E-01	0.000000000000000E+00
8.364864864864960E-01	0.000000000000000E+00
8.378778778778875E-01	0.000000000000000E+00
8.392692692692789E-01	0.000000000000000E+00
8.406606606606704E-01	0.000000000000000E+00
8.420520520520618E-01	0.000000000000000E+00
8.434434434434532E-01	0.000000000000000E+00
8.448348348348447E-01	0.000000000000000E+00
8.462262262262361E-01	0.000000000000000E+00
8.476176176176276E-01	0.000000000000000E+00
8.490090090090190E-01	0.000000000000000E+00
8.504004004004104E-01	0.000000000000000E+00
8.517917917918019E-01	0.000000000000000E+00
8.531831831831933E-01	0.000000000000000E+00
8.545745745745847E-01	0.000000000000000E+00
8.559659659659762E-01	0.000000000000000E+00
8.573573573573676E-01	0.000000000000000E+00
8.587487487487591E-01	0.000000000000000E+00
8.601401401401505E-01	0.000000000000000E+00
8.615315315315419E-01	0.000000000000000E+00
8.629229229229334E-01	0.000000000000000E+00
8.643143143143248E-01	0.000000000000000E+00
8.657057057057163E-01	0.000000000000000E+00
8.670970970971077E-01	0.000000000000000E+00
8.684884884884991E-01	0.000000000000000E+00
8.698798798798906E-01	0.000000000000000E+00
8.712712712712820E-01	0.000000000000000E+00
8.726626626626734E-01	0.000000000000000E+00
8.740540540540649E-01	0.000000000000000E+00
8.754454454454563E-01	0.000000000000000E+00
8.768368368368478E-01	0.000000000000000E+00
8.782282282282392E-01	0.000000000000000E+00
8.796196196196306E-01	0.000000000000000E+00
8.810110110110221E-01	0.000000000000000E+00
8.824024024024135E-01	0.000000000000000E+00
8.837937937938050E-01	0.000000000000000E+00
8.851851851851964E-01	0.000000000000000E+00
8.865765765765878E-01	0.000000000000000E+00
8.879679679679793E-01	0.000000000000000E+00
8.893593593593707E-01	0.000000000000000E+00
8.907507507507622E-01	0.000000000000000E+00
8.921421421421536E-01	0.000000000000000E+00
8.935335335335450E-01	0.000000000000000E+00
8.949249249249365E-01	0.000000000000000E+00
8.963163163163279E-01	0.000000000000000E+00
8.977077077077193E-01	0.000000000000000E+00
8.990990990991108E-01	0.000000000000000E+00
9.004904904905022E-01	0.000000000000000E+00
9.018818818818937E-01	0.000000000000000E+00
9.032732732732851E-01	0.000000000000000E+00
9.046646646646765E-01	0.000000000000000E+00
9.060560560560680E-01	0.000000000000000E+00
9.074474474474594E-01	0.000000000000000E+00
9.088388388388509E-01	0.000000000000000E+00
9.102302302302423E-01	0.000000000000000E+00
9.116216216216337E-01	0.000000000000000E+00
9.130130130130252E-01	0.000000000000000E+00
9.144044044044166E-01	0.000000000000000E+00
9.157957957958081E-01	0.000000000000000E+00
9.171871871871995E-01	0.000000000000000E+00
9.185785785785909E-01	0.000000000000000E+00
9.199699699699824E-01	0.000000000000000E+00
9.213613613613738E-01	0.000000000000000E+00
9.227527527527652E-01	0.000000000000000E+00
9.241441441441567E-01	0.000000000000000E+00
9.255355355355481E-01	0.000000000000000E+00
9.269269269269396E-01	0.000000000000000E+00
9.283183183183310E-01	0.000000000000000E+00
9.297097097097224E-01	0.000000000000000E+00
9.311011011011139E-01	0.000000000000000E+00
9.324924924925053E-01	0.000000000000000E+00
9.338838838838968E-01	0.000000000000000E+00
9.352752752752882E-01	0.000000000000000E+00
9.366666666666796E-01	0.000000000000000E+00
9.380580580580711E-01	0.000000000000000E+00
9.394494494494625E-01	0.000000000000000E+00
9.408408408408540E-01	0.000000000000000E+00
9.422322322322454E-01	0.000000000000000E+00
9.436236236236368E-01	0.000000000000000E+00
9.450150150150283E-01	0.000000000000000E+00
9.464064064064197E-01	0.000000000000000E+00
9.477977977978111E-01	0.000000000000000E+00
9.491891891892026E-01	0.000000000000000E+00
9.505805805805940E-01	0.000000000000000E+00
9.519719719719855E-01	0.000000000000000E+00
9.533633633633769E-01	0.000000000000000E+00
9.547547547547683E-01	0.000000000000000E+00
9.561461461461598E-01	0.000000000000000E+00
9.575375375375512E-01	0.000000000000000E+00
9.589289289289427E-01	0.000000000000000E+00
9.603203203203341E-01	0.000000000000000E+00
9.617117117117255E-01	0.000000000000000E+00
9.631031031031170E-01	0.000000000000000E+00
9.644944944945084E-01	0.000000000000000E+00
9.658858858858999E-01	0.000000000000000E+00
9.672772772772913E-01	0.000000000000000E+00
9.686686686686827E-01	0.000000000000000E+00
9.700600600600742E-01	0.000000000000000E+00
9.714514514514656E-01	0.000000000000000E+00
9.728428428428570E-01	0.000000000000000E+00
9.742342342342485E-01	0.000000000000000E+00
9.756256256256399E-01	0.000000000000000E+00
9.770170170170314E-01	0.000000000000000E+00
9.784084084084228E-01	0.000000000000000E+00
9.797997997998142E-01	0.000000000000000E+00
9.811911911912057E-01	0.000000000000000E+00
9.825825825825971E-01	0.000000000000000E+00
9.839739739739886E-01	0.000000000000000E+00
9.853653653653800E-01	0.000000000000000E+00
9.867567567567714E-01	0.000000000000000E+00
9.881481481481629E-01	0.000000000000000E+00
9.895395395395543E-01	0.000000000000000E+00
9.909309309309458E-01	0.000000000000000E+00
9.923223223223372E-01	0.000000000000000E+00
9.937137137137286E-01	0.000000000000000E+00
9.951051051051201E-01	0.000000000000000E+00
9.964964964965115E-01	0.000000000000000E+00
9.978878878879029E-01	0.000000000000000E+00
9.992792792792944E-01	0.000000000000000E+00
1.000670670670686E+00	0.000000000000000E+00
1.002062062062077E+00	0.000000000000000E+00
1.003453453453469E+00	0.000000000000000E+00
1.004844844844860E+00	0.000000000000000E+00
1.006236236236252E+00	0.000000000000000E+00
1.007627627627643E+00	0.000000000000000E+00
1.009019019019034E+00	0.000000000000000E+00
1.010410410410426E+00	0.000000000000000E+00
1.011801801801817E+00	0.000000000000000E+00
1.013193193193209E+00	0.000000000000000E+00
1.014584584584600E+00	0.000000000000000E+00
1.015975975975992E+00	0.000000000000000E+00
1.017367367367383E+00	0.000000000000000E+00
1.018758758758775E+00	0.000000000000000E+00
1.020150150150166E+00	0.000000000000000E+00
1.021541541541557E+00	0.000000000000000E+00
1.022932932932949E+00	0.000000000000000E+00
1.024324324324340E+00	0.000000000000000E+00
1.025715715715732E+00	0.000000000000000E+00
1.027107107107123E+00	0.000000000000000E+00
1.028498498498515E+00	0.000000000000000E+00
1.029889889889906E+00	0.000000000000000E+00
1.031281281281297E+00	0.000000000000000E+00
1.032672672672689E+00	0.000000000000000E+00
1.034064064064080E+00	0.000000000000000E+00
1.035455455455472E+00	0.000000000000000E+00
1.036846846846863E+00	0.000000000000000E+00
1.038238238238255E+00	0.000000000000000E+00
1.039629629629646E+00	0.000000000000000E+00
1.041021021021038E+00	0.000000000000000E+00
1.042412412412429E+00	0.000000000000000E+00
1.043803803803820E+00	0.000000000000000E+00
1.045195195195212E+00	0.000000000000000E+00
1.046586586586603E+00	0.000000000000000E+00
1.047977977977995E+00	0.000000000000000E+00
1.049369369369386E+00	0.000000000000000E+00
1.050760760760778E+00	0.000000000000000E+00
1.052152152152169E+00	0.000000000000000E+00
1.053543543543561E+00	0.000000000000000E+00
1.054934934934952E+00	0.000000000000000E+00
1.056326326326343E+00	0.000000000000000E+00
1.057717717717735E+00	0.000000000000000E+00
1.059109109109126E+00	0.000000000000000E+00
1.060500500500518E+00	0.000000000000000E+00
1.061891891891909E+00	0.000000000000000E+00
1.063283283283301E+00	0.000000000000000E+00
1.064674674674692E+00	0.000000000000000E+00
1.066066066066083E+00	0.000000000000000E+00
1.067457457457475E+00	0.000000000000000E+00
1.068848848848866E+00	0.000000000000000E+00
1.070240240240258E+00	0.000000000000000E+00
1.071631631631649E+00	0.000000000000000E+00
1.073023023023041E+00	0.000000000000000E+00
1.074414414414432E+00	0.000000000000000E+00
1.075805805805824E+00	0.000000000000000E+00
1.077197197197215E+00	0.000000000000000E+00
1.078588588588606E+00	0.000000000000000E+00
1.079979979979998E+00	0.000000000000000E+00
1.081371371371389E+00	0.000000000000000E+00
1.082762762762781E+00	0.000000000000000E+00
1.084154154154172E+00	0.000000000000000E+00
1.085545545545564E+00	0.000000000000000E+00
1.086936936936955E+00	0.000000000000000E+00
1.088328328328346E+00	0.000000000000000E+00
1.089719719719738E+00	0.000000000000000E+00
1.091111111111129E+00	0.000000000000000E+00
1.092502502502521E+00	0.000000000000000E+00
1.093893893893912E+00	0.000000000000000E+00
1.095285285285304E+00	0.000000000000000E+00
1.096676676676695E+00	0.000000000000000E+00
1.098068068068087E+00	0.000000000000000E+00
1.099459459459478E+00	0.000000000000000E+00
1.100850850850869E+00	0.000000000000000E+00
1.102242242242261E+00	0.000000000000000E+00
1.103633633633652E+00	0.000000000000000E+00
1.105025025025044E+00	0.000000000000000E+00
1.106416416416435E+00	0.000000000000000E+00
1.107807807807827E+00	0.000000000000000E+00
1.109199199199218E+00	0.000000000000000E+00
1.110590590590609E+00	0.000000000000000E+00
1.111981981982001E+00	0.000000000000000E+00
1.113373373373392E+00	0.000000000000000E+00
1.114764764764784E+00	0.000000000000000E+00
1.116156156156175E+00	0.000000000000000E+00
1.117547547547567E+00	0.000000000000000E+00
1.118938938938958E+00	0.000000000000000E+00
1.120330330330350E+00	0.000000000000000E+00
1.121721721721741E+00	0.000000000000000E+00
1.123113113113132E+00	0.000000000000000E+00
1.124504504504524E+00	0.000000000000000E+00
1.125895895895915E+00	0.000000000000000E+00
1.127287287287307E+00	0.000000000000000E+00
1.128678678678698E+00	0.000000000000000E+00
1.130070070070090E+00	0.000000000000000E+00
1.131461461461481E+00	0.000000000000000E+00
1.132852852852873E+00	0.000000000000000E+00
1.134244244244264E+00	0.000000000000000E+00
1.135635635635655E+00	0.000000000000000E+00
1.137027027027047E+00	0.000000000000000E+00
1.138418418418438E+00	0.000000000000000E+00
1.139809809809830E+00	0.000000000000000E+00
1.141201201201221E+00	0.000000000000000E+00
1.142592592592613E+00	0.000000000000000E+00
1.143983983984004E+00	0.000000000000000E+00
1.145375375375395E+00	0.000000000000000E+00
1.146766766766787E+00	0.000000000000000E+00
1.148158158158178E+00	0.000000000000000E+00
1.149549549549570E+00	0.000000000000000E+00
1.150940940940961E+00	0.000000000000000E+00
1.152332332332353E+00	0.000000000000000E+00
1.153723723723744E+00	0.000000000000000E+00
1.155115115115136E+00	0.000000000000000E+00
1.156506506506527E+00	0.000000000000000E+00
1.157897897897918E+00	0.000000000000000E+00
1.159289289289310E+00	0.000000000000000E+00
1.160680680680701E+00	0.000000000000000E+00
1.162072072072093E+00	0.000000000000000E+00
1.163463463463484E+00	0.000000000000000E+00
1.164854854854876E+00	0.000000000000000E+00
1.166246246246267E+00	0.000000000000000E+00
1.167637637637658E+00	0.000000000000000E+00
1.169029029029050E+00	0.000000000000000E+00
1.170420420420441E+00	0.000000000000000E+00
1.171811811811833E+00	0.000000000000000E+00
1.173203203203224E+00	0.000000000000000E+00
1.174594594594616E+00	0.000000000000000E+00
1.175985985986007E+00	0.000000000000000E+00
1.177377377377399E+00	0.000000000000000E+00
1.178768768768790E+00	0.000000000000000E+00
1.180160160160181E+00	0.000000000000000E+00
1.181551551551573E+00	0.000000000000000E+00
1.182942942942964E+00	0.000000000000000E+00
1.184334334334356E+00	0.000000000000000E+00
1.185725725725747E+00	0.000000000000000E+00
1.187117117117139E+00	0.000000000000000E+00
1.188508508508530E+00	0.000000000000000E+00
1.189899899899922E+00	0.000000000000000E+00
1.191291291291313E+00	0.000000000000000E+00
1.192682682682704E+00	0.000000000000000E+00
1.194074074074096E+00	0.000000000000000E+00
1.195465465465487E+00	0.000000000000000E+00
1.196856856856879E+00	0.000000000000000E+00
1.198248248248270E+00	0.000000000000000E+00
1.199639639639662E+00	0.000000000000000E+00
1.201031031031053E+00	0.000000000000000E+00
1.202422422422444E+00	0.000000000000000E+00
1.203813813813836E+00	0.000000000000000E+00
1.205205205205227E+00	0.000000000000000E+00
1.206596596596619E+00	0.000000000000000E+00
1.207987987988010E+00	0.000000000000000E+00
1.209379379379402E+00	0.000000000000000E+00
1.210770770770793E+00	0.000000000000000E+00
1.212162162162185E+00	0.000000000000000E+00
1.213553553553576E+00	0.000000000000000E+00
1.214944944944967E+00	0.000000000000000E+00
1.216336336336359E+00	0.000000000000000E+00
1.217727727727750E+00	0.000000000000000E+00
1.219119119119142E+00	0.000000000000000E+00
1.220510510510533E+00	0.000000000000000E+00
1.221901901901925E+00	0.000000000000000E+00
1.223293293293316E+00	0.000000000000000E+00
1.224684684684707E+00	0.000000000000000E+00
1.226076076076099E+00	0.000000000000000E+00
1.227467467467490E+00	0.000000000000000E+00
1.228858858858882E+00	0.000000000000000E+00
1.230250250250273E+00	0.000000000000000E+00
1.231641641641665E+00	0.000000000000000E+00
1.233033033033056E+00	0.000000000000000E+00
1.234424424424448E+00	0.000000000000000E+00
1.235815815815839E+00	0.000000000000000E+00
1.237207207207230E+00	0.000000000000000E+00
1.238598598598622E+00	0.000000000000000E+00
1.239989989990013E+00	0.000000000000000E+00
1.241381381381405E+00	0.000000000000000E+00
1.242772772772796E+00	0.000000000000000E+00
1.244164164164188E+00	0.000000000000000E+00
1.245555555555579E+00	0.000000000000000E+00
1.246946946946971E+00	0.000000000000000E+00
1.248338338338362E+00	0.000000000000000E+00
1.249729729729753E+00	0.000000000000000E+00
1.251121121121145E+00	0.000000000000000E+00
1.252512512512536E+00	0.000000000000000E+00
1.253903903903928E+00	0.000000000000000E+00
1.255295295295319E+00	0.000000000000000E+00
1.256686686686711E+00	0.000000000000000E+00
1.258078078078102E+00	0.000000000000000E+00
1.259469469469493E+00	0.000000000000000E+00
1.260860860860885E+00	0.000000000000000E+00
1.262252252252276E+00	0.000000000000000E+00
1.263643643643668E+00	0.000000000000000E+00
1.265035035035059E+00	0.000000000000000E+00
1.266426426426451E+00	0.000000000000000E+00
1.267817817817842E+00	0.000000000000000E+00
1.269209209209234E+00	0.000000000000000E+00
1.270600600600625E+00	0.000000000000000E+00
1.271991991992016E+00	0.000000000000000E+00
1.273383383383408E+00	0.000000000000000E+00
1.274774774774799E+00	0.000000000000000E+00
1.276166166166191E+00	0.000000000000000E+00
1.277557557557582E+00	0.000000000000000E+00
1.278948948948974E+00	0.000000000000000E+00
1.280340340340365E+00	0.000000000000000E+00
1.281731731731756E+00	0.000000000000000E+00
1.283123123123148E+00	0.000000000000000E+00
1.284514514514539E+00	0.000000000000000E+00
1.285905905905931E+00	0.000000000000000E+00
1.287297297297322E+00	0.000000000000000E+00
1.288688688688714E+00	0.000000000000000E+00
1.290080080080105E+00	0.000000000000000E+00
1.291471471471497E+00	0.000000000000000E+00
1.292862862862888E+00	0.000000000000000E+00
1.294254254254279E+00	0.000000000000000E+00
1.295645645645671E+00	0.000000000000000E+00
1.297037037037062E+00	0.000000000000000E+00
1.298428428428454E+00	0.000000000000000E+00
1.299819819819845E+00	0.000000000000000E+00
1.301211211211237E+00	0.000000000000000E+00
1.302602602602628E+00	0.000000000000000E+00
1.303993993994019E+00	0.000000000000000E+00
1.305385385385411E+00	0.000000000000000E+00
1.306776776776802E+00	0.000000000000000E+00
1.308168168168194E+00	0.000000000000000E+00
1.309559559559585E+00	0.000000000000000E+00
1.310950950950977E+00	0.000000000000000E+00
1.312342342342368E+00	0.000000000000000E+00
1.313733733733760E+00	0.000000000000000E+00
1.315125125125151E+00	0.000000000000000E+00
1.316516516516542E+00	0.000000000000000E+00
1.317907907907934E+00	0.000000000000000E+00
1.319299299299325E+00	0.000000000000000E+00
1.320690690690717E+00	0.000000000000000E+00
1.322082082082108E+00	0.000000000000000E+00
1.323473473473500E+00	0.000000000000000E+00
1.324864864864891E+00	0.000000000000000E+00
1.326256256256283E+00	0.000000000000000E+00
1.327647647647674E+00	0.000000000000000E+00
1.329039039039065E+00	0.000000000000000E+00
1.330430430430457E+00	0.000000000000000E+00
1.331821821821848E+00	0.000000000000000E+00
1.333213213213240E+00	0.000000000000000E+00
1.334604604604631E+00	0.000000000000000E+00
1.335995995996023E+00	0.000000000000000E+00
1.337387387387414E+00	0.000000000000000E+00
1.338778778778805E+00	0.000000000000000E+00
1.340170170170197E+00	0.000000000000000E+00
1.341561561561588E+00	0.000000000000000E+00
1.342952952952980E+00	0.000000000000000E+00
1.344344344344371E+00	0.000000000000000E+00
1.345735735735763E+00	0.000000000000000E+00
1.347127127127154E+00	0.000000000000000E+00
1.348518518518546E+00	0.000000000000000E+00
1.349909909909937E+00	0.000000000000000E+00
1.351301301301328E+00	0.000000000000000E+00
1.352692692692720E+00	0.000000000000000E+00
1.354084084084111E+00	0.000000000000000E+00
1.355475475475503E+00	0.000000000000000E+00
1.356866866866894E+00	0.000000000000000E+00
1.358258258258286E+00	0.000000000000000E+00
1.359649649649677E+00	0.000000000000000E+00
1.361041041041068E+00	0.000000000000000E+00
1.362432432432460E+00	0.000000000000000E+00
1.363823823823851E+00	0.000000000000000E+00
1.365215215215243E+00	0.000000000000000E+00
1.366606606606634E+00	0.000000000000000E+00
1.367997997998026E+00	0.000000000000000E+00
1.369389389389417E+00	0.000000000000000E+00
1.370780780780809E+00	0.000000000000000E+00
1.372172172172200E+00	0.000000000000000E+00
1.373563563563591E+00	0.000000000000000E+00
1.374954954954983E+00	0.000000000000000E+00
1.376346346346374E+00	0.000000000000000E+00
1.377737737737766E+00	0.000000000000000E+00
1.379129129129157E+00	0.000000000000000E+00
1.380520520520549E+00	0.000000000000000E+00
1.381911911911940E+00	0.000000000000000E+00
1.383303303303332E+00	0.000000000000000E+00
1.384694694694723E+00	0.000000000000000E+00
1.386086086086114E+00	0.000000000000000E+00
1.387477477477506E+00	0.000000000000000E+00
1.388868868868897E+00	0.000000000000000E+00
1.390260260260289E+00	0.000000000000000E+00
1.391651651651680E+00	0.000000000000000E+00
1.393043043043072E+00	0.000000000000000E+00
1.394434434434463E+00	0.000000000000000E+00
1.395825825825854E+00	0.000000000000000E+00
1.397217217217246E+00	0.000000000000000E+00
1.398608608608637E+00	0.000000000000000E+00
1.400000000000029E+00	0.000000000000000E+00
