# barionic density, mass
1.000000000000000E-02	9.332892631225587E+02
1.139139139139139E-02	9.325568414916994E+02
1.278278278278278E-02	9.318244198608400E+02
1.417417417417418E-02	9.310919982299805E+02
1.556556556556557E-02	9.303595765991212E+02
1.695695695695696E-02	9.292609441528322E+02
1.834834834834835E-02	9.285285225219728E+02
1.973973973973974E-02	9.277961008911135E+02
2.113113113113113E-02	9.270636792602540E+02
2.252252252252252E-02	9.263312576293946E+02
2.391391391391391E-02	9.255988359985353E+02
2.530530530530530E-02	9.248664143676759E+02
2.669669669669669E-02	9.241339927368165E+02
2.808808808808808E-02	9.234015711059570E+02
2.947947947947947E-02	9.226691494750977E+02
3.087087087087086E-02	9.219367278442384E+02
3.226226226226225E-02	9.212043062133790E+02
3.365365365365364E-02	9.204718845825197E+02
3.504504504504503E-02	9.201056737670899E+02
3.643643643643642E-02	9.193732521362305E+02
3.782782782782781E-02	9.186408305053711E+02
3.921921921921920E-02	9.179084088745118E+02
4.061061061061060E-02	9.171759872436525E+02
4.200200200200199E-02	9.164435656127931E+02
4.339339339339338E-02	9.157111439819337E+02
4.478478478478477E-02	9.149787223510742E+02
4.617617617617616E-02	9.146125115356446E+02
4.756756756756755E-02	9.138800899047852E+02
4.895895895895894E-02	9.131476682739259E+02
5.035035035035033E-02	9.124152466430664E+02
5.174174174174172E-02	9.116828250122070E+02
5.313313313313311E-02	9.109504033813477E+02
5.452452452452450E-02	9.105841925659180E+02
5.591591591591589E-02	9.098517709350587E+02
5.730730730730728E-02	9.091193493041993E+02
5.869869869869867E-02	9.083869276733399E+02
6.009009009009006E-02	9.080207168579102E+02
6.148148148148145E-02	9.072882952270508E+02
6.287287287287284E-02	9.065558735961914E+02
6.426426426426424E-02	9.061896627807618E+02
6.565565565565563E-02	9.054572411499024E+02
6.704704704704703E-02	9.047248195190431E+02
6.843843843843843E-02	9.039923978881836E+02
6.982982982982983E-02	9.036261870727540E+02
7.122122122122122E-02	9.028937654418945E+02
7.261261261261262E-02	9.025275546264648E+02
7.400400400400402E-02	9.017951329956055E+02
7.539539539539541E-02	9.010627113647462E+02
7.678678678678681E-02	9.006965005493165E+02
7.817817817817821E-02	8.999640789184572E+02
7.956956956956961E-02	8.992316572875977E+02
8.096096096096100E-02	8.988654464721679E+02
8.235235235235240E-02	8.981330248413086E+02
8.374374374374380E-02	8.977668140258789E+02
8.513513513513520E-02	8.970343923950196E+02
8.652652652652659E-02	8.966681815795899E+02
8.791791791791799E-02	8.959357599487306E+02
8.930930930930939E-02	8.952033383178712E+02
9.070070070070078E-02	8.948371275024415E+02
9.209209209209218E-02	8.941047058715820E+02
9.348348348348358E-02	8.937384950561524E+02
9.487487487487498E-02	8.930060734252930E+02
9.626626626626637E-02	8.926398626098634E+02
9.765765765765777E-02	8.919074409790040E+02
9.904904904904917E-02	8.915412301635744E+02
1.004404404404406E-01	8.908088085327149E+02
1.018318318318320E-01	8.904425977172853E+02
1.032232232232234E-01	8.900763869018555E+02
1.046146146146148E-01	8.893439652709961E+02
1.060060060060062E-01	8.889777544555665E+02
1.073973973973976E-01	8.882453328247071E+02
1.087887887887889E-01	8.878791220092775E+02
1.101801801801803E-01	8.871467003784181E+02
1.115715715715717E-01	8.867804895629885E+02
1.129629629629631E-01	8.864142787475587E+02
1.143543543543545E-01	8.856818571166992E+02
1.157457457457459E-01	8.853156463012696E+02
1.171371371371373E-01	8.845832246704102E+02
1.185285285285287E-01	8.842170138549806E+02
1.199199199199201E-01	8.838508030395509E+02
1.213113113113115E-01	8.831183814086916E+02
1.227027027027029E-01	8.827521705932619E+02
1.240940940940943E-01	8.823859597778322E+02
1.254854854854857E-01	8.816535381469728E+02
1.268768768768771E-01	8.812873273315430E+02
1.282682682682685E-01	8.809211165161133E+02
1.296596596596599E-01	8.801886948852540E+02
1.310510510510512E-01	8.798224840698243E+02
1.324424424424426E-01	8.794562732543947E+02
1.338338338338340E-01	8.790900624389650E+02
1.352252252252254E-01	8.783576408081057E+02
1.366166166166168E-01	8.779914299926760E+02
1.380080080080082E-01	8.776252191772462E+02
1.393993993993995E-01	8.772590083618165E+02
1.407907907907909E-01	8.765265867309571E+02
1.421821821821823E-01	8.761603759155274E+02
1.435735735735737E-01	8.757941651000978E+02
1.449649649649651E-01	8.754279542846681E+02
1.463563563563565E-01	8.746955326538088E+02
1.477477477477478E-01	8.743293218383791E+02
1.491391391391392E-01	8.739631110229494E+02
1.505305305305306E-01	8.735969002075198E+02
1.519219219219220E-01	8.732306893920900E+02
1.533133133133134E-01	8.724982677612305E+02
1.547047047047048E-01	8.721320569458009E+02
1.560960960960961E-01	8.717658461303712E+02
1.574874874874875E-01	8.713996353149415E+02
1.588788788788789E-01	8.710334244995119E+02
1.602702702702703E-01	8.703010028686525E+02
1.616616616616617E-01	8.699347920532228E+02
1.630530530530531E-01	8.695685812377932E+02
1.644444444444444E-01	8.692023704223635E+02
1.658358358358358E-01	8.688361596069337E+02
1.672272272272272E-01	8.684699487915041E+02
1.686186186186186E-01	8.681037379760743E+02
1.700100100100100E-01	8.677375271606446E+02
1.714014014014014E-01	8.670051055297853E+02
1.727927927927927E-01	8.666388947143556E+02
1.741841841841841E-01	8.662726838989259E+02
1.755755755755755E-01	8.659064730834962E+02
1.769669669669669E-01	8.655402622680665E+02
1.783583583583583E-01	8.651740514526367E+02
1.797497497497497E-01	8.648078406372071E+02
1.811411411411410E-01	8.644416298217774E+02
1.825325325325324E-01	8.640754190063477E+02
1.839239239239238E-01	8.637092081909180E+02
1.853153153153152E-01	8.633429973754884E+02
1.867067067067066E-01	8.629767865600587E+02
1.880980980980980E-01	8.626105757446290E+02
1.894894894894893E-01	8.618781541137697E+02
1.908808808808807E-01	8.615119432983399E+02
1.922722722722721E-01	8.611457324829103E+02
1.936636636636635E-01	8.607795216674805E+02
1.950550550550549E-01	8.604133108520508E+02
1.964464464464463E-01	8.600471000366211E+02
1.978378378378376E-01	8.596808892211915E+02
1.992292292292290E-01	8.593146784057618E+02
2.006206206206204E-01	8.589484675903321E+02
2.020120120120118E-01	8.585822567749025E+02
2.034034034034032E-01	8.582160459594728E+02
2.047947947947946E-01	8.578498351440431E+02
2.061861861861859E-01	8.574836243286135E+02
2.075775775775773E-01	8.571174135131837E+02
2.089689689689687E-01	8.567512026977540E+02
2.103603603603601E-01	8.563849918823242E+02
2.117517517517515E-01	8.560187810668946E+02
2.131431431431429E-01	8.560187810668946E+02
2.145345345345342E-01	8.556525702514649E+02
2.159259259259256E-01	8.552863594360352E+02
2.173173173173170E-01	8.549201486206056E+02
2.187087087087084E-01	8.545539378051759E+02
2.201001001000998E-01	8.541877269897461E+02
2.214914914914912E-01	8.538215161743165E+02
2.228828828828825E-01	8.534553053588867E+02
2.242742742742739E-01	8.530890945434570E+02
2.256656656656653E-01	8.527228837280273E+02
2.270570570570567E-01	8.523566729125977E+02
2.284484484484481E-01	8.519904620971680E+02
2.298398398398395E-01	8.516242512817383E+02
2.312312312312308E-01	8.512580404663087E+02
2.326226226226222E-01	8.508918296508790E+02
2.340140140140136E-01	8.508918296508790E+02
2.354054054054050E-01	8.505256188354493E+02
2.367967967967964E-01	8.501594080200197E+02
2.381881881881878E-01	8.497931972045899E+02
2.395795795795791E-01	8.494269863891602E+02
2.409709709709705E-01	8.490607755737304E+02
2.423623623623619E-01	8.486945647583008E+02
2.437537537537533E-01	8.483283539428711E+02
2.451451451451447E-01	8.479621431274414E+02
2.465365365365361E-01	8.479621431274414E+02
2.479279279279274E-01	8.475959323120118E+02
2.493193193193188E-01	8.472297214965821E+02
2.507107107107102E-01	8.468635106811524E+02
2.521021021021016E-01	8.464972998657228E+02
2.534934934934930E-01	8.461310890502931E+02
2.548848848848844E-01	8.457648782348634E+02
2.562762762762757E-01	8.453986674194337E+02
2.576676676676671E-01	8.453986674194337E+02
2.590590590590585E-01	8.450324566040040E+02
2.604504504504499E-01	8.446662457885742E+02
2.618418418418413E-01	8.443000349731445E+02
2.632332332332327E-01	8.439338241577149E+02
2.646246246246240E-01	8.435676133422852E+02
2.660160160160154E-01	8.432014025268555E+02
2.674074074074068E-01	8.432014025268555E+02
2.687987987987982E-01	8.428351917114259E+02
2.701901901901896E-01	8.424689808959961E+02
2.715815815815810E-01	8.421027700805664E+02
2.729729729729723E-01	8.417365592651366E+02
2.743643643643637E-01	8.413703484497070E+02
2.757557557557551E-01	8.413703484497070E+02
2.771471471471465E-01	8.410041376342773E+02
2.785385385385379E-01	8.406379268188476E+02
2.799299299299293E-01	8.402717160034180E+02
2.813213213213206E-01	8.399055051879883E+02
2.827127127127120E-01	8.399055051879883E+02
2.841041041041034E-01	8.395392943725586E+02
2.854954954954948E-01	8.391730835571290E+02
2.868868868868862E-01	8.388068727416993E+02
2.882782782782776E-01	8.384406619262696E+02
2.896696696696689E-01	8.380744511108398E+02
2.910610610610603E-01	8.380744511108398E+02
2.924524524524517E-01	8.377082402954102E+02
2.938438438438431E-01	8.373420294799804E+02
2.952352352352345E-01	8.369758186645507E+02
2.966266266266259E-01	8.366096078491211E+02
2.980180180180173E-01	8.366096078491211E+02
2.994094094094086E-01	8.362433970336914E+02
3.008008008008000E-01	8.358771862182617E+02
3.021921921921914E-01	8.355109754028321E+02
3.035835835835828E-01	8.351447645874024E+02
3.049749749749742E-01	8.351447645874024E+02
3.063663663663656E-01	8.347785537719727E+02
3.077577577577569E-01	8.344123429565431E+02
3.091491491491483E-01	8.340461321411134E+02
3.105405405405397E-01	8.336799213256836E+02
3.119319319319311E-01	8.336799213256836E+02
3.133233233233225E-01	8.333137105102539E+02
3.147147147147139E-01	8.329474996948242E+02
3.161061061061052E-01	8.325812888793945E+02
3.174974974974966E-01	8.322150780639648E+02
3.188888888888880E-01	8.322150780639648E+02
3.202802802802794E-01	8.318488672485352E+02
3.216716716716708E-01	8.314826564331055E+02
3.230630630630622E-01	8.311164456176758E+02
3.244544544544535E-01	8.307502348022462E+02
3.258458458458449E-01	8.307502348022462E+02
3.272372372372363E-01	8.303840239868165E+02
3.286286286286277E-01	8.300178131713868E+02
3.300200200200191E-01	8.296516023559572E+02
3.314114114114105E-01	8.292853915405274E+02
3.328028028028018E-01	8.292853915405274E+02
3.341941941941932E-01	8.289191807250977E+02
3.355855855855846E-01	8.285529699096679E+02
3.369769769769760E-01	8.281867590942383E+02
3.383683683683674E-01	8.278205482788086E+02
3.397597597597588E-01	8.278205482788086E+02
3.411511511511501E-01	8.274543374633789E+02
3.425425425425415E-01	8.270881266479493E+02
3.439339339339329E-01	8.267219158325196E+02
3.453253253253243E-01	8.263557050170899E+02
3.467167167167157E-01	8.263557050170899E+02
3.481081081081071E-01	8.259894942016602E+02
3.494994994994984E-01	8.256232833862306E+02
3.508908908908898E-01	8.252570725708009E+02
3.522822822822812E-01	8.248908617553711E+02
3.536736736736726E-01	8.248908617553711E+02
3.550650650650640E-01	8.245246509399415E+02
3.564564564564554E-01	8.241584401245117E+02
3.578478478478467E-01	8.237922293090820E+02
3.592392392392381E-01	8.234260184936524E+02
3.606306306306295E-01	8.234260184936524E+02
3.620220220220209E-01	8.230598076782227E+02
3.634134134134123E-01	8.226935968627930E+02
3.648048048048037E-01	8.223273860473633E+02
3.661961961961950E-01	8.219611752319337E+02
3.675875875875864E-01	8.215949644165040E+02
3.689789789789778E-01	8.215949644165040E+02
3.703703703703692E-01	8.212287536010743E+02
3.717617617617606E-01	8.208625427856447E+02
3.731531531531520E-01	8.204963319702149E+02
3.745445445445433E-01	8.201301211547852E+02
3.759359359359347E-01	8.197639103393554E+02
3.773273273273261E-01	8.197639103393554E+02
3.787187187187175E-01	8.193976995239258E+02
3.801101101101089E-01	8.190314887084961E+02
3.815015015015003E-01	8.186652778930664E+02
3.828928928928916E-01	8.182990670776368E+02
3.842842842842830E-01	8.179328562622071E+02
3.856756756756744E-01	8.179328562622071E+02
3.870670670670658E-01	8.175666454467774E+02
3.884584584584572E-01	8.172004346313478E+02
3.898498498498486E-01	8.168342238159181E+02
3.912412412412399E-01	8.164680130004884E+02
3.926326326326313E-01	8.161018021850587E+02
3.940240240240227E-01	8.161018021850587E+02
3.954154154154141E-01	8.157355913696290E+02
3.968068068068055E-01	8.153693805541992E+02
3.981981981981969E-01	8.150031697387695E+02
3.995895895895882E-01	8.146369589233399E+02
4.009809809809796E-01	8.142707481079102E+02
4.023723723723710E-01	8.139045372924805E+02
4.037637637637624E-01	8.135383264770509E+02
4.051551551551538E-01	8.135383264770509E+02
4.065465465465452E-01	8.131721156616212E+02
4.079379379379365E-01	8.128059048461915E+02
4.093293293293279E-01	8.124396940307619E+02
4.107207207207193E-01	8.120734832153322E+02
4.121121121121107E-01	8.117072723999024E+02
4.135035035035021E-01	8.113410615844728E+02
4.148948948948935E-01	8.109748507690430E+02
4.162862862862848E-01	8.106086399536133E+02
4.176776776776762E-01	8.106086399536133E+02
4.190690690690676E-01	8.102424291381836E+02
4.204604604604590E-01	8.098762183227540E+02
4.218518518518504E-01	8.095100075073243E+02
4.232432432432418E-01	8.091437966918946E+02
4.246346346346331E-01	8.087775858764650E+02
4.260260260260245E-01	8.084113750610353E+02
4.274174174174159E-01	8.080451642456056E+02
4.288088088088073E-01	8.076789534301760E+02
4.302002002001987E-01	8.073127426147462E+02
4.315915915915901E-01	8.069465317993165E+02
4.329829829829814E-01	8.065803209838867E+02
4.343743743743728E-01	8.062141101684571E+02
4.357657657657642E-01	8.058478993530274E+02
4.371571571571556E-01	8.054816885375977E+02
4.385485485485470E-01	8.051154777221681E+02
4.399399399399384E-01	8.051154777221681E+02
4.413313313313297E-01	8.047492669067384E+02
4.427227227227211E-01	8.043830560913087E+02
4.441141141141125E-01	8.040168452758791E+02
4.455055055055039E-01	8.036506344604494E+02
4.468968968968953E-01	8.032844236450197E+02
4.482882882882867E-01	8.029182128295899E+02
4.496796796796780E-01	8.025520020141603E+02
4.510710710710694E-01	8.021857911987305E+02
4.524624624624608E-01	8.018195803833008E+02
4.538538538538522E-01	8.014533695678712E+02
4.552452452452436E-01	8.010871587524415E+02
4.566366366366350E-01	8.007209479370118E+02
4.580280280280263E-01	8.003547371215822E+02
4.594194194194177E-01	7.999885263061525E+02
4.608108108108091E-01	7.992561046752932E+02
4.622022022022005E-01	7.988898938598635E+02
4.635935935935919E-01	7.985236830444337E+02
4.649849849849833E-01	7.981574722290040E+02
4.663763763763746E-01	7.977912614135743E+02
4.677677677677660E-01	7.974250505981446E+02
4.691591591591574E-01	7.970588397827149E+02
4.705505505505488E-01	7.966926289672853E+02
4.719419419419402E-01	7.963264181518556E+02
4.733333333333316E-01	7.959602073364259E+02
4.747247247247229E-01	7.955939965209961E+02
4.761161161161143E-01	7.952277857055665E+02
4.775075075075057E-01	7.948615748901367E+02
4.788988988988971E-01	7.944953640747070E+02
4.802902902902885E-01	7.937629424438477E+02
4.816816816816799E-01	7.933967316284180E+02
4.830730730730712E-01	7.930305208129884E+02
4.844644644644626E-01	7.926643099975587E+02
4.858558558558540E-01	7.922980991821290E+02
4.872472472472454E-01	7.919318883666994E+02
4.886386386386368E-01	7.915656775512697E+02
4.900300300300282E-01	7.911994667358399E+02
4.914214214214195E-01	7.904670451049805E+02
4.928128128128109E-01	7.901008342895508E+02
4.942042042042023E-01	7.897346234741211E+02
4.955955955955937E-01	7.893684126586915E+02
4.969869869869851E-01	7.890022018432618E+02
4.983783783783765E-01	7.886359910278321E+02
4.997697697697678E-01	7.879035693969728E+02
5.011611611611593E-01	7.875373585815431E+02
5.025525525525507E-01	7.871711477661134E+02
5.039439439439422E-01	7.868049369506837E+02
5.053353353353336E-01	7.864387261352540E+02
5.067267267267250E-01	7.857063045043946E+02
5.081181181181165E-01	7.853400936889649E+02
5.095095095095079E-01	7.849738828735352E+02
5.109009009008993E-01	7.846076720581055E+02
5.122922922922908E-01	7.838752504272461E+02
5.136836836836822E-01	7.835090396118164E+02
5.150750750750737E-01	7.831428287963867E+02
5.164664664664651E-01	7.827766179809570E+02
5.178578578578565E-01	7.820441963500976E+02
5.192492492492480E-01	7.816779855346680E+02
5.206406406406394E-01	7.813117747192383E+02
5.220320320320309E-01	7.809455639038086E+02
5.234234234234223E-01	7.802131422729493E+02
5.248148148148137E-01	7.798469314575196E+02
5.262062062062052E-01	7.794807206420899E+02
5.275975975975966E-01	7.787482990112304E+02
5.289889889889881E-01	7.783820881958007E+02
5.303803803803795E-01	7.780158773803711E+02
5.317717717717709E-01	7.772834557495117E+02
5.331631631631624E-01	7.769172449340821E+02
5.345545545545538E-01	7.765510341186524E+02
5.359459459459452E-01	7.758186124877931E+02
5.373373373373367E-01	7.754524016723634E+02
5.387287287287281E-01	7.747199800415040E+02
5.401201201201196E-01	7.743537692260742E+02
5.415115115115110E-01	7.739875584106445E+02
5.429029029029024E-01	7.732551367797852E+02
5.442942942942939E-01	7.728889259643555E+02
5.456856856856853E-01	7.721565043334961E+02
5.470770770770768E-01	7.717902935180664E+02
5.484684684684682E-01	7.714240827026366E+02
5.498598598598596E-01	7.706916610717773E+02
5.512512512512511E-01	7.703254502563476E+02
5.526426426426425E-01	7.695930286254883E+02
5.540340340340340E-01	7.692268178100586E+02
5.554254254254254E-01	7.684943961791993E+02
5.568168168168168E-01	7.681281853637696E+02
5.582082082082083E-01	7.673957637329102E+02
5.595995995995997E-01	7.670295529174804E+02
5.609909909909911E-01	7.662971312866210E+02
5.623823823823826E-01	7.659309204711914E+02
5.637737737737740E-01	7.651984988403320E+02
5.651651651651655E-01	7.648322880249024E+02
5.665565565565569E-01	7.640998663940430E+02
5.679479479479483E-01	7.637336555786134E+02
5.693393393393398E-01	7.630012339477539E+02
5.707307307307312E-01	7.626350231323241E+02
5.721221221221227E-01	7.619026015014648E+02
5.735135135135141E-01	7.615363906860351E+02
5.749049049049055E-01	7.608039690551758E+02
5.762962962962970E-01	7.600715474243165E+02
5.776876876876884E-01	7.597053366088868E+02
5.790790790790799E-01	7.589729149780273E+02
5.804704704704713E-01	7.582404933471679E+02
5.818618618618627E-01	7.578742825317382E+02
5.832532532532542E-01	7.571418609008789E+02
5.846446446446456E-01	7.567756500854492E+02
5.860360360360370E-01	7.560432284545899E+02
5.874274274274285E-01	7.553108068237306E+02
5.888188188188199E-01	7.549445960083009E+02
5.902102102102114E-01	7.542121743774414E+02
5.916016016016028E-01	7.534797527465820E+02
5.929929929929942E-01	7.531135419311523E+02
5.943843843843857E-01	7.523811203002930E+02
5.957757757757771E-01	7.516486986694337E+02
5.971671671671686E-01	7.509162770385743E+02
5.985585585585600E-01	7.505500662231447E+02
5.999499499499514E-01	7.498176445922852E+02
6.013413413413429E-01	7.490852229614258E+02
6.027327327327343E-01	7.483528013305664E+02
6.041241241241257E-01	7.479865905151368E+02
6.055155155155172E-01	7.472541688842774E+02
6.069069069069086E-01	7.465217472534181E+02
6.082982982983001E-01	7.457893256225586E+02
6.096896896896915E-01	7.450569039916992E+02
6.110810810810829E-01	7.446906931762695E+02
6.124724724724744E-01	7.439582715454102E+02
6.138638638638658E-01	7.432258499145508E+02
6.152552552552573E-01	7.424934282836915E+02
6.166466466466487E-01	7.417610066528322E+02
6.180380380380401E-01	7.410285850219727E+02
6.194294294294316E-01	7.402961633911133E+02
6.208208208208230E-01	7.399299525756836E+02
6.222122122122145E-01	7.391975309448243E+02
6.236036036036059E-01	7.384651093139649E+02
6.249949949949973E-01	7.377326876831056E+02
6.263863863863888E-01	7.370002660522462E+02
6.277777777777802E-01	7.362678444213867E+02
6.291691691691716E-01	7.355354227905274E+02
6.305605605605631E-01	7.348030011596680E+02
6.319519519519545E-01	7.340705795288087E+02
6.333433433433460E-01	7.333381578979494E+02
6.347347347347374E-01	7.326057362670899E+02
6.361261261261288E-01	7.318733146362305E+02
6.375175175175203E-01	7.311408930053711E+02
6.389089089089117E-01	7.304084713745118E+02
6.403003003003032E-01	7.296760497436525E+02
6.416916916916946E-01	7.289436281127931E+02
6.430830830830860E-01	7.282112064819337E+02
6.444744744744775E-01	7.274787848510742E+02
6.458658658658689E-01	7.267463632202149E+02
6.472572572572604E-01	7.260139415893556E+02
6.486486486486518E-01	7.252815199584961E+02
6.500400400400432E-01	7.241828875122070E+02
6.514314314314347E-01	7.234504658813477E+02
6.528228228228261E-01	7.227180442504883E+02
6.542142142142175E-01	7.219856226196290E+02
6.556056056056090E-01	7.212532009887697E+02
6.569969969970004E-01	7.205207793579102E+02
6.583883883883919E-01	7.197883577270508E+02
6.597797797797833E-01	7.186897252807618E+02
6.611711711711747E-01	7.179573036499024E+02
6.625625625625662E-01	7.172248820190431E+02
6.639539539539576E-01	7.164924603881836E+02
6.653453453453491E-01	7.157600387573242E+02
6.667367367367405E-01	7.146614063110352E+02
6.681281281281319E-01	7.139289846801759E+02
6.695195195195234E-01	7.131965630493164E+02
6.709109109109148E-01	7.124641414184570E+02
6.723023023023063E-01	7.113655089721680E+02
6.736936936936977E-01	7.106330873413086E+02
6.750850850850891E-01	7.099006657104493E+02
6.764764764764806E-01	7.088020332641602E+02
6.778678678678720E-01	7.080696116333007E+02
6.792592592592634E-01	7.073371900024414E+02
6.806506506506549E-01	7.062385575561524E+02
6.820420420420463E-01	7.055061359252931E+02
6.834334334334378E-01	7.047737142944336E+02
6.848248248248292E-01	7.036750818481445E+02
6.862162162162206E-01	7.029426602172852E+02
6.876076076076121E-01	7.018440277709960E+02
6.889989989990035E-01	7.011116061401366E+02
6.903903903903950E-01	7.003791845092773E+02
6.917817817817864E-01	6.992805520629882E+02
6.931731731731778E-01	6.985481304321289E+02
6.945645645645693E-01	6.974494979858398E+02
6.959559559559607E-01	6.967170763549803E+02
6.973473473473522E-01	6.956184439086913E+02
6.987387387387436E-01	6.948860222778320E+02
7.001301301301350E-01	6.937873898315430E+02
7.015215215215265E-01	6.930549682006836E+02
7.029129129129179E-01	6.919563357543944E+02
7.043043043043093E-01	6.912239141235351E+02
7.056956956957008E-01	6.901252816772461E+02
7.070870870870922E-01	6.893928600463868E+02
7.084784784784837E-01	6.882942276000977E+02
7.098698698698751E-01	6.871955951538085E+02
7.112612612612665E-01	6.864631735229492E+02
7.126526526526580E-01	6.853645410766602E+02
7.140440440440494E-01	6.846321194458009E+02
7.154354354354409E-01	6.835334869995116E+02
7.168268268268323E-01	6.824348545532226E+02
7.182182182182237E-01	6.817024329223633E+02
7.196096096096152E-01	6.806038004760743E+02
7.210010010010066E-01	6.795051680297852E+02
7.223923923923981E-01	6.784065355834961E+02
7.237837837837895E-01	6.776741139526367E+02
7.251751751751809E-01	6.765754815063477E+02
7.265665665665724E-01	6.754768490600586E+02
7.279579579579638E-01	6.747444274291992E+02
7.293493493493552E-01	6.736457949829102E+02
7.307407407407467E-01	6.725471625366212E+02
7.321321321321381E-01	6.714485300903322E+02
7.335235235235296E-01	6.703498976440429E+02
7.349149149149210E-01	6.696174760131836E+02
7.363063063063124E-01	6.685188435668946E+02
7.376976976977039E-01	6.674202111206056E+02
7.390890890890953E-01	6.663215786743165E+02
7.404804804804868E-01	6.652229462280274E+02
7.418718718718782E-01	6.641243137817384E+02
7.432632632632696E-01	6.633918921508790E+02
7.446546546546611E-01	6.622932597045899E+02
7.460460460460525E-01	6.611946272583008E+02
7.474374374374440E-01	6.600959948120118E+02
7.488288288288354E-01	6.589973623657228E+02
7.502202202202268E-01	6.578987299194337E+02
7.516116116116183E-01	6.568000974731445E+02
7.530030030030097E-01	6.557014650268555E+02
7.543943943944011E-01	6.546028325805664E+02
7.557857857857926E-01	6.535042001342773E+02
7.571771771771840E-01	6.524055676879883E+02
7.585685685685755E-01	6.513069352416993E+02
7.599599599599669E-01	6.502083027954102E+02
7.613513513513583E-01	6.491096703491211E+02
7.627427427427498E-01	6.480110379028321E+02
7.641341341341412E-01	6.469124054565431E+02
7.655255255255327E-01	6.458137730102540E+02
7.669169169169241E-01	6.447151405639648E+02
7.683083083083155E-01	6.436165081176758E+02
7.696996996997070E-01	6.425178756713868E+02
7.710910910910984E-01	6.410530324096679E+02
7.724824824824899E-01	6.399543999633789E+02
7.738738738738813E-01	6.388557675170899E+02
7.752652652652727E-01	6.377571350708009E+02
7.766566566566642E-01	6.366585026245117E+02
7.780480480480556E-01	6.355598701782227E+02
7.794394394394470E-01	6.340950269165040E+02
7.808308308308385E-01	6.329963944702149E+02
7.822222222222299E-01	6.319893147277833E+02
7.836136136136214E-01	6.307075768737793E+02
7.850050050050128E-01	6.296089444274903E+02
7.863963963964042E-01	6.283272065734864E+02
7.877877877877957E-01	6.272285741271974E+02
7.891791791791871E-01	6.259468362731934E+02
7.905705705705786E-01	6.246650984191897E+02
7.919619619619700E-01	6.235664659729005E+02
7.933533533533614E-01	6.222847281188965E+02
7.947447447447529E-01	6.211860956726075E+02
7.961361361361443E-01	6.199043578186037E+02
7.975275275275358E-01	6.186226199645996E+02
7.989189189189272E-01	6.173408821105959E+02
8.003103103103186E-01	6.162422496643069E+02
8.017017017017101E-01	6.149605118103028E+02
8.030930930931015E-01	6.136787739562990E+02
8.044844844844929E-01	6.123970361022950E+02
8.058758758758844E-01	6.112984036560060E+02
8.072672672672758E-01	6.100166658020021E+02
8.086586586586673E-01	6.087349279479981E+02
8.100500500500587E-01	6.074531900939942E+02
8.114414414414501E-01	6.061714522399902E+02
8.128328328328416E-01	6.048897143859865E+02
8.142242242242330E-01	6.036079765319826E+02
8.156156156156245E-01	6.023262386779786E+02
8.170070070070159E-01	6.010445008239747E+02
8.183983983984073E-01	5.997627629699709E+02
8.197897897897988E-01	5.984810251159668E+02
8.211811811811902E-01	5.971992872619630E+02
8.225725725725817E-01	5.959175494079590E+02
8.239639639639731E-01	5.946358115539551E+02
8.253553553553645E-01	5.931709682922365E+02
8.267467467467560E-01	5.918892304382325E+02
8.281381381381474E-01	5.906074925842286E+02
8.295295295295388E-01	5.893257547302246E+02
8.309209209209303E-01	5.880440168762209E+02
8.323123123123217E-01	5.865791736145020E+02
8.337037037037132E-01	5.852974357604980E+02
8.350950950951046E-01	5.840156979064941E+02
8.364864864864960E-01	5.825508546447754E+02
8.378778778778875E-01	5.812691167907715E+02
8.392692692692789E-01	5.799873789367675E+02
8.406606606606704E-01	5.785225356750489E+02
8.420520520520618E-01	5.772407978210449E+02
8.434434434434532E-01	5.757759545593262E+02
8.448348348348447E-01	5.744942167053223E+02
8.462262262262361E-01	5.730293734436036E+02
8.476176176176276E-01	5.717476355895997E+02
8.490090090090190E-01	5.702827923278808E+02
8.504004004004104E-01	5.690010544738770E+02
8.517917917918019E-01	5.675362112121584E+02
8.531831831831933E-01	5.662544733581542E+02
8.545745745745847E-01	5.647896300964355E+02
8.559659659659762E-01	5.635078922424318E+02
8.573573573573676E-01	5.620430489807129E+02
8.587487487487591E-01	5.605782057189942E+02
8.601401401401505E-01	5.592964678649903E+02
8.615315315315419E-01	5.578316246032715E+02
8.629229229229334E-01	5.563667813415527E+02
8.643143143143248E-01	5.550850434875490E+02
8.657057057057163E-01	5.536202002258301E+02
8.670970970971077E-01	5.521553569641114E+02
8.684884884884991E-01	5.506905137023928E+02
8.698798798798906E-01	5.492256704406739E+02
8.712712712712820E-01	5.479439325866699E+02
8.726626626626734E-01	5.464790893249512E+02
8.740540540540649E-01	5.450142460632326E+02
8.754454454454563E-01	5.435494028015137E+02
8.768368368368478E-01	5.420845595397950E+02
8.782282282282392E-01	5.406197162780763E+02
8.796196196196306E-01	5.391548730163574E+02
8.810110110110221E-01	5.376900297546388E+02
8.824024024024135E-01	5.362251864929199E+02
8.837937937938050E-01	5.347603432312012E+02
8.851851851851964E-01	5.334786053771974E+02
8.865765765765878E-01	5.320137621154786E+02
8.879679679679793E-01	5.303658134460450E+02
8.893593593593707E-01	5.289009701843263E+02
8.907507507507622E-01	5.274361269226074E+02
8.921421421421536E-01	5.259712836608887E+02
8.935335335335450E-01	5.245064403991698E+02
8.949249249249365E-01	5.230415971374512E+02
8.963163163163279E-01	5.215767538757325E+02
8.977077077077193E-01	5.201119106140136E+02
8.990990990991108E-01	5.186470673522949E+02
9.004904904905022E-01	5.171822240905763E+02
9.018818818818937E-01	5.157173808288574E+02
9.032732732732851E-01	5.140694321594237E+02
9.046646646646765E-01	5.126045888977051E+02
9.060560560560680E-01	5.111397456359863E+02
9.074474474474594E-01	5.096749023742676E+02
9.088388388388509E-01	5.082100591125488E+02
9.102302302302423E-01	5.065621104431153E+02
9.116216216216337E-01	5.050972671813965E+02
9.130130130130252E-01	5.036324239196777E+02
9.144044044044166E-01	5.021675806579590E+02
9.157957957958081E-01	5.005196319885254E+02
9.171871871871995E-01	4.990547887268066E+02
9.185785785785909E-01	4.975899454650880E+02
9.199699699699824E-01	4.959419967956543E+02
9.213613613613738E-01	4.944771535339356E+02
9.227527527527652E-01	4.930123102722168E+02
9.241441441441567E-01	4.915474670104981E+02
9.255355355355481E-01	4.898995183410645E+02
9.269269269269396E-01	4.884346750793457E+02
9.283183183183310E-01	4.869698318176270E+02
9.297097097097224E-01	4.853218831481934E+02
9.311011011011139E-01	4.838570398864746E+02
9.324924924925053E-01	4.822090912170410E+02
9.338838838838968E-01	4.807442479553224E+02
9.352752752752882E-01	4.792794046936036E+02
9.366666666666796E-01	4.776314560241699E+02
9.380580580580711E-01	4.761666127624512E+02
9.394494494494625E-01	4.747017695007325E+02
9.408408408408540E-01	4.730538208312989E+02
9.422322322322454E-01	4.715889775695802E+02
9.436236236236368E-01	4.699410289001466E+02
9.450150150150283E-01	4.684761856384278E+02
9.464064064064197E-01	4.668282369689942E+02
9.477977977978111E-01	4.653633937072754E+02
9.491891891892026E-01	4.638985504455567E+02
9.505805805805940E-01	4.622506017761231E+02
9.519719719719855E-01	4.607857585144043E+02
9.533633633633769E-01	4.591378098449707E+02
9.547547547547683E-01	4.576729665832520E+02
9.561461461461598E-01	4.560250179138183E+02
9.575375375375512E-01	4.545601746520996E+02
9.589289289289427E-01	4.530953313903809E+02
9.603203203203341E-01	4.514473827209472E+02
9.617117117117255E-01	4.499825394592286E+02
9.631031031031170E-01	4.483345907897950E+02
9.644944944945084E-01	4.468697475280762E+02
9.658858858858999E-01	4.452217988586426E+02
9.672772772772913E-01	4.437569555969239E+02
9.686686686686827E-01	4.422921123352051E+02
9.700600600600742E-01	4.406441636657715E+02
9.714514514514656E-01	4.391793204040528E+02
9.728428428428570E-01	4.375313717346192E+02
9.742342342342485E-01	4.360665284729004E+02
9.756256256256399E-01	4.344185798034669E+02
9.770170170170314E-01	4.329537365417481E+02
9.784084084084228E-01	4.314888932800293E+02
9.797997997998142E-01	4.298409446105957E+02
9.811911911912057E-01	4.283761013488770E+02
9.825825825825971E-01	4.267281526794433E+02
9.839739739739886E-01	4.252633094177247E+02
9.853653653653800E-01	4.237984661560059E+02
9.867567567567714E-01	4.221505174865723E+02
9.881481481481629E-01	4.206856742248535E+02
9.895395395395543E-01	4.192208309631348E+02
9.909309309309458E-01	4.175728822937012E+02
9.923223223223372E-01	4.161080390319824E+02
9.937137137137286E-01	4.146431957702637E+02
9.951051051051201E-01	4.129952471008301E+02
9.964964964965115E-01	4.115304038391113E+02
9.978878878879029E-01	4.100655605773926E+02
9.992792792792944E-01	4.084176119079590E+02
1.000670670670686E+00	4.069527686462403E+02
1.002062062062077E+00	4.054879253845215E+02
1.003453453453469E+00	4.038399767150880E+02
1.004844844844860E+00	4.023751334533692E+02
1.006236236236252E+00	4.009102901916504E+02
1.007627627627643E+00	3.994454469299317E+02
1.009019019019034E+00	3.977974982604981E+02
1.010410410410426E+00	3.963326549987793E+02
1.011801801801817E+00	3.948678117370605E+02
1.013193193193209E+00	3.934029684753418E+02
1.014584584584600E+00	3.919381252136230E+02
1.015975975975992E+00	3.904732819519043E+02
1.017367367367383E+00	3.888253332824707E+02
1.018758758758775E+00	3.873604900207520E+02
1.020150150150166E+00	3.858956467590332E+02
1.021541541541557E+00	3.844308034973145E+02
1.022932932932949E+00	3.829659602355957E+02
1.024324324324340E+00	3.815011169738769E+02
1.025715715715732E+00	3.800362737121582E+02
1.027107107107123E+00	3.785714304504394E+02
1.028498498498515E+00	3.771065871887207E+02
1.029889889889906E+00	3.756417439270020E+02
1.031281281281297E+00	3.741769006652832E+02
1.032672672672689E+00	3.727120574035645E+02
1.034064064064080E+00	3.712472141418457E+02
1.035455455455472E+00	3.697823708801270E+02
1.036846846846863E+00	3.683175276184082E+02
1.038238238238255E+00	3.668526843566895E+02
1.039629629629646E+00	3.653878410949707E+02
1.041021021021038E+00	3.639229978332520E+02
1.042412412412429E+00	3.624581545715332E+02
1.043803803803820E+00	3.611764167175293E+02
1.045195195195212E+00	3.597115734558105E+02
1.046586586586603E+00	3.582467301940918E+02
1.047977977977995E+00	3.567818869323730E+02
1.049369369369386E+00	3.555001490783691E+02
1.050760760760778E+00	3.540353058166504E+02
1.052152152152169E+00	3.525704625549317E+02
1.053543543543561E+00	3.511056192932129E+02
1.054934934934952E+00	3.498238814392089E+02
1.056326326326343E+00	3.483590381774902E+02
1.057717717717735E+00	3.470773003234863E+02
1.059109109109126E+00	3.456124570617675E+02
1.060500500500518E+00	3.441476138000488E+02
1.061891891891909E+00	3.428658759460449E+02
1.063283283283301E+00	3.414010326843261E+02
1.064674674674692E+00	3.401192948303223E+02
1.066066066066083E+00	3.386544515686035E+02
1.067457457457475E+00	3.373727137145996E+02
1.068848848848866E+00	3.359078704528809E+02
1.070240240240258E+00	3.346261325988769E+02
1.071631631631649E+00	3.333443947448731E+02
1.073023023023041E+00	3.318795514831543E+02
1.074414414414432E+00	3.305978136291504E+02
1.075805805805824E+00	3.293160757751465E+02
1.077197197197215E+00	3.278512325134278E+02
1.078588588588606E+00	3.265694946594238E+02
1.079979979979998E+00	3.252877568054199E+02
1.081371371371389E+00	3.238229135437012E+02
1.082762762762781E+00	3.225411756896972E+02
1.084154154154172E+00	3.212594378356934E+02
1.085545545545564E+00	3.199776999816895E+02
1.086936936936955E+00	3.186959621276856E+02
1.088328328328346E+00	3.174142242736817E+02
1.089719719719738E+00	3.161324864196777E+02
1.091111111111129E+00	3.148507485656739E+02
1.092502502502521E+00	3.135690107116699E+02
1.093893893893912E+00	3.122872728576661E+02
1.095285285285304E+00	3.110055350036621E+02
1.096676676676695E+00	3.097237971496583E+02
1.098068068068087E+00	3.084420592956544E+02
1.099459459459478E+00	3.071603214416504E+02
1.100850850850869E+00	3.058785835876466E+02
1.102242242242261E+00	3.045968457336426E+02
1.103633633633652E+00	3.033151078796387E+02
1.105025025025044E+00	3.022164754333497E+02
1.106416416416435E+00	3.009347375793457E+02
1.107807807807827E+00	2.996529997253418E+02
1.109199199199218E+00	2.983712618713379E+02
1.110590590590609E+00	2.972726294250488E+02
1.111981981982001E+00	2.959908915710449E+02
1.113373373373392E+00	2.947091537170410E+02
1.114764764764784E+00	2.936105212707520E+02
1.116156156156175E+00	2.923287834167480E+02
1.117547547547567E+00	2.912301509704590E+02
1.118938938938958E+00	2.899484131164551E+02
1.120330330330350E+00	2.888497806701660E+02
1.121721721721741E+00	2.875680428161621E+02
1.123113113113132E+00	2.864694103698731E+02
1.124504504504524E+00	2.851876725158691E+02
1.125895895895915E+00	2.840890400695801E+02
1.127287287287307E+00	2.829904076232910E+02
1.128678678678698E+00	2.817086697692872E+02
1.130070070070090E+00	2.806100373229980E+02
1.131461461461481E+00	2.795114048767090E+02
1.132852852852873E+00	2.782296670227051E+02
1.134244244244264E+00	2.771310345764161E+02
1.135635635635655E+00	2.760324021301270E+02
1.137027027027047E+00	2.749337696838380E+02
1.138418418418438E+00	2.738351372375488E+02
1.139809809809830E+00	2.727365047912598E+02
1.141201201201221E+00	2.714547669372559E+02
1.142592592592613E+00	2.703561344909668E+02
1.143983983984004E+00	2.692575020446778E+02
1.145375375375395E+00	2.681588695983887E+02
1.146766766766787E+00	2.670602371520997E+02
1.148158158158178E+00	2.660073810577393E+02
1.149549549549570E+00	2.649087486114503E+02
1.150940940940961E+00	2.639016688690185E+02
1.152332332332353E+00	2.628030364227295E+02
1.153723723723744E+00	2.617044039764404E+02
1.155115115115136E+00	2.606973242340088E+02
1.156506506506527E+00	2.595986917877198E+02
1.157897897897918E+00	2.585000593414306E+02
1.159289289289310E+00	2.574929795989990E+02
1.160680680680701E+00	2.563943471527099E+02
1.162072072072093E+00	2.553872674102783E+02
1.163463463463484E+00	2.543801876678467E+02
1.164854854854876E+00	2.532815552215576E+02
1.166246246246267E+00	2.522744754791260E+02
1.167637637637658E+00	2.512673957366943E+02
1.169029029029050E+00	2.502603159942627E+02
1.170420420420441E+00	2.492532362518311E+02
1.171811811811833E+00	2.482461565093994E+02
1.173203203203224E+00	2.472390767669678E+02
1.174594594594616E+00	2.462319970245361E+02
1.175985985986007E+00	2.452249172821045E+02
1.177377377377399E+00	2.442178375396728E+02
1.178768768768790E+00	2.433023105010986E+02
1.180160160160181E+00	2.422952307586670E+02
1.181551551551573E+00	2.412881510162354E+02
1.182942942942964E+00	2.403726239776612E+02
1.184334334334356E+00	2.393655442352295E+02
1.185725725725747E+00	2.384500171966553E+02
1.187117117117139E+00	2.374429374542237E+02
1.188508508508530E+00	2.365274104156494E+02
1.189899899899922E+00	2.355203306732178E+02
1.191291291291313E+00	2.346048036346436E+02
1.192682682682704E+00	2.336892765960693E+02
1.194074074074096E+00	2.327737495574951E+02
1.195465465465487E+00	2.317666698150635E+02
1.196856856856879E+00	2.308511427764892E+02
1.198248248248270E+00	2.299356157379150E+02
1.199639639639662E+00	2.290200886993408E+02
1.201031031031053E+00	2.281045616607666E+02
1.202422422422444E+00	2.271890346221924E+02
1.203813813813836E+00	2.263650602874756E+02
1.205205205205227E+00	2.254495332489014E+02
1.206596596596619E+00	2.245340062103271E+02
1.207987987988010E+00	2.236184791717529E+02
1.209379379379402E+00	2.227945048370362E+02
1.210770770770793E+00	2.218789777984619E+02
1.212162162162185E+00	2.209634507598877E+02
1.213553553553576E+00	2.201394764251709E+02
1.214944944944967E+00	2.192239493865967E+02
1.216336336336359E+00	2.183999750518799E+02
1.217727727727750E+00	2.175760007171631E+02
1.219119119119142E+00	2.166604736785889E+02
1.220510510510533E+00	2.158364993438721E+02
1.221901901901925E+00	2.150125250091553E+02
1.223293293293316E+00	2.141885506744385E+02
1.224684684684707E+00	2.132730236358642E+02
1.226076076076099E+00	2.124490493011475E+02
1.227467467467490E+00	2.116250749664307E+02
1.228858858858882E+00	2.108011006317139E+02
1.230250250250273E+00	2.099771262969971E+02
1.231641641641665E+00	2.091531519622802E+02
1.233033033033056E+00	2.083291776275635E+02
1.234424424424448E+00	2.075967559967041E+02
1.235815815815839E+00	2.067727816619873E+02
1.237207207207230E+00	2.059488073272705E+02
1.238598598598622E+00	2.051248329925537E+02
1.239989989990013E+00	2.043924113616943E+02
1.241381381381405E+00	2.035684370269775E+02
1.242772772772796E+00	2.027444626922607E+02
1.244164164164188E+00	2.020120410614014E+02
1.245555555555579E+00	2.011880667266846E+02
1.246946946946971E+00	2.004556450958252E+02
1.248338338338362E+00	1.996316707611084E+02
1.249729729729753E+00	1.988992491302490E+02
1.251121121121145E+00	1.981668274993897E+02
1.252512512512536E+00	1.973428531646728E+02
1.253903903903928E+00	1.966104315338135E+02
1.255295295295319E+00	1.958780099029541E+02
1.256686686686711E+00	1.951455882720947E+02
1.258078078078102E+00	1.944131666412353E+02
1.259469469469493E+00	1.936807450103760E+02
1.260860860860885E+00	1.928567706756591E+02
1.262252252252276E+00	1.921243490447998E+02
1.263643643643668E+00	1.913919274139404E+02
1.265035035035059E+00	1.907510584869385E+02
1.266426426426451E+00	1.900186368560791E+02
1.267817817817842E+00	1.892862152252197E+02
1.269209209209234E+00	1.885537935943603E+02
1.270600600600625E+00	1.878213719635010E+02
1.271991991992016E+00	1.870889503326416E+02
1.273383383383408E+00	1.864480814056396E+02
1.274774774774799E+00	1.857156597747803E+02
1.276166166166191E+00	1.849832381439209E+02
1.277557557557582E+00	1.843423692169190E+02
1.278948948948974E+00	1.836099475860596E+02
1.280340340340365E+00	1.829690786590576E+02
1.281731731731756E+00	1.822366570281983E+02
1.283123123123148E+00	1.815957881011963E+02
1.284514514514539E+00	1.809549191741943E+02
1.285905905905931E+00	1.802224975433350E+02
1.287297297297322E+00	1.795816286163330E+02
1.288688688688714E+00	1.789407596893310E+02
1.290080080080105E+00	1.782083380584716E+02
1.291471471471497E+00	1.775674691314697E+02
1.292862862862888E+00	1.769266002044677E+02
1.294254254254279E+00	1.762857312774658E+02
1.295645645645671E+00	1.756448623504639E+02
1.297037037037062E+00	1.749124407196045E+02
1.298428428428454E+00	1.742715717926025E+02
1.299819819819845E+00	1.736307028656006E+02
1.301211211211237E+00	1.729898339385986E+02
1.302602602602628E+00	1.723489650115967E+02
1.303993993994019E+00	1.717996487884521E+02
1.305385385385411E+00	1.711587798614502E+02
1.306776776776802E+00	1.705179109344482E+02
1.308168168168194E+00	1.698770420074463E+02
1.309559559559585E+00	1.692361730804443E+02
1.310950950950977E+00	1.685953041534424E+02
1.312342342342368E+00	1.680459879302979E+02
1.313733733733760E+00	1.674051190032959E+02
1.315125125125151E+00	1.667642500762940E+02
1.316516516516542E+00	1.662149338531494E+02
1.317907907907934E+00	1.655740649261475E+02
1.319299299299325E+00	1.650247487030029E+02
1.320690690690717E+00	1.643838797760010E+02
1.322082082082108E+00	1.638345635528565E+02
1.323473473473500E+00	1.631936946258545E+02
1.324864864864891E+00	1.626443784027099E+02
1.326256256256283E+00	1.620035094757080E+02
1.327647647647674E+00	1.614541932525635E+02
1.329039039039065E+00	1.609048770294189E+02
1.330430430430457E+00	1.602640081024170E+02
1.331821821821848E+00	1.597146918792725E+02
1.333213213213240E+00	1.591653756561279E+02
1.334604604604631E+00	1.586160594329834E+02
1.335995995996023E+00	1.579751905059814E+02
1.337387387387414E+00	1.574258742828369E+02
1.338778778778805E+00	1.568765580596924E+02
1.340170170170197E+00	1.563272418365479E+02
1.341561561561588E+00	1.557779256134033E+02
1.342952952952980E+00	1.552286093902588E+02
1.344344344344371E+00	1.546792931671143E+02
1.345735735735763E+00	1.541299769439698E+02
1.347127127127154E+00	1.535806607208252E+02
1.348518518518546E+00	1.530313444976807E+02
1.349909909909937E+00	1.524820282745361E+02
1.351301301301328E+00	1.519327120513916E+02
1.352692692692720E+00	1.513833958282471E+02
1.354084084084111E+00	1.509256323089600E+02
1.355475475475503E+00	1.503763160858154E+02
1.356866866866894E+00	1.498269998626709E+02
1.358258258258286E+00	1.492776836395264E+02
1.359649649649677E+00	1.488199201202392E+02
1.361041041041068E+00	1.482706038970947E+02
1.362432432432460E+00	1.477212876739502E+02
1.363823823823851E+00	1.472635241546631E+02
1.365215215215243E+00	1.467142079315185E+02
1.366606606606634E+00	1.462564444122314E+02
1.367997997998026E+00	1.457071281890869E+02
1.369389389389417E+00	1.452493646697998E+02
1.370780780780809E+00	1.447000484466552E+02
1.372172172172200E+00	1.442422849273682E+02
1.373563563563591E+00	1.436929687042236E+02
1.374954954954983E+00	1.432352051849365E+02
1.376346346346374E+00	1.426858889617920E+02
1.377737737737766E+00	1.422281254425049E+02
1.379129129129157E+00	1.417703619232178E+02
1.380520520520549E+00	1.412210457000732E+02
1.381911911911940E+00	1.407632821807861E+02
1.383303303303332E+00	1.403055186614990E+02
1.384694694694723E+00	1.397562024383545E+02
1.386086086086114E+00	1.392984389190674E+02
1.387477477477506E+00	1.388406753997803E+02
1.388868868868897E+00	1.383829118804932E+02
1.390260260260289E+00	1.379251483612061E+02
1.391651651651680E+00	1.374673848419190E+02
1.393043043043072E+00	1.369180686187744E+02
1.394434434434463E+00	1.364603050994873E+02
1.395825825825854E+00	1.360025415802002E+02
1.397217217217246E+00	1.355447780609131E+02
1.398608608608637E+00	1.350870145416260E+02
1.400000000000029E+00	1.346292510223389E+02
