# barionic density, energy density per particle 
1.109109109109109E-02	1.213761333048351E+03
1.218218218218218E-02	1.214401858698361E+03
1.327327327327328E-02	1.214994188279529E+03
1.436436436436437E-02	1.215543694789773E+03
1.545545545545546E-02	1.216054801420378E+03
1.654654654654655E-02	1.216531177728508E+03
1.763763763763764E-02	1.216975964356730E+03
1.872872872872873E-02	1.217391832830308E+03
1.981981981981983E-02	1.217781080128275E+03
2.091091091091092E-02	1.218145736400749E+03
2.200200200200201E-02	1.218487553156246E+03
2.309309309309310E-02	1.218808104040760E+03
2.418418418418419E-02	1.219108772408726E+03
2.527527527527529E-02	1.219390803299040E+03
2.636636636636638E-02	1.219655312511729E+03
2.745745745745747E-02	1.219903309901440E+03
2.854854854854856E-02	1.220135706523969E+03
2.963963963963965E-02	1.220353341755134E+03
3.073073073073074E-02	1.220556964110169E+03
3.182182182182183E-02	1.220747281858998E+03
3.291291291291292E-02	1.220924931054647E+03
3.400400400400401E-02	1.221090498741166E+03
3.509509509509510E-02	1.221244536736856E+03
3.618618618618619E-02	1.221387550038737E+03
3.727727727727728E-02	1.221520004766138E+03
3.836836836836836E-02	1.221642339596074E+03
3.945945945945945E-02	1.221754964535935E+03
4.055055055055054E-02	1.221858260631213E+03
4.164164164164163E-02	1.221952584794282E+03
4.273273273273272E-02	1.222038271921350E+03
4.382382382382381E-02	1.222115636775345E+03
4.491491491491489E-02	1.222184975665352E+03
4.600600600600598E-02	1.222246567949629E+03
4.709709709709707E-02	1.222300677383604E+03
4.818818818818816E-02	1.222347553332928E+03
4.927927927927925E-02	1.222387431867016E+03
5.037037037037034E-02	1.222420534385052E+03
5.146146146146142E-02	1.222447073103681E+03
5.255255255255251E-02	1.222467251763585E+03
5.364364364364360E-02	1.222481261421848E+03
5.473473473473469E-02	1.222489279839217E+03
5.582582582582578E-02	1.222491486596600E+03
5.691691691691687E-02	1.222488042118771E+03
5.800800800800796E-02	1.222479108362148E+03
5.909909909909904E-02	1.222464832298361E+03
6.019019019019013E-02	1.222445362805019E+03
6.128128128128122E-02	1.222420832397960E+03
6.237237237237231E-02	1.222391377247342E+03
6.346346346346340E-02	1.222357124022754E+03
6.455455455455450E-02	1.222318192777116E+03
6.564564564564560E-02	1.222274699308354E+03
6.673673673673669E-02	1.222226757375067E+03
6.782782782782779E-02	1.222174474413524E+03
6.891891891891888E-02	1.222117953848920E+03
7.001001001000998E-02	1.222057295309031E+03
7.110110110110107E-02	1.221992594823551E+03
7.219219219219217E-02	1.221923945009961E+03
7.328328328328326E-02	1.221851434983068E+03
7.437437437437436E-02	1.221775148741450E+03
7.546546546546545E-02	1.221695171721736E+03
7.655655655655655E-02	1.221611584545500E+03
7.764764764764764E-02	1.221524462014480E+03
7.873873873873874E-02	1.221433880971327E+03
7.982982982982983E-02	1.221339913357572E+03
8.092092092092093E-02	1.221242628893809E+03
8.201201201201203E-02	1.221142095181694E+03
8.310310310310312E-02	1.221038379540533E+03
8.419419419419422E-02	1.220931542496460E+03
8.528528528528531E-02	1.220821647755193E+03
8.637637637637641E-02	1.220708755160410E+03
8.746746746746750E-02	1.220592922382634E+03
8.855855855855860E-02	1.220474205488160E+03
8.964964964964969E-02	1.220352659005481E+03
9.074074074074079E-02	1.220228335988187E+03
9.183183183183188E-02	1.220101288074768E+03
9.292292292292298E-02	1.219971565545271E+03
9.401401401401407E-02	1.219839217375212E+03
9.510510510510517E-02	1.219704290267833E+03
9.619619619619627E-02	1.219566829623122E+03
9.728728728728736E-02	1.219426882496440E+03
9.837837837837846E-02	1.219284489879769E+03
9.946946946946955E-02	1.219139696947588E+03
1.005605605605606E-01	1.218992542266731E+03
1.016516516516517E-01	1.218843068782817E+03
1.027427427427428E-01	1.218691314878428E+03
1.038338338338339E-01	1.218537317709041E+03
1.049249249249250E-01	1.218381116093073E+03
1.060160160160161E-01	1.218222746306421E+03
1.071071071071072E-01	1.218062243851902E+03
1.081981981981983E-01	1.217899643485708E+03
1.092892892892894E-01	1.217734979242580E+03
1.103803803803805E-01	1.217568284460138E+03
1.114714714714716E-01	1.217399590367704E+03
1.125625625625627E-01	1.217228929487229E+03
1.136536536536538E-01	1.217056333701049E+03
1.147447447447449E-01	1.216881830987676E+03
1.158358358358360E-01	1.216705453476235E+03
1.169269269269271E-01	1.216527227516704E+03
1.180180180180182E-01	1.216347183615186E+03
1.191091091091093E-01	1.216165348915162E+03
1.202002002002004E-01	1.215981749174997E+03
1.212912912912915E-01	1.215796412261307E+03
1.223823823823826E-01	1.215609364022323E+03
1.234734734734736E-01	1.215420629881400E+03
1.245645645645647E-01	1.215230234849513E+03
1.256556556556558E-01	1.215038203344024E+03
1.267467467467469E-01	1.214844558358291E+03
1.278378378378380E-01	1.214649324745004E+03
1.289289289289291E-01	1.214452525651714E+03
1.300200200200202E-01	1.214254182005348E+03
1.311111111111113E-01	1.214054318047430E+03
1.322022022022024E-01	1.213852953971366E+03
1.332932932932935E-01	1.213650111712111E+03
1.343843843843846E-01	1.213445812572706E+03
1.354754754754757E-01	1.213240076875079E+03
1.365665665665668E-01	1.213032924685382E+03
1.376576576576579E-01	1.212824375820719E+03
1.387487487487490E-01	1.212614449855635E+03
1.398398398398401E-01	1.212403166128516E+03
1.409309309309312E-01	1.212190543747770E+03
1.420220220220223E-01	1.211976600537664E+03
1.431131131131134E-01	1.211761354968055E+03
1.442042042042045E-01	1.211544825352130E+03
1.452952952952956E-01	1.211327028895709E+03
1.463863863863867E-01	1.211107982722708E+03
1.474774774774777E-01	1.210887704532847E+03
1.485685685685688E-01	1.210666210850001E+03
1.496596596596599E-01	1.210443518052089E+03
1.507507507507510E-01	1.210219642374457E+03
1.518418418418421E-01	1.209994599913352E+03
1.529329329329332E-01	1.209768406629155E+03
1.540240240240243E-01	1.209541078349671E+03
1.551151151151154E-01	1.209312629149058E+03
1.562062062062065E-01	1.209083075620479E+03
1.572972972972976E-01	1.208852431438038E+03
1.583883883883887E-01	1.208620712378166E+03
1.594794794794798E-01	1.208387932193770E+03
1.605705705705709E-01	1.208154104988098E+03
1.616616616616620E-01	1.207919245312692E+03
1.627527527527531E-01	1.207683367010454E+03
1.638438438438442E-01	1.207446483853746E+03
1.649349349349353E-01	1.207208608598929E+03
1.660260260260264E-01	1.206969755379601E+03
1.671171171171175E-01	1.206729937758073E+03
1.682082082082086E-01	1.206489167299015E+03
1.692992992992997E-01	1.206247458346342E+03
1.703903903903908E-01	1.206004823070619E+03
1.714814814814818E-01	1.205761273509008E+03
1.725725725725729E-01	1.205516822693294E+03
1.736636636636640E-01	1.205271482817954E+03
1.747547547547551E-01	1.205025266055886E+03
1.758458458458462E-01	1.204778183972150E+03
1.769369369369373E-01	1.204530248607981E+03
1.780280280280284E-01	1.204281472403095E+03
1.791191191191195E-01	1.204031865606651E+03
1.802102102102106E-01	1.203781441037956E+03
1.813013013013017E-01	1.203530209518927E+03
1.823923923923928E-01	1.203278181958376E+03
1.834834834834839E-01	1.203025370012475E+03
1.845745745745750E-01	1.202771784708408E+03
1.856656656656661E-01	1.202517436735110E+03
1.867567567567572E-01	1.202262336835009E+03
1.878478478478483E-01	1.202006496412198E+03
1.889389389389394E-01	1.201749925361780E+03
1.900300300300305E-01	1.201492635094806E+03
1.911211211211216E-01	1.201234634976204E+03
1.922122122122127E-01	1.200975936173593E+03
1.933033033033038E-01	1.200716548907933E+03
1.943943943943948E-01	1.200456483395043E+03
1.954854854854859E-01	1.200195749896670E+03
1.965765765765770E-01	1.199934357871196E+03
1.976676676676681E-01	1.199672318032223E+03
1.987587587587592E-01	1.199409640049507E+03
1.998498498498503E-01	1.199146334149803E+03
2.009409409409414E-01	1.198882409319933E+03
2.020320320320325E-01	1.198617875998594E+03
2.031231231231236E-01	1.198352743807595E+03
2.042142142142147E-01	1.198087022440605E+03
2.053053053053058E-01	1.197820720982590E+03
2.063963963963969E-01	1.197553849482925E+03
2.074874874874880E-01	1.197286417425894E+03
2.085785785785791E-01	1.197018434129786E+03
2.096696696696702E-01	1.196749908771368E+03
2.107607607607613E-01	1.196480851070124E+03
2.118518518518524E-01	1.196211270274398E+03
2.129429429429435E-01	1.195941175726771E+03
2.140340340340346E-01	1.195670576506073E+03
2.151251251251257E-01	1.195399481743882E+03
2.162162162162168E-01	1.195127901122723E+03
2.173073073073079E-01	1.194855843378882E+03
2.183983983983989E-01	1.194583317682370E+03
2.194894894894900E-01	1.194310333376334E+03
2.205805805805811E-01	1.194036899539414E+03
2.216716716716722E-01	1.193763025336055E+03
2.227627627627633E-01	1.193488719240284E+03
2.238538538538544E-01	1.193213991224466E+03
2.249449449449455E-01	1.192938849537333E+03
2.260360360360366E-01	1.192663303796330E+03
2.271271271271277E-01	1.192387362841808E+03
2.282182182182188E-01	1.192111035648845E+03
2.293093093093099E-01	1.191834331325268E+03
2.304004004004010E-01	1.191557259109632E+03
2.314914914914921E-01	1.191279827449585E+03
2.325825825825832E-01	1.191002046163891E+03
2.336736736736743E-01	1.190723923676084E+03
2.347647647647654E-01	1.190445469322013E+03
2.358558558558565E-01	1.190166692271469E+03
2.369469469469476E-01	1.189887601482535E+03
2.380380380380387E-01	1.189608205936079E+03
2.391291291291298E-01	1.189328515350529E+03
2.402202202202209E-01	1.189048538025908E+03
2.413113113113119E-01	1.188768283784775E+03
2.424024024024030E-01	1.188487761694869E+03
2.434934934934941E-01	1.188206980980999E+03
2.445845845845852E-01	1.187925951034204E+03
2.456756756756763E-01	1.187644680784318E+03
2.467667667667674E-01	1.187363180107372E+03
2.478578578578585E-01	1.187081457852990E+03
2.489489489489496E-01	1.186799523857601E+03
2.500400400400407E-01	1.186517387518531E+03
2.511311311311318E-01	1.186235058416672E+03
2.522222222222228E-01	1.185952545928881E+03
2.533133133133139E-01	1.185669859842930E+03
2.544044044044050E-01	1.185387009796375E+03
2.554954954954960E-01	1.185104005668509E+03
2.565865865865871E-01	1.184820857156184E+03
2.576776776776782E-01	1.184537574156273E+03
2.587687687687693E-01	1.184254166763065E+03
2.598598598598603E-01	1.183970644756376E+03
2.609509509509514E-01	1.183687018577007E+03
2.620420420420425E-01	1.183403297871543E+03
2.631331331331335E-01	1.183119493408483E+03
2.642242242242246E-01	1.182835615382794E+03
2.653153153153157E-01	1.182551674150166E+03
2.664064064064067E-01	1.182267680313932E+03
2.674974974974978E-01	1.181983644477880E+03
2.685885885885889E-01	1.181699577327151E+03
2.696796796796799E-01	1.181415489711613E+03
2.707707707707710E-01	1.181131392536674E+03
2.718618618618621E-01	1.180847296852735E+03
2.729529529529531E-01	1.180563213782341E+03
2.740440440440442E-01	1.180279154565641E+03
2.751351351351353E-01	1.179995130651102E+03
2.762262262262263E-01	1.179711153465849E+03
2.773173173173174E-01	1.179427234618138E+03
2.784084084084085E-01	1.179143385958732E+03
2.794994994994995E-01	1.178859619292328E+03
2.805905905905906E-01	1.178575946685986E+03
2.816816816816817E-01	1.178292380284702E+03
2.827727727727727E-01	1.178008932428704E+03
2.838638638638638E-01	1.177725615602548E+03
2.849549549549549E-01	1.177442442344501E+03
2.860460460460459E-01	1.177159425514078E+03
2.871371371371370E-01	1.176876578023294E+03
2.882282282282281E-01	1.176593912983475E+03
2.893193193193191E-01	1.176311443668920E+03
2.904104104104102E-01	1.176029183496326E+03
2.915015015015013E-01	1.175747146152107E+03
2.925925925925923E-01	1.175465345412218E+03
2.936836836836834E-01	1.175183795311926E+03
2.947747747747745E-01	1.174902510029163E+03
2.958658658658656E-01	1.174621503959057E+03
2.969569569569566E-01	1.174340791685614E+03
2.980480480480477E-01	1.174060387984012E+03
2.991391391391388E-01	1.173780307931183E+03
3.002302302302298E-01	1.173500566679807E+03
3.013213213213209E-01	1.173221179719848E+03
3.024124124124120E-01	1.172942162646892E+03
3.035035035035030E-01	1.172663531430400E+03
3.045945945945941E-01	1.172385302143461E+03
3.056856856856852E-01	1.172107491142564E+03
3.067767767767762E-01	1.171830115060867E+03
3.078678678678673E-01	1.171553190661850E+03
3.089589589589584E-01	1.171276735081140E+03
3.100500500500494E-01	1.171000765648963E+03
3.111411411411405E-01	1.170725299904417E+03
3.122322322322316E-01	1.170450355762612E+03
3.133233233233226E-01	1.170175951290309E+03
3.144144144144137E-01	1.169902104837719E+03
3.155055055055048E-01	1.169628835047996E+03
3.165965965965958E-01	1.169356160853938E+03
3.176876876876869E-01	1.169084101385571E+03
3.187787787787780E-01	1.168812676129863E+03
3.198698698698690E-01	1.168541904782008E+03
3.209609609609601E-01	1.168271807328831E+03
3.220520520520512E-01	1.168002404045463E+03
3.231431431431422E-01	1.167733715492031E+03
3.242342342342333E-01	1.167465762510374E+03
3.253253253253244E-01	1.167198566212092E+03
3.264164164164154E-01	1.166932147924023E+03
3.275075075075065E-01	1.166666529385641E+03
3.285985985985976E-01	1.166401732455389E+03
3.296896896896886E-01	1.166137779408008E+03
3.307807807807797E-01	1.165874692658793E+03
3.318718718718708E-01	1.165612494997786E+03
3.329629629629619E-01	1.165351209402746E+03
3.340540540540529E-01	1.165090859128433E+03
3.351451451451440E-01	1.164831467711452E+03
3.362362362362351E-01	1.164573058896854E+03
3.373273273273261E-01	1.164315656673846E+03
3.384184184184172E-01	1.164059285272842E+03
3.395095095095083E-01	1.163803969162467E+03
3.406006006005993E-01	1.163549732965794E+03
3.416916916916904E-01	1.163296601585135E+03
3.427827827827815E-01	1.163044600055830E+03
3.438738738738725E-01	1.162793753627383E+03
3.449649649649636E-01	1.162544087685187E+03
3.460560560560547E-01	1.162295627800641E+03
3.471471471471457E-01	1.162048399673097E+03
3.482382382382368E-01	1.161802429089504E+03
3.493293293293279E-01	1.161557742009034E+03
3.504204204204189E-01	1.161314364411236E+03
3.515115115115100E-01	1.161072322404950E+03
3.526026026026011E-01	1.160831642120191E+03
3.536936936936921E-01	1.160592349708481E+03
3.547847847847832E-01	1.160354471374263E+03
3.558758758758743E-01	1.160118033246660E+03
3.569669669669653E-01	1.159883061496527E+03
3.580580580580564E-01	1.159649582205262E+03
3.591491491491475E-01	1.159417621337402E+03
3.602402402402385E-01	1.159187204828640E+03
3.613313313313296E-01	1.158958358449792E+03
3.624224224224207E-01	1.158731107793912E+03
3.635135135135117E-01	1.158505478347703E+03
3.646046046046028E-01	1.158281495340869E+03
3.656956956956939E-01	1.158059183784732E+03
3.667867867867849E-01	1.157838568448794E+03
3.678778778778760E-01	1.157619673829915E+03
3.689689689689671E-01	1.157402524122995E+03
3.700600600600581E-01	1.157187143167242E+03
3.711511511511492E-01	1.156973554474934E+03
3.722422422422403E-01	1.156761781199180E+03
3.733333333333314E-01	1.156551846043471E+03
3.744244244244224E-01	1.156343771321773E+03
3.755155155155135E-01	1.156137578908502E+03
3.766066066066046E-01	1.155933290192640E+03
3.776976976976956E-01	1.155730926078053E+03
3.787887887887867E-01	1.155530506966529E+03
3.798798798798778E-01	1.155332052742073E+03
3.809709709709688E-01	1.155135582690901E+03
3.820620620620599E-01	1.154941115627314E+03
3.831531531531510E-01	1.154748669717785E+03
3.842442442442420E-01	1.154558262553236E+03
3.853353353353331E-01	1.154369911139572E+03
3.864264264264242E-01	1.154183631861339E+03
3.875175175175152E-01	1.153999440464827E+03
3.886086086086063E-01	1.153817352051698E+03
3.896996996996974E-01	1.153637381106991E+03
3.907907907907884E-01	1.153459541471003E+03
3.918818818818795E-01	1.153283846296936E+03
3.929729729729706E-01	1.153110308087572E+03
3.940640640640616E-01	1.152938938715982E+03
3.951551551551527E-01	1.152769749352610E+03
3.962462462462438E-01	1.152602750537365E+03
3.973373373373348E-01	1.152437952141715E+03
3.984284284284259E-01	1.152275363336395E+03
3.995195195195170E-01	1.152114992709865E+03
4.006106106106080E-01	1.151956848151955E+03
4.017017017016991E-01	1.151800936924145E+03
4.027927927927902E-01	1.151647265622355E+03
4.038838838838812E-01	1.151495840246502E+03
4.049749749749723E-01	1.151346666161387E+03
4.060660660660634E-01	1.151199748086540E+03
4.071571571571544E-01	1.151055090197593E+03
4.082482482482455E-01	1.150912696022542E+03
4.093393393393366E-01	1.150772568519729E+03
4.104304304304277E-01	1.150634710094004E+03
4.115215215215187E-01	1.150499122546036E+03
4.126126126126098E-01	1.150365807181424E+03
4.137037037037009E-01	1.150234764727534E+03
4.147947947947919E-01	1.150105995402108E+03
4.158858858858830E-01	1.149979498923779E+03
4.169769769769741E-01	1.149855274506339E+03
4.180680680680651E-01	1.149733320858576E+03
4.191591591591562E-01	1.149613636259129E+03
4.202502502502473E-01	1.149496218515069E+03
4.213413413413383E-01	1.149381064981269E+03
4.224324324324294E-01	1.149268172589149E+03
4.235235235235205E-01	1.149157537859023E+03
4.246146146146115E-01	1.149049156912569E+03
4.257057057057026E-01	1.148943025485474E+03
4.267967967967937E-01	1.148839138940244E+03
4.278878878878847E-01	1.148737492279110E+03
4.289789789789758E-01	1.148638080157067E+03
4.300700700700669E-01	1.148540896895043E+03
4.311611611611579E-01	1.148445936493134E+03
4.322522522522490E-01	1.148353192643974E+03
4.333433433433401E-01	1.148262658746137E+03
4.344344344344311E-01	1.148174327917654E+03
4.355255255255222E-01	1.148088193009562E+03
4.366166166166133E-01	1.148004246619535E+03
4.377077077077043E-01	1.147922481060022E+03
4.387987987987954E-01	1.147842888469469E+03
4.398898898898865E-01	1.147765460689584E+03
4.409809809809775E-01	1.147690189415687E+03
4.420720720720686E-01	1.147617066102133E+03
4.431631631631597E-01	1.147546082019029E+03
4.442542542542507E-01	1.147477228244660E+03
4.453453453453418E-01	1.147410495690163E+03
4.464364364364329E-01	1.147345875107511E+03
4.475275275275239E-01	1.147283357081531E+03
4.486186186186150E-01	1.147222932057772E+03
4.497097097097061E-01	1.147164590344710E+03
4.508008008007972E-01	1.147108322108780E+03
4.518918918918882E-01	1.147054117401852E+03
4.529829829829793E-01	1.147001966172008E+03
4.540740740740704E-01	1.146951858241508E+03
4.551651651651614E-01	1.146903783346688E+03
4.562562562562525E-01	1.146857731120504E+03
4.573473473473436E-01	1.146813691119698E+03
4.584384384384346E-01	1.146771652817942E+03
4.595295295295257E-01	1.146731605602906E+03
4.606206206206168E-01	1.146693538817717E+03
4.617117117117078E-01	1.146657441728285E+03
4.628028028027989E-01	1.146623303548597E+03
4.638938938938900E-01	1.146591113444841E+03
4.649849849849810E-01	1.146560860522146E+03
4.660760760760721E-01	1.146532533872848E+03
4.671671671671632E-01	1.146506122528671E+03
4.682582582582542E-01	1.146481615499499E+03
4.693493493493453E-01	1.146459001771868E+03
4.704404404404364E-01	1.146438270305154E+03
4.715315315315274E-01	1.146419410040739E+03
4.726226226226185E-01	1.146402409905595E+03
4.737137137137096E-01	1.146387258815937E+03
4.748048048048006E-01	1.146373945680759E+03
4.758958958958917E-01	1.146362459405367E+03
4.769869869869828E-01	1.146352788891582E+03
4.780780780780738E-01	1.146344923044147E+03
4.791691691691649E-01	1.146338850781513E+03
4.802602602602560E-01	1.146334561022336E+03
4.813513513513470E-01	1.146332042693346E+03
4.824424424424381E-01	1.146331284743282E+03
4.835335335335292E-01	1.146332276134595E+03
4.846246246246202E-01	1.146335005844584E+03
4.857157157157113E-01	1.146339462874661E+03
4.868068068068024E-01	1.146345636253533E+03
4.878978978978935E-01	1.146353515016394E+03
4.889889889889845E-01	1.146363088252158E+03
4.900800800800756E-01	1.146374345061170E+03
4.911711711711667E-01	1.146387274581191E+03
4.922622622622577E-01	1.146401865974059E+03
4.933533533533488E-01	1.146418108448499E+03
4.944444444444399E-01	1.146435991236862E+03
4.955355355355309E-01	1.146455503618608E+03
4.966266266266220E-01	1.146476634900018E+03
4.977177177177131E-01	1.146499374439587E+03
4.988088088088041E-01	1.146523711633401E+03
4.998998998998952E-01	1.146549635902974E+03
5.009909909909863E-01	1.146577136741366E+03
5.020820820820774E-01	1.146606203664671E+03
5.031731731731685E-01	1.146636826246258E+03
5.042642642642595E-01	1.146668994091586E+03
5.053553553553506E-01	1.146702696872029E+03
5.064464464464417E-01	1.146737924290245E+03
5.075375375375327E-01	1.146774666104171E+03
5.086286286286238E-01	1.146812912126583E+03
5.097197197197149E-01	1.146852652205083E+03
5.108108108108059E-01	1.146893876259481E+03
5.119019019018970E-01	1.146936574235626E+03
5.129929929929881E-01	1.146980736152947E+03
5.140840840840791E-01	1.147026352072189E+03
5.151751751751702E-01	1.147073412103678E+03
5.162662662662613E-01	1.147121906423572E+03
5.173573573573523E-01	1.147171825255966E+03
5.184484484484434E-01	1.147223158866817E+03
5.195395395395345E-01	1.147275897585108E+03
5.206306306306255E-01	1.147330031807024E+03
5.217217217217166E-01	1.147385551969533E+03
5.228128128128077E-01	1.147442448559240E+03
5.239039039038987E-01	1.147500712131894E+03
5.249949949949898E-01	1.147560333293570E+03
5.260860860860809E-01	1.147621302694702E+03
5.271771771771719E-01	1.147683611067347E+03
5.282682682682630E-01	1.147747249168130E+03
5.293593593593541E-01	1.147812207835012E+03
5.304504504504451E-01	1.147878477948897E+03
5.315415415415362E-01	1.147946050447730E+03
5.326326326326273E-01	1.148014916332563E+03
5.337237237237183E-01	1.148085066647147E+03
5.348148148148094E-01	1.148156492511596E+03
5.359059059059005E-01	1.148229185077338E+03
5.369969969969915E-01	1.148303135567483E+03
5.380880880880826E-01	1.148378335264144E+03
5.391791791791737E-01	1.148454775495131E+03
5.402702702702648E-01	1.148532447651122E+03
5.413613613613558E-01	1.148611343171473E+03
5.424524524524469E-01	1.148691453552319E+03
5.435435435435380E-01	1.148772770360040E+03
5.446346346346290E-01	1.148855285192736E+03
5.457257257257201E-01	1.148938989716190E+03
5.468168168168112E-01	1.149023875660947E+03
5.479079079079022E-01	1.149109934792004E+03
5.489989989989933E-01	1.149197158941067E+03
5.500900900900844E-01	1.149285539997546E+03
5.511811811811754E-01	1.149375069895358E+03
5.522722722722665E-01	1.149465740628516E+03
5.533633633633576E-01	1.149557544246060E+03
5.544544544544486E-01	1.149650472846892E+03
5.555455455455397E-01	1.149744518583805E+03
5.566366366366308E-01	1.149839673672185E+03
5.577277277277218E-01	1.149935930364123E+03
5.588188188188129E-01	1.150033280973780E+03
5.599099099099040E-01	1.150131717868586E+03
5.610010010009950E-01	1.150231233473081E+03
5.620920920920861E-01	1.150331820253360E+03
5.631831831831772E-01	1.150433470733218E+03
5.642742742742682E-01	1.150536177488991E+03
5.653653653653593E-01	1.150639933146116E+03
5.664564564564504E-01	1.150744730375540E+03
5.675475475475414E-01	1.150850561909741E+03
5.686386386386325E-01	1.150957420532781E+03
5.697297297297236E-01	1.151065299068101E+03
5.708208208208146E-01	1.151174190390664E+03
5.719119119119057E-01	1.151284087434879E+03
5.730030030029968E-01	1.151394983179952E+03
5.740940940940878E-01	1.151506870651888E+03
5.751851851851789E-01	1.151619742923085E+03
5.762762762762700E-01	1.151733593123404E+03
5.773673673673611E-01	1.151848414425228E+03
5.784584584584521E-01	1.151964200051420E+03
5.795495495495432E-01	1.152080943265517E+03
5.806406406406343E-01	1.152198637386586E+03
5.817317317317253E-01	1.152317275788506E+03
5.828228228228164E-01	1.152436851862165E+03
5.839139139139075E-01	1.152557359080380E+03
5.850050050049985E-01	1.152678790945514E+03
5.860960960960896E-01	1.152801140999545E+03
5.871871871871807E-01	1.152924402846421E+03
5.882782782782717E-01	1.153048570118644E+03
5.893693693693628E-01	1.153173636509230E+03
5.904604604604539E-01	1.153299595749197E+03
5.915515515515449E-01	1.153426441605090E+03
5.926426426426360E-01	1.153554167908080E+03
5.937337337337271E-01	1.153682768509363E+03
5.948248248248181E-01	1.153812237325450E+03
5.959159159159092E-01	1.153942568306707E+03
5.970070070070003E-01	1.154073755437455E+03
5.980980980980913E-01	1.154205792764895E+03
5.991891891891824E-01	1.154338674357909E+03
6.002802802802735E-01	1.154472394344888E+03
6.013713713713645E-01	1.154606946886577E+03
6.024624624624556E-01	1.154742326190437E+03
6.035535535535467E-01	1.154878526488963E+03
6.046446446446377E-01	1.155015542087936E+03
6.057357357357288E-01	1.155153367296911E+03
6.068268268268199E-01	1.155291996493223E+03
6.079179179179109E-01	1.155431424086329E+03
6.090090090090020E-01	1.155571644511736E+03
6.101001001000931E-01	1.155712652271553E+03
6.111911911911841E-01	1.155854441882871E+03
6.122822822822752E-01	1.155997007918076E+03
6.133733733733663E-01	1.156140344976340E+03
6.144644644644573E-01	1.156284447699350E+03
6.155555555555484E-01	1.156429310770918E+03
6.166466466466395E-01	1.156574928915781E+03
6.177377377377306E-01	1.156721296871003E+03
6.188288288288216E-01	1.156868409449132E+03
6.199199199199127E-01	1.157016261475066E+03
6.210110110110038E-01	1.157164847813302E+03
6.221021021020948E-01	1.157314163368362E+03
6.231931931931859E-01	1.157464203084440E+03
6.242842842842770E-01	1.157614961935446E+03
6.253753753753680E-01	1.157766434930178E+03
6.264664664664591E-01	1.157918617117109E+03
6.275575575575502E-01	1.158071503582230E+03
6.286486486486412E-01	1.158225089440019E+03
6.297397397397323E-01	1.158379369842671E+03
6.308308308308234E-01	1.158534339979755E+03
6.319219219219144E-01	1.158689995064989E+03
6.330130130130055E-01	1.158846330357397E+03
6.341041041040966E-01	1.159003341141816E+03
6.351951951951876E-01	1.159161022745425E+03
6.362862862862787E-01	1.159319370518406E+03
6.373773773773698E-01	1.159478379846496E+03
6.384684684684608E-01	1.159638046150663E+03
6.395595595595519E-01	1.159798364886797E+03
6.406506506506430E-01	1.159959331539245E+03
6.417417417417340E-01	1.160120941614892E+03
6.428328328328251E-01	1.160283190672636E+03
6.439239239239162E-01	1.160446074291160E+03
6.450150150150072E-01	1.160609588074977E+03
6.461061061060983E-01	1.160773727666899E+03
6.471971971971894E-01	1.160938488738028E+03
6.482882882882804E-01	1.161103866991298E+03
6.493793793793715E-01	1.161269858165158E+03
6.504704704704626E-01	1.161436458021193E+03
6.515615615615536E-01	1.161603662343873E+03
6.526526526526447E-01	1.161771466962506E+03
6.537437437437358E-01	1.161939867730276E+03
6.548348348348269E-01	1.162108860523713E+03
6.559259259259179E-01	1.162278441250175E+03
6.570170170170090E-01	1.162448605847572E+03
6.581081081081001E-01	1.162619350284099E+03
6.591991991991911E-01	1.162790670557979E+03
6.602902902902822E-01	1.162962562694141E+03
6.613813813813733E-01	1.163135022727082E+03
6.624724724724643E-01	1.163308046754308E+03
6.635635635635554E-01	1.163481630869895E+03
6.646546546546465E-01	1.163655771205114E+03
6.657457457457375E-01	1.163830463925493E+03
6.668368368368286E-01	1.164005705215505E+03
6.679279279279197E-01	1.164181491287728E+03
6.690190190190107E-01	1.164357818382628E+03
6.701101101101018E-01	1.164534682762224E+03
6.712012012011929E-01	1.164712080712854E+03
6.722922922922839E-01	1.164890008567064E+03
6.733833833833750E-01	1.165068462646625E+03
6.744744744744661E-01	1.165247439339546E+03
6.755655655655571E-01	1.165426935023872E+03
6.766566566566482E-01	1.165606946120642E+03
6.777477477477393E-01	1.165787469076308E+03
6.788388388388303E-01	1.165968500356451E+03
6.799299299299214E-01	1.166150036452351E+03
6.810210210210125E-01	1.166332073880754E+03
6.821121121121035E-01	1.166514609182481E+03
6.832032032031946E-01	1.166697638907825E+03
6.842942942942857E-01	1.166881159661701E+03
6.853853853853767E-01	1.167065168046400E+03
6.864764764764678E-01	1.167249660697671E+03
6.875675675675589E-01	1.167434634267997E+03
6.886586586586499E-01	1.167620085446594E+03
6.897497497497410E-01	1.167806010932293E+03
6.908408408408321E-01	1.167992407441055E+03
6.919319319319231E-01	1.168179271730239E+03
6.930230230230142E-01	1.168366600569228E+03
6.941141141141053E-01	1.168554390750190E+03
6.952052052051964E-01	1.168742639077783E+03
6.962962962962874E-01	1.168931342396758E+03
6.973873873873785E-01	1.169120497567825E+03
6.984784784784696E-01	1.169310101461092E+03
6.995695695695606E-01	1.169500150978602E+03
7.006606606606517E-01	1.169690643043678E+03
7.017517517517428E-01	1.169881574598898E+03
7.028428428428338E-01	1.170072942597198E+03
7.039339339339249E-01	1.170264744033598E+03
7.050250250250160E-01	1.170456975908830E+03
7.061161161161070E-01	1.170649635244803E+03
7.072072072071981E-01	1.170842719084432E+03
7.082982982982892E-01	1.171036224491474E+03
7.093893893893802E-01	1.171230148550344E+03
7.104804804804713E-01	1.171424488365955E+03
7.115715715715624E-01	1.171619241063545E+03
7.126626626626534E-01	1.171814403788515E+03
7.137537537537445E-01	1.172009973684311E+03
7.148448448448356E-01	1.172205947953289E+03
7.159359359359266E-01	1.172402323782541E+03
7.170270270270177E-01	1.172599098399329E+03
7.181181181181088E-01	1.172796269028555E+03
7.192092092091998E-01	1.172993832940458E+03
7.203003003002909E-01	1.173191787403010E+03
7.213913913913820E-01	1.173390129700038E+03
7.224824824824730E-01	1.173588857152193E+03
7.235735735735641E-01	1.173787967086565E+03
7.246646646646552E-01	1.173987456848768E+03
7.257557557557462E-01	1.174187323802773E+03
7.268468468468373E-01	1.174387565330778E+03
7.279379379379284E-01	1.174588178833040E+03
7.290290290290194E-01	1.174789161717634E+03
7.301201201201105E-01	1.174990511422954E+03
7.312112112112016E-01	1.175192225406770E+03
7.323023023022927E-01	1.175394301127652E+03
7.333933933933837E-01	1.175596736070903E+03
7.344844844844748E-01	1.175799527743530E+03
7.355755755755659E-01	1.176002673655107E+03
7.366666666666569E-01	1.176206171343147E+03
7.377577577577480E-01	1.176410018365101E+03
7.388488488488391E-01	1.176614212270856E+03
7.399399399399301E-01	1.176818750653665E+03
7.410310310310212E-01	1.177023631113047E+03
7.421221221221123E-01	1.177228851261677E+03
7.432132132132033E-01	1.177434408728461E+03
7.443043043042944E-01	1.177640301158405E+03
7.453953953953855E-01	1.177846526212501E+03
7.464864864864765E-01	1.178053081567586E+03
7.475775775775676E-01	1.178259964916229E+03
7.486686686686587E-01	1.178467173966598E+03
7.497597597597497E-01	1.178674706442352E+03
7.508508508508408E-01	1.178882560064700E+03
7.519419419419319E-01	1.179090732601751E+03
7.530330330330229E-01	1.179299221821963E+03
7.541241241241140E-01	1.179508025485469E+03
7.552152152152051E-01	1.179717141414581E+03
7.563063063062961E-01	1.179926567391616E+03
7.573973973973872E-01	1.180136301266057E+03
7.584884884884783E-01	1.180346340855205E+03
7.595795795795693E-01	1.180556684022114E+03
7.606706706706604E-01	1.180767328635949E+03
7.617617617617515E-01	1.180978272568478E+03
7.628528528528425E-01	1.181189513711526E+03
7.639439439439336E-01	1.181401049979379E+03
7.650350350350247E-01	1.181612879291746E+03
7.661261261261157E-01	1.181824999582167E+03
7.672172172172068E-01	1.182037408797921E+03
7.683083083082979E-01	1.182250104899909E+03
7.693993993993890E-01	1.182463085862560E+03
7.704904904904800E-01	1.182676349673725E+03
7.715815815815711E-01	1.182889894334569E+03
7.726726726726622E-01	1.183103717854240E+03
7.737637637637532E-01	1.183317818254499E+03
7.748548548548443E-01	1.183532193584146E+03
7.759459459459354E-01	1.183746841896628E+03
7.770370370370264E-01	1.183961761235757E+03
7.781281281281175E-01	1.184176949698594E+03
7.792192192192086E-01	1.184392405363524E+03
7.803103103102996E-01	1.184608126332621E+03
7.814014014013907E-01	1.184824110719124E+03
7.824924924924818E-01	1.185040356650420E+03
7.835835835835728E-01	1.185256862253654E+03
7.846746746746639E-01	1.185473625692441E+03
7.857657657657550E-01	1.185690645114649E+03
7.868568568568460E-01	1.185907918693520E+03
7.879479479479371E-01	1.186125444620099E+03
7.890390390390282E-01	1.186343221088095E+03
7.901301301301192E-01	1.186561246302975E+03
7.912212212212103E-01	1.186779518476624E+03
7.923123123123014E-01	1.186998035843650E+03
7.934034034033924E-01	1.187216796646030E+03
7.944944944944835E-01	1.187435799135392E+03
7.955855855855746E-01	1.187655041574690E+03
7.966766766766656E-01	1.187874522238122E+03
7.977677677677567E-01	1.188094239408494E+03
7.988588588588478E-01	1.188314191377851E+03
7.999499499499388E-01	1.188534376458270E+03
8.010410410410299E-01	1.188754792968118E+03
8.021321321321210E-01	1.188975439236599E+03
8.032232232232120E-01	1.189196313595304E+03
8.043143143143031E-01	1.189417414390674E+03
8.054054054053942E-01	1.189638739994252E+03
8.064964964964852E-01	1.189860288764778E+03
8.075875875875763E-01	1.190082059082877E+03
8.086786786786674E-01	1.190304049347986E+03
8.097697697697585E-01	1.190526257942009E+03
8.108608608608495E-01	1.190748683295617E+03
8.119519519519406E-01	1.190971323809127E+03
8.130430430430317E-01	1.191194177926797E+03
8.141341341341227E-01	1.191417244084334E+03
8.152252252252138E-01	1.191640520722092E+03
8.163163163163049E-01	1.191864006313384E+03
8.174074074073959E-01	1.192087699321167E+03
8.184984984984870E-01	1.192311598212843E+03
8.195895895895781E-01	1.192535701489018E+03
8.206806806806691E-01	1.192760007645306E+03
8.217717717717602E-01	1.192984515186850E+03
8.228628628628513E-01	1.193209222628268E+03
8.239539539539423E-01	1.193434128488879E+03
8.250450450450334E-01	1.193659231307408E+03
8.261361361361245E-01	1.193884529627793E+03
8.272272272272155E-01	1.194110022001846E+03
8.283183183183066E-01	1.194335706990520E+03
8.294094094093977E-01	1.194561583163832E+03
8.305005005004887E-01	1.194787649100113E+03
8.315915915915798E-01	1.195013903380974E+03
8.326826826826709E-01	1.195240344608372E+03
8.337737737737619E-01	1.195466971387974E+03
8.348648648648530E-01	1.195693782334194E+03
8.359559559559441E-01	1.195920776070134E+03
8.370470470470351E-01	1.196147951217693E+03
8.381381381381262E-01	1.196375306417695E+03
8.392292292292173E-01	1.196602840326375E+03
8.403203203203083E-01	1.196830551594259E+03
8.414114114113994E-01	1.197058438875738E+03
8.425025025024905E-01	1.197286500860906E+03
8.435935935935815E-01	1.197514736211885E+03
8.446846846846726E-01	1.197743143629180E+03
8.457757757757637E-01	1.197971721803643E+03
8.468668668668548E-01	1.198200469440172E+03
8.479579579579458E-01	1.198429385250523E+03
8.490490490490369E-01	1.198658467958025E+03
8.501401401401280E-01	1.198887716280902E+03
8.512312312312190E-01	1.199117128971421E+03
8.523223223223101E-01	1.199346704750221E+03
8.534134134134012E-01	1.199576442384997E+03
8.545045045044922E-01	1.199806340635819E+03
8.555955955955833E-01	1.200036398251596E+03
8.566866866866744E-01	1.200266614018003E+03
8.577777777777654E-01	1.200496986717964E+03
8.588688688688565E-01	1.200727515138534E+03
8.599599599599476E-01	1.200958198067020E+03
8.610510510510386E-01	1.201189034309329E+03
8.621421421421297E-01	1.201420022679685E+03
8.632332332332208E-01	1.201651161994717E+03
8.643243243243118E-01	1.201882451078322E+03
8.654154154154029E-01	1.202113888761612E+03
8.665065065064940E-01	1.202345473882871E+03
8.675975975975850E-01	1.202577205287495E+03
8.686886886886761E-01	1.202809081827957E+03
8.697797797797672E-01	1.203041102363740E+03
8.708708708708582E-01	1.203273265761311E+03
8.719619619619493E-01	1.203505570894052E+03
8.730530530530404E-01	1.203738016642225E+03
8.741441441441314E-01	1.203970601892924E+03
8.752352352352225E-01	1.204203325540023E+03
8.763263263263136E-01	1.204436186480458E+03
8.774174174174046E-01	1.204669183615621E+03
8.785085085084957E-01	1.204902315867520E+03
8.795995995995868E-01	1.205135582156713E+03
8.806906906906778E-01	1.205368981410307E+03
8.817817817817689E-01	1.205602512544193E+03
8.828728728728600E-01	1.205836174513119E+03
8.839639639639510E-01	1.206069966265170E+03
8.850550550550421E-01	1.206303886736202E+03
8.861461461461332E-01	1.206537934894299E+03
8.872372372372243E-01	1.206772109710350E+03
8.883283283283153E-01	1.207006410130690E+03
8.894194194194064E-01	1.207240835158645E+03
8.905105105104975E-01	1.207475383755949E+03
8.916016016015885E-01	1.207710054925267E+03
8.926926926926796E-01	1.207944847650544E+03
8.937837837837707E-01	1.208179760940946E+03
8.948748748748617E-01	1.208414793792495E+03
8.959659659659528E-01	1.208649945231955E+03
8.970570570570439E-01	1.208885214256054E+03
8.981481481481349E-01	1.209120599912109E+03
8.992392392392260E-01	1.209356101210431E+03
9.003303303303171E-01	1.209591717195660E+03
9.014214214214081E-01	1.209827446915389E+03
9.025125125124992E-01	1.210063289396391E+03
9.036036036035903E-01	1.210299243706360E+03
9.046946946946813E-01	1.210535308905088E+03
9.057857857857724E-01	1.210771484047550E+03
9.068768768768635E-01	1.211007768199947E+03
9.079679679679545E-01	1.211244160446063E+03
9.090590590590456E-01	1.211480659864883E+03
9.101501501501367E-01	1.211717265540874E+03
9.112412412412277E-01	1.211953976556125E+03
9.123323323323188E-01	1.212190792011764E+03
9.134234234234099E-01	1.212427711011829E+03
9.145145145145009E-01	1.212664732662382E+03
9.156056056055920E-01	1.212901856074790E+03
9.166966966966831E-01	1.213139080365701E+03
9.177877877877741E-01	1.213376404657000E+03
9.188788788788652E-01	1.213613828075778E+03
9.199699699699563E-01	1.213851349754297E+03
9.210610610610473E-01	1.214088968829963E+03
9.221521521521384E-01	1.214326684445277E+03
9.232432432432295E-01	1.214564495747820E+03
9.243343343343206E-01	1.214802401890205E+03
9.254254254254116E-01	1.215040402030055E+03
9.265165165165027E-01	1.215278495329956E+03
9.276076076075938E-01	1.215516680957447E+03
9.286986986986848E-01	1.215754958084962E+03
9.297897897897759E-01	1.215993325889822E+03
9.308808808808670E-01	1.216231783549850E+03
9.319719719719580E-01	1.216470330248505E+03
9.330630630630491E-01	1.216708965184212E+03
9.341541541541402E-01	1.216947687553482E+03
9.352452452452312E-01	1.217186496557543E+03
9.363363363363223E-01	1.217425391394298E+03
9.374274274274134E-01	1.217664371272366E+03
9.385185185185044E-01	1.217903435415777E+03
9.396096096095955E-01	1.218142583044342E+03
9.407007007006866E-01	1.218381813364610E+03
9.417917917917776E-01	1.218621125618615E+03
9.428828828828687E-01	1.218860519043371E+03
9.439739739739598E-01	1.219099992857055E+03
9.450650650650508E-01	1.219339546315609E+03
9.461561561561419E-01	1.219579178667386E+03
9.472472472472330E-01	1.219818889142447E+03
9.483383383383240E-01	1.220058677019872E+03
9.494294294294151E-01	1.220298541537658E+03
9.505205205205062E-01	1.220538481972440E+03
9.516116116115972E-01	1.220778497584609E+03
9.527027027026883E-01	1.221018587646392E+03
9.537937937937794E-01	1.221258751435365E+03
9.548848848848704E-01	1.221498988227801E+03
9.559759759759615E-01	1.221739297309826E+03
9.570670670670526E-01	1.221979677970137E+03
9.581581581581436E-01	1.222220129494861E+03
9.592492492492347E-01	1.222460651193420E+03
9.603403403403258E-01	1.222701242343458E+03
9.614314314314168E-01	1.222941902273567E+03
9.625225225225079E-01	1.223182630273896E+03
9.636136136135990E-01	1.223423425663146E+03
9.647047047046901E-01	1.223664287765937E+03
9.657957957957811E-01	1.223905215880555E+03
9.668868868868722E-01	1.224146209348214E+03
9.679779779779633E-01	1.224387267498508E+03
9.690690690690543E-01	1.224628389646680E+03
9.701601601601454E-01	1.224869575138114E+03
9.712512512512365E-01	1.225110823316240E+03
9.723423423423275E-01	1.225352133521966E+03
9.734334334334186E-01	1.225593505086733E+03
9.745245245245097E-01	1.225834937376552E+03
9.756156156156007E-01	1.226076429744738E+03
9.767067067066918E-01	1.226317981548326E+03
9.777977977977829E-01	1.226559592143466E+03
9.788888888888739E-01	1.226801260891918E+03
9.799799799799650E-01	1.227042987169897E+03
9.810710710710561E-01	1.227284770349084E+03
9.821621621621471E-01	1.227526609804760E+03
9.832532532532382E-01	1.227768504915792E+03
9.843443443443293E-01	1.228010455064609E+03
9.854354354354203E-01	1.228252459637170E+03
9.865265265265114E-01	1.228494518020223E+03
9.876176176176025E-01	1.228736629607869E+03
9.887087087086935E-01	1.228978793799078E+03
9.897997997997846E-01	1.229221009993753E+03
9.908908908908757E-01	1.229463277595218E+03
9.919819819819667E-01	1.229705596010210E+03
9.930730730730578E-01	1.229947964648852E+03
9.941641641641489E-01	1.230190382924640E+03
9.952552552552399E-01	1.230432850254412E+03
9.963463463463310E-01	1.230675366058331E+03
9.974374374374221E-01	1.230917929759866E+03
9.985285285285131E-01	1.231160540785773E+03
9.996196196196042E-01	1.231403198561614E+03
1.000710710710695E+00	1.231645902523214E+03
1.001801801801786E+00	1.231888652108093E+03
1.002892892892878E+00	1.232131446755948E+03
1.003983983983969E+00	1.232374285909667E+03
1.005075075075060E+00	1.232617169015301E+03
1.006166166166151E+00	1.232860095522045E+03
1.007257257257242E+00	1.233103064882227E+03
1.008348348348333E+00	1.233346076542311E+03
1.009439439439424E+00	1.233589129965562E+03
1.010530530530515E+00	1.233832224616962E+03
1.011621621621606E+00	1.234075359961163E+03
1.012712712712697E+00	1.234318535465850E+03
1.013803803803788E+00	1.234561750588970E+03
1.014894894894879E+00	1.234805004812363E+03
1.015985985985970E+00	1.235048297616487E+03
1.017077077077061E+00	1.235291628480983E+03
1.018168168168152E+00	1.235534996871988E+03
1.019259259259244E+00	1.235778402287273E+03
1.020350350350335E+00	1.236021844218624E+03
1.021441441441426E+00	1.236265322147332E+03
1.022532532532517E+00	1.236508835564570E+03
1.023623623623608E+00	1.236752383979597E+03
1.024714714714699E+00	1.236995966881549E+03
1.025805805805790E+00	1.237239583769175E+03
1.026896896896881E+00	1.237483234161874E+03
1.027987987987972E+00	1.237726917549407E+03
1.029079079079063E+00	1.237970633452111E+03
1.030170170170154E+00	1.238214381388296E+03
1.031261261261245E+00	1.238458160853139E+03
1.032352352352336E+00	1.238701971390496E+03
1.033443443443427E+00	1.238945812498995E+03
1.034534534534518E+00	1.239189683718377E+03
1.035625625625610E+00	1.239433584567086E+03
1.036716716716701E+00	1.239677514574802E+03
1.037807807807792E+00	1.239921473277668E+03
1.038898898898883E+00	1.240165460201252E+03
1.039989989989974E+00	1.240409474893346E+03
1.041081081081065E+00	1.240653516881303E+03
1.042172172172156E+00	1.240897585718560E+03
1.043263263263247E+00	1.241141680940121E+03
1.044354354354338E+00	1.241385802099099E+03
1.045445445445429E+00	1.241629948743969E+03
1.046536536536520E+00	1.241874120421607E+03
1.047627627627611E+00	1.242118316699727E+03
1.048718718718702E+00	1.242362537113100E+03
1.049809809809793E+00	1.242606781246566E+03
1.050900900900885E+00	1.242851048640492E+03
1.051991991991976E+00	1.243095338871840E+03
1.053083083083067E+00	1.243339651510122E+03
1.054174174174158E+00	1.243583986105747E+03
1.055265265265249E+00	1.243828342252301E+03
1.056356356356340E+00	1.244072719512908E+03
1.057447447447431E+00	1.244317117458791E+03
1.058538538538522E+00	1.244561535682830E+03
1.059629629629613E+00	1.244805973755712E+03
1.060720720720704E+00	1.245050431256857E+03
1.061811811811795E+00	1.245294907784573E+03
1.062902902902886E+00	1.245539402923145E+03
1.063993993993977E+00	1.245783916247721E+03
1.065085085085068E+00	1.246028447368096E+03
1.066176176176159E+00	1.246272995878359E+03
1.067267267267251E+00	1.246517561366369E+03
1.068358358358342E+00	1.246762143430086E+03
1.069449449449433E+00	1.247006741680112E+03
1.070540540540524E+00	1.247251355719496E+03
1.071631631631615E+00	1.247495985150100E+03
1.072722722722706E+00	1.247740629571178E+03
1.073813813813797E+00	1.247985288604601E+03
1.074904904904888E+00	1.248229961862175E+03
1.075995995995979E+00	1.248474648957860E+03
1.077087087087070E+00	1.248719349507530E+03
1.078178178178161E+00	1.248964063118117E+03
1.079269269269252E+00	1.249208789422155E+03
1.080360360360343E+00	1.249453528042110E+03
1.081451451451434E+00	1.249698278602543E+03
1.082542542542525E+00	1.249943040730102E+03
1.083633633633617E+00	1.250187814053503E+03
1.084724724724708E+00	1.250432598203526E+03
1.085815815815799E+00	1.250677392807972E+03
1.086906906906890E+00	1.250922197504995E+03
1.087997997997981E+00	1.251167011933828E+03
1.089089089089072E+00	1.251411835733374E+03
1.090180180180163E+00	1.251656668544530E+03
1.091271271271254E+00	1.251901510010188E+03
1.092362362362345E+00	1.252146359775213E+03
1.093453453453436E+00	1.252391217486445E+03
1.094544544544527E+00	1.252636082792672E+03
1.095635635635618E+00	1.252880955344630E+03
1.096726726726709E+00	1.253125834794992E+03
1.097817817817800E+00	1.253370720798350E+03
1.098908908908891E+00	1.253615613011207E+03
1.099999999999983E+00	1.253860511091968E+03
1.101091091091074E+00	1.254105414700927E+03
