#  barionic density, energy density per particle 
1.109109109109109E-02	1.203765795374268E+03
1.218218218218218E-02	1.205301563371906E+03
1.327327327327328E-02	1.206641957909633E+03
1.436436436436437E-02	1.207825885803595E+03
1.545545545545546E-02	1.208881834719345E+03
1.654654654654655E-02	1.209831203994061E+03
1.763763763763764E-02	1.210690461193899E+03
1.872872872872873E-02	1.211472506235301E+03
1.981981981981983E-02	1.212187617643433E+03
2.091091091091092E-02	1.212844128207684E+03
2.200200200200201E-02	1.213448855986843E+03
2.309309309309310E-02	1.214007472196009E+03
2.418418418418419E-02	1.214524725605510E+03
2.527527527527529E-02	1.215004642017584E+03
2.636636636636638E-02	1.215450659154750E+03
2.745745745745747E-02	1.215865738641183E+03
2.854854854854856E-02	1.216252447031576E+03
2.963963963963965E-02	1.216613030809423E+03
3.073073073073074E-02	1.216949454057623E+03
3.182182182182183E-02	1.217263463851103E+03
3.291291291291292E-02	1.217556604019502E+03
3.400400400400401E-02	1.217830252663846E+03
3.509509509509510E-02	1.218085650149376E+03
3.618618618618619E-02	1.218323909793786E+03
3.727727727727728E-02	1.218546036186565E+03
3.836836836836836E-02	1.218752943123593E+03
3.945945945945945E-02	1.218945462808222E+03
4.055055055055054E-02	1.219124354004421E+03
4.164164164164163E-02	1.219290311719920E+03
4.273273273273272E-02	1.219443974379823E+03
4.382382382382381E-02	1.219585930010909E+03
4.491491491491489E-02	1.219716721595816E+03
4.600600600600598E-02	1.219836851727767E+03
4.709709709709707E-02	1.219946786672488E+03
4.818818818818816E-02	1.220046959926360E+03
4.927927927927925E-02	1.220137775343765E+03
5.037037037037034E-02	1.220219608578350E+03
5.146146146146142E-02	1.220292812074182E+03
5.255255255255251E-02	1.220357717184356E+03
5.364364364364360E-02	1.220414633335647E+03
5.473473473473469E-02	1.220463849008248E+03
5.582582582582578E-02	1.220505641417126E+03
5.691691691691687E-02	1.220540265796866E+03
5.800800800800796E-02	1.220567967984825E+03
5.909909909909904E-02	1.220588975964371E+03
6.019019019019013E-02	1.220603510172375E+03
6.128128128128122E-02	1.220611773840536E+03
6.237237237237231E-02	1.220613964967185E+03
6.346346346346340E-02	1.220610269415218E+03
6.455455455455450E-02	1.220600863045213E+03
6.564564564564560E-02	1.220585913520205E+03
6.673673673673669E-02	1.220565581998993E+03
6.782782782782779E-02	1.220540021062945E+03
6.891891891891888E-02	1.220509376383641E+03
7.001001001000998E-02	1.220473787162062E+03
7.110110110110107E-02	1.220433386532759E+03
7.219219219219217E-02	1.220388301936185E+03
7.328328328328326E-02	1.220338655308407E+03
7.437437437437436E-02	1.220284562361241E+03
7.546546546546545E-02	1.220226136604627E+03
7.655655655655655E-02	1.220163485899835E+03
7.764764764764764E-02	1.220096712031836E+03
7.873873873873874E-02	1.220025915471910E+03
7.982982982982983E-02	1.219951191463907E+03
8.092092092092093E-02	1.219872631728687E+03
8.201201201201203E-02	1.219790324651992E+03
8.310310310310312E-02	1.219704356491318E+03
8.419419419419422E-02	1.219614807629902E+03
8.528528528528531E-02	1.219521758583916E+03
8.637637637637641E-02	1.219425285929240E+03
8.746746746746750E-02	1.219325463386588E+03
8.855855855855860E-02	1.219222362241706E+03
8.964964964964969E-02	1.219116051462458E+03
9.074074074074079E-02	1.219006597808691E+03
9.183183183183188E-02	1.218894065935691E+03
9.292292292292298E-02	1.218778518491408E+03
9.401401401401407E-02	1.218660016208166E+03
9.510510510510517E-02	1.218538617371830E+03
9.619619619619627E-02	1.218414378455647E+03
9.728728728728736E-02	1.218287355968160E+03
9.837837837837846E-02	1.218157601811846E+03
9.946946946946955E-02	1.218025169552796E+03
1.005605605605606E-01	1.217890107891246E+03
1.016516516516517E-01	1.217752467401245E+03
1.027427427427428E-01	1.217612295106485E+03
1.038338338338339E-01	1.217469636545630E+03
1.049249249249250E-01	1.217324537584740E+03
1.060160160160161E-01	1.217177041864396E+03
1.071071071071072E-01	1.217027191913557E+03
1.081981981981983E-01	1.216875029193230E+03
1.092892892892894E-01	1.216720594138106E+03
1.103803803803805E-01	1.216563926196106E+03
1.114714714714716E-01	1.216405062970965E+03
1.125625625625627E-01	1.216244042361900E+03
1.136536536536538E-01	1.216080901385917E+03
1.147447447447449E-01	1.215915674148342E+03
1.158358358358360E-01	1.215748396907461E+03
1.169269269269271E-01	1.215579101863652E+03
1.180180180180182E-01	1.215407823417888E+03
1.191091091091093E-01	1.215234593459860E+03
1.202002002002004E-01	1.215059442619463E+03
1.212912912912915E-01	1.214882402494900E+03
1.223823823823826E-01	1.214703503056501E+03
1.234734734734736E-01	1.214522773666600E+03
1.245645645645647E-01	1.214340243100428E+03
1.256556556556558E-01	1.214155939442393E+03
1.267467467467469E-01	1.213969889564027E+03
1.278378378378380E-01	1.213782121238805E+03
1.289289289289291E-01	1.213592660871631E+03
1.300200200200202E-01	1.213401533168109E+03
1.311111111111113E-01	1.213208764710778E+03
1.322022022022024E-01	1.213014379222720E+03
1.332932932932935E-01	1.212818401310342E+03
1.343843843843846E-01	1.212620854941731E+03
1.354754754754757E-01	1.212421763225387E+03
1.365665665665668E-01	1.212221148887269E+03
1.376576576576579E-01	1.212019034283036E+03
1.387487487487490E-01	1.211815441409753E+03
1.398398398398401E-01	1.211610391917268E+03
1.409309309309312E-01	1.211403907119173E+03
1.420220220220223E-01	1.211196007304713E+03
1.431131131131134E-01	1.210986713012558E+03
1.442042042042045E-01	1.210776044511695E+03
1.452952952952956E-01	1.210564021177414E+03
1.463863863863867E-01	1.210350662172299E+03
1.474774774774777E-01	1.210135986889995E+03
1.485685685685688E-01	1.209920013797578E+03
1.496596596596599E-01	1.209702761122194E+03
1.507507507507510E-01	1.209484246858437E+03
1.518418418418421E-01	1.209264488775511E+03
1.529329329329332E-01	1.209043504424162E+03
1.540240240240243E-01	1.208821311143415E+03
1.551151151151154E-01	1.208597924971780E+03
1.562062062062065E-01	1.208373363527824E+03
1.572972972972976E-01	1.208147642350056E+03
1.583883883883887E-01	1.207920778288494E+03
1.594794794794798E-01	1.207692786719176E+03
1.605705705705709E-01	1.207463683151680E+03
1.616616616616620E-01	1.207233483302499E+03
1.627527527527531E-01	1.207002202311406E+03
1.638438438438442E-01	1.206769855177777E+03
1.649349349349353E-01	1.206536456115449E+03
1.660260260260264E-01	1.206302020194722E+03
1.671171171171175E-01	1.206066562013262E+03
1.682082082082086E-01	1.205830094711748E+03
1.692992992992997E-01	1.205592633266244E+03
1.703903903903908E-01	1.205354191079776E+03
1.714814814814818E-01	1.205114781386789E+03
1.725725725725729E-01	1.204874418039492E+03
1.736636636636640E-01	1.204633114241559E+03
1.747547547547551E-01	1.204390883114748E+03
1.758458458458462E-01	1.204147737291784E+03
1.769369369369373E-01	1.203903689674366E+03
1.780280280280284E-01	1.203658753384415E+03
1.791191191191195E-01	1.203412939949239E+03
1.802102102102106E-01	1.203166262642679E+03
1.813013013013017E-01	1.202918733281468E+03
1.823923923923928E-01	1.202670363687945E+03
1.834834834834839E-01	1.202421166160770E+03
1.845745745745750E-01	1.202171152505401E+03
1.856656656656661E-01	1.201920334238862E+03
1.867567567567572E-01	1.201668722868613E+03
1.878478478478483E-01	1.201416330328987E+03
1.889389389389394E-01	1.201163167435730E+03
1.900300300300305E-01	1.200909246044565E+03
1.911211211211216E-01	1.200654576507052E+03
1.922122122122127E-01	1.200399170425822E+03
1.933033033033038E-01	1.200143038688179E+03
1.943943943943948E-01	1.199886192140866E+03
1.954854854854859E-01	1.199628641628703E+03
1.965765765765770E-01	1.199370397381437E+03
1.976676676676681E-01	1.199111470503631E+03
1.987587587587592E-01	1.198851871313421E+03
1.998498498498503E-01	1.198591610502853E+03
2.009409409409414E-01	1.198330697832092E+03
2.020320320320325E-01	1.198069144090082E+03
2.031231231231236E-01	1.197806959444295E+03
2.042142142142147E-01	1.197544154088668E+03
2.053053053053058E-01	1.197280737745203E+03
2.063963963963969E-01	1.197016720819455E+03
2.074874874874880E-01	1.196752113280046E+03
2.085785785785791E-01	1.196486924951049E+03
2.096696696696702E-01	1.196221165530130E+03
2.107607607607613E-01	1.195954845096302E+03
2.118518518518524E-01	1.195687973361324E+03
2.129429429429435E-01	1.195420560088542E+03
2.140340340340346E-01	1.195152614827595E+03
2.151251251251257E-01	1.194884147150142E+03
2.162162162162168E-01	1.194615167024079E+03
2.173073073073079E-01	1.194345683695716E+03
2.183983983983989E-01	1.194075706720854E+03
2.194894894894900E-01	1.193805245772573E+03
2.205805805805811E-01	1.193534310313387E+03
2.216716716716722E-01	1.193262909858910E+03
2.227627627627633E-01	1.192991053392013E+03
2.238538538538544E-01	1.192718751017889E+03
2.249449449449455E-01	1.192446011528659E+03
2.260360360360366E-01	1.192172844744591E+03
2.271271271271277E-01	1.191899259889097E+03
2.282182182182188E-01	1.191625266280213E+03
2.293093093093099E-01	1.191350873330732E+03
2.304004004004010E-01	1.191076090548242E+03
2.314914914914921E-01	1.190800926829445E+03
2.325825825825832E-01	1.190525392117501E+03
2.336736736736743E-01	1.190249495281572E+03
2.347647647647654E-01	1.189973245888187E+03
2.358558558558565E-01	1.189696653374604E+03
2.369469469469476E-01	1.189419727012942E+03
2.380380380380387E-01	1.189142476091167E+03
2.391291291291298E-01	1.188864910469046E+03
2.402202202202209E-01	1.188587038905858E+03
2.413113113113119E-01	1.188308871343986E+03
2.424024024024030E-01	1.188030417141222E+03
2.434934934934941E-01	1.187751685779514E+03
2.445845845845852E-01	1.187472686873632E+03
2.456756756756763E-01	1.187193429680199E+03
2.467667667667674E-01	1.186913924201670E+03
2.478578578578585E-01	1.186634179639332E+03
2.489489489489496E-01	1.186354205975253E+03
2.500400400400407E-01	1.186074012852266E+03
2.511311311311318E-01	1.185793610064336E+03
2.522222222222228E-01	1.185513007250746E+03
2.533133133133139E-01	1.185232214383532E+03
2.544044044044050E-01	1.184951241324035E+03
2.554954954954960E-01	1.184670098134563E+03
2.565865865865871E-01	1.184388794741608E+03
2.576776776776782E-01	1.184107341240742E+03
2.587687687687693E-01	1.183825747896083E+03
2.598598598598603E-01	1.183544024731057E+03
2.609509509509514E-01	1.183262182310557E+03
2.620420420420425E-01	1.182980230573876E+03
2.631331331331335E-01	1.182698180374885E+03
2.642242242242246E-01	1.182416042120044E+03
2.653153153153157E-01	1.182133826358814E+03
2.664064064064067E-01	1.181851543855246E+03
2.674974974974978E-01	1.181569205389088E+03
2.685885885885889E-01	1.181286821821600E+03
2.696796796796799E-01	1.181004404164028E+03
2.707707707707710E-01	1.180721963489670E+03
2.718618618618621E-01	1.180439511007337E+03
2.729529529529531E-01	1.180157058002665E+03
2.740440440440442E-01	1.179874615875822E+03
2.751351351351353E-01	1.179592196216734E+03
2.762262262262263E-01	1.179309810617470E+03
2.773173173173174E-01	1.179027470838826E+03
2.784084084084085E-01	1.178745188862015E+03
2.794994994994995E-01	1.178462976651658E+03
2.805905905905906E-01	1.178180846410597E+03
2.816816816816817E-01	1.177898810428550E+03
2.827727727727727E-01	1.177616881179792E+03
2.838638638638638E-01	1.177335071281870E+03
2.849549549549549E-01	1.177053393420838E+03
2.860460460460459E-01	1.176771860574450E+03
2.871371371371370E-01	1.176490485789474E+03
2.882282282282281E-01	1.176209282304507E+03
2.893193193193191E-01	1.175928263520462E+03
2.904104104104102E-01	1.175647442983995E+03
2.915015015015013E-01	1.175366834494993E+03
2.925925925925923E-01	1.175086451956250E+03
2.936836836836834E-01	1.174806309516629E+03
2.947747747747745E-01	1.174526421473823E+03
2.958658658658656E-01	1.174246802337707E+03
2.969569569569566E-01	1.173967466807211E+03
2.980480480480477E-01	1.173688429772885E+03
2.991391391391388E-01	1.173409706411361E+03
3.002302302302298E-01	1.173131311994464E+03
3.013213213213209E-01	1.172853262111701E+03
3.024124124124120E-01	1.172575572474109E+03
3.035035035035030E-01	1.172298259143241E+03
3.045945945945941E-01	1.172021338301620E+03
3.056856856856852E-01	1.171744826406489E+03
3.067767767767762E-01	1.171468740184941E+03
3.078678678678673E-01	1.171193096509081E+03
3.089589589589584E-01	1.170917912603792E+03
3.100500500500494E-01	1.170643205895178E+03
3.111411411411405E-01	1.170368994023066E+03
3.122322322322316E-01	1.170095294985464E+03
3.133233233233226E-01	1.169822126945816E+03
3.144144144144137E-01	1.169549508346863E+03
3.155055055055048E-01	1.169277457919385E+03
3.165965965965958E-01	1.169005994679811E+03
3.176876876876869E-01	1.168735137850437E+03
3.187787787787780E-01	1.168464906998163E+03
3.198698698698690E-01	1.168195321905716E+03
3.209609609609601E-01	1.167926402644218E+03
3.220520520520512E-01	1.167658169570494E+03
3.231431431431422E-01	1.167390643324344E+03
3.242342342342333E-01	1.167123844825766E+03
3.253253253253244E-01	1.166857795264500E+03
3.264164164164154E-01	1.166592516052136E+03
3.275075075075065E-01	1.166328028994909E+03
3.285985985985976E-01	1.166064356036193E+03
3.296896896896886E-01	1.165801519516979E+03
3.307807807807797E-01	1.165539541933510E+03
3.318718718718708E-01	1.165278446142640E+03
3.329629629629619E-01	1.165018255196915E+03
3.340540540540529E-01	1.164758992422509E+03
3.351451451451440E-01	1.164500681423012E+03
3.362362362362351E-01	1.164243346013885E+03
3.373273273273261E-01	1.163987010253177E+03
3.384184184184172E-01	1.163731698438059E+03
3.395095095095083E-01	1.163477435101272E+03
3.406006006005993E-01	1.163224244935742E+03
3.416916916916904E-01	1.162972152904186E+03
3.427827827827815E-01	1.162721184108092E+03
3.438738738738725E-01	1.162471363858466E+03
3.449649649649636E-01	1.162222717604785E+03
3.460560560560547E-01	1.161975270978154E+03
3.471471471471457E-01	1.161729049738005E+03
3.482382382382368E-01	1.161484079734383E+03
3.493293293293279E-01	1.161240386981730E+03
3.504204204204189E-01	1.160997997521466E+03
3.515115115115100E-01	1.160756937517360E+03
3.526026026026011E-01	1.160517233156884E+03
3.536936936936921E-01	1.160278910649390E+03
3.547847847847832E-01	1.160041996252120E+03
3.558758758758743E-01	1.159806516153061E+03
3.569669669669653E-01	1.159572496573637E+03
3.580580580580564E-01	1.159339963648729E+03
3.591491491491475E-01	1.159108943399609E+03
3.602402402402385E-01	1.158879461810629E+03
3.613313313313296E-01	1.158651544704556E+03
3.624224224224207E-01	1.158425217728424E+03
3.635135135135117E-01	1.158200506415344E+03
3.646046046046028E-01	1.157977436046403E+03
3.656956956956939E-01	1.157756031682874E+03
3.667867867867849E-01	1.157536318142633E+03
3.678778778778760E-01	1.157318319969867E+03
3.689689689689671E-01	1.157102061406199E+03
3.700600600600581E-01	1.156887566339752E+03
3.711511511511492E-01	1.156674858328696E+03
3.722422422422403E-01	1.156463960569818E+03
3.733333333333314E-01	1.156254895814563E+03
3.744244244244224E-01	1.156047686421044E+03
3.755155155155135E-01	1.155842354306713E+03
3.766066066066046E-01	1.155638920904840E+03
3.776976976976956E-01	1.155437407162761E+03
3.787887887887867E-01	1.155237833524686E+03
3.798798798798778E-01	1.155040219915667E+03
3.809709709709688E-01	1.154844585667596E+03
3.820620620620599E-01	1.154650949631389E+03
3.831531531531510E-01	1.154459330016485E+03
3.842442442442420E-01	1.154269744454823E+03
3.853353353353331E-01	1.154082209991039E+03
3.864264264264242E-01	1.153896743048500E+03
3.875175175175152E-01	1.153713359413033E+03
3.886086086086063E-01	1.153532074226297E+03
3.896996996996974E-01	1.153352902010377E+03
3.907907907907884E-01	1.153175856641718E+03
3.918818818818795E-01	1.153000951312397E+03
3.929729729729706E-01	1.152828198562892E+03
3.940640640640616E-01	1.152657610300559E+03
3.951551551551527E-01	1.152489197733637E+03
3.962462462462438E-01	1.152322971436378E+03
3.973373373373348E-01	1.152158941314909E+03
3.984284284284259E-01	1.151997116578339E+03
3.995195195195170E-01	1.151837505846006E+03
4.006106106106080E-01	1.151680117042900E+03
4.017017017016991E-01	1.151524957463611E+03
4.027927927927902E-01	1.151372033739416E+03
4.038838838838812E-01	1.151221351901710E+03
4.049749749749723E-01	1.151072917347535E+03
4.060660660660634E-01	1.150926734831334E+03
4.071571571571544E-01	1.150782808557214E+03
4.082482482482455E-01	1.150641142086517E+03
4.093393393393366E-01	1.150501738409176E+03
4.104304304304277E-01	1.150364599959316E+03
4.115215215215187E-01	1.150229728570929E+03
4.126126126126098E-01	1.150097125577160E+03
4.137037037037009E-01	1.149966791736872E+03
4.147947947947919E-01	1.149838727297604E+03
4.158858858858830E-01	1.149712932006340E+03
4.169769769769741E-01	1.149589405105749E+03
4.180680680680651E-01	1.149468145335484E+03
4.191591591591562E-01	1.149349151000664E+03
4.202502502502473E-01	1.149232419936190E+03
4.213413413413383E-01	1.149117949525581E+03
4.224324324324294E-01	1.149005736728159E+03
4.235235235235205E-01	1.148895778091542E+03
4.246146146146115E-01	1.148788069764254E+03
4.257057057057026E-01	1.148682607508495E+03
4.267967967967937E-01	1.148579386713019E+03
4.278878878878847E-01	1.148478402406120E+03
4.289789789789758E-01	1.148379649268700E+03
4.300700700700669E-01	1.148283121647444E+03
4.311611611611579E-01	1.148188813568028E+03
4.322522522522490E-01	1.148096718748420E+03
4.333433433433401E-01	1.148006830612195E+03
4.344344344344311E-01	1.147919142301908E+03
4.355255255255222E-01	1.147833646692472E+03
4.366166166166133E-01	1.147750336404573E+03
4.377077077077043E-01	1.147669203777768E+03
4.387987987987954E-01	1.147590240970307E+03
4.398898898898865E-01	1.147513439851710E+03
4.409809809809775E-01	1.147438792137061E+03
4.420720720720686E-01	1.147366289304546E+03
4.431631631631597E-01	1.147295922646793E+03
4.442542542542507E-01	1.147227683265349E+03
4.453453453453418E-01	1.147161562093577E+03
4.464364364364329E-01	1.147097549904784E+03
4.475275275275239E-01	1.147035637306290E+03
4.486186186186150E-01	1.146975814765002E+03
4.497097097097061E-01	1.146918072610383E+03
4.508008008007972E-01	1.146862401031090E+03
4.518918918918882E-01	1.146808790100092E+03
4.529829829829793E-01	1.146757229785032E+03
4.540740740740704E-01	1.146707709929861E+03
4.551651651651614E-01	1.146660220290677E+03
4.562562562562525E-01	1.146614750521318E+03
4.573473473473436E-01	1.146571290197960E+03
4.584384384384346E-01	1.146529828813942E+03
4.595295295295257E-01	1.146490355778014E+03
4.606206206206168E-01	1.146452860451269E+03
4.617117117117078E-01	1.146417332119391E+03
4.628028028027989E-01	1.146383760015426E+03
4.638938938938900E-01	1.146352133324058E+03
4.649849849849810E-01	1.146322441170773E+03
4.660760760760721E-01	1.146294672664430E+03
4.671671671671632E-01	1.146268816856369E+03
4.682582582582542E-01	1.146244862774693E+03
4.693493493493453E-01	1.146222799423501E+03
4.704404404404364E-01	1.146202615780183E+03
4.715315315315274E-01	1.146184300803888E+03
4.726226226226185E-01	1.146167843439167E+03
4.737137137137096E-01	1.146153232619614E+03
4.748048048048006E-01	1.146140457271424E+03
4.758958958958917E-01	1.146129506316915E+03
4.769869869869828E-01	1.146120368675151E+03
4.780780780780738E-01	1.146113033267907E+03
4.791691691691649E-01	1.146107489029335E+03
4.802602602602560E-01	1.146103724894798E+03
4.813513513513470E-01	1.146101729808009E+03
4.824424424424381E-01	1.146101492733358E+03
4.835335335335292E-01	1.146103002649136E+03
4.846246246246202E-01	1.146106248548899E+03
4.857157157157113E-01	1.146111219449677E+03
4.868068068068024E-01	1.146117904395035E+03
4.878978978978935E-01	1.146126292437641E+03
4.889889889889845E-01	1.146136372679775E+03
4.900800800800756E-01	1.146148134237626E+03
4.911711711711667E-01	1.146161566263647E+03
4.922622622622577E-01	1.146176657935512E+03
4.933533533533488E-01	1.146193398475684E+03
4.944444444444399E-01	1.146211777131947E+03
4.955355355355309E-01	1.146231783197518E+03
4.966266266266220E-01	1.146253405994079E+03
4.977177177177131E-01	1.146276634893470E+03
4.988088088088041E-01	1.146301459305503E+03
4.998998998998952E-01	1.146327868667915E+03
5.009909909909863E-01	1.146355852485408E+03
5.020820820820774E-01	1.146385400288936E+03
5.031731731731685E-01	1.146416501664694E+03
5.042642642642595E-01	1.146449146233105E+03
5.053553553553506E-01	1.146483323677340E+03
5.064464464464417E-01	1.146519023714413E+03
5.075375375375327E-01	1.146556236115425E+03
5.086286286286238E-01	1.146594950705287E+03
5.097197197197149E-01	1.146635157346116E+03
5.108108108108059E-01	1.146676845968562E+03
5.119019019018970E-01	1.146720006533370E+03
5.129929929929881E-01	1.146764629071126E+03
5.140840840840791E-01	1.146810703655438E+03
5.151751751751702E-01	1.146858220409926E+03
5.162662662662613E-01	1.146907169521774E+03
5.173573573573523E-01	1.146957541226944E+03
5.184484484484434E-01	1.147009325805213E+03
5.195395395395345E-01	1.147062513597786E+03
5.206306306306255E-01	1.147117095010757E+03
5.217217217217166E-01	1.147173060493316E+03
5.228128128128077E-01	1.147230400545134E+03
5.239039039038987E-01	1.147289105732501E+03
5.249949949949898E-01	1.147349166672804E+03
5.260860860860809E-01	1.147410574029696E+03
5.271771771771719E-01	1.147473318543734E+03
5.282682682682630E-01	1.147537390985527E+03
5.293593593593541E-01	1.147602782202376E+03
5.304504504504451E-01	1.147669483086758E+03
5.315415415415362E-01	1.147737484587930E+03
5.326326326326273E-01	1.147806777716877E+03
5.337237237237183E-01	1.147877353529636E+03
5.348148148148094E-01	1.147949203154787E+03
5.359059059059005E-01	1.148022317756696E+03
5.369969969969915E-01	1.148096688568440E+03
5.380880880880826E-01	1.148172306881422E+03
5.391791791791737E-01	1.148249164034567E+03
5.402702702702648E-01	1.148327251428254E+03
5.413613613613558E-01	1.148406560512789E+03
5.424524524524469E-01	1.148487082794966E+03
5.435435435435380E-01	1.148568809848917E+03
5.446346346346290E-01	1.148651733284935E+03
5.457257257257201E-01	1.148735844778545E+03
5.468168168168112E-01	1.148821136068065E+03
5.479079079079022E-01	1.148907598930155E+03
5.489989989989933E-01	1.148995225205796E+03
5.500900900900844E-01	1.149084006792963E+03
5.511811811811754E-01	1.149173935636017E+03
5.522722722722665E-01	1.149265003738169E+03
5.533633633633576E-01	1.149357203157390E+03
5.544544544544486E-01	1.149450526002203E+03
5.555455455455397E-01	1.149544964434900E+03
5.566366366366308E-01	1.149640510678437E+03
5.577277277277218E-01	1.149737156995703E+03
5.588188188188129E-01	1.149834895709751E+03
5.599099099099040E-01	1.149933719196708E+03
5.610010010009950E-01	1.150033619888761E+03
5.620920920920861E-01	1.150134590261774E+03
5.631831831831772E-01	1.150236622848048E+03
5.642742742742682E-01	1.150339710232176E+03
5.653653653653593E-01	1.150443845048258E+03
5.664564564564504E-01	1.150549019977021E+03
5.675475475475414E-01	1.150655227758436E+03
5.686386386386325E-01	1.150762461183768E+03
5.697297297297236E-01	1.150870713085905E+03
5.708208208208146E-01	1.150979976348895E+03
5.719119119119057E-01	1.151090243914116E+03
5.730030030029968E-01	1.151201508768671E+03
5.740940940940878E-01	1.151313763946912E+03
5.751851851851789E-01	1.151427002530089E+03
5.762762762762700E-01	1.151541217654934E+03
5.773673673673611E-01	1.151656402501910E+03
5.784584584584521E-01	1.151772550301366E+03
5.795495495495432E-01	1.151889654325828E+03
5.806406406406343E-01	1.152007707901533E+03
5.817317317317253E-01	1.152126704407771E+03
5.828228228228164E-01	1.152246637247411E+03
5.839139139139075E-01	1.152367499897355E+03
5.850050050049985E-01	1.152489285867711E+03
5.860960960960896E-01	1.152611988709584E+03
5.871871871871807E-01	1.152735602032350E+03
5.882782782782717E-01	1.152860119477679E+03
5.893693693693628E-01	1.152985534744224E+03
5.904604604604539E-01	1.153111841570121E+03
5.915515515515449E-01	1.153239033731041E+03
5.926426426426360E-01	1.153367105062569E+03
5.937337337337271E-01	1.153496049425739E+03
5.948248248248181E-01	1.153625860741869E+03
5.959159159159092E-01	1.153756532968253E+03
5.970070070070003E-01	1.153888060098220E+03
5.980980980980913E-01	1.154020436183228E+03
5.991891891891824E-01	1.154153655301235E+03
6.002802802802735E-01	1.154287711585579E+03
6.013713713713645E-01	1.154422599204145E+03
6.024624624624556E-01	1.154558312370259E+03
6.035535535535467E-01	1.154694845326120E+03
6.046446446446377E-01	1.154832192379454E+03
6.057357357357288E-01	1.154970347850542E+03
6.068268268268199E-01	1.155109306120854E+03
6.079179179179109E-01	1.155249061605840E+03
6.090090090090020E-01	1.155389608750304E+03
6.101001001000931E-01	1.155530942059052E+03
6.111911911911841E-01	1.155673056057717E+03
6.122822822822752E-01	1.155815945323222E+03
6.133733733733663E-01	1.155959604462135E+03
6.144644644644573E-01	1.156104028122507E+03
6.155555555555484E-01	1.156249210993492E+03
6.166466466466395E-01	1.156395147804349E+03
6.177377377377306E-01	1.156541833302916E+03
6.188288288288216E-01	1.156689262302973E+03
6.199199199199127E-01	1.156837429636754E+03
6.210110110110038E-01	1.156986330175352E+03
6.221021021020948E-01	1.157135958828971E+03
6.231931931931859E-01	1.157286310546565E+03
6.242842842842770E-01	1.157437380308344E+03
6.253753753753680E-01	1.157589163129577E+03
6.264664664664591E-01	1.157741654064091E+03
6.275575575575502E-01	1.157894848202589E+03
6.286486486486412E-01	1.158048740665861E+03
6.297397397397323E-01	1.158203326611587E+03
6.308308308308234E-01	1.158358601234012E+03
6.319219219219144E-01	1.158514559754080E+03
6.330130130130055E-01	1.158671197435033E+03
6.341041041040966E-01	1.158828509567923E+03
6.351951951951876E-01	1.158986491483759E+03
6.362862862862787E-01	1.159145138539157E+03
6.373773773773698E-01	1.159304446125561E+03
6.384684684684608E-01	1.159464409668917E+03
6.395595595595519E-01	1.159625024629373E+03
6.406506506506430E-01	1.159786286496467E+03
6.417417417417340E-01	1.159948190784747E+03
6.428328328328251E-01	1.160110733055292E+03
6.439239239239162E-01	1.160273908892023E+03
6.450150150150072E-01	1.160437713906107E+03
6.461061061060983E-01	1.160602143744992E+03
6.471971971971894E-01	1.160767194085031E+03
6.482882882882804E-01	1.160932860634007E+03
6.493793793793715E-01	1.161099139133722E+03
6.504704704704626E-01	1.161266025350965E+03
6.515615615615536E-01	1.161433515077262E+03
6.526526526526447E-01	1.161601604144752E+03
6.537437437437358E-01	1.161770288410895E+03
6.548348348348269E-01	1.161939563758062E+03
6.559259259259179E-01	1.162109426098880E+03
6.570170170170090E-01	1.162279871375980E+03
6.581081081081001E-01	1.162450895561719E+03
6.591991991991911E-01	1.162622494657935E+03
6.602902902902822E-01	1.162794664693493E+03
6.613813813813733E-01	1.162967401711950E+03
6.624724724724643E-01	1.163140701809825E+03
6.635635635635554E-01	1.163314561088881E+03
6.646546546546465E-01	1.163488975685217E+03
6.657457457457375E-01	1.163663941767071E+03
6.668368368368286E-01	1.163839455523805E+03
6.679279279279197E-01	1.164015513172419E+03
6.690190190190107E-01	1.164192110957315E+03
6.701101101101018E-01	1.164369245145742E+03
6.712012012011929E-01	1.164546912029718E+03
6.722922922922839E-01	1.164725107941488E+03
6.733833833833750E-01	1.164903829213047E+03
6.744744744744661E-01	1.165083072230690E+03
6.755655655655571E-01	1.165262833380967E+03
6.766566566566482E-01	1.165443109088119E+03
6.777477477477393E-01	1.165623895801579E+03
6.788388388388303E-01	1.165805189991475E+03
6.799299299299214E-01	1.165986988153219E+03
6.810210210210125E-01	1.166169286807291E+03
6.821121121121035E-01	1.166352082498190E+03
6.832032032031946E-01	1.166535371784160E+03
6.842942942942857E-01	1.166719151268780E+03
6.853853853853767E-01	1.166903417560779E+03
6.864764764764678E-01	1.167088167299267E+03
6.875675675675589E-01	1.167273397141995E+03
6.886586586586499E-01	1.167459103779239E+03
6.897497497497410E-01	1.167645283914839E+03
6.908408408408321E-01	1.167831934271415E+03
6.919319319319231E-01	1.168019051607179E+03
6.930230230230142E-01	1.168206632695445E+03
6.941141141141053E-01	1.168394674332070E+03
6.952052052051964E-01	1.168583173328283E+03
6.962962962962874E-01	1.168772126529725E+03
6.973873873873785E-01	1.168961530799689E+03
6.984784784784696E-01	1.169151383014561E+03
6.995695695695606E-01	1.169341680079337E+03
7.006606606606517E-01	1.169532418920196E+03
7.017517517517428E-01	1.169723596483062E+03
7.028428428428338E-01	1.169915209727465E+03
7.039339339339249E-01	1.170107255648257E+03
7.050250250250160E-01	1.170299731250594E+03
7.061161161161070E-01	1.170492633560519E+03
7.072072072071981E-01	1.170685959624794E+03
7.082982982982892E-01	1.170879706510722E+03
7.093893893893802E-01	1.171073871305989E+03
7.104804804804713E-01	1.171268451118488E+03
7.115715715715624E-01	1.171463443076164E+03
7.126626626626534E-01	1.171658844326845E+03
7.137537537537445E-01	1.171854652023209E+03
7.148448448448356E-01	1.172050863364009E+03
7.159359359359266E-01	1.172247475543735E+03
7.170270270270177E-01	1.172444485790124E+03
7.181181181181088E-01	1.172641891335358E+03
7.192092092091998E-01	1.172839689448216E+03
7.203003003002909E-01	1.173037877401910E+03
7.213913913913820E-01	1.173236452486285E+03
7.224824824824730E-01	1.173435412021868E+03
7.235735735735641E-01	1.173634753339376E+03
7.246646646646552E-01	1.173834473787806E+03
7.257557557557462E-01	1.174034570734282E+03
7.268468468468373E-01	1.174235041563916E+03
7.279379379379284E-01	1.174435883679658E+03
7.290290290290194E-01	1.174637094495420E+03
7.301201201201105E-01	1.174838671451038E+03
7.312112112112016E-01	1.175040612004920E+03
7.323023023022927E-01	1.175242913621653E+03
7.333933933933837E-01	1.175445573789214E+03
7.344844844844748E-01	1.175648590015568E+03
7.355755755755659E-01	1.175851959815941E+03
7.366666666666569E-01	1.176055680729605E+03
7.377577577577480E-01	1.176259750314494E+03
7.388488488488391E-01	1.176464166129047E+03
7.399399399399301E-01	1.176668925765762E+03
7.410310310310212E-01	1.176874026826670E+03
7.421221221221123E-01	1.177079466927856E+03
7.432132132132033E-01	1.177285243701445E+03
7.443043043042944E-01	1.177491354795466E+03
7.453953953953855E-01	1.177697797873749E+03
7.464864864864765E-01	1.177904570615781E+03
7.475775775775676E-01	1.178111670716597E+03
7.486686686686587E-01	1.178319095886648E+03
7.497597597597497E-01	1.178526843851691E+03
7.508508508508408E-01	1.178734912341091E+03
7.519419419419319E-01	1.178943299119884E+03
7.530330330330229E-01	1.179152001958431E+03
7.541241241241140E-01	1.179361018626814E+03
7.552152152152051E-01	1.179570346940503E+03
7.563063063062961E-01	1.179779984694113E+03
7.573973973973872E-01	1.179989929730726E+03
7.584884884884783E-01	1.180200179877628E+03
7.595795795795693E-01	1.180410732996615E+03
7.606706706706604E-01	1.180621586958337E+03
7.617617617617515E-01	1.180832739640056E+03
7.628528528528425E-01	1.181044188936839E+03
7.639439439439336E-01	1.181255932763036E+03
7.650350350350247E-01	1.181467969041311E+03
7.661261261261157E-01	1.181680295708015E+03
7.672172172172068E-01	1.181892910713082E+03
7.683083083082979E-01	1.182105812019926E+03
7.693993993993890E-01	1.182318997605342E+03
7.704904904904800E-01	1.182532465459395E+03
7.715815815815711E-01	1.182746213585332E+03
7.726726726726622E-01	1.182960239996145E+03
7.737637637637532E-01	1.183174542717509E+03
7.748548548548443E-01	1.183389119796860E+03
7.759459459459354E-01	1.183603969289162E+03
7.770370370370264E-01	1.183819089247895E+03
7.781281281281175E-01	1.184034477764738E+03
7.792192192192086E-01	1.184250132924099E+03
7.803103103102996E-01	1.184466052829846E+03
7.814014014013907E-01	1.184682235597358E+03
7.824924924924818E-01	1.184898679355369E+03
7.835835835835728E-01	1.185115382236917E+03
7.846746746746639E-01	1.185332342402317E+03
7.857657657657550E-01	1.185549558006426E+03
7.868568568568460E-01	1.185767027224359E+03
7.879479479479371E-01	1.185984748246695E+03
7.890390390390282E-01	1.186202719270000E+03
7.901301301301192E-01	1.186420938502479E+03
7.912212212212103E-01	1.186639404160635E+03
7.923123123123014E-01	1.186858114479360E+03
7.934034034033924E-01	1.187077067702357E+03
7.944944944944835E-01	1.187296262083530E+03
7.955855855855746E-01	1.187515695888003E+03
7.966766766766656E-01	1.187735367392033E+03
7.977677677677567E-01	1.187955274881355E+03
7.988588588588478E-01	1.188175416651547E+03
7.999499499499388E-01	1.188395791014649E+03
8.010410410410299E-01	1.188616396290651E+03
8.021321321321210E-01	1.188837230810273E+03
8.032232232232120E-01	1.189058292909771E+03
8.043143143143031E-01	1.189279580938542E+03
8.054054054053942E-01	1.189501093265353E+03
8.064964964964852E-01	1.189722828255134E+03
8.075875875875763E-01	1.189944784290167E+03
8.086786786786674E-01	1.190166959768140E+03
8.097697697697585E-01	1.190389353080011E+03
8.108608608608495E-01	1.190611962650310E+03
8.119519519519406E-01	1.190834786889022E+03
8.130430430430317E-01	1.191057824236669E+03
8.141341341341227E-01	1.191281073132432E+03
8.152252252252138E-01	1.191504532022158E+03
8.163163163163049E-01	1.191728199375422E+03
8.174074074073959E-01	1.191952073659331E+03
8.184984984984870E-01	1.192176153347476E+03
8.195895895895781E-01	1.192400436937188E+03
8.206806806806691E-01	1.192624922926519E+03
8.217717717717602E-01	1.192849609822972E+03
8.228628628628513E-01	1.193074496143435E+03
8.239539539539423E-01	1.193299580411305E+03
8.250450450450334E-01	1.193524861165251E+03
8.261361361361245E-01	1.193750336950696E+03
8.272272272272155E-01	1.193976006321387E+03
8.283183183183066E-01	1.194201867840125E+03
8.294094094093977E-01	1.194427920078702E+03
8.305005005004887E-01	1.194654161617421E+03
8.315915915915798E-01	1.194880591042097E+03
8.326826826826709E-01	1.195107206954146E+03
8.337737737737619E-01	1.195334007960683E+03
8.348648648648530E-01	1.195560992677503E+03
8.359559559559441E-01	1.195788159729007E+03
8.370470470470351E-01	1.196015507742368E+03
8.381381381381262E-01	1.196243035359362E+03
8.392292292292173E-01	1.196470741234243E+03
8.403203203203083E-01	1.196698624021327E+03
8.414114114113994E-01	1.196926682380613E+03
8.425025025024905E-01	1.197154914996383E+03
8.435935935935815E-01	1.197383320539921E+03
8.446846846846726E-01	1.197611897708291E+03
8.457757757757637E-01	1.197840645196249E+03
8.468668668668548E-01	1.198069561710053E+03
8.479579579579458E-01	1.198298645963251E+03
8.490490490490369E-01	1.198527896679394E+03
8.501401401401280E-01	1.198757312582345E+03
8.512312312312190E-01	1.198986892418935E+03
8.523223223223101E-01	1.199216634920935E+03
8.534134134134012E-01	1.199446538850536E+03
8.545045045044922E-01	1.199676602968701E+03
8.555955955955833E-01	1.199906826033174E+03
8.566866866866744E-01	1.200137206826036E+03
8.577777777777654E-01	1.200367744130919E+03
8.588688688688565E-01	1.200598436736967E+03
8.599599599599476E-01	1.200829283436607E+03
8.610510510510386E-01	1.201060283036030E+03
8.621421421421297E-01	1.201291434349260E+03
8.632332332332208E-01	1.201522736194772E+03
8.643243243243118E-01	1.201754187398246E+03
8.654154154154029E-01	1.201985786792525E+03
8.665065065064940E-01	1.202217533217555E+03
8.675975975975850E-01	1.202449425520347E+03
8.686886886886761E-01	1.202681462554924E+03
8.697797797797672E-01	1.202913643182266E+03
8.708708708708582E-01	1.203145966270278E+03
8.719619619619493E-01	1.203378430693728E+03
8.730530530530404E-01	1.203611035334206E+03
8.741441441441314E-01	1.203843779080079E+03
8.752352352352225E-01	1.204076660826442E+03
8.763263263263136E-01	1.204309679473011E+03
8.774174174174046E-01	1.204542833924904E+03
8.785085085084957E-01	1.204776123101651E+03
8.795995995995868E-01	1.205009545924816E+03
8.806906906906778E-01	1.205243101322464E+03
8.817817817817689E-01	1.205476788219251E+03
8.828728728728600E-01	1.205710605564304E+03
8.839639639639510E-01	1.205944552305812E+03
8.850550550550421E-01	1.206178627387981E+03
8.861461461461332E-01	1.206412829775679E+03
8.872372372372243E-01	1.206647158438063E+03
8.883283283283153E-01	1.206881612333482E+03
8.894194194194064E-01	1.207116190454496E+03
8.905105105104975E-01	1.207350891773433E+03
8.916016016015885E-01	1.207585715287889E+03
8.926926926926796E-01	1.207820659987851E+03
8.937837837837707E-01	1.208055724879843E+03
8.948748748748617E-01	1.208290908965851E+03
8.959659659659528E-01	1.208526211267355E+03
8.970570570570439E-01	1.208761630792049E+03
8.981481481481349E-01	1.208997166577900E+03
8.992392392392260E-01	1.209232817645291E+03
9.003303303303171E-01	1.209468583035928E+03
9.014214214214081E-01	1.209704461795694E+03
9.025125125124992E-01	1.209940452961756E+03
9.036036036035903E-01	1.210176555596059E+03
9.046946946946813E-01	1.210412768758796E+03
9.057857857857724E-01	1.210649091510101E+03
9.068768768768635E-01	1.210885522918720E+03
9.079679679679545E-01	1.211122062065399E+03
9.090590590590456E-01	1.211358708030783E+03
9.101501501501367E-01	1.211595459900968E+03
9.112412412412277E-01	1.211832316763258E+03
9.123323323323188E-01	1.212069277717654E+03
9.134234234234099E-01	1.212306341868159E+03
9.145145145145009E-01	1.212543508322299E+03
9.156056056055920E-01	1.212780776192868E+03
9.166966966966831E-01	1.213018144597900E+03
9.177877877877741E-01	1.213255612660632E+03
9.188788788788652E-01	1.213493179509465E+03
9.199699699699563E-01	1.213730844277936E+03
9.210610610610473E-01	1.213968606104685E+03
9.221521521521384E-01	1.214206464133418E+03
9.232432432432295E-01	1.214444417512873E+03
9.243343343343206E-01	1.214682465396792E+03
9.254254254254116E-01	1.214920606943886E+03
9.265165165165027E-01	1.215158841317802E+03
9.276076076075938E-01	1.215397167687090E+03
9.286986986986848E-01	1.215635585225172E+03
9.297897897897759E-01	1.215874093110313E+03
9.308808808808670E-01	1.216112690523325E+03
9.319719719719580E-01	1.216351376650231E+03
9.330630630630491E-01	1.216590150687127E+03
9.341541541541402E-01	1.216829011831334E+03
9.352452452452312E-01	1.217067959284859E+03
9.363363363363223E-01	1.217306992250204E+03
9.374274274274134E-01	1.217546109937663E+03
9.385185185185044E-01	1.217785311567709E+03
9.396096096095955E-01	1.218024596360794E+03
9.407007007006866E-01	1.218263963532719E+03
9.417917917917776E-01	1.218503412319777E+03
9.428828828828687E-01	1.218742941957800E+03
9.439739739739598E-01	1.218982551675090E+03
9.450650650650508E-01	1.219222240721503E+03
9.461561561561419E-01	1.219462008345104E+03
9.472472472472330E-01	1.219701853786714E+03
9.483383383383240E-01	1.219941776314353E+03
9.494294294294151E-01	1.220181775177121E+03
9.505205205205062E-01	1.220421849645942E+03
9.516116116115972E-01	1.220661998985520E+03
9.527027027026883E-01	1.220902222468664E+03
9.537937937937794E-01	1.221142519372942E+03
9.548848848848704E-01	1.221382888977315E+03
9.559759759759615E-01	1.221623330567776E+03
9.570670670670526E-01	1.221863843433633E+03
9.581581581581436E-01	1.222104426864928E+03
9.592492492492347E-01	1.222345080165445E+03
9.603403403403258E-01	1.222585802624971E+03
9.614314314314168E-01	1.222826593560910E+03
9.625225225225079E-01	1.223067452273323E+03
9.636136136135990E-01	1.223308378078575E+03
9.647047047046901E-01	1.223549370297936E+03
9.657957957957811E-01	1.223790428241476E+03
9.668868868868722E-01	1.224031551242646E+03
9.679779779779633E-01	1.224272738631008E+03
9.690690690690543E-01	1.224513989730926E+03
9.701601601601454E-01	1.224755303883666E+03
9.712512512512365E-01	1.224996680431410E+03
9.723423423423275E-01	1.225238118716982E+03
9.734334334334186E-01	1.225479618080434E+03
9.745245245245097E-01	1.225721177880780E+03
9.756156156156007E-01	1.225962797472612E+03
9.767067067066918E-01	1.226204476214222E+03
9.777977977977829E-01	1.226446213465323E+03
9.788888888888739E-01	1.226688008590241E+03
9.799799799799650E-01	1.226929860962223E+03
9.810710710710561E-01	1.227171769954104E+03
9.821621621621471E-01	1.227413734942304E+03
9.832532532532382E-01	1.227655755306801E+03
9.843443443443293E-01	1.227897830431110E+03
9.854354354354203E-01	1.228139959702263E+03
9.865265265265114E-01	1.228382142509456E+03
9.876176176176025E-01	1.228624378247237E+03
9.887087087086935E-01	1.228866666314274E+03
9.897997997997846E-01	1.229109006111441E+03
9.908908908908757E-01	1.229351397043019E+03
9.919819819819667E-01	1.229593838516671E+03
9.930730730730578E-01	1.229836329943435E+03
9.941641641641489E-01	1.230078870737688E+03
9.952552552552399E-01	1.230321460317133E+03
9.963463463463310E-01	1.230564098102780E+03
9.974374374374221E-01	1.230806783518920E+03
9.985285285285131E-01	1.231049515993109E+03
9.996196196196042E-01	1.231292294954025E+03
1.000710710710695E+00	1.231535119836922E+03
1.001801801801786E+00	1.231777990079516E+03
1.002892892892878E+00	1.232020905122230E+03
1.003983983983969E+00	1.232263864408642E+03
1.005075075075060E+00	1.232506867385481E+03
1.006166166166151E+00	1.232749913502606E+03
1.007257257257242E+00	1.232993002212974E+03
1.008348348348333E+00	1.233236132968428E+03
1.009439439439424E+00	1.233479305230329E+03
1.010530530530515E+00	1.233722518462450E+03
1.011621621621606E+00	1.233965772130000E+03
1.012712712712697E+00	1.234209065701202E+03
1.013803803803788E+00	1.234452398641334E+03
1.014894894894879E+00	1.234695770428409E+03
1.015985985985970E+00	1.234939180541355E+03
1.017077077077061E+00	1.235182628460278E+03
1.018168168168152E+00	1.235426113660585E+03
1.019259259259244E+00	1.235669635633919E+03
1.020350350350335E+00	1.235913193870672E+03
1.021441441441426E+00	1.236156787857923E+03
1.022532532532517E+00	1.236400417088862E+03
1.023623623623608E+00	1.236644081066527E+03
1.024714714714699E+00	1.236887779286203E+03
1.025805805805790E+00	1.237131511249121E+03
1.026896896896881E+00	1.237375276467474E+03
1.027987987987972E+00	1.237619074441375E+03
1.029079079079063E+00	1.237862904686422E+03
1.030170170170154E+00	1.238106766718751E+03
1.031261261261245E+00	1.238350660045438E+03
1.032352352352336E+00	1.238594584197188E+03
1.033443443443427E+00	1.238838538685603E+03
1.034534534534518E+00	1.239082523042405E+03
1.035625625625610E+00	1.239326536791103E+03
1.036716716716701E+00	1.239570579461743E+03
1.037807807807792E+00	1.239814650588713E+03
1.038898898898883E+00	1.240058749703070E+03
1.039989989989974E+00	1.240302876347291E+03
1.041081081081065E+00	1.240547030056088E+03
1.042172172172156E+00	1.240791210377283E+03
1.043263263263247E+00	1.241035416851839E+03
1.044354354354338E+00	1.241279649030222E+03
1.045445445445429E+00	1.241523906462207E+03
1.046536536536520E+00	1.241768188698250E+03
1.047627627627611E+00	1.242012495299448E+03
1.048718718718702E+00	1.242256825813638E+03
1.049809809809793E+00	1.242501179812237E+03
1.050900900900885E+00	1.242745556848309E+03
1.051991991991976E+00	1.242989956492472E+03
1.053083083083067E+00	1.243234378313375E+03
1.054174174174158E+00	1.243478821872608E+03
1.055265265265249E+00	1.243723286752095E+03
1.056356356356340E+00	1.243967772521686E+03
1.057447447447431E+00	1.244212278756127E+03
1.058538538538522E+00	1.244456805040951E+03
1.059629629629613E+00	1.244701350953292E+03
1.060720720720704E+00	1.244945916075419E+03
1.061811811811795E+00	1.245190499999119E+03
1.062902902902886E+00	1.245435102311356E+03
1.063993993993977E+00	1.245679722596434E+03
1.065085085085068E+00	1.245924360454965E+03
1.066176176176159E+00	1.246169015482008E+03
1.067267267267251E+00	1.246413687271211E+03
1.068358358358342E+00	1.246658375421861E+03
1.069449449449433E+00	1.246903079539934E+03
1.070540540540524E+00	1.247147799229397E+03
1.071631631631615E+00	1.247392534094961E+03
1.072722722722706E+00	1.247637283741474E+03
1.073813813813797E+00	1.247882047784700E+03
1.074904904904888E+00	1.248126825837308E+03
1.075995995995979E+00	1.248371617514113E+03
1.077087087087070E+00	1.248616422431967E+03
1.078178178178161E+00	1.248861240205147E+03
1.079269269269252E+00	1.249106070460006E+03
1.080360360360343E+00	1.249350912819813E+03
1.081451451451434E+00	1.249595766909924E+03
1.082542542542525E+00	1.249840632357764E+03
1.083633633633617E+00	1.250085508792821E+03
1.084724724724708E+00	1.250330395846627E+03
1.085815815815799E+00	1.250575293150652E+03
1.086906906906890E+00	1.250820200341872E+03
1.087997997997981E+00	1.251065117058884E+03
1.089089089089072E+00	1.251310042941292E+03
1.090180180180163E+00	1.251554977630693E+03
1.091271271271254E+00	1.251799920770662E+03
1.092362362362345E+00	1.252044872006742E+03
1.093453453453436E+00	1.252289830986430E+03
1.094544544544527E+00	1.252534797359169E+03
1.095635635635618E+00	1.252779770776336E+03
1.096726726726709E+00	1.253024750891228E+03
1.097817817817800E+00	1.253269737359055E+03
1.098908908908891E+00	1.253514729836928E+03
1.099999999999983E+00	1.253759727983846E+03
1.101091091091074E+00	1.254004731460691E+03
