  0.1098E+01  0.1377E+04  0.2709E+03  0.1253E+04
  0.1093E+01  0.1369E+04  0.2682E+03  0.1252E+04
  0.1088E+01  0.1361E+04  0.2656E+03  0.1251E+04
  0.1083E+01  0.1353E+04  0.2630E+03  0.1250E+04
  0.1077E+01  0.1345E+04  0.2604E+03  0.1249E+04
  0.1072E+01  0.1337E+04  0.2578E+03  0.1247E+04
  0.1067E+01  0.1330E+04  0.2552E+03  0.1246E+04
  0.1062E+01  0.1322E+04  0.2527E+03  0.1245E+04
  0.1057E+01  0.1314E+04  0.2501E+03  0.1244E+04
  0.1051E+01  0.1307E+04  0.2476E+03  0.1243E+04
  0.1046E+01  0.1299E+04  0.2451E+03  0.1242E+04
  0.1041E+01  0.1292E+04  0.2426E+03  0.1240E+04
  0.1036E+01  0.1284E+04  0.2401E+03  0.1239E+04
  0.1031E+01  0.1277E+04  0.2376E+03  0.1238E+04
  0.1026E+01  0.1269E+04  0.2351E+03  0.1237E+04
  0.1021E+01  0.1262E+04  0.2327E+03  0.1236E+04
  0.1016E+01  0.1254E+04  0.2302E+03  0.1235E+04
  0.1011E+01  0.1247E+04  0.2278E+03  0.1234E+04
  0.1006E+01  0.1240E+04  0.2253E+03  0.1233E+04
  0.1001E+01  0.1233E+04  0.2229E+03  0.1231E+04
  0.9959E+00  0.1225E+04  0.2205E+03  0.1230E+04
  0.9910E+00  0.1218E+04  0.2181E+03  0.1229E+04
  0.9860E+00  0.1211E+04  0.2158E+03  0.1228E+04
  0.9811E+00  0.1204E+04  0.2134E+03  0.1227E+04
  0.9762E+00  0.1197E+04  0.2110E+03  0.1226E+04
  0.9713E+00  0.1190E+04  0.2087E+03  0.1225E+04
  0.9664E+00  0.1183E+04  0.2064E+03  0.1224E+04
  0.9616E+00  0.1176E+04  0.2041E+03  0.1223E+04
  0.9568E+00  0.1169E+04  0.2018E+03  0.1222E+04
  0.9519E+00  0.1162E+04  0.1995E+03  0.1221E+04
  0.9471E+00  0.1155E+04  0.1972E+03  0.1220E+04
  0.9423E+00  0.1148E+04  0.1949E+03  0.1218E+04
  0.9376E+00  0.1141E+04  0.1926E+03  0.1217E+04
  0.9328E+00  0.1135E+04  0.1904E+03  0.1216E+04
  0.9281E+00  0.1128E+04  0.1882E+03  0.1215E+04
  0.9233E+00  0.1121E+04  0.1859E+03  0.1214E+04
  0.9186E+00  0.1115E+04  0.1837E+03  0.1213E+04
  0.9139E+00  0.1108E+04  0.1815E+03  0.1212E+04
  0.9092E+00  0.1101E+04  0.1793E+03  0.1211E+04
  0.9046E+00  0.1095E+04  0.1771E+03  0.1210E+04
  0.8999E+00  0.1088E+04  0.1750E+03  0.1209E+04
  0.8953E+00  0.1082E+04  0.1728E+03  0.1208E+04
  0.8907E+00  0.1075E+04  0.1707E+03  0.1207E+04
  0.8861E+00  0.1069E+04  0.1685E+03  0.1206E+04
  0.8815E+00  0.1062E+04  0.1664E+03  0.1205E+04
  0.8769E+00  0.1056E+04  0.1643E+03  0.1204E+04
  0.8724E+00  0.1050E+04  0.1622E+03  0.1203E+04
  0.8678E+00  0.1043E+04  0.1601E+03  0.1202E+04
  0.8633E+00  0.1037E+04  0.1580E+03  0.1201E+04
  0.8588E+00  0.1031E+04  0.1559E+03  0.1200E+04
  0.8543E+00  0.1025E+04  0.1539E+03  0.1200E+04
  0.8498E+00  0.1019E+04  0.1518E+03  0.1199E+04
  0.8453E+00  0.1012E+04  0.1498E+03  0.1198E+04
  0.8409E+00  0.1006E+04  0.1478E+03  0.1197E+04
  0.8365E+00  0.1000E+04  0.1458E+03  0.1196E+04
  0.8320E+00  0.9942E+03  0.1437E+03  0.1195E+04
  0.8276E+00  0.9882E+03  0.1417E+03  0.1194E+04
  0.8233E+00  0.9822E+03  0.1398E+03  0.1193E+04
  0.8189E+00  0.9762E+03  0.1378E+03  0.1192E+04
  0.8145E+00  0.9703E+03  0.1358E+03  0.1191E+04
  0.8102E+00  0.9644E+03  0.1339E+03  0.1190E+04
  0.8059E+00  0.9585E+03  0.1319E+03  0.1189E+04
  0.8015E+00  0.9527E+03  0.1300E+03  0.1189E+04
  0.7972E+00  0.9469E+03  0.1281E+03  0.1188E+04
  0.7930E+00  0.9411E+03  0.1262E+03  0.1187E+04
  0.7887E+00  0.9354E+03  0.1243E+03  0.1186E+04
  0.7844E+00  0.9297E+03  0.1224E+03  0.1185E+04
  0.7802E+00  0.9240E+03  0.1205E+03  0.1184E+04
  0.7760E+00  0.9184E+03  0.1186E+03  0.1183E+04
  0.7718E+00  0.9127E+03  0.1168E+03  0.1183E+04
  0.7676E+00  0.9072E+03  0.1149E+03  0.1182E+04
  0.7634E+00  0.9016E+03  0.1131E+03  0.1181E+04
  0.7592E+00  0.8961E+03  0.1112E+03  0.1180E+04
  0.7551E+00  0.8906E+03  0.1094E+03  0.1179E+04
  0.7509E+00  0.8851E+03  0.1076E+03  0.1179E+04
  0.7468E+00  0.8796E+03  0.1058E+03  0.1178E+04
  0.7427E+00  0.8742E+03  0.1040E+03  0.1177E+04
  0.7386E+00  0.8688E+03  0.1022E+03  0.1176E+04
  0.7345E+00  0.8635E+03  0.1005E+03  0.1176E+04
  0.7305E+00  0.8582E+03  0.9870E+02  0.1175E+04
  0.7264E+00  0.8529E+03  0.9695E+02  0.1174E+04
  0.7224E+00  0.8476E+03  0.9521E+02  0.1173E+04
  0.7184E+00  0.8423E+03  0.9347E+02  0.1173E+04
  0.7144E+00  0.8371E+03  0.9175E+02  0.1172E+04
  0.7104E+00  0.8319E+03  0.9004E+02  0.1171E+04
  0.7064E+00  0.8268E+03  0.8833E+02  0.1170E+04
  0.7024E+00  0.8216E+03  0.8664E+02  0.1170E+04
  0.6985E+00  0.8165E+03  0.8496E+02  0.1169E+04
  0.6945E+00  0.8114E+03  0.8328E+02  0.1168E+04
  0.6906E+00  0.8064E+03  0.8162E+02  0.1168E+04
  0.6867E+00  0.8014E+03  0.7996E+02  0.1167E+04
  0.6828E+00  0.7964E+03  0.7831E+02  0.1166E+04
  0.6789E+00  0.7914E+03  0.7668E+02  0.1166E+04
  0.6750E+00  0.7864E+03  0.7505E+02  0.1165E+04
  0.6712E+00  0.7815E+03  0.7343E+02  0.1164E+04
  0.6673E+00  0.7766E+03  0.7182E+02  0.1164E+04
  0.6635E+00  0.7718E+03  0.7022E+02  0.1163E+04
  0.6597E+00  0.7669E+03  0.6863E+02  0.1163E+04
  0.6559E+00  0.7621E+03  0.6705E+02  0.1162E+04
  0.6521E+00  0.7573E+03  0.6548E+02  0.1161E+04
  0.6483E+00  0.7526E+03  0.6391E+02  0.1161E+04
  0.6445E+00  0.7478E+03  0.6236E+02  0.1160E+04
  0.6408E+00  0.7431E+03  0.6081E+02  0.1160E+04
  0.6370E+00  0.7384E+03  0.5928E+02  0.1159E+04
  0.6333E+00  0.7338E+03  0.5775E+02  0.1159E+04
  0.6296E+00  0.7291E+03  0.5623E+02  0.1158E+04
  0.6259E+00  0.7245E+03  0.5472E+02  0.1158E+04
  0.6222E+00  0.7199E+03  0.5322E+02  0.1157E+04
  0.6185E+00  0.7153E+03  0.5173E+02  0.1157E+04
  0.6149E+00  0.7108E+03  0.5025E+02  0.1156E+04
  0.6112E+00  0.7063E+03  0.4877E+02  0.1156E+04
  0.6076E+00  0.7018E+03  0.4731E+02  0.1155E+04
  0.6039E+00  0.6973E+03  0.4585E+02  0.1155E+04
  0.6003E+00  0.6929E+03  0.4440E+02  0.1154E+04
  0.5967E+00  0.6884E+03  0.4296E+02  0.1154E+04
  0.5931E+00  0.6840E+03  0.4153E+02  0.1153E+04
  0.5895E+00  0.6797E+03  0.4011E+02  0.1153E+04
  0.5860E+00  0.6753E+03  0.3870E+02  0.1152E+04
  0.5824E+00  0.6710E+03  0.3729E+02  0.1152E+04
  0.5788E+00  0.6667E+03  0.3590E+02  0.1152E+04
  0.5753E+00  0.6624E+03  0.3451E+02  0.1151E+04
  0.5718E+00  0.6581E+03  0.3313E+02  0.1151E+04
  0.5682E+00  0.6538E+03  0.3176E+02  0.1151E+04
  0.5647E+00  0.6496E+03  0.3040E+02  0.1150E+04
  0.5612E+00  0.6454E+03  0.2904E+02  0.1150E+04
  0.5577E+00  0.6412E+03  0.2770E+02  0.1150E+04
  0.5543E+00  0.6370E+03  0.2636E+02  0.1149E+04
  0.5508E+00  0.6329E+03  0.2503E+02  0.1149E+04
  0.5473E+00  0.6287E+03  0.2371E+02  0.1149E+04
  0.5439E+00  0.6246E+03  0.2240E+02  0.1148E+04
  0.5404E+00  0.6205E+03  0.2110E+02  0.1148E+04
  0.5370E+00  0.6165E+03  0.1980E+02  0.1148E+04
  0.5336E+00  0.6124E+03  0.1851E+02  0.1148E+04
  0.5301E+00  0.6084E+03  0.1723E+02  0.1148E+04
  0.5267E+00  0.6043E+03  0.1596E+02  0.1147E+04
  0.5233E+00  0.6003E+03  0.1470E+02  0.1147E+04
  0.5199E+00  0.5963E+03  0.1345E+02  0.1147E+04
  0.5165E+00  0.5923E+03  0.1220E+02  0.1147E+04
  0.5131E+00  0.5884E+03  0.1096E+02  0.1147E+04
  0.5097E+00  0.5844E+03  0.9734E+01  0.1147E+04
  0.5063E+00  0.5805E+03  0.8512E+01  0.1146E+04
  0.5029E+00  0.5765E+03  0.7299E+01  0.1146E+04
  0.4996E+00  0.5726E+03  0.6093E+01  0.1146E+04
  0.4962E+00  0.5687E+03  0.4896E+01  0.1146E+04
  0.4928E+00  0.5648E+03  0.3707E+01  0.1146E+04
  0.4894E+00  0.5609E+03  0.2526E+01  0.1146E+04
  0.4860E+00  0.5570E+03  0.1354E+01  0.1146E+04
  0.4826E+00  0.5531E+03  0.1889E+00  0.1146E+04
  0.4792E+00  0.5492E+03 -0.9676E+00  0.1146E+04
  0.4758E+00  0.5453E+03 -0.2116E+01  0.1146E+04
  0.4724E+00  0.5414E+03 -0.3256E+01  0.1146E+04
  0.4690E+00  0.5376E+03 -0.4388E+01  0.1146E+04
  0.4656E+00  0.5337E+03 -0.5512E+01  0.1146E+04
  0.4621E+00  0.5297E+03 -0.6627E+01  0.1146E+04
  0.4587E+00  0.5258E+03 -0.7734E+01  0.1146E+04
  0.4552E+00  0.5219E+03 -0.8833E+01  0.1147E+04
  0.4517E+00  0.5179E+03 -0.9923E+01  0.1147E+04
  0.4481E+00  0.5140E+03 -0.1100E+02  0.1147E+04
  0.4445E+00  0.5099E+03 -0.1208E+02  0.1147E+04
  0.4409E+00  0.5059E+03 -0.1314E+02  0.1147E+04
  0.4372E+00  0.5018E+03 -0.1420E+02  0.1148E+04
  0.4335E+00  0.4976E+03 -0.1525E+02  0.1148E+04
  0.4297E+00  0.4934E+03 -0.1628E+02  0.1148E+04
  0.4258E+00  0.4891E+03 -0.1731E+02  0.1149E+04
  0.4218E+00  0.4847E+03 -0.1833E+02  0.1149E+04
  0.4177E+00  0.4801E+03 -0.1934E+02  0.1149E+04
  0.4134E+00  0.4754E+03 -0.2034E+02  0.1150E+04
  0.4089E+00  0.4705E+03 -0.2133E+02  0.1150E+04
  0.4042E+00  0.4653E+03 -0.2231E+02  0.1151E+04
  0.3991E+00  0.4597E+03 -0.2327E+02  0.1152E+04
  0.3935E+00  0.4535E+03 -0.2423E+02  0.1153E+04
  0.3870E+00  0.4465E+03 -0.2516E+02  0.1154E+04
  0.3791E+00  0.4379E+03 -0.2609E+02  0.1155E+04
  0.3669E+00  0.4246E+03 -0.2698E+02  0.1157E+04
  0.3471E+00  0.4032E+03 -0.2783E+02  0.1162E+04
