# barionic density, pressure 
1.109109109109109E-02	7.518264785767315E-02
1.218218218218218E-02	8.391582628019023E-02
1.327327327327328E-02	9.190202201625652E-02
1.436436436436437E-02	1.002131559298505E-01
1.545545545545546E-02	1.082712406960127E-01
1.654654654654655E-02	1.153181065992612E-01
1.763763763763764E-02	1.227189173696388E-01
1.872872872872873E-02	1.289554124782626E-01
1.981981981981983E-02	1.355835975809896E-01
2.091091091091092E-02	1.418121005913235E-01
2.200200200200201E-02	1.466704686017692E-01
2.309309309309310E-02	1.519942855684349E-01
2.418418418418419E-02	1.558221117220455E-01
2.527527527527529E-02	1.601735126987478E-01
2.636636636636638E-02	1.629102682591110E-01
2.745745745745747E-02	1.662337931929869E-01
2.854854854854856E-02	1.678299711561522E-01
2.963963963963965E-02	1.700801138222232E-01
3.073073073073074E-02	1.704952292175221E-01
3.182182182182183E-02	1.702849351922850E-01
3.291291291291292E-02	1.708357696757048E-01
3.400400400400401E-02	1.693975569596660E-01
3.509509509509510E-02	1.673142915569770E-01
3.618618618618619E-02	1.645808514849705E-01
3.727727727727728E-02	1.627596722119051E-01
3.836836836836836E-02	1.587559660083571E-01
3.945945945945945E-02	1.540899788010393E-01
4.055055055055054E-02	1.487587574542886E-01
4.164164164164163E-02	1.427598052805479E-01
4.273273273273272E-02	1.360910538323878E-01
4.382382382382381E-02	1.287508371360673E-01
4.491491491491489E-02	1.207378681165210E-01
4.600600600600598E-02	1.120512169486574E-01
4.709709709709707E-02	1.026902911721663E-01
4.818818818818816E-02	9.265481734792047E-02
4.927927927927925E-02	8.194482414046433E-02
5.037037037037034E-02	6.848864538505950E-02
5.146146146146142E-02	5.638993022694194E-02
5.255255255255251E-02	4.361862589666998E-02
5.364364364364360E-02	2.798076483122713E-02
5.473473473473469E-02	1.382744167358396E-02
5.582582582582578E-02	-9.943209793163987E-04
5.691691691691687E-02	-1.879923450451315E-02
5.800800800800796E-02	-3.499218172419205E-02
5.909909909909904E-02	-5.424428932929004E-02
6.019019019019013E-02	-7.423617571657815E-02
6.128128128128122E-02	-9.248748194477230E-02
6.237237237237231E-02	-1.139095397447818E-01
6.346346346346340E-02	-1.360617968457518E-01
6.455455455455450E-02	-1.563449997738644E-01
6.564564564564560E-02	-1.799073692773163E-01
6.673673673673669E-02	-2.041889295310284E-01
6.782782782782779E-02	-2.291856577203362E-01
6.891891891891888E-02	-2.548933949160528E-01
7.001001001000998E-02	-2.813078509666411E-01
7.110110110110107E-02	-3.084246091398199E-01
7.219219219219217E-02	-3.362391305086021E-01
7.328328328328326E-02	-3.676521742154364E-01
7.437437437437436E-02	-3.968859938909191E-01
7.546546546546545E-02	-4.268030755438303E-01
7.655655655655655E-02	-4.573984310491142E-01
7.764764764764764E-02	-4.917235113316565E-01
7.873873873873874E-02	-5.236971243743938E-01
7.982982982982983E-02	-5.594646102481420E-01
8.092092092092093E-02	-5.927945554922189E-01
8.201201201201203E-02	-6.299813590758276E-01
8.310310310310312E-02	-6.678875055436038E-01
8.419419419419422E-02	-7.032272796336656E-01
8.528528528528531E-02	-7.425165719037068E-01
8.637637637637641E-02	-7.825064403491524E-01
8.746746746746750E-02	-8.231904005237993E-01
8.855855855855860E-02	-8.645618906721211E-01
8.964964964964969E-02	-9.066142738333838E-01
9.074074074074079E-02	-9.493408398557222E-01
9.183183183183188E-02	-9.927348073451867E-01
9.292292292292298E-02	-1.036789325529753E+00
9.401401401401407E-02	-1.081497476063305E+00
9.510510510510517E-02	-1.130490053833455E+00
9.619619619619627E-02	-1.176519168667255E+00
9.728728728728736E-02	-1.223180568865700E+00
9.837837837837846E-02	-1.274209185057771E+00
9.946946946946955E-02	-1.322147681466959E+00
1.005605605605606E-01	-1.374507445102608E+00
1.016516516516517E-01	-1.427538402380378E+00
1.027427427427428E-01	-1.477352931452060E+00
1.038338338338339E-01	-1.531668100572915E+00
1.049249249249250E-01	-1.586630430930654E+00
1.060160160160161E-01	-1.642231734475899E+00
1.071071071071072E-01	-1.698463771860588E+00
1.081981981981983E-01	-1.755318253604401E+00
1.092892892892894E-01	-1.812786841209345E+00
1.103803803803805E-01	-1.870861148263884E+00
1.114714714714716E-01	-1.933678681663878E+00
1.125625625625627E-01	-1.992971412903898E+00
1.136536536536538E-01	-2.052844212632863E+00
1.147447447447449E-01	-2.117531530620454E+00
1.158358358358360E-01	-2.178570402648347E+00
1.169269269269271E-01	-2.244470184209604E+00
1.180180180180182E-01	-2.310978504865489E+00
1.191091091091093E-01	-2.373715376613745E+00
1.202002002002004E-01	-2.441381036376697E+00
1.212912912912915E-01	-2.509627157606246E+00
1.223823823823826E-01	-2.578444228114677E+00
1.234734734734736E-01	-2.647822697837455E+00
1.245645645645647E-01	-2.717752979622219E+00
1.256556556556558E-01	-2.792781776367065E+00
1.267467467467469E-01	-2.863816943513484E+00
1.278378378378380E-01	-2.935374720520485E+00
1.289289289289291E-01	-3.012092207179649E+00
1.300200200200202E-01	-3.084695470714450E+00
1.311111111111113E-01	-3.162498074126688E+00
1.322022022022024E-01	-3.236106736818783E+00
1.332932932932935E-01	-3.314953316726587E+00
1.343843843843846E-01	-3.394320990357755E+00
1.354754754754757E-01	-3.474199143786791E+00
1.365665665665668E-01	-3.554577132718350E+00
1.376576576576579E-01	-3.635444283131619E+00
1.387487487487490E-01	-3.716789891906046E+00
1.398398398398401E-01	-3.798603227452531E+00
1.409309309309312E-01	-3.880873530329609E+00
1.420220220220223E-01	-3.968582561253243E+00
1.431131131131134E-01	-4.051761739599897E+00
1.442042042042045E-01	-4.140412792728057E+00
1.452952952952956E-01	-4.224456532964268E+00
1.463863863863867E-01	-4.314004222137555E+00
1.474774774774777E-01	-4.403996632215240E+00
1.485685685685688E-01	-4.494422095269329E+00
1.496596596596599E-01	-4.585268919175633E+00
1.507507507507510E-01	-4.676525388170376E+00
1.518418418418421E-01	-4.768179763423632E+00
1.529329329329332E-01	-4.860220283585022E+00
1.540240240240243E-01	-4.952635165340325E+00
1.551151151151154E-01	-5.050723678528357E+00
1.562062062062065E-01	-5.143876830879890E+00
1.572972972972976E-01	-5.242729977767340E+00
1.583883883883887E-01	-5.341959416765803E+00
1.594794794794798E-01	-5.436141313518874E+00
1.605705705705709E-01	-5.536060847318367E+00
1.616616616616620E-01	-5.636318929694426E+00
1.627527527527531E-01	-5.736902855397602E+00
1.638438438438442E-01	-5.837799901118160E+00
1.649349349349353E-01	-5.944528546076981E+00
1.660260260260264E-01	-6.046036819731853E+00
1.671171171171175E-01	-6.153397622937064E+00
1.682082082082086E-01	-6.255464981692967E+00
1.692992992992997E-01	-6.363404675587844E+00
1.703903903903908E-01	-6.465978848599661E+00
1.714814814814818E-01	-6.574444040142680E+00
1.725725725725729E-01	-6.683162997863747E+00
1.736636636636640E-01	-6.792122060814108E+00
1.747547547547551E-01	-6.901307554464438E+00
1.758458458458462E-01	-7.016461481804527E+00
1.769369369369373E-01	-7.126079827547528E+00
1.780280280280284E-01	-7.235883232841843E+00
1.791191191191195E-01	-7.351676525183848E+00
1.802102102102106E-01	-7.467668384246736E+00
1.813013013013017E-01	-7.577984527444642E+00
1.823923923923928E-01	-7.694309628770952E+00
1.834834834834839E-01	-7.810789822935931E+00
1.845745745745750E-01	-7.927410505397347E+00
1.856656656656661E-01	-8.050095703375518E+00
1.867567567567572E-01	-8.166972542142503E+00
1.878478478478483E-01	-8.283945722549106E+00
1.889389389389394E-01	-8.406995919699511E+00
1.900300300300305E-01	-8.530149959509799E+00
1.911211211211216E-01	-8.647360100800142E+00
1.922122122122127E-01	-8.770657264153670E+00
1.933033033033038E-01	-8.894012009744984E+00
1.943943943943948E-01	-9.017408809698736E+00
1.954854854854859E-01	-9.140832131989555E+00
1.965765765765770E-01	-9.270385840777180E+00
1.976676676676681E-01	-9.393832153017684E+00
1.987587587587592E-01	-9.523410685461386E+00
1.998498498498503E-01	-9.646816646636580E+00
2.009409409409414E-01	-9.776355461073763E+00
2.020320320320325E-01	-9.905858082917348E+00
2.031231231231236E-01	-1.003530807220750E+01
2.042142142142147E-01	-1.016468898946778E+01
2.053053053053058E-01	-1.030023053735204E+01
2.063963963963969E-01	-1.042943852358349E+01
2.074874874874880E-01	-1.056480306398089E+01
2.085785785785791E-01	-1.069377116312216E+01
2.096696696696702E-01	-1.082889051647771E+01
2.107607607607613E-01	-1.096386853532704E+01
2.118518518518524E-01	-1.109868787495770E+01
2.129429429429435E-01	-1.123333119644485E+01
2.140340340340346E-01	-1.137413723977170E+01
2.151251251251257E-01	-1.150838890753903E+01
2.162162162162168E-01	-1.164879307956971E+01
2.173073073073079E-01	-1.178258256357731E+01
2.183983983983989E-01	-1.192251309173434E+01
2.194894894894900E-01	-1.206218560580737E+01
2.205805805805811E-01	-1.220158187007792E+01
2.216716716716722E-01	-1.234712143619936E+01
2.227627627627633E-01	-1.248592096156699E+01
2.238538538538544E-01	-1.262438928013034E+01
2.249449449449455E-01	-1.276897653571132E+01
2.260360360360366E-01	-1.291321537670729E+01
2.271271271271277E-01	-1.305708666289138E+01
2.282182182182188E-01	-1.320057127119162E+01
2.293093093093099E-01	-1.334365009656631E+01
2.304004004004010E-01	-1.348630405286076E+01
2.314914914914921E-01	-1.363503583031161E+01
2.325825825825832E-01	-1.378332023665507E+01
2.336736736736743E-01	-1.392459998039658E+01
2.347647647647654E-01	-1.407192231302952E+01
2.358558558558565E-01	-1.421873756452715E+01
2.369469469469476E-01	-1.437158367331676E+01
2.380380380380387E-01	-1.451733107861992E+01
2.391291291291298E-01	-1.466908138581812E+01
2.402202202202209E-01	-1.481367990146464E+01
2.413113113113119E-01	-1.496425208170103E+01
2.424024024024030E-01	-1.511420689701026E+01
2.434934934934941E-01	-1.526352350563457E+01
2.445845845845852E-01	-1.541218109892407E+01
2.456756756756763E-01	-1.556675792706983E+01
2.467667667667674E-01	-1.571403877776720E+01
2.478578578578585E-01	-1.586720401986213E+01
2.489489489489496E-01	-1.601963289142486E+01
2.500400400400407E-01	-1.617130369519919E+01
2.511311311311318E-01	-1.632219477506760E+01
2.522222222222228E-01	-1.647890049404532E+01
2.533133133133139E-01	-1.662816888703082E+01
2.544044044044050E-01	-1.678321133571399E+01
2.554954954954960E-01	-1.693738928578568E+01
2.565865865865871E-01	-1.709068020873565E+01
2.576776776776782E-01	-1.724306162624907E+01
2.587687687687693E-01	-1.739451111145854E+01
2.598598598598603E-01	-1.755162623812885E+01
2.609509509509514E-01	-1.770114387809144E+01
2.620420420420425E-01	-1.785793455933708E+01
2.631331331331335E-01	-1.801204566970500E+01
2.642242242242246E-01	-1.816510871329729E+01
2.653153153153157E-01	-1.832040648682823E+01
2.664064064064067E-01	-1.847460713603823E+01
2.674974974974978E-01	-1.862768701403138E+01
2.685885885885889E-01	-1.878292393763877E+01
2.696796796796799E-01	-1.893698916600442E+01
2.707707707707710E-01	-1.908985868470882E+01
2.718618618618621E-01	-1.924480363949715E+01
2.729529529529531E-01	-1.939850009958673E+01
2.740440440440442E-01	-1.955092369608337E+01
2.751351351351353E-01	-1.970533718541446E+01
2.762262262262263E-01	-1.985842317374636E+01
2.773173173173174E-01	-2.001015695207752E+01
2.784084084084085E-01	-2.016051389756149E+01
2.794994994994995E-01	-2.031274306311252E+01
2.805905905905906E-01	-2.046680842883870E+01
2.816816816816817E-01	-2.061614154972176E+01
2.827727727727727E-01	-2.076725256992950E+01
2.838638638638638E-01	-2.091684642447763E+01
2.849549549549549E-01	-2.106815014858057E+01
2.860460460460459E-01	-2.121787660033033E+01
2.871371371371370E-01	-2.136600015025078E+01
2.882282282282281E-01	-2.151573232608871E+01
2.893193193193191E-01	-2.166379971055449E+01
2.904104104104102E-01	-2.181017640600157E+01
2.915015015015013E-01	-2.195483663104233E+01
2.925925925925923E-01	-2.210096859764644E+01
2.936836836836834E-01	-2.224532028761860E+01
2.947747747747745E-01	-2.239106670669480E+01
2.958658658658656E-01	-2.253177319600945E+01
2.969569569569566E-01	-2.267380890076993E+01
2.980480480480477E-01	-2.281712675680274E+01
2.991391391391388E-01	-2.295533292727032E+01
3.002302302302298E-01	-2.309475406438378E+01
3.013213213213209E-01	-2.323534100541201E+01
3.024124124124120E-01	-2.337074457464951E+01
3.035035035035030E-01	-2.350724513319301E+01
3.045945945945941E-01	-2.364165863887001E+01
3.056856856856852E-01	-2.377395866118604E+01
3.067767767767762E-01	-2.390723426482646E+01
3.078678678678673E-01	-2.403521963236835E+01
3.089589589589584E-01	-2.416411001893857E+01
3.100500500500494E-01	-2.429385122560097E+01
3.111411411411405E-01	-2.441823230937280E+01
3.122322322322316E-01	-2.454339216061226E+01
3.133233233233226E-01	-2.466621678249930E+01
3.144144144144137E-01	-2.478667988517964E+01
3.155055055055048E-01	-2.490475536109079E+01
3.165965965965958E-01	-2.502041728718405E+01
3.176876876876869E-01	-2.513665523403279E+01
3.187787787787780E-01	-2.525040607893288E+01
3.198698698698690E-01	-2.536164388015141E+01
3.209609609609601E-01	-2.547034289393014E+01
3.220520520520512E-01	-2.557647757673385E+01
3.231431431431422E-01	-2.568002258748493E+01
3.242342342342333E-01	-2.578095278978299E+01
3.253253253253244E-01	-2.588217627030281E+01
3.264164164164154E-01	-2.597778976168183E+01
3.275075075075065E-01	-2.607071409759283E+01
3.285985985985976E-01	-2.616381982397070E+01
3.296896896896886E-01	-2.625128010554909E+01
3.307807807807797E-01	-2.633884724590916E+01
3.318718718718708E-01	-2.642074729648721E+01
3.329629629629619E-01	-2.650267982328478E+01
3.340540540540529E-01	-2.657892524995168E+01
3.351451451451440E-01	-2.665231552679825E+01
3.362362362362351E-01	-2.672282791726366E+01
3.373273273273261E-01	-2.679043991508343E+01
3.384184184184172E-01	-2.685512924632621E+01
3.395095095095083E-01	-2.691687387139154E+01
3.406006006005993E-01	-2.697291103851239E+01
3.416916916916904E-01	-2.702599009633877E+01
3.427827827827815E-01	-2.707609022134102E+01
3.438738738738725E-01	-2.712319082617569E+01
3.449649649649636E-01	-2.716459127231155E+01
3.460560560560547E-01	-2.720298283514103E+01
3.471471471471457E-01	-2.723834612270957E+01
3.482382382382368E-01	-2.726802857716484E+01
3.493293293293279E-01	-2.729467653064967E+01
3.504204204204189E-01	-2.731567016627105E+01
3.515115115115100E-01	-2.733362534878324E+01
3.526026026026011E-01	-2.734595537738869E+01
3.536936936936921E-01	-2.735524520488707E+01
3.547847847847832E-01	-2.735894159597274E+01
3.558758758758743E-01	-2.735959817266257E+01
3.569669669669653E-01	-2.735469548921674E+01
3.580580580580564E-01	-2.734675544344873E+01
3.591491491491475E-01	-2.733082191750009E+01
3.602402402402385E-01	-2.731188889077430E+01
3.613313313313296E-01	-2.728994285871568E+01
3.624224224224207E-01	-2.726012934671007E+01
3.635135135135117E-01	-2.722734409606392E+01
3.646046046046028E-01	-2.718918790471707E+01
3.656956956956939E-01	-2.714569956539572E+01
3.667867867867849E-01	-2.709691840262121E+01
3.678778778778760E-01	-2.704288424562901E+01
3.689689689689671E-01	-2.698363740167997E+01
3.700600600600581E-01	-2.692152170230293E+01
3.711511511511492E-01	-2.685195543508780E+01
3.722422422422403E-01	-2.677730003308579E+01
3.733333333333314E-01	-2.669985023285881E+01
3.744244244244224E-01	-2.661512613255081E+01
3.755155155155135E-01	-2.652543985355942E+01
3.766066066066046E-01	-2.643083434439723E+01
3.776976976976956E-01	-2.633135283306319E+01
3.787887887887867E-01	-2.622703880412655E+01
3.798798798798778E-01	-2.611793597625274E+01
3.809709709709688E-01	-2.600195138764184E+01
3.820620620620599E-01	-2.588129865711744E+01
3.831531531531510E-01	-2.575602190060908E+01
3.842442442442420E-01	-2.562616537016811E+01
3.853353353353331E-01	-2.549177343392921E+01
3.864264264264242E-01	-2.535083413004895E+01
3.875175175175152E-01	-2.520548013641428E+01
3.886086086086063E-01	-2.505575583140762E+01
3.896996996996974E-01	-2.490170562261528E+01
3.907907907907884E-01	-2.474138008738510E+01
3.918818818818795E-01	-2.457684830910011E+01
3.929729729729706E-01	-2.440815442223129E+01
3.940640640640616E-01	-2.423534251242972E+01
3.951551551551527E-01	-2.405652350687114E+01
3.962462462462438E-01	-2.387370429522434E+01
3.973373373373348E-01	-2.368692843646431E+01
3.984284284284259E-01	-2.349435044483926E+01
3.995195195195170E-01	-2.329793155952075E+01
4.006106106106080E-01	-2.309771463450443E+01
4.017017017016991E-01	-2.289189629795874E+01
4.027927927927902E-01	-2.268422529569671E+01
4.038838838838812E-01	-2.247106559657368E+01
4.049749749749723E-01	-2.225250061603401E+01
4.060660660660634E-01	-2.203219440786233E+01
4.071571571571544E-01	-2.180659274389745E+01
4.082482482482455E-01	-2.157754077352274E+01
4.093393393393366E-01	-2.134507896385685E+01
4.104304304304277E-01	-2.110924751129505E+01
4.115215215215187E-01	-2.086836128397272E+01
4.126126126126098E-01	-2.062421043730046E+01
4.137037037037009E-01	-2.037683392666258E+01
4.147947947947919E-01	-2.012627039522158E+01
4.158858858858830E-01	-1.987255816573679E+01
4.169769769769741E-01	-1.961407215553663E+01
4.180680680680651E-01	-1.935418821557141E+01
4.191591591591562E-01	-1.908962914756876E+01
4.202502502502473E-01	-1.882209459898013E+01
4.213413413413383E-01	-1.855162077901787E+01
4.224324324324294E-01	-1.827824352944481E+01
4.235235235235205E-01	-1.800199831845975E+01
4.246146146146115E-01	-1.772292023481168E+01
4.257057057057026E-01	-1.744104398215813E+01
4.267967967967937E-01	-1.715640387366329E+01
4.278878878878847E-01	-1.686903382681476E+01
4.289789789789758E-01	-1.657896735846407E+01
4.300700700700669E-01	-1.628623758009826E+01
4.311611611611579E-01	-1.599087719330782E+01
4.322522522522490E-01	-1.569291848548710E+01
4.333433433433401E-01	-1.539239332571424E+01
4.344344344344311E-01	-1.508933316085586E+01
4.355255255255222E-01	-1.478376901185084E+01
4.366166166166133E-01	-1.447573147019830E+01
4.377077077077043E-01	-1.416671071040764E+01
4.387987987987954E-01	-1.385380714603571E+01
4.398898898898865E-01	-1.353996096347328E+01
4.409809809809775E-01	-1.322374142261333E+01
4.420720720720686E-01	-1.290553317245895E+01
4.431631631631597E-01	-1.258465075860022E+01
4.442542542542507E-01	-1.226218302272309E+01
4.453453453453418E-01	-1.193814452793913E+01
4.464364364364329E-01	-1.161185552844699E+01
4.475275275275239E-01	-1.128334304693362E+01
4.486186186186150E-01	-1.095331951853268E+01
4.497097097097061E-01	-1.062111704961580E+01
4.508008008007972E-01	-1.028743924663559E+01
4.518918918918882E-01	-9.952299600476636E+00
4.529829829829793E-01	-9.615041725168794E+00
4.540740740740704E-01	-9.276356444911926E+00
4.551651651651614E-01	-8.936256760399374E+00
4.562562562562525E-01	-8.594097334462276E+00
4.573473473473436E-01	-8.250556654530556E+00
4.584384384384346E-01	-7.904996431982454E+00
4.595295295295257E-01	-7.558734300365813E+00
4.606206206206168E-01	-7.210484477787759E+00
4.617117117117078E-01	-6.860909763201107E+00
4.628028028027989E-01	-6.510022033419773E+00
4.638938938938900E-01	-6.157200020124037E+00
4.649849849849810E-01	-5.803724813986719E+00
4.660760760760721E-01	-5.448345197667550E+00
4.671671671671632E-01	-5.092328319210083E+00
4.682582582582542E-01	-4.734436230547090E+00
4.693493493493453E-01	-4.375306129563342E+00
4.704404404404364E-01	-4.014948870991702E+00
4.715315315315274E-01	-3.653375179700561E+00
4.726226226226185E-01	-3.290595650595606E+00
4.737137137137096E-01	-2.926620748585719E+00
4.748048048048006E-01	-2.561460808530228E+00
4.758958958958917E-01	-2.195126035219346E+00
4.769869869869828E-01	-1.828221182666766E+00
4.780780780780738E-01	-1.459563901541514E+00
4.791691691691649E-01	-1.089761660136901E+00
4.802602602602560E-01	-7.194100978967981E-01
4.813513513513470E-01	-3.473440412781201E-01
4.824424424424381E-01	2.525795113842833E-02
4.835335335335292E-01	3.989724224679776E-01
4.846246246246202E-01	7.737900907854964E-01
4.857157157157113E-01	1.149701803807602E+00
4.868068068068024E-01	1.526698538785240E+00
4.878978978978935E-01	1.904204607454631E+00
4.889889889889845E-01	2.282783239609216E+00
4.900800800800756E-01	2.662425684169193E+00
4.911711711711667E-01	3.043123319100232E+00
4.922622622622577E-01	3.424311127156216E+00
4.933533533533488E-01	3.806542227716363E+00
4.944444444444399E-01	4.189808269175501E+00
4.955355355355309E-01	4.574101028372752E+00
4.966266266266220E-01	4.958865679235714E+00
4.977177177177131E-01	5.344645707512882E+00
4.988088088088041E-01	5.731433158891377E+00
4.998998998998952E-01	6.118680529815720E+00
5.009909909909863E-01	6.506924359120603E+00
5.020820820820774E-01	6.895621875376946E+00
5.031731731731685E-01	7.285305081215938E+00
5.042642642642595E-01	7.675966429404070E+00
5.053553553553506E-01	8.067598499497763E+00
5.064464464464417E-01	8.459667742967213E+00
5.075375375375327E-01	8.852173406952261E+00
5.086286286286238E-01	9.245636652564372E+00
5.097197197197149E-01	9.640050336063268E+00
5.108108108108059E-01	1.003488968309284E+01
5.119019019018970E-01	1.043066963430374E+01
5.129929929929881E-01	1.082738330888787E+01
5.140840840840791E-01	1.122451228280534E+01
5.151751751751702E-01	1.162205585555375E+01
5.162662662662613E-01	1.202052097725937E+01
5.173573573573523E-01	1.241990103974604E+01
5.184484484484434E-01	1.281968574444727E+01
5.195395395395345E-01	1.321987441698593E+01
5.206306306306255E-01	1.362096634319687E+01
5.217217217217166E-01	1.402245708131022E+01
5.228128128128077E-01	1.442484218948857E+01
5.239039039038987E-01	1.482811546413495E+01
5.249949949949898E-01	1.523177819754073E+01
5.260860860860809E-01	1.563582975323880E+01
5.271771771771719E-01	1.604075851005155E+01
5.282682682682630E-01	1.644607125106495E+01
5.293593593593541E-01	1.685176735368168E+01
5.304504504504451E-01	1.725832994982920E+01
5.315415415415362E-01	1.766575324528367E+01
5.326326326326273E-01	1.807355115900828E+01
5.337237237237183E-01	1.848172309233860E+01
5.348148148148094E-01	1.889074548884128E+01
5.359059059059005E-01	1.930013738747039E+01
5.369969969969915E-01	1.970989820277146E+01
5.380880880880826E-01	2.012049949755419E+01
5.391791791791737E-01	2.053146530257709E+01
5.402702702702648E-01	2.094326402243041E+01
5.413613613613558E-01	2.135542294762217E+01
5.424524524524469E-01	2.176794151689091E+01
5.435435435435380E-01	2.218128349797917E+01
5.446346346346290E-01	2.259498092737522E+01
5.457257257257201E-01	2.300903325630406E+01
5.468168168168112E-01	2.342389974060643E+01
5.479079079079022E-01	2.383911703676768E+01
5.489989989989933E-01	2.425468460824277E+01
5.500900900900844E-01	2.467105732310893E+01
5.511811811811754E-01	2.508777633265709E+01
5.522722722722665E-01	2.550484111231026E+01
5.533633633633576E-01	2.592270226571009E+01
5.544544544544486E-01	2.634090531455786E+01
5.555455455455397E-01	2.675944974598588E+01
5.566366366366308E-01	2.717878202168367E+01
5.577277277277218E-01	2.759800629444635E+01
5.588188188188129E-01	2.801845891011590E+01
5.599099099099040E-01	2.843880252136796E+01
5.610010010009950E-01	2.885992383645953E+01
5.620920920920861E-01	2.928137810440239E+01
5.631831831831772E-01	2.970316483628676E+01
5.642742742742682E-01	3.012572123216751E+01
5.653653653653593E-01	3.054860653608648E+01
5.664564564564504E-01	3.097182027002282E+01
5.675475475475414E-01	3.139536195725805E+01
5.686386386386325E-01	3.181966375885077E+01
5.697297297297236E-01	3.224429006641230E+01
5.708208208208146E-01	3.266924041381617E+01
5.719119119119057E-01	3.309451433621234E+01
5.730030030029968E-01	3.352053912313067E+01
5.740940940940878E-01	3.394688414484654E+01
5.751851851851789E-01	3.437354894681312E+01
5.762762762762700E-01	3.480053307571688E+01
5.773673673673611E-01	3.522825911544487E+01
5.784584584584521E-01	3.565630124761537E+01
5.795495495495432E-01	3.608465902892931E+01
5.806406406406343E-01	3.651333201729813E+01
5.817317317317253E-01	3.694273825523305E+01
5.828228228228164E-01	3.737203919511740E+01
5.839139139139075E-01	3.780207026081644E+01
5.850050050049985E-01	3.823241253775814E+01
5.860960960960896E-01	3.866347965721025E+01
5.871871871871807E-01	3.909444196725781E+01
5.882782782782717E-01	3.952612609872813E+01
5.893693693693628E-01	3.995811756973671E+01
5.904604604604539E-01	4.039041596082643E+01
5.915515515515449E-01	4.082342959415655E+01
5.926426426426360E-01	4.125633951324608E+01
5.937337337337271E-01	4.168996176079054E+01
5.948248248248181E-01	4.212388718709326E+01
5.959159159159092E-01	4.255811538404851E+01
5.970070070070003E-01	4.299304957357572E+01
5.980980980980913E-01	4.342788107523165E+01
5.991891891891824E-01	4.386341576117684E+01
6.002802802802735E-01	4.429924960427752E+01
6.013713713713645E-01	4.473538220740556E+01
6.024624624624556E-01	4.517181317451104E+01
6.035535535535467E-01	4.560893985897928E+01
6.046446446446377E-01	4.604636220284010E+01
6.057357357357288E-01	4.648368395218949E+01
6.068268268268199E-01	4.692169739158908E+01
6.079179179179109E-01	4.736000532908656E+01
6.090090090090020E-01	4.779900043640328E+01
6.101001001000931E-01	4.823789528455791E+01
6.111911911911841E-01	4.867747470538461E+01
6.122822822822752E-01	4.911734526645250E+01
6.133733733733663E-01	4.955750659249179E+01
6.144644644644573E-01	4.999795830925632E+01
6.155555555555484E-01	5.043870004351129E+01
6.166466466466395E-01	5.088011820315978E+01
6.177377377377306E-01	5.132143796669652E+01
6.188288288288216E-01	5.176343166894549E+01
6.199199199199127E-01	5.220571216534699E+01
6.210110110110038E-01	5.264827909245287E+01
6.221021021020948E-01	5.309113208779945E+01
6.231931931931859E-01	5.353427078989716E+01
6.242842842842770E-01	5.397807564208961E+01
6.253753753753680E-01	5.442178382960265E+01
6.264664664664591E-01	5.486615578848478E+01
6.275575575575502E-01	5.531081036181877E+01
6.286486486486412E-01	5.575574719749557E+01
6.297397397397323E-01	5.620096594435063E+01
6.308308308308234E-01	5.664646625215801E+01
6.319219219219144E-01	5.709262289360458E+01
6.330130130130055E-01	5.753868447064042E+01
6.341041041040966E-01	5.798540010805800E+01
6.351951951951876E-01	5.843239434172710E+01
6.362862862862787E-01	5.887966683040213E+01
6.373773773773698E-01	5.932721723374880E+01
6.384684684684608E-01	5.977504521234050E+01
6.395595595595519E-01	6.022315042764967E+01
6.406506506506430E-01	6.067190150636316E+01
6.417417417417340E-01	6.112055941975996E+01
6.428328328328251E-01	6.156986103087047E+01
6.439239239239162E-01	6.201943704453515E+01
6.450150150150072E-01	6.246892111930902E+01
6.461061061060983E-01	6.291904567621896E+01
6.471971971971894E-01	6.336980820558438E+01
6.482882882882804E-01	6.382047853855147E+01
6.493793793793715E-01	6.427142163294775E+01
6.504704704704626E-01	6.472299958274380E+01
6.515615615615536E-01	6.517448650343795E+01
6.526526526526447E-01	6.562660622291378E+01
6.537437437437358E-01	6.607899600236942E+01
6.548348348348269E-01	6.653165552344853E+01
6.559259259259179E-01	6.698458446862514E+01
6.570170170170090E-01	6.743778252120819E+01
6.581081081081001E-01	6.789124936533381E+01
6.591991991991911E-01	6.834498468595757E+01
6.602902902902822E-01	6.879934442366948E+01
6.613813813813733E-01	6.925361507676052E+01
6.624724724724643E-01	6.970850819622137E+01
6.635635635635554E-01	7.016331293638814E+01
6.646546546546465E-01	7.061873820031678E+01
6.657457457457375E-01	7.107442875265451E+01
6.668368368368286E-01	7.153038428766695E+01
6.679279279279197E-01	7.198660450042144E+01
6.690190190190107E-01	7.244308908676749E+01
6.701101101101018E-01	7.290018817427608E+01
6.712012012011929E-01	7.335719996065745E+01
6.722922922922839E-01	7.381447521405562E+01
6.733833833833750E-01	7.427236218419102E+01
6.744744744744661E-01	7.473051078113440E+01
6.755655655655571E-01	7.518857336610927E+01
6.766566566566482E-01	7.564724493157519E+01
6.777477477477393E-01	7.610617723680707E+01
6.788388388388303E-01	7.656536998800948E+01
6.799299299299214E-01	7.702482289213276E+01
6.810210210210125E-01	7.748453565688123E+01
6.821121121121035E-01	7.794485173572184E+01
6.832032032031946E-01	7.840508275204184E+01
6.842942942942857E-01	7.886557275765335E+01
6.853853853853767E-01	7.932666345365851E+01
6.864764764764678E-01	7.978766997806406E+01
6.875675675675589E-01	8.024927546291428E+01
6.886586586586499E-01	8.071113763380117E+01
6.897497497497410E-01	8.117291649264416E+01
6.908408408408321E-01	8.163529174556015E+01
6.919319319319231E-01	8.209792283589377E+01
6.930230230230142E-01	8.256080948253793E+01
6.941141141141053E-01	8.302428889011890E+01
6.952052052051964E-01	8.348768525399919E+01
6.962962962962874E-01	8.395133633613295E+01
6.973873873873785E-01	8.441524185822755E+01
6.984784784784696E-01	8.487973684322742E+01
6.995695695695606E-01	8.534414986229012E+01
7.006606606606517E-01	8.580915072039443E+01
7.017517517517428E-01	8.627407013561015E+01
7.028428428428338E-01	8.673957577267083E+01
7.039339339339249E-01	8.720533313158876E+01
7.050250250250160E-01	8.767134194181881E+01
7.061161161161070E-01	8.813760193349299E+01
7.072072072071981E-01	8.860411283741360E+01
7.082982982982892E-01	8.907087438504823E+01
7.093893893893802E-01	8.953788630853251E+01
7.104804804804713E-01	9.000514834066234E+01
7.115715715715624E-01	9.047266021489440E+01
7.126626626626534E-01	9.094042166534200E+01
7.137537537537445E-01	9.140876047823303E+01
7.148448448448356E-01	9.187701977740016E+01
7.159359359359266E-01	9.234585492349242E+01
7.170270270270177E-01	9.281461101936338E+01
7.181181181181088E-01	9.328394145282391E+01
7.192092092091998E-01	9.375351890105867E+01
7.203003003002909E-01	9.422301797865975E+01
7.213913913913820E-01	9.469308915600004E+01
7.224824824824730E-01	9.516340657315141E+01
7.235735735735641E-01	9.563396997334394E+01
7.246646646646552E-01	9.610477910042709E+01
7.257557557557462E-01	9.657583369888107E+01
7.268468468468373E-01	9.704713351379769E+01
7.279379379379284E-01	9.751867829089588E+01
7.290290290290194E-01	9.799078912802815E+01
7.301201201201105E-01	9.846282260105727E+01
7.312112112112016E-01	9.893510027795401E+01
7.323023023022927E-01	9.940794188480731E+01
7.333933933933837E-01	9.988070674903429E+01
7.344844844844748E-01	1.003540341399371E+02
7.355755755755659E-01	1.008272851923648E+02
7.366666666666569E-01	1.013010973738728E+02
7.377577577577480E-01	1.017751513624348E+02
7.388488488488391E-01	1.022491296036060E+02
7.399399399399301E-01	1.027236669023378E+02
7.410310310310212E-01	1.031984452717556E+02
7.421221221221123E-01	1.036734644678381E+02
7.432132132132033E-01	1.041487242471458E+02
7.443043043042944E-01	1.046242243668216E+02
7.453953953953855E-01	1.050999645845814E+02
7.464864864864765E-01	1.055759446587194E+02
7.475775775775676E-01	1.060521643481025E+02
7.486686686686587E-01	1.065286234121709E+02
7.497597597597497E-01	1.070053216109304E+02
7.508508508508408E-01	1.074825712955194E+02
7.519419419419319E-01	1.079597466217010E+02
7.530330330330229E-01	1.084374721368840E+02
7.541241241241140E-01	1.089151236403582E+02
7.552152152152051E-01	1.093930130885669E+02
7.563063063062961E-01	1.098714507763088E+02
7.573973973973872E-01	1.103501251223379E+02
7.584884884884783E-01	1.108287261478290E+02
7.595795795795693E-01	1.113078735029649E+02
7.606706706706604E-01	1.117872568174071E+02
7.617617617617515E-01	1.122665673145498E+02
7.628528528528425E-01	1.127464222428953E+02
7.639439439439336E-01	1.132265124364608E+02
7.650350350350247E-01	1.137068376651910E+02
7.661261261261157E-01	1.141873976995712E+02
7.672172172172068E-01	1.146681923106139E+02
7.683083083082979E-01	1.151492212698672E+02
7.693993993993890E-01	1.156304843494058E+02
7.704904904904800E-01	1.161119813218288E+02
7.715815815815711E-01	1.165937119602631E+02
7.726726726726622E-01	1.170759807172358E+02
7.737637637637532E-01	1.175581776263944E+02
7.748548548548443E-01	1.180406075247674E+02
7.759459459459354E-01	1.185232701875607E+02
7.770370370370264E-01	1.190064685689958E+02
7.781281281281175E-01	1.194895957082813E+02
7.792192192192086E-01	1.199732573869787E+02
7.803103103102996E-01	1.204568481124711E+02
7.814014014013907E-01	1.209409722028181E+02
7.824924924924818E-01	1.214250256282930E+02
7.835835835835728E-01	1.219096112487164E+02
7.846746746746639E-01	1.223944271299933E+02
7.857657657657550E-01	1.228791727649163E+02
7.868568568568460E-01	1.233644488620603E+02
7.879479479479371E-01	1.238499545661416E+02
7.890390390390282E-01	1.243356896603791E+02
7.901301301301192E-01	1.248216539284872E+02
7.912212212212103E-01	1.253075486278235E+02
7.923123123123014E-01	1.257939709420784E+02
7.934034034033924E-01	1.262806217836487E+02
7.944944944944835E-01	1.267675009381928E+02
7.955855855855746E-01	1.272546081918485E+02
7.966766766766656E-01	1.277419433312380E+02
7.977677677677567E-01	1.282298026077033E+02
7.988588588588478E-01	1.287175925387178E+02
7.999499499499388E-01	1.292056097187997E+02
8.010410410410299E-01	1.296938539364701E+02
8.021321321321210E-01	1.301823249807203E+02
8.032232232232120E-01	1.306713174290767E+02
8.043143143143031E-01	1.311602411567733E+02
8.054054054053942E-01	1.316493910814488E+02
8.064964964964852E-01	1.321390607937669E+02
8.075875875875763E-01	1.326286621486834E+02
8.086786786786674E-01	1.331187822275788E+02
8.097697697697585E-01	1.336088341822810E+02
8.108608608608495E-01	1.340994038014446E+02
8.119519519519406E-01	1.345899055291425E+02
8.130430430430317E-01	1.350809238659140E+02
8.141341341341227E-01	1.355718745434519E+02
8.152252252252138E-01	1.360633407787927E+02
8.163163163163049E-01	1.365550305040365E+02
8.174074074073959E-01	1.370466529050946E+02
8.184984984984870E-01	1.375387893076390E+02
8.195895895895781E-01	1.380311485922880E+02
8.206806806806691E-01	1.385237305575024E+02
8.217717717717602E-01	1.390165350021907E+02
8.228628628628513E-01	1.395095617256975E+02
8.239539539539423E-01	1.400025217673865E+02
8.250450450450334E-01	1.404959927506816E+02
8.261361361361245E-01	1.409896854129051E+02
8.272272272272155E-01	1.414835995551402E+02
8.283183183183066E-01	1.419777349788997E+02
8.294094094093977E-01	1.424720914861255E+02
8.305005005004887E-01	1.429669558334176E+02
8.315915915915798E-01	1.434617536159653E+02
8.326826826826709E-01	1.439567718909075E+02
8.337737737737619E-01	1.444520104618882E+02
8.348648648648530E-01	1.449474691329738E+02
8.359559559559441E-01	1.454431477086537E+02
8.370470470470351E-01	1.459393311857843E+02
8.381381381381262E-01	1.464354486898028E+02
8.392292292292173E-01	1.469317855149152E+02
8.403203203203083E-01	1.474286257974150E+02
8.414114114113994E-01	1.479254003891738E+02
8.425025025024905E-01	1.484223937222600E+02
8.435935935935815E-01	1.489198890769699E+02
8.446846846846726E-01	1.494173190224237E+02
8.457757757757637E-01	1.499152500452146E+02
8.468668668668548E-01	1.504131158379469E+02
8.479579579579458E-01	1.509114817673340E+02
8.490490490490369E-01	1.514097826454877E+02
8.501401401401280E-01	1.519085827232111E+02
8.512312312312190E-01	1.524075994589621E+02
8.523223223223101E-01	1.529065513991513E+02
8.534134134134012E-01	1.534060011523243E+02
8.545045045044922E-01	1.539056670005607E+02
8.555955955955833E-01	1.544052683081345E+02
8.566866866866744E-01	1.549053660500103E+02
8.577777777777654E-01	1.554056793275331E+02
8.588688688688565E-01	1.559062079551677E+02
8.599599599599476E-01	1.564066723729188E+02
8.610510510510386E-01	1.569076314070976E+02
8.621421421421297E-01	1.574088052366396E+02
8.632332332332208E-01	1.579101936775551E+02
8.643243243243118E-01	1.584117965462360E+02
8.654154154154029E-01	1.589136136594570E+02
8.665065065064940E-01	1.594156448343697E+02
8.675975975975850E-01	1.599178898885102E+02
8.686886886886761E-01	1.604203486397873E+02
8.697797797797672E-01	1.609230209064931E+02
8.708708708708582E-01	1.614259065072861E+02
8.719619619619493E-01	1.619290052612082E+02
8.730530530530404E-01	1.624323169876698E+02
8.741441441441314E-01	1.629358415064526E+02
8.752352352352225E-01	1.634395786377117E+02
8.763263263263136E-01	1.639438037040163E+02
8.774174174174046E-01	1.644479652676127E+02
8.785085085084957E-01	1.649523389068099E+02
8.795995995995868E-01	1.654569244432269E+02
8.806906906906778E-01	1.659617216988549E+02
8.817817817817689E-01	1.664670047531345E+02
8.828728728728600E-01	1.669722246622746E+02
8.839639639639510E-01	1.674776557592136E+02
8.850550550550421E-01	1.679835713920247E+02
8.861461461461332E-01	1.684894240842141E+02
8.872372372372243E-01	1.689957604822089E+02
8.883283283283153E-01	1.695020340680117E+02
8.894194194194064E-01	1.700085179632492E+02
8.905105105104975E-01	1.705154843132582E+02
8.916016016015885E-01	1.710223880545382E+02
8.926926926926796E-01	1.715297734282585E+02
8.937837837837707E-01	1.720370963210089E+02
8.948748748748617E-01	1.725449000269296E+02
8.959659659659528E-01	1.730526413793755E+02
8.970570570570439E-01	1.735608627287697E+02
8.981481481481349E-01	1.740692925307508E+02
8.992392392392260E-01	1.745776601588154E+02
9.003303303303171E-01	1.750865065767598E+02
9.014214214214081E-01	1.755955609356638E+02
9.025125125124992E-01	1.761045532996695E+02
9.036036036035903E-01	1.766140232531807E+02
9.046946946946813E-01	1.771237006390934E+02
9.057857857857724E-01	1.776333162085621E+02
9.068768768768635E-01	1.781434081738275E+02
9.079679679679545E-01	1.786537070659670E+02
9.090590590590456E-01	1.791642127172654E+02
9.101501501501367E-01	1.796749249603445E+02
9.112412412412277E-01	1.801855756684481E+02
9.123323323323188E-01	1.806967008127122E+02
9.134234234234099E-01	1.812080320482200E+02
9.145145145145009E-01	1.817195692089090E+02
9.156056056055920E-01	1.822313121290481E+02
9.166966966966831E-01	1.827432606432280E+02
9.177877877877741E-01	1.832554145863678E+02
9.188788788788652E-01	1.837677737937097E+02
9.199699699699563E-01	1.842803381008202E+02
9.210610610610473E-01	1.847931073435848E+02
9.221521521521384E-01	1.853060813582174E+02
9.232432432432295E-01	1.858192599812419E+02
9.243343343343206E-01	1.863326430495104E+02
9.254254254254116E-01	1.868462304001860E+02
9.265165165165027E-01	1.873600218707588E+02
9.276076076075938E-01	1.878740172990224E+02
9.286986986986848E-01	1.883882165230975E+02
9.297897897897759E-01	1.889026193814079E+02
9.308808808808670E-01	1.894174897978228E+02
9.319719719719580E-01	1.899322992294515E+02
9.330630630630491E-01	1.904473118128562E+02
9.341541541541402E-01	1.909625273877109E+02
9.352452452452312E-01	1.914779457940049E+02
9.363363363363223E-01	1.919938299239639E+02
9.374274274274134E-01	1.925096533044466E+02
9.385185185185044E-01	1.930256790385415E+02
9.396096096095955E-01	1.935419069674617E+02
9.407007007006866E-01	1.940585991688549E+02
9.417917917917776E-01	1.945752308038582E+02
9.428828828828687E-01	1.950920641595208E+02
9.439739739739598E-01	1.956093607116036E+02
9.450650650650508E-01	1.961265968288158E+02
9.461561561561419E-01	1.966442954355439E+02
9.472472472472330E-01	1.971619336878562E+02
9.483383383383240E-01	1.976797728766928E+02
9.494294294294151E-01	1.981980734886679E+02
9.505205205205062E-01	1.987163138770443E+02
9.516116116115972E-01	1.992350149880222E+02
9.527027027026883E-01	1.997536559554233E+02
9.537937937937794E-01	2.002727569474100E+02
9.548848848848704E-01	2.007917978756714E+02
9.559759759759615E-01	2.013112981330100E+02
9.570670670670526E-01	2.018307384063014E+02
9.581581581581436E-01	2.023506373156615E+02
9.592492492492347E-01	2.028704763204751E+02
9.603403403403258E-01	2.033907732708381E+02
9.614314314314168E-01	2.039112689226763E+02
9.625225225225079E-01	2.044317047786153E+02
9.636136136135990E-01	2.049525975595511E+02
9.647047047046901E-01	2.054736885877574E+02
9.657957957957811E-01	2.059947199283802E+02
9.668868868868722E-01	2.065162071788991E+02
9.679779779779633E-01	2.070378922250361E+02
9.690690690690543E-01	2.075595176915490E+02
9.701601601601454E-01	2.080815980582902E+02
9.712512512512365E-01	2.086038757715219E+02
9.723423423423275E-01	2.091260940127140E+02
9.734334334334186E-01	2.096487661498700E+02
9.745245245245097E-01	2.101716351868904E+02
9.756156156156007E-01	2.106947009755504E+02
9.767067067066918E-01	2.112179633679002E+02
9.777977977977829E-01	2.117411664532960E+02
9.788888888888739E-01	2.122648217865826E+02
9.799799799799650E-01	2.127886732810580E+02
9.810710710710561E-01	2.133127207898610E+02
9.821621621621471E-01	2.138369641664053E+02
9.832532532532382E-01	2.143614032643732E+02
9.843443443443293E-01	2.148860379377143E+02
9.854354354354203E-01	2.154108680406512E+02
9.865265265265114E-01	2.159356390869079E+02
9.876176176176025E-01	2.164608597866591E+02
9.887087087086935E-01	2.169862754799692E+02
9.897997997997846E-01	2.175118860221201E+02
9.908908908908757E-01	2.180376912686615E+02
9.919819819819667E-01	2.185636910754079E+02
9.930730730730578E-01	2.190898852984342E+02
9.941641641641489E-01	2.196162737940735E+02
9.952552552552399E-01	2.201428564189264E+02
9.963463463463310E-01	2.206696330298505E+02
9.974374374374221E-01	2.211966034839670E+02
9.985285285285131E-01	2.217237676386508E+02
9.996196196196042E-01	2.222513776249875E+02
1.000710710710695E+00	2.227789285836070E+02
1.001801801801786E+00	2.233066728167646E+02
1.002892892892878E+00	2.238346101828670E+02
1.003983983983969E+00	2.243627405405718E+02
1.005075075075060E+00	2.248910637487934E+02
1.006166166166151E+00	2.254195796667041E+02
1.007257257257242E+00	2.259482881537224E+02
1.008348348348333E+00	2.264774400077199E+02
1.009439439439424E+00	2.270065330441757E+02
1.010530530530515E+00	2.275358182298050E+02
1.011621621621606E+00	2.280652954250345E+02
1.012712712712697E+00	2.285949644905386E+02
1.013803803803788E+00	2.291250754073790E+02
1.014894894894879E+00	2.296551276298283E+02
1.015985985985970E+00	2.301853713063565E+02
1.017077077077061E+00	2.307158062986318E+02
1.018168168168152E+00	2.312466819430897E+02
1.019259259259244E+00	2.317774989873401E+02
1.020350350350335E+00	2.323085069340923E+02
1.021441441441426E+00	2.328399546439568E+02
1.022532532532517E+00	2.333713438192344E+02
1.023623623623608E+00	2.339029234859636E+02
1.024714714714699E+00	2.344349420313388E+02
1.025805805805790E+00	2.349669021075092E+02
1.026896896896881E+00	2.354990522662542E+02
1.027987987987972E+00	2.360316404237560E+02
1.029079079079063E+00	2.365641701771819E+02
1.030170170170154E+00	2.370971373516691E+02
1.031261261261245E+00	2.376300461591695E+02
1.032352352352336E+00	2.381631443726596E+02
1.033443443443427E+00	2.386966791348773E+02
1.034534534534518E+00	2.392301555948125E+02
1.035625625625610E+00	2.397640680307381E+02
1.036716716716701E+00	2.402979222012355E+02
1.037807807807792E+00	2.408322117769440E+02
1.038898898898883E+00	2.413664431239854E+02
1.039989989989974E+00	2.419011093074109E+02
1.041081081081065E+00	2.424357172988389E+02
1.042172172172156E+00	2.429707595597702E+02
1.043263263263247E+00	2.435057436652728E+02
1.044354354354338E+00	2.440411614753421E+02
1.045445445445429E+00	2.445765211664479E+02
1.046536536536520E+00	2.451123139991146E+02
1.047627627627611E+00	2.456480487491799E+02
1.048718718718702E+00	2.461842160797269E+02
1.049809809809793E+00	2.467205703932104E+02
1.050900900900885E+00	2.472568666694456E+02
1.051991991991976E+00	2.477935946973653E+02
1.053083083083067E+00	2.483302647241458E+02
1.054174174174158E+00	2.488673659462920E+02
1.055265265265249E+00	2.494046535018165E+02
1.056356356356340E+00	2.499418831012435E+02
1.057447447447431E+00	2.504795430742652E+02
1.058538538538522E+00	2.510173889936473E+02
1.059629629629613E+00	2.515551770017878E+02
1.060720720720704E+00	2.520933945659235E+02
1.061811811811795E+00	2.526317976913833E+02
1.062902902902886E+00	2.531701429502618E+02
1.063993993993977E+00	2.537089169516835E+02
1.065085085085068E+00	2.542478761313637E+02
1.066176176176159E+00	2.547870203621187E+02
1.067267267267251E+00	2.553261067796789E+02
1.068358358358342E+00	2.558656208675911E+02
1.069449449449433E+00	2.564053196261107E+02
1.070540540540524E+00	2.569452029289159E+02
1.071631631631615E+00	2.574850284715935E+02
1.072722722722706E+00	2.580252806196413E+02
1.073813813813797E+00	2.585657169340780E+02
1.074904904904888E+00	2.591063372894318E+02
1.075995995995979E+00	2.596471415604478E+02
1.077087087087070E+00	2.601878881328803E+02
1.078178178178161E+00	2.607290599939438E+02
1.079269269269252E+00	2.612704153959417E+02
1.080360360360343E+00	2.618119542144600E+02
1.081451451451434E+00	2.623536763252891E+02
1.082542542542525E+00	2.628955816044286E+02
1.083633633633617E+00	2.634376699280870E+02
1.084724724724708E+00	2.639799411726799E+02
1.085815815815799E+00	2.645221548058948E+02
1.086906906906890E+00	2.650647916542994E+02
1.087997997997981E+00	2.656076110539016E+02
1.089089089089072E+00	2.661506128819365E+02
1.090180180180163E+00	2.666937970158469E+02
1.091271271271254E+00	2.672371633332732E+02
1.092362362362345E+00	2.677807117120710E+02
1.093453453453436E+00	2.683244420302831E+02
1.094544544544527E+00	2.688683541661671E+02
1.095635635635618E+00	2.694124479981774E+02
1.096726726726709E+00	2.699567234049659E+02
1.097817817817800E+00	2.705011802653898E+02
1.098908908908891E+00	2.710458184585027E+02
1.099999999999983E+00	2.715906378635632E+02
1.101091091091074E+00	2.721356383600223E+02
