# barionic density, energy density per particle 
1.000000000000000E-03	9.400506564054613E+02
2.780780780780781E-03	9.448544464397617E+02
4.561561561561562E-03	9.482785162650305E+02
6.342342342342344E-03	9.510514475203290E+02
8.123123123123124E-03	9.534160240077000E+02
9.903903903903905E-03	9.554912157111298E+02
1.168468468468469E-02	9.573464867116019E+02
1.346546546546547E-02	9.590267867457619E+02
1.524624624624625E-02	9.605632907855943E+02
1.702702702702703E-02	9.619787323825396E+02
1.880780780780781E-02	9.632903179486627E+02
2.058858858858859E-02	9.645114660912357E+02
2.236936936936937E-02	9.656528879734772E+02
2.415015015015015E-02	9.667233055210057E+02
2.593093093093093E-02	9.677299377910714E+02
2.771171171171171E-02	9.686788406904756E+02
2.949249249249249E-02	9.695751611766930E+02
3.127327327327327E-02	9.704233157268914E+02
3.305405405405405E-02	9.712271271254934E+02
3.483483483483484E-02	9.719899380821221E+02
3.661561561561562E-02	9.727146854601681E+02
3.839639639639640E-02	9.734039709196760E+02
4.017717717717718E-02	9.740601089980297E+02
4.195795795795797E-02	9.746851743024215E+02
4.373873873873875E-02	9.752810311868725E+02
4.551951951951953E-02	9.758493658733764E+02
4.730030030030032E-02	9.763917074025808E+02
4.908108108108110E-02	9.769094469363089E+02
5.086186186186188E-02	9.774038581546364E+02
5.264264264264266E-02	9.778761065577928E+02
5.442342342342345E-02	9.783272653397393E+02
5.620420420420423E-02	9.787583235733622E+02
5.798498498498501E-02	9.791701947190737E+02
5.976576576576580E-02	9.795637264609620E+02
6.154654654654658E-02	9.799397060760485E+02
6.332732732732736E-02	9.802988655729772E+02
6.510810810810815E-02	9.806418887800681E+02
6.688888888888893E-02	9.809694141548788E+02
6.866966966966971E-02	9.812820392701323E+02
7.045045045045049E-02	9.815803251611291E+02
7.223123123123128E-02	9.818647982467846E+02
7.401201201201206E-02	9.821359540440371E+02
7.579279279279284E-02	9.823942597282156E+02
7.757357357357363E-02	9.826401554089175E+02
7.935435435435441E-02	9.828740577404900E+02
8.113513513513519E-02	9.830963599826549E+02
8.291591591591597E-02	9.833074353082786E+02
8.469669669669676E-02	9.835076371252075E+02
8.647747747747754E-02	9.836973013511415E+02
8.825825825825832E-02	9.838767465610604E+02
9.003903903903911E-02	9.840462765662917E+02
9.181981981981989E-02	9.842061801006857E+02
9.360060060060067E-02	9.843567328001989E+02
9.538138138138146E-02	9.844981970052750E+02
9.716216216216224E-02	9.846308237969906E+02
9.894294294294302E-02	9.847548525693098E+02
1.007237237237238E-01	9.848705131851085E+02
1.025045045045046E-01	9.849780244778093E+02
1.042852852852854E-01	9.850775969491486E+02
1.060660660660662E-01	9.851694317247478E+02
1.078468468468469E-01	9.852537224904808E+02
1.096276276276277E-01	9.853306544123772E+02
1.114084084084085E-01	9.854004058658815E+02
1.131891891891893E-01	9.854631479784400E+02
1.149699699699701E-01	9.855190454248906E+02
1.167507507507509E-01	9.855682567295988E+02
1.185315315315316E-01	9.856109345540162E+02
1.203123123123124E-01	9.856472255555120E+02
1.220930930930932E-01	9.856772717875112E+02
1.238738738738740E-01	9.857012097252846E+02
1.256546546546548E-01	9.857191712470885E+02
1.274354354354355E-01	9.857312836695644E+02
1.292162162162163E-01	9.857376698552652E+02
1.309969969969971E-01	9.857384487760207E+02
1.327777777777779E-01	9.857337349725509E+02
1.345585585585587E-01	9.857236398079062E+02
1.363393393393394E-01	9.857082706830247E+02
1.381201201201202E-01	9.856877315948545E+02
1.399009009009010E-01	9.856621233149236E+02
1.416816816816818E-01	9.856315435626776E+02
1.434624624624626E-01	9.855960866953166E+02
1.452432432432434E-01	9.855558446640272E+02
1.470240240240241E-01	9.855109063499617E+02
1.488048048048049E-01	9.854613581512033E+02
1.505855855855857E-01	9.854072836682470E+02
1.523663663663665E-01	9.853487643743319E+02
1.541471471471473E-01	9.852858791861353E+02
1.559279279279281E-01	9.852187049882275E+02
1.577087087087088E-01	9.851473162986675E+02
1.594894894894896E-01	9.850717856774237E+02
1.612702702702704E-01	9.849921837402842E+02
1.630510510510512E-01	9.849085788834949E+02
1.648318318318320E-01	9.848210380984851E+02
1.666126126126128E-01	9.847296262420155E+02
1.683933933933935E-01	9.846344067300626E+02
1.701741741741743E-01	9.845354410220448E+02
1.719549549549551E-01	9.844327892784905E+02
1.737357357357359E-01	9.843265099390023E+02
1.755165165165167E-01	9.842166600145106E+02
1.772972972972975E-01	9.841032951518673E+02
1.790780780780782E-01	9.839864695499982E+02
1.808588588588590E-01	9.838662360626372E+02
1.826396396396398E-01	9.837426462771451E+02
1.844204204204206E-01	9.836157506101723E+02
1.862012012012014E-01	9.834855980450769E+02
1.879819819819822E-01	9.833522367135993E+02
1.897627627627629E-01	9.832157133499973E+02
1.915435435435437E-01	9.830760738056272E+02
1.933243243243245E-01	9.829333627373658E+02
1.951051051051053E-01	9.827876238765341E+02
1.968858858858861E-01	9.826388998326805E+02
1.986666666666669E-01	9.824872324156544E+02
2.004474474474476E-01	9.823326624346176E+02
2.022282282282284E-01	9.821752297857971E+02
2.040090090090092E-01	9.820149734922808E+02
2.057897897897900E-01	9.818519317501300E+02
2.075705705705708E-01	9.816861419285019E+02
2.093513513513516E-01	9.815176406063476E+02
2.111321321321323E-01	9.813464635718958E+02
2.129129129129131E-01	9.811726458667850E+02
2.146936936936939E-01	9.809962218123786E+02
2.164744744744747E-01	9.808172250198863E+02
2.182552552552555E-01	9.806356884091887E+02
2.200360360360362E-01	9.804516442179375E+02
2.218168168168170E-01	9.802651240550248E+02
2.235975975975978E-01	9.800761588838864E+02
2.253783783783786E-01	9.798847790596406E+02
2.271591591591594E-01	9.796910143359609E+02
2.289399399399402E-01	9.794948938845400E+02
2.307207207207209E-01	9.792964463133011E+02
2.325015015015017E-01	9.790956996677942E+02
2.342822822822825E-01	9.788926814729430E+02
2.360630630630633E-01	9.786874187280113E+02
2.378438438438441E-01	9.784799379063343E+02
2.396246246246249E-01	9.782702650117508E+02
2.414054054054056E-01	9.780584255480691E+02
2.431861861861864E-01	9.778444445467893E+02
2.449669669669672E-01	9.776283465936110E+02
2.467477477477480E-01	9.774101558206339E+02
2.485285285285288E-01	9.771898959183292E+02
2.503093093093096E-01	9.769675901584922E+02
2.520900900900903E-01	9.767432613979322E+02
2.538708708708711E-01	9.765169320898273E+02
2.556516516516518E-01	9.762886242886444E+02
2.574324324324326E-01	9.760583596670442E+02
2.592132132132133E-01	9.758261595207387E+02
2.609939939939941E-01	9.755920447785099E+02
2.627747747747748E-01	9.753560360111576E+02
2.645555555555556E-01	9.751181534393829E+02
2.663363363363364E-01	9.748784169427068E+02
2.681171171171171E-01	9.746368460666075E+02
2.698978978978979E-01	9.743981212040035E+02
2.716786786786786E-01	9.741752688630235E+02
2.734594594594594E-01	9.739687139076498E+02
2.752402402402401E-01	9.737780821701932E+02
2.770210210210209E-01	9.736030097244019E+02
2.788018018018016E-01	9.734431425478325E+02
2.805825825825824E-01	9.732981361972911E+02
2.823633633633632E-01	9.731676554968064E+02
2.841441441441439E-01	9.730513742375659E+02
2.859249249249247E-01	9.729489748892835E+02
2.877057057057054E-01	9.728601483224854E+02
2.894864864864862E-01	9.727845935412737E+02
2.912672672672669E-01	9.727220174261055E+02
2.930480480480477E-01	9.726721344860796E+02
2.948288288288284E-01	9.726346666204601E+02
2.966096096096092E-01	9.726093428889118E+02
2.983903903903899E-01	9.725958992901851E+02
3.001711711711707E-01	9.725940785488053E+02
3.019519519519515E-01	9.726036299094773E+02
3.037327327327322E-01	9.726243089389185E+02
3.055135135135130E-01	9.726558773347173E+02
3.072942942942937E-01	9.726981027410156E+02
3.090750750750745E-01	9.727507585707118E+02
3.108558558558552E-01	9.728136238338819E+02
3.126366366366360E-01	9.728864829722201E+02
3.144174174174167E-01	9.729691256992299E+02
3.161981981981975E-01	9.730613468459278E+02
3.179789789789783E-01	9.731629462118665E+02
3.197597597597590E-01	9.732737284212506E+02
3.215405405405398E-01	9.733935027839250E+02
3.233213213213205E-01	9.735220831610952E+02
3.251021021021013E-01	9.736592878355602E+02
3.268828828828820E-01	9.738049393862610E+02
3.286636636636628E-01	9.739588645670459E+02
3.304444444444435E-01	9.741208941894322E+02
3.322252252252243E-01	9.742908630092304E+02
3.340060060060051E-01	9.744686096168961E+02
3.357867867867858E-01	9.746539763314340E+02
3.375675675675666E-01	9.748468090977913E+02
3.393483483483473E-01	9.750469573875090E+02
3.411291291291281E-01	9.752542741026210E+02
3.429099099099088E-01	9.754686154825615E+02
3.446906906906896E-01	9.756898410141062E+02
3.464714714714703E-01	9.759178133440923E+02
3.482522522522511E-01	9.761523981949470E+02
3.500330330330318E-01	9.763934642828290E+02
3.518138138138126E-01	9.766408832383355E+02
3.535945945945934E-01	9.768945295296566E+02
3.553753753753741E-01	9.771542803881316E+02
3.571561561561549E-01	9.774200157360691E+02
3.589369369369356E-01	9.776916181167735E+02
3.607177177177164E-01	9.779689726267328E+02
3.624984984984971E-01	9.782519668498215E+02
3.642792792792779E-01	9.785404907935225E+02
3.660600600600586E-01	9.788344368270411E+02
3.678408408408394E-01	9.791336996212724E+02
3.696216216216202E-01	9.794381760905777E+02
3.714024024024009E-01	9.797477653362495E+02
3.731831831831817E-01	9.800623685916632E+02
3.749639639639624E-01	9.803818891690423E+02
3.767447447447432E-01	9.807062324077600E+02
3.785255255255239E-01	9.810353056241729E+02
3.803063063063047E-01	9.813690180628738E+02
3.820870870870854E-01	9.817072808493701E+02
3.838678678678662E-01	9.820500069441248E+02
3.856486486486470E-01	9.823971110978868E+02
3.874294294294277E-01	9.827485098083165E+02
3.892102102102085E-01	9.831041212778330E+02
3.909909909909892E-01	9.834638653726261E+02
3.927717717717700E-01	9.838276635828676E+02
3.945525525525507E-01	9.841954389839842E+02
3.963333333333315E-01	9.845671161990430E+02
3.981141141141122E-01	9.849426213621582E+02
3.998948948948930E-01	9.853218820829276E+02
4.016756756756737E-01	9.857048274118284E+02
4.034564564564545E-01	9.860913878065674E+02
4.052372372372353E-01	9.864814950993500E+02
4.070180180180160E-01	9.868750824650372E+02
4.087987987987968E-01	9.872720843901578E+02
4.105795795795775E-01	9.876724366427613E+02
4.123603603603583E-01	9.880760762430775E+02
4.141411411411390E-01	9.884829414349590E+02
4.159219219219198E-01	9.888929716580772E+02
4.177027027027005E-01	9.893061075208584E+02
4.194834834834813E-01	9.897222907741494E+02
4.212642642642621E-01	9.901414642855434E+02
4.230450450450428E-01	9.905635720144030E+02
4.248258258258236E-01	9.909885589875305E+02
4.266066066066043E-01	9.914163712754527E+02
4.283873873873851E-01	9.918469559693397E+02
4.301681681681658E-01	9.922802611585154E+02
4.319489489489466E-01	9.927162359085277E+02
4.337297297297273E-01	9.931548302397977E+02
4.355105105105081E-01	9.935959951068069E+02
4.372912912912889E-01	9.940396823778061E+02
4.390720720720696E-01	9.944858448150509E+02
4.408528528528504E-01	9.949344360555120E+02
4.426336336336311E-01	9.953854105920976E+02
4.444144144144119E-01	9.958387237553214E+02
4.461951951951926E-01	9.962943316954372E+02
4.479759759759734E-01	9.967521913650149E+02
4.497567567567541E-01	9.972122605019505E+02
4.515375375375349E-01	9.976744976128820E+02
4.533183183183156E-01	9.981388619570289E+02
4.550990990990964E-01	9.986053135304161E+02
4.568798798798772E-01	9.990738130504760E+02
4.586606606606579E-01	9.995443219410427E+02
4.604414414414387E-01	1.000016802317690E+03
4.622222222222194E-01	1.000491216973433E+03
4.640030030030002E-01	1.000967529364768E+03
4.657837837837809E-01	1.001445703598052E+03
4.675645645645617E-01	1.001925704416195E+03
4.693453453453424E-01	1.002407497185686E+03
4.711261261261232E-01	1.002891047883899E+03
4.729069069069040E-01	1.003376323086735E+03
4.746876876876847E-01	1.003863289956518E+03
4.764684684684655E-01	1.004351916230195E+03
4.782492492492462E-01	1.004842170207810E+03
4.800300300300270E-01	1.005334020741238E+03
4.818108108108077E-01	1.005827437223180E+03
4.835915915915885E-01	1.006322389576424E+03
4.853723723723692E-01	1.006818848243342E+03
4.871531531531500E-01	1.007316784175630E+03
4.889339339339308E-01	1.007816168824280E+03
4.907147147147115E-01	1.008316974129793E+03
4.924954954954923E-01	1.008819172512593E+03
4.942762762762730E-01	1.009322736863675E+03
4.960570570570538E-01	1.009827640535462E+03
4.978378378378345E-01	1.010333857332852E+03
4.996186186186153E-01	1.010841361504497E+03
5.013993993993960E-01	1.011350127734232E+03
5.031801801801769E-01	1.011860131132740E+03
5.049609609609577E-01	1.012371347229369E+03
5.067417417417385E-01	1.012883751964145E+03
5.085225225225193E-01	1.013397321679963E+03
5.103033033033001E-01	1.013912033114941E+03
5.120840840840809E-01	1.014427863394939E+03
5.138648648648617E-01	1.014944790026257E+03
5.156456456456425E-01	1.015462790888477E+03
5.174264264264233E-01	1.015981844227468E+03
5.192072072072041E-01	1.016501928648530E+03
5.209879879879850E-01	1.017023023109708E+03
5.227687687687658E-01	1.017545106915232E+03
5.245495495495466E-01	1.018068159709091E+03
5.263303303303274E-01	1.018592161468778E+03
5.281111111111082E-01	1.019117092499121E+03
5.298918918918890E-01	1.019642933426284E+03
5.316726726726698E-01	1.020169665191878E+03
5.334534534534506E-01	1.020697269047191E+03
5.352342342342314E-01	1.021225726547559E+03
5.370150150150123E-01	1.021755019546826E+03
5.387957957957931E-01	1.022285130191952E+03
5.405765765765739E-01	1.022816040917708E+03
5.423573573573547E-01	1.023347734441491E+03
5.441381381381355E-01	1.023880193758249E+03
5.459189189189163E-01	1.024413402135505E+03
5.476996996996971E-01	1.024947343108487E+03
5.494804804804779E-01	1.025482000475362E+03
5.512612612612587E-01	1.026017358292549E+03
5.530420420420395E-01	1.026553400870155E+03
5.548228228228204E-01	1.027090112767484E+03
5.566036036036012E-01	1.027627478788644E+03
5.583843843843820E-01	1.028165483978234E+03
5.601651651651628E-01	1.028704113617142E+03
5.619459459459436E-01	1.029243353218397E+03
5.637267267267244E-01	1.029783188523125E+03
5.655075075075052E-01	1.030323605496575E+03
5.672882882882860E-01	1.030864590324233E+03
5.690690690690668E-01	1.031406129408008E+03
5.708498498498477E-01	1.031948209362488E+03
5.726306306306285E-01	1.032490817011284E+03
5.744114114114093E-01	1.033033939383437E+03
5.761921921921901E-01	1.033577563709889E+03
5.779729729729709E-01	1.034121677420043E+03
5.797537537537517E-01	1.034666268138369E+03
5.815345345345325E-01	1.035211323681094E+03
5.833153153153133E-01	1.035756832052935E+03
5.850960960960941E-01	1.036302781443919E+03
5.868768768768750E-01	1.036849160226255E+03
5.886576576576558E-01	1.037395956951252E+03
5.904384384384366E-01	1.037943160346325E+03
5.922192192192174E-01	1.038490759312029E+03
5.939999999999982E-01	1.039038742919175E+03
5.957807807807790E-01	1.039587100405976E+03
5.975615615615598E-01	1.040135821175274E+03
5.993423423423406E-01	1.040684894791799E+03
6.011231231231214E-01	1.041234310979488E+03
6.029039039039022E-01	1.041784059618851E+03
6.046846846846831E-01	1.042334130744397E+03
6.064654654654639E-01	1.042884514542089E+03
6.082462462462447E-01	1.043435201346872E+03
6.100270270270255E-01	1.043986181640222E+03
6.118078078078063E-01	1.044537446047755E+03
6.135885885885871E-01	1.045088985336878E+03
6.153693693693679E-01	1.045640790414487E+03
6.171501501501487E-01	1.046192852324695E+03
6.189309309309295E-01	1.046745162246618E+03
6.207117117117104E-01	1.047297711492191E+03
6.224924924924912E-01	1.047850491504025E+03
6.242732732732720E-01	1.048403493853305E+03
6.260540540540528E-01	1.048956710237734E+03
6.278348348348336E-01	1.049510132479503E+03
6.296156156156144E-01	1.050063752523293E+03
6.313963963963952E-01	1.050617562434336E+03
6.331771771771760E-01	1.051171554396491E+03
6.349579579579568E-01	1.051725720710360E+03
6.367387387387377E-01	1.052280053791438E+03
6.385195195195185E-01	1.052834546168300E+03
6.403003003002993E-01	1.053389190480816E+03
6.420810810810801E-01	1.053943979478399E+03
6.438618618618609E-01	1.054498906018283E+03
6.456426426426417E-01	1.055053963063837E+03
6.474234234234225E-01	1.055609143682897E+03
6.492042042042033E-01	1.056164441046145E+03
6.509849849849841E-01	1.056719848425502E+03
6.527657657657649E-01	1.057275359192548E+03
6.545465465465458E-01	1.057830966816990E+03
6.563273273273266E-01	1.058386664865130E+03
6.581081081081074E-01	1.058942446998378E+03
6.598888888888882E-01	1.059498306971786E+03
6.616696696696690E-01	1.060054238632601E+03
6.634504504504498E-01	1.060610235918859E+03
6.652312312312306E-01	1.061166292857983E+03
6.670120120120114E-01	1.061722403565422E+03
6.687927927927922E-01	1.062278562243304E+03
6.705735735735731E-01	1.062834763179112E+03
6.723543543543539E-01	1.063391000744396E+03
6.741351351351347E-01	1.063947269393484E+03
6.759159159159155E-01	1.064503563662240E+03
6.776966966966963E-01	1.065059878166818E+03
6.794774774774771E-01	1.065616207602461E+03
6.812582582582579E-01	1.066172546742304E+03
6.830390390390387E-01	1.066728890436204E+03
6.848198198198195E-01	1.067285233609586E+03
6.866006006006004E-01	1.067841571262314E+03
6.883813813813812E-01	1.068397898467582E+03
6.901621621621620E-01	1.068954210370804E+03
6.919429429429428E-01	1.069510502188555E+03
6.937237237237236E-01	1.070066769207503E+03
6.955045045045044E-01	1.070623006783372E+03
6.972852852852852E-01	1.071179210339919E+03
6.990660660660660E-01	1.071735375367920E+03
7.008468468468468E-01	1.072291497424192E+03
7.026276276276276E-01	1.072847572130614E+03
7.044084084084085E-01	1.073403595173165E+03
7.061891891891893E-01	1.073959562300990E+03
7.079699699699701E-01	1.074515469325472E+03
7.097507507507509E-01	1.075071312119313E+03
7.115315315315317E-01	1.075627086615653E+03
7.133123123123125E-01	1.076182788807174E+03
7.150930930930933E-01	1.076738414745239E+03
7.168738738738741E-01	1.077293960539038E+03
7.186546546546549E-01	1.077849422354755E+03
7.204354354354358E-01	1.078404796414724E+03
7.222162162162166E-01	1.078960078996639E+03
7.239969969969974E-01	1.079515266432743E+03
7.257777777777782E-01	1.080070355109037E+03
7.275585585585590E-01	1.080625341464518E+03
7.293393393393398E-01	1.081180221990405E+03
7.311201201201206E-01	1.081734993229403E+03
7.329009009009014E-01	1.082289651774949E+03
7.346816816816822E-01	1.082844194270501E+03
7.364624624624631E-01	1.083398617408821E+03
7.382432432432439E-01	1.083952917931262E+03
7.400240240240247E-01	1.084507092627088E+03
7.418048048048055E-01	1.085061138332786E+03
7.435855855855863E-01	1.085615051931399E+03
7.453663663663671E-01	1.086168830351865E+03
7.471471471471479E-01	1.086722470568368E+03
7.489279279279287E-01	1.087275969599701E+03
7.507087087087095E-01	1.087829324508631E+03
7.524894894894903E-01	1.088382532401286E+03
7.542702702702712E-01	1.088935590426539E+03
7.560510510510520E-01	1.089488495775415E+03
7.578318318318328E-01	1.090041245680492E+03
7.596126126126136E-01	1.090593837415328E+03
7.613933933933944E-01	1.091146268293879E+03
7.631741741741752E-01	1.091698535669938E+03
7.649549549549560E-01	1.092250636936586E+03
7.667357357357368E-01	1.092802569525637E+03
7.685165165165176E-01	1.093354330907100E+03
7.702972972972985E-01	1.093905918588654E+03
7.720780780780793E-01	1.094457330115124E+03
7.738588588588601E-01	1.095008563067959E+03
7.756396396396409E-01	1.095559615064741E+03
7.774204204204217E-01	1.096110483758667E+03
7.792012012012025E-01	1.096661166838080E+03
7.809819819819833E-01	1.097211662025963E+03
7.827627627627641E-01	1.097761967079477E+03
7.845435435435449E-01	1.098312079789489E+03
7.863243243243258E-01	1.098861997980106E+03
7.881051051051066E-01	1.099411719508226E+03
7.898858858858874E-01	1.099961242263076E+03
7.916666666666682E-01	1.100510564165791E+03
7.934474474474490E-01	1.101059683168960E+03
7.952282282282298E-01	1.101608597256209E+03
7.970090090090106E-01	1.102157304441769E+03
7.987897897897914E-01	1.102705802770074E+03
8.005705705705722E-01	1.103254090315333E+03
8.023513513513530E-01	1.103802165181142E+03
8.041321321321339E-01	1.104350025500077E+03
8.059129129129147E-01	1.104897669433306E+03
8.076936936936955E-01	1.105445095170200E+03
8.094744744744763E-01	1.105992300927955E+03
8.112552552552571E-01	1.106539284951213E+03
8.130360360360379E-01	1.107086045511701E+03
8.148168168168187E-01	1.107632580907855E+03
8.165975975975995E-01	1.108178889464473E+03
8.183783783783803E-01	1.108724969532350E+03
8.201591591591612E-01	1.109270819487939E+03
8.219399399399420E-01	1.109816437733002E+03
8.237207207207228E-01	1.110361822694276E+03
8.255015015015036E-01	1.110906972823135E+03
8.272822822822844E-01	1.111451886595264E+03
8.290630630630652E-01	1.111996562510333E+03
8.308438438438460E-01	1.112540999091680E+03
8.326246246246268E-01	1.113085194885995E+03
8.344054054054076E-01	1.113629148463013E+03
8.361861861861885E-01	1.114172858415198E+03
8.379669669669693E-01	1.114716323357455E+03
8.397477477477501E-01	1.115259541926825E+03
8.415285285285309E-01	1.115802512782193E+03
8.433093093093117E-01	1.116345234604001E+03
8.450900900900925E-01	1.116887706093962E+03
8.468708708708733E-01	1.117429925974782E+03
8.486516516516541E-01	1.117971892989877E+03
8.504324324324349E-01	1.118513605903108E+03
8.522132132132157E-01	1.119055063498510E+03
8.539939939939966E-01	1.119596264580019E+03
8.557747747747774E-01	1.120137207971227E+03
8.575555555555582E-01	1.120677892515106E+03
8.593363363363390E-01	1.121218317073767E+03
8.611171171171198E-01	1.121758480528208E+03
8.628978978979006E-01	1.122298381778057E+03
8.646786786786814E-01	1.122838019741339E+03
8.664594594594622E-01	1.123377393354234E+03
8.682402402402430E-01	1.123916501570838E+03
8.700210210210239E-01	1.124455343362928E+03
8.718018018018047E-01	1.124993917719735E+03
8.735825825825855E-01	1.125532223647717E+03
8.753633633633663E-01	1.126070260170331E+03
8.771441441441471E-01	1.126608026327818E+03
8.789249249249279E-01	1.127145521176979E+03
8.807057057057087E-01	1.127682743790965E+03
8.824864864864895E-01	1.128219693259063E+03
8.842672672672703E-01	1.128756368686487E+03
8.860480480480512E-01	1.129292769194172E+03
8.878288288288320E-01	1.129828893918571E+03
8.896096096096128E-01	1.130364742011454E+03
8.913903903903936E-01	1.130900312639712E+03
8.931711711711744E-01	1.131435604985160E+03
8.949519519519552E-01	1.131970618244344E+03
8.967327327327360E-01	1.132505351628353E+03
8.985135135135168E-01	1.133039804362632E+03
9.002942942942976E-01	1.133573975686794E+03
9.020750750750784E-01	1.134107864854441E+03
9.038558558558593E-01	1.134641471132984E+03
9.056366366366401E-01	1.135174793803465E+03
9.074174174174209E-01	1.135707832160381E+03
9.091981981982017E-01	1.136240585511515E+03
9.109789789789825E-01	1.136773053177759E+03
9.127597597597633E-01	1.137305234492953E+03
9.145405405405441E-01	1.137837128803717E+03
9.163213213213249E-01	1.138368735469285E+03
9.181021021021057E-01	1.138900053861344E+03
9.198828828828866E-01	1.139431083363882E+03
9.216636636636674E-01	1.139961823373020E+03
9.234444444444482E-01	1.140492273296866E+03
9.252252252252290E-01	1.141022432555354E+03
9.270060060060098E-01	1.141552300580101E+03
9.287867867867906E-01	1.142081876814255E+03
9.305675675675714E-01	1.142611160712344E+03
9.323483483483522E-01	1.143140151740138E+03
9.341291291291330E-01	1.143668849374501E+03
9.359099099099139E-01	1.144197253103251E+03
9.376906906906947E-01	1.144725362425024E+03
9.394714714714755E-01	1.145253176849127E+03
9.412522522522563E-01	1.145780695895417E+03
9.430330330330371E-01	1.146307919094153E+03
9.448138138138179E-01	1.146834845985873E+03
9.465945945945987E-01	1.147361476121255E+03
9.483753753753795E-01	1.147887809061000E+03
9.501561561561603E-01	1.148413844375695E+03
9.519369369369411E-01	1.148939581645691E+03
9.537177177177220E-01	1.149465020460981E+03
9.554984984985028E-01	1.149990160421075E+03
9.572792792792836E-01	1.150515001134878E+03
9.590600600600644E-01	1.151039542220576E+03
9.608408408408452E-01	1.151563783305517E+03
9.626216216216260E-01	1.152087724026093E+03
9.644024024024068E-01	1.152611364027623E+03
9.661831831831876E-01	1.153134702964250E+03
9.679639639639684E-01	1.153657740498816E+03
9.697447447447493E-01	1.154180476302764E+03
9.715255255255301E-01	1.154702910056021E+03
9.733063063063109E-01	1.155225041446898E+03
9.750870870870917E-01	1.155746870171973E+03
9.768678678678725E-01	1.156268395935999E+03
9.786486486486533E-01	1.156789618451794E+03
9.804294294294341E-01	1.157310537440139E+03
9.822102102102149E-01	1.157831152629677E+03
9.839909909909957E-01	1.158351463756819E+03
9.857717717717766E-01	1.158871470565640E+03
9.875525525525574E-01	1.159391172807784E+03
9.893333333333382E-01	1.159910570242369E+03
9.911141141141190E-01	1.160429662635892E+03
9.928948948948998E-01	1.160948449762136E+03
9.946756756756806E-01	1.161466931402080E+03
9.964564564564614E-01	1.161985107343805E+03
9.982372372372422E-01	1.162502977382402E+03
1.000018018018023E+00	1.163020541319893E+03
1.001798798798804E+00	1.163537798965134E+03
1.003579579579585E+00	1.164054750133732E+03
1.005360360360365E+00	1.164571394647960E+03
1.007141141141146E+00	1.165087732336674E+03
1.008921921921927E+00	1.165603763035226E+03
1.010702702702708E+00	1.166119486585389E+03
1.012483483483489E+00	1.166634902835263E+03
1.014264264264269E+00	1.167150011639213E+03
1.016045045045050E+00	1.167664812857773E+03
1.017825825825831E+00	1.168179306357577E+03
1.019606606606612E+00	1.168693492011281E+03
1.021387387387393E+00	1.169207369697486E+03
1.023168168168173E+00	1.169720939300659E+03
1.024948948948954E+00	1.170234200711067E+03
1.026729729729735E+00	1.170747153824696E+03
1.028510510510516E+00	1.171259798543183E+03
1.030291291291297E+00	1.171772134773741E+03
1.032072072072078E+00	1.172284162429090E+03
1.033852852852858E+00	1.172795881427392E+03
1.035633633633639E+00	1.173307291692172E+03
1.037414414414420E+00	1.173818393152259E+03
1.039195195195201E+00	1.174329185741713E+03
1.040975975975982E+00	1.174839669399764E+03
1.042756756756762E+00	1.175349844070739E+03
1.044537537537543E+00	1.175859709704003E+03
1.046318318318324E+00	1.176369266253895E+03
1.048099099099105E+00	1.176878513679661E+03
1.049879879879886E+00	1.177387451945396E+03
1.051660660660666E+00	1.177896081019978E+03
1.053441441441447E+00	1.178404400877010E+03
1.055222222222228E+00	1.178912411494758E+03
1.057003003003009E+00	1.179420112856095E+03
1.058783783783790E+00	1.179927504948437E+03
1.060564564564570E+00	1.180434587763691E+03
1.062345345345351E+00	1.180941361298189E+03
1.064126126126132E+00	1.181447825552642E+03
1.065906906906913E+00	1.181953980532079E+03
1.067687687687694E+00	1.182459826245788E+03
1.069468468468475E+00	1.182965362707267E+03
1.071249249249255E+00	1.183470589934170E+03
1.073030030030036E+00	1.183975507948248E+03
1.074810810810817E+00	1.184480116775305E+03
1.076591591591598E+00	1.184984416445138E+03
1.078372372372379E+00	1.185488406991490E+03
1.080153153153159E+00	1.185992088451999E+03
1.081933933933940E+00	1.186495460868147E+03
1.083714714714721E+00	1.186998524285209E+03
1.085495495495502E+00	1.187501278752208E+03
1.087276276276283E+00	1.188003724321862E+03
1.089057057057063E+00	1.188505861050540E+03
1.090837837837844E+00	1.189007688998216E+03
1.092618618618625E+00	1.189509208228415E+03
1.094399399399406E+00	1.190010418808174E+03
1.096180180180187E+00	1.190511320807995E+03
1.097960960960968E+00	1.191011914301799E+03
1.099741741741748E+00	1.191512199366881E+03
1.101522522522529E+00	1.192012176083867E+03
1.103303303303310E+00	1.192511844536672E+03
1.105084084084091E+00	1.193011204812453E+03
1.106864864864872E+00	1.193510257001574E+03
1.108645645645652E+00	1.194009001197554E+03
1.110426426426433E+00	1.194507437497035E+03
1.112207207207214E+00	1.195005565999738E+03
1.113987987987995E+00	1.195503386808416E+03
1.115768768768776E+00	1.196000900028828E+03
1.117549549549556E+00	1.196498105769687E+03
1.119330330330337E+00	1.196995004142627E+03
1.121111111111118E+00	1.197491595262161E+03
1.122891891891899E+00	1.197987879245650E+03
1.124672672672680E+00	1.198483856213256E+03
1.126453453453460E+00	1.198979526287912E+03
1.128234234234241E+00	1.199474889595281E+03
1.130015015015022E+00	1.199969946263723E+03
1.131795795795803E+00	1.200464696424257E+03
1.133576576576584E+00	1.200959140210527E+03
1.135357357357365E+00	1.201453277758764E+03
1.137138138138145E+00	1.201947109207758E+03
1.138918918918926E+00	1.202440634698813E+03
1.140699699699707E+00	1.202933854375726E+03
1.142480480480488E+00	1.203426768384744E+03
1.144261261261269E+00	1.203919376874534E+03
1.146042042042049E+00	1.204411679996153E+03
1.147822822822830E+00	1.204903677903010E+03
1.149603603603611E+00	1.205395370750842E+03
1.151384384384392E+00	1.205886758697674E+03
1.153165165165173E+00	1.206377841903794E+03
1.154945945945953E+00	1.206868620531721E+03
1.156726726726734E+00	1.207359094746171E+03
1.158507507507515E+00	1.207849264714033E+03
1.160288288288296E+00	1.208339130604335E+03
1.162069069069077E+00	1.208828692588215E+03
1.163849849849858E+00	1.209317950838894E+03
1.165630630630638E+00	1.209806905531646E+03
1.167411411411419E+00	1.210295556843770E+03
1.169192192192200E+00	1.210783904954560E+03
1.170972972972981E+00	1.211271950045283E+03
1.172753753753762E+00	1.211759692299143E+03
1.174534534534542E+00	1.212247131901263E+03
1.176315315315323E+00	1.212734269038653E+03
1.178096096096104E+00	1.213221103900184E+03
1.179876876876885E+00	1.213707636676562E+03
1.181657657657666E+00	1.214193867560304E+03
1.183438438438446E+00	1.214679796745712E+03
1.185219219219227E+00	1.215165424428846E+03
1.187000000000008E+00	1.215650750807501E+03
1.188780780780789E+00	1.216135776081179E+03
1.190561561561570E+00	1.216620500451073E+03
1.192342342342350E+00	1.217104924120030E+03
1.194123123123131E+00	1.217589047292541E+03
1.195903903903912E+00	1.218072870174705E+03
1.197684684684693E+00	1.218556392974217E+03
1.199465465465474E+00	1.219039615900337E+03
1.201246246246255E+00	1.219522539163872E+03
1.203027027027035E+00	1.220005162977147E+03
1.204807807807816E+00	1.220487487553992E+03
1.206588588588597E+00	1.220969513109715E+03
1.208369369369378E+00	1.221451239861080E+03
1.210150150150159E+00	1.221932668026287E+03
1.211930930930939E+00	1.222413797824947E+03
1.213711711711720E+00	1.222894629478070E+03
1.215492492492501E+00	1.223375163208034E+03
1.217273273273282E+00	1.223855399238572E+03
1.219054054054063E+00	1.224335337794748E+03
1.220834834834843E+00	1.224814979102937E+03
1.222615615615624E+00	1.225294323390808E+03
1.224396396396405E+00	1.225773370887301E+03
1.226177177177186E+00	1.226252121822611E+03
1.227957957957967E+00	1.226730576428166E+03
1.229738738738748E+00	1.227208734936612E+03
1.231519519519528E+00	1.227686597581787E+03
1.233300300300309E+00	1.228164164598713E+03
1.235081081081090E+00	1.228641436223568E+03
1.236861861861871E+00	1.229118412693675E+03
1.238642642642652E+00	1.229595094247479E+03
1.240423423423432E+00	1.230071481124532E+03
1.242204204204213E+00	1.230547573565477E+03
1.243984984984994E+00	1.231023371812030E+03
1.245765765765775E+00	1.231498876106958E+03
1.247546546546556E+00	1.231974086694070E+03
1.249327327327336E+00	1.232449003818196E+03
1.251108108108117E+00	1.232923627725169E+03
1.252888888888898E+00	1.233397958661813E+03
1.254669669669679E+00	1.233871996875927E+03
1.256450450450460E+00	1.234345742616263E+03
1.258231231231240E+00	1.234819196132517E+03
1.260012012012021E+00	1.235292357675312E+03
1.261792792792802E+00	1.235765227496177E+03
1.263573573573583E+00	1.236237805847541E+03
1.265354354354364E+00	1.236710092982711E+03
1.267135135135145E+00	1.237182089155861E+03
1.268915915915925E+00	1.237653794622016E+03
1.270696696696706E+00	1.238125209637035E+03
1.272477477477487E+00	1.238596334457603E+03
1.274258258258268E+00	1.239067169341212E+03
1.276039039039049E+00	1.239537714546144E+03
1.277819819819829E+00	1.240007970331468E+03
1.279600600600610E+00	1.240477936957014E+03
1.281381381381391E+00	1.240947614683367E+03
1.283162162162172E+00	1.241417003771852E+03
1.284942942942953E+00	1.241886104484522E+03
1.286723723723733E+00	1.242354917084139E+03
1.288504504504514E+00	1.242823441834171E+03
1.290285285285295E+00	1.243291678998769E+03
1.292066066066076E+00	1.243759628842762E+03
1.293846846846857E+00	1.244227291631640E+03
1.295627627627638E+00	1.244694667631546E+03
1.297408408408418E+00	1.245161757109257E+03
1.299189189189199E+00	1.245628560332181E+03
1.300969969969980E+00	1.246095077568335E+03
1.302750750750761E+00	1.246561309086343E+03
1.304531531531542E+00	1.247027255155418E+03
1.306312312312322E+00	1.247492916045351E+03
1.308093093093103E+00	1.247958292026502E+03
1.309873873873884E+00	1.248423383369788E+03
1.311654654654665E+00	1.248888190346672E+03
1.313435435435446E+00	1.249352713229150E+03
1.315216216216226E+00	1.249816952289743E+03
1.316996996997007E+00	1.250280907801483E+03
1.318777777777788E+00	1.250744580037908E+03
1.320558558558569E+00	1.251207969273043E+03
1.322339339339350E+00	1.251671075781398E+03
1.324120120120130E+00	1.252133899837954E+03
1.325900900900911E+00	1.252596441718151E+03
1.327681681681692E+00	1.253058701697882E+03
1.329462462462473E+00	1.253520680053480E+03
1.331243243243254E+00	1.253982377061709E+03
1.333024024024035E+00	1.254443792999756E+03
1.334804804804815E+00	1.254904928145218E+03
1.336585585585596E+00	1.255365782776097E+03
1.338366366366377E+00	1.255826357170787E+03
1.340147147147158E+00	1.256286651608066E+03
1.341927927927939E+00	1.256746666367085E+03
1.343708708708719E+00	1.257206401727365E+03
1.345489489489500E+00	1.257665857968780E+03
1.347270270270281E+00	1.258125035371554E+03
1.349051051051062E+00	1.258583934216250E+03
1.350831831831843E+00	1.259042554783760E+03
1.352612612612623E+00	1.259500897355301E+03
1.354393393393404E+00	1.259958962212402E+03
1.356174174174185E+00	1.260416749636896E+03
1.357954954954966E+00	1.260874259910917E+03
1.359735735735747E+00	1.261331493316884E+03
1.361516516516527E+00	1.261788450137498E+03
1.363297297297308E+00	1.262245130655735E+03
1.365078078078089E+00	1.262701535154833E+03
1.366858858858870E+00	1.263157663918290E+03
1.368639639639651E+00	1.263613517229852E+03
1.370420420420432E+00	1.264069095373506E+03
1.372201201201212E+00	1.264524398633476E+03
1.373981981981993E+00	1.264979427294214E+03
1.375762762762774E+00	1.265434181640385E+03
1.377543543543555E+00	1.265888661956875E+03
1.379324324324336E+00	1.266342868528769E+03
1.381105105105116E+00	1.266796801641354E+03
1.382885885885897E+00	1.267250461580106E+03
1.384666666666678E+00	1.267703848630688E+03
1.386447447447459E+00	1.268156963078934E+03
1.388228228228240E+00	1.268609805210858E+03
1.390009009009020E+00	1.269062375312632E+03
1.391789789789801E+00	1.269514673670584E+03
1.393570570570582E+00	1.269966700571198E+03
1.395351351351363E+00	1.270418456301097E+03
1.397132132132144E+00	1.270869941147048E+03
1.398912912912925E+00	1.271321155395944E+03
1.400693693693705E+00	1.271772099334805E+03
1.402474474474486E+00	1.272222773250774E+03
1.404255255255267E+00	1.272673177431101E+03
1.406036036036048E+00	1.273123312163148E+03
1.407816816816829E+00	1.273573177734377E+03
1.409597597597609E+00	1.274022774432345E+03
1.411378378378390E+00	1.274472102544698E+03
1.413159159159171E+00	1.274921162359166E+03
1.414939939939952E+00	1.275369954163557E+03
1.416720720720733E+00	1.275818478245753E+03
1.418501501501513E+00	1.276266734893702E+03
1.420282282282294E+00	1.276714724395413E+03
1.422063063063075E+00	1.277162447038950E+03
1.423843843843856E+00	1.277609903112430E+03
1.425624624624637E+00	1.278057092904016E+03
1.427405405405417E+00	1.278504016701907E+03
1.429186186186198E+00	1.278950674794342E+03
1.430966966966979E+00	1.279397067469587E+03
1.432747747747760E+00	1.279843195015934E+03
1.434528528528541E+00	1.280289057721693E+03
1.436309309309322E+00	1.280734655875192E+03
1.438090090090102E+00	1.281179989764768E+03
1.439870870870883E+00	1.281625059678762E+03
1.441651651651664E+00	1.282069865905517E+03
1.443432432432445E+00	1.282514408733371E+03
1.445213213213226E+00	1.282958688450654E+03
1.446993993994006E+00	1.283402705345682E+03
1.448774774774787E+00	1.283846459706754E+03
1.450555555555568E+00	1.284289951822146E+03
1.452336336336349E+00	1.284733181980106E+03
1.454117117117130E+00	1.285176150468854E+03
1.455897897897910E+00	1.285618857576573E+03
1.457678678678691E+00	1.286061303591404E+03
1.459459459459472E+00	1.286503488801448E+03
1.461240240240253E+00	1.286945413494755E+03
1.463021021021034E+00	1.287387077959324E+03
1.464801801801815E+00	1.287828482483098E+03
1.466582582582595E+00	1.288269627353959E+03
1.468363363363376E+00	1.288710512859726E+03
1.470144144144157E+00	1.289151139288148E+03
1.471924924924938E+00	1.289591506926903E+03
1.473705705705719E+00	1.290031616063593E+03
1.475486486486499E+00	1.290471466985741E+03
1.477267267267280E+00	1.290911059980787E+03
1.479048048048061E+00	1.291350395336082E+03
1.480828828828842E+00	1.291789473338887E+03
1.482609609609623E+00	1.292228294276370E+03
1.484390390390403E+00	1.292666858435601E+03
1.486171171171184E+00	1.293105166103549E+03
1.487951951951965E+00	1.293543217567074E+03
1.489732732732746E+00	1.293981013112934E+03
1.491513513513527E+00	1.294418553027772E+03
1.493294294294307E+00	1.294855837598117E+03
1.495075075075088E+00	1.295292867110380E+03
1.496855855855869E+00	1.295729641850848E+03
1.498636636636650E+00	1.296166162105687E+03
1.500417417417431E+00	1.296602428160934E+03
1.502198198198212E+00	1.297038440302494E+03
1.503978978978992E+00	1.297474198816140E+03
1.505759759759773E+00	1.297909703987503E+03
1.507540540540554E+00	1.298344956102081E+03
1.509321321321335E+00	1.298779955445223E+03
1.511102102102116E+00	1.299214702302136E+03
1.512882882882896E+00	1.299649196957874E+03
1.514663663663677E+00	1.300083439697343E+03
1.516444444444458E+00	1.300517430805292E+03
1.518225225225239E+00	1.300951170566314E+03
1.520006006006020E+00	1.301384659264840E+03
1.521786786786800E+00	1.301817897185141E+03
1.523567567567581E+00	1.302250884611318E+03
1.525348348348362E+00	1.302683621827308E+03
1.527129129129143E+00	1.303116109116874E+03
1.528909909909924E+00	1.303548346763607E+03
1.530690690690705E+00	1.303980335050923E+03
1.532471471471485E+00	1.304412074262057E+03
1.534252252252266E+00	1.304843564680064E+03
1.536033033033047E+00	1.305274806587816E+03
1.537813813813828E+00	1.305705800268000E+03
1.539594594594609E+00	1.306136546003111E+03
1.541375375375389E+00	1.306567044075456E+03
1.543156156156170E+00	1.306997294767150E+03
1.544936936936951E+00	1.307427298360109E+03
1.546717717717732E+00	1.307857055136055E+03
1.548498498498513E+00	1.308286565376508E+03
1.550279279279293E+00	1.308715829362789E+03
1.552060060060074E+00	1.309144847376009E+03
1.553840840840855E+00	1.309573619697081E+03
1.555621621621636E+00	1.310002146606699E+03
1.557402402402417E+00	1.310430428385356E+03
1.559183183183197E+00	1.310858465313325E+03
1.560963963963978E+00	1.311286257670672E+03
1.562744744744759E+00	1.311713805737238E+03
1.564525525525540E+00	1.312141109792651E+03
1.566306306306321E+00	1.312568170116317E+03
1.568087087087102E+00	1.312994986987417E+03
1.569867867867882E+00	1.313421560684912E+03
1.571648648648663E+00	1.313847891487531E+03
1.573429429429444E+00	1.314273979673781E+03
1.575210210210225E+00	1.314699825521934E+03
1.576990990991006E+00	1.315125429310033E+03
1.578771771771786E+00	1.315550791315885E+03
1.580552552552567E+00	1.315975911817064E+03
1.582333333333348E+00	1.316400791090906E+03
1.584114114114129E+00	1.316825429414507E+03
1.585894894894910E+00	1.317249827064725E+03
1.587675675675690E+00	1.317673984318172E+03
1.589456456456471E+00	1.318097901451221E+03
1.591237237237252E+00	1.318521578739997E+03
1.593018018018033E+00	1.318945016460377E+03
1.594798798798814E+00	1.319368214887991E+03
1.596579579579595E+00	1.319791174298220E+03
1.598360360360375E+00	1.320213894966191E+03
1.600141141141156E+00	1.320636377166779E+03
1.601921921921937E+00	1.321058621174605E+03
1.603702702702718E+00	1.321480627264032E+03
1.605483483483499E+00	1.321902395709168E+03
1.607264264264279E+00	1.322323926783861E+03
1.609045045045060E+00	1.322745220761701E+03
1.610825825825841E+00	1.323166277916010E+03
1.612606606606622E+00	1.323587098519853E+03
1.614387387387403E+00	1.324007682846031E+03
1.616168168168183E+00	1.324428031167075E+03
1.617948948948964E+00	1.324848143755253E+03
1.619729729729745E+00	1.325268020882562E+03
1.621510510510526E+00	1.325687662820732E+03
1.623291291291307E+00	1.326107069841221E+03
1.625072072072087E+00	1.326526242215215E+03
1.626852852852868E+00	1.326945180213627E+03
1.628633633633649E+00	1.327363884107099E+03
1.630414414414430E+00	1.327782354165992E+03
1.632195195195211E+00	1.328200590660395E+03
1.633975975975992E+00	1.328618593860117E+03
1.635756756756772E+00	1.329036364034688E+03
1.637537537537553E+00	1.329453901453361E+03
1.639318318318334E+00	1.329871206385105E+03
1.641099099099115E+00	1.330288279098610E+03
1.642879879879896E+00	1.330705119862279E+03
1.644660660660676E+00	1.331121728944236E+03
1.646441441441457E+00	1.331538106612316E+03
1.648222222222238E+00	1.331954253134070E+03
1.650003003003019E+00	1.332370168776762E+03
1.651783783783800E+00	1.332785853807367E+03
1.653564564564580E+00	1.333201308492571E+03
1.655345345345361E+00	1.333616533098774E+03
1.657126126126142E+00	1.334031527892080E+03
1.658906906906923E+00	1.334446293138305E+03
1.660687687687704E+00	1.334860829102973E+03
1.662468468468485E+00	1.335275136051313E+03
1.664249249249265E+00	1.335689214248258E+03
1.666030030030046E+00	1.336103063958451E+03
1.667810810810827E+00	1.336516685446236E+03
1.669591591591608E+00	1.336930078975662E+03
1.671372372372389E+00	1.337343244810479E+03
1.673153153153169E+00	1.337756183214141E+03
1.674933933933950E+00	1.338168894449801E+03
1.676714714714731E+00	1.338581378780314E+03
1.678495495495512E+00	1.338993636468234E+03
1.680276276276293E+00	1.339405667775814E+03
1.682057057057073E+00	1.339817472965007E+03
1.683837837837854E+00	1.340229052297462E+03
1.685618618618635E+00	1.340640406034523E+03
1.687399399399416E+00	1.341051534437235E+03
1.689180180180197E+00	1.341462437766334E+03
1.690960960960977E+00	1.341873116282255E+03
1.692741741741758E+00	1.342283570245124E+03
1.694522522522539E+00	1.342693799914763E+03
1.696303303303320E+00	1.343103805550685E+03
1.698084084084101E+00	1.343513587412099E+03
1.699864864864882E+00	1.343923145757904E+03
1.701645645645662E+00	1.344332480846688E+03
1.703426426426443E+00	1.344741592936733E+03
1.705207207207224E+00	1.345150482286013E+03
1.706987987988005E+00	1.345559149152188E+03
1.708768768768786E+00	1.345967593792609E+03
1.710549549549566E+00	1.346375816464316E+03
1.712330330330347E+00	1.346783817424037E+03
1.714111111111128E+00	1.347191596928187E+03
1.715891891891909E+00	1.347599155232870E+03
1.717672672672690E+00	1.348006492593877E+03
1.719453453453470E+00	1.348413609266684E+03
1.721234234234251E+00	1.348820505506455E+03
1.723015015015032E+00	1.349227181568035E+03
1.724795795795813E+00	1.349633637705961E+03
1.726576576576594E+00	1.350039874174450E+03
1.728357357357375E+00	1.350445891227405E+03
1.730138138138155E+00	1.350851689118414E+03
1.731918918918936E+00	1.351257268100745E+03
1.733699699699717E+00	1.351662628427354E+03
1.735480480480498E+00	1.352067770350876E+03
1.737261261261279E+00	1.352472694123631E+03
1.739042042042059E+00	1.352877399997620E+03
1.740822822822840E+00	1.353281888224528E+03
1.742603603603621E+00	1.353686159055717E+03
1.744384384384402E+00	1.354090212742235E+03
1.746165165165183E+00	1.354494049534810E+03
1.747945945945963E+00	1.354897669683849E+03
1.749726726726744E+00	1.355301073439439E+03
1.751507507507525E+00	1.355704261051351E+03
1.753288288288306E+00	1.356107232769030E+03
1.755069069069087E+00	1.356509988841608E+03
1.756849849849867E+00	1.356912529517890E+03
1.758630630630648E+00	1.357314855046361E+03
1.760411411411429E+00	1.357716965675188E+03
1.762192192192210E+00	1.358118861652216E+03
1.763972972972991E+00	1.358520543224965E+03
1.765753753753772E+00	1.358922010640638E+03
1.767534534534552E+00	1.359323264146113E+03
1.769315315315333E+00	1.359724303987946E+03
1.771096096096114E+00	1.360125130412371E+03
1.772876876876895E+00	1.360525743665301E+03
1.774657657657676E+00	1.360926143992324E+03
1.776438438438456E+00	1.361326331638709E+03
1.778219219219237E+00	1.361726306849396E+03
1.780000000000018E+00	1.362126069869006E+03
