# barionic density, energy density 
1.000000000000000E-03	9.400506564054613E-01
2.780780780780781E-03	2.627433085294953E+00
4.561561561561562E-03	4.325630829449194E+00
6.342342342342344E-03	6.031893865354160E+00
8.123123123123124E-03	7.744715750573059E+00
9.903903903903905E-03	9.463093181427347E+00
1.168468468468469E-02	1.118629183121575E+01
1.346546546546547E-02	1.291374207738137E+01
1.524624624624625E-02	1.464498446642181E+01
1.702702702702703E-02	1.637963787570271E+01
1.880780780780781E-02	1.811737916310053E+01
2.058858858858859E-02	1.985792976432887E+01
2.236936936936937E-02	2.160104613367697E+01
2.415015015015015E-02	2.334651298198176E+01
2.593093093093093E-02	2.509413817665435E+01
2.771171171171171E-02	2.684374877444957E+01
2.949249249249249E-02	2.859518816191081E+01
3.127327327327327E-02	3.034831354348302E+01
3.305405405405405E-02	3.210299395876969E+01
3.483483483483484E-02	3.385910895421206E+01
3.661561561561562E-02	3.561654702647397E+01
3.839639639639640E-02	3.737520472125819E+01
4.017717717717718E-02	3.913498558043436E+01
4.195795795795797E-02	4.089579956562594E+01
4.373873873873875E-02	4.265756221993033E+01
4.551951951951953E-02	4.442019425798392E+01
4.730030030030032E-02	4.618362097086503E+01
4.908108108108110E-02	4.794777177395507E+01
5.086186186186188E-02	4.971258001671196E+01
5.264264264264266E-02	5.147798242630065E+01
5.442342342342345E-02	5.324391900826457E+01
5.620420420420423E-02	5.501033268468185E+01
5.798498498498501E-02	5.677716903853034E+01
5.976576576576580E-02	5.854437622830653E+01
6.154654654654658E-02	6.031190473281870E+01
6.332732732732736E-02	6.207970713874762E+01
6.510810810810815E-02	6.384773811003204E+01
6.688888888888893E-02	6.561595414680416E+01
6.866966966966971E-02	6.738431348945984E+01
7.045045045045049E-02	6.915277606090120E+01
7.223123123123128E-02	7.092130327996975E+01
7.401201201201206E-02	7.268985802813620E+01
7.579279279279284E-02	7.445840456840976E+01
7.757357357357363E-02	7.622690839196149E+01
7.935435435435441E-02	7.799533626364104E+01
8.113513513513519E-02	7.976365601805222E+01
8.291591591591597E-02	8.153183662551622E+01
8.469669669669676E-02	8.329984804047859E+01
8.647747747747754E-02	8.506766122224877E+01
8.825825825825832E-02	8.683524799228104E+01
9.003903903903911E-02	8.860258111197341E+01
9.181981981981989E-02	9.036963412239817E+01
9.360060060060067E-02	9.213638139534361E+01
9.538138138138146E-02	9.390279799784254E+01
9.716216216216224E-02	9.566885977162660E+01
9.894294294294302E-02	9.743454319055149E+01
1.007237237237238E-01	9.919982547369895E+01
1.025045045045046E-01	1.009646843469236E+02
1.042852852852854E-01	1.027290982259853E+02
1.060660660660662E-01	1.044930460315859E+02
1.078468468468469E-01	1.062565073147167E+02
1.096276276276277E-01	1.080194620720068E+02
1.114084084084085E-01	1.097818908625176E+02
1.131891891891893E-01	1.115437746955057E+02
1.149699699699701E-01	1.133050950573332E+02
1.167507507507509E-01	1.150658338892894E+02
1.185315315315316E-01	1.168259735669117E+02
1.203123123123124E-01	1.185854968307990E+02
1.220930930930932E-01	1.203443869040987E+02
1.238738738738740E-01	1.221026273308349E+02
1.256546546546548E-01	1.238602020495254E+02
1.274354354354355E-01	1.256170953567618E+02
1.292162162162163E-01	1.273732918804872E+02
1.309969969969971E-01	1.291287766141370E+02
1.327777777777779E-01	1.308835348102444E+02
1.345585585585587E-01	1.326375521096477E+02
1.363393393393394E-01	1.343908144062464E+02
1.381201201201202E-01	1.361433078888101E+02
1.399009009009010E-01	1.378950190356528E+02
1.416816816816818E-01	1.396459346104720E+02
1.434624624624626E-01	1.413960415906769E+02
1.452432432432434E-01	1.431453272763375E+02
1.470240240240241E-01	1.448937791711346E+02
1.488048048048049E-01	1.466413850423678E+02
1.505855855855857E-01	1.483881328514844E+02
1.523663663663665E-01	1.501340108313060E+02
1.541471471471473E-01	1.518790074009116E+02
1.559279279279281E-01	1.536231112246510E+02
1.577087087087088E-01	1.553663111413128E+02
1.594894894894896E-01	1.571085962081922E+02
1.612702702702704E-01	1.588499556858995E+02
1.630510510510512E-01	1.605903789761510E+02
1.648318318318320E-01	1.623298557362997E+02
1.666126126126128E-01	1.640683757452239E+02
1.683933933933935E-01	1.658059290011661E+02
1.701741741741743E-01	1.675425056211330E+02
1.719549549549551E-01	1.692780959365637E+02
1.737357357357359E-01	1.710126904084417E+02
1.755165165165167E-01	1.727462796632677E+02
1.772972972972975E-01	1.744788544917907E+02
1.790780780780782E-01	1.762104058218471E+02
1.808588588588590E-01	1.779409247240494E+02
1.826396396396398E-01	1.796704024142034E+02
1.844204204204206E-01	1.813988302596755E+02
1.862012012012014E-01	1.831261997200752E+02
1.879819819819822E-01	1.848525024438377E+02
1.897627627627629E-01	1.865777301570563E+02
1.915435435435437E-01	1.883018747496041E+02
1.933243243243245E-01	1.900249282070374E+02
1.951051051051053E-01	1.917468826524279E+02
1.968858858858861E-01	1.934677302994898E+02
1.986666666666669E-01	1.951874635065768E+02
2.004474474474476E-01	1.969060747292743E+02
2.022282282282284E-01	1.986235565292349E+02
2.040090090090092E-01	2.003399015741686E+02
2.057897897897900E-01	2.020551026395585E+02
2.075705705705708E-01	2.037691526013215E+02
2.093513513513516E-01	2.054820444361291E+02
2.111321321321323E-01	2.071937712142623E+02
2.129129129129131E-01	2.089043261019673E+02
2.146936936936939E-01	2.106137023604578E+02
2.164744744744747E-01	2.123218933416925E+02
2.182552552552555E-01	2.140288924861606E+02
2.200360360360362E-01	2.157346933187291E+02
2.218168168168170E-01	2.174392894544279E+02
2.235975975975978E-01	2.191426745891186E+02
2.253783783783786E-01	2.208448425021176E+02
2.271591591591594E-01	2.225457870523408E+02
2.289399399399402E-01	2.242455021774047E+02
2.307207207207209E-01	2.259439818926456E+02
2.325015015015017E-01	2.276412202864255E+02
2.342822822822825E-01	2.293372115249045E+02
2.360630630630633E-01	2.310319498462171E+02
2.378438438438441E-01	2.327254295557284E+02
2.396246246246249E-01	2.344176450348731E+02
2.414054054054056E-01	2.361085907296044E+02
2.431861861861864E-01	2.377982611526836E+02
2.449669669669672E-01	2.394866508859679E+02
2.467477477477480E-01	2.411737545745168E+02
2.485285285285288E-01	2.428595669255285E+02
2.503093093093096E-01	2.445440827101528E+02
2.520900900900903E-01	2.462272967606933E+02
2.538708708708711E-01	2.479092039697957E+02
2.556516516516518E-01	2.495897992881109E+02
2.574324324324326E-01	2.512690777250973E+02
2.592132132132133E-01	2.529470343468803E+02
2.609939939939941E-01	2.546236642755108E+02
2.627747747747748E-01	2.562989626880491E+02
2.645555555555556E-01	2.579729248154634E+02
2.663363363363364E-01	2.596455459418879E+02
2.681171171171171E-01	2.613168214034982E+02
2.698978978978979E-01	2.629880046286216E+02
2.716786786786786E-01	2.646626498461527E+02
2.734594594594594E-01	2.663409580356108E+02
2.752402402402401E-01	2.680229132772043E+02
2.770210210210209E-01	2.697084998229927E+02
2.788018018018016E-01	2.713977020939437E+02
2.805825825825824E-01	2.730905046770500E+02
2.823633633633632E-01	2.747868923225170E+02
2.841441441441439E-01	2.764868499410163E+02
2.859249249249247E-01	2.781903626010008E+02
2.877057057057054E-01	2.798974155260779E+02
2.894864864864862E-01	2.816079940924479E+02
2.912672672672669E-01	2.833220838264045E+02
2.930480480480477E-01	2.850396704018738E+02
2.948288288288284E-01	2.867607396380282E+02
2.966096096096092E-01	2.884852774969386E+02
2.983903903903899E-01	2.902132700812907E+02
3.001711711711707E-01	2.919447036321405E+02
3.019519519519515E-01	2.936795645267201E+02
3.037327327327322E-01	2.954178392763029E+02
3.055135135135130E-01	2.971595145240980E+02
3.072942942942937E-01	2.989045770431988E+02
3.090750750750745E-01	3.006530137345784E+02
3.108558558558552E-01	3.024048116251174E+02
3.126366366366360E-01	3.041599578656807E+02
3.144174174174167E-01	3.059184397292338E+02
3.161981981981975E-01	3.076802446089937E+02
3.179789789789783E-01	3.094453600166236E+02
3.197597597597590E-01	3.112137735804640E+02
3.215405405405398E-01	3.129854730437926E+02
3.233213213213205E-01	3.147604462631298E+02
3.251021021021013E-01	3.165386812065755E+02
3.268828828828820E-01	3.183201659521712E+02
3.286636636636628E-01	3.201048886863065E+02
3.304444444444435E-01	3.218928377021515E+02
3.322252252252243E-01	3.236840013981197E+02
3.340060060060051E-01	3.254783682763644E+02
3.357867867867858E-01	3.272759269412962E+02
3.375675675675666E-01	3.290766660981453E+02
3.393483483483473E-01	3.308805745515326E+02
3.411291291291281E-01	3.326876412040871E+02
3.429099099099088E-01	3.344978550550687E+02
3.446906906906896E-01	3.363112051990414E+02
3.464714714714703E-01	3.381276808245474E+02
3.482522522522511E-01	3.399472712128265E+02
3.500330330330318E-01	3.417699657365479E+02
3.518138138138126E-01	3.435957538585693E+02
3.535945945945934E-01	3.454246251307149E+02
3.553753753753741E-01	3.472565691925859E+02
3.571561561561549E-01	3.490915757703829E+02
3.589369369369356E-01	3.509296346757509E+02
3.607177177177164E-01	3.527707358046549E+02
3.624984984984971E-01	3.546148691362619E+02
3.642792792792779E-01	3.564620247318553E+02
3.660600600600586E-01	3.583121927337604E+02
3.678408408408394E-01	3.601653633642907E+02
3.696216216216202E-01	3.620215269247213E+02
3.714024024024009E-01	3.638806737942668E+02
3.731831831831817E-01	3.657427944290856E+02
3.749639639639624E-01	3.676078793613022E+02
3.767447447447432E-01	3.694759191980403E+02
3.785255255255239E-01	3.713469046204830E+02
3.803063063063047E-01	3.732208263829368E+02
3.820870870870854E-01	3.750976753119191E+02
3.838678678678662E-01	3.769774423052644E+02
3.856486486486470E-01	3.788601183312347E+02
3.874294294294277E-01	3.807456944276564E+02
3.892102102102085E-01	3.826341617010676E+02
3.909909909909892E-01	3.845255113258719E+02
3.927717717717700E-01	3.864197345435238E+02
3.945525525525507E-01	3.883168226617092E+02
3.963333333333315E-01	3.902167670535522E+02
3.981141141141122E-01	3.921195591568271E+02
3.998948948948930E-01	3.940251904731905E+02
4.016756756756737E-01	3.959336525674196E+02
4.034564564564545E-01	3.978449370666651E+02
4.052372372372353E-01	3.997590356597178E+02
4.070180180180160E-01	4.016759400962856E+02
4.087987987987968E-01	4.035956421862808E+02
4.105795795795775E-01	4.055181337991219E+02
4.123603603603583E-01	4.074434068630443E+02
4.141411411411390E-01	4.093714533644236E+02
4.159219219219198E-01	4.113022653471060E+02
4.177027027027005E-01	4.132358349117510E+02
4.194834834834813E-01	4.151721542151912E+02
4.212642642642621E-01	4.171112154697885E+02
4.230450450450428E-01	4.190530109428116E+02
4.248258258258236E-01	4.209975329558205E+02
4.266066066066043E-01	4.229447738840542E+02
4.283873873873851E-01	4.248947261558362E+02
4.301681681681658E-01	4.268473822519878E+02
4.319489489489466E-01	4.288027347052430E+02
4.337297297297273E-01	4.307607760996807E+02
4.355105105105081E-01	4.327214990701618E+02
4.372912912912889E-01	4.346848963017734E+02
4.390720720720696E-01	4.366509605292870E+02
4.408528528528504E-01	4.386196845366143E+02
4.426336336336311E-01	4.405910611562840E+02
4.444144144144119E-01	4.425650832689165E+02
4.461951951951926E-01	4.445417438027096E+02
4.479759759759734E-01	4.465210357329328E+02
4.497567567567541E-01	4.485029520814287E+02
4.515375375375349E-01	4.504874859161180E+02
4.533183183183156E-01	4.524746303505178E+02
4.550990990990964E-01	4.544643785432631E+02
4.568798798798772E-01	4.564567236976324E+02
4.586606606606579E-01	4.584516590610880E+02
4.604414414414387E-01	4.604491779248156E+02
4.622222222222194E-01	4.624492736232728E+02
4.640030030030002E-01	4.644519395337462E+02
4.657837837837809E-01	4.664571690759115E+02
4.675645645645617E-01	4.684649557114002E+02
4.693453453453424E-01	4.704752929433762E+02
4.711261261261232E-01	4.724881743161098E+02
4.729069069069040E-01	4.745035934145703E+02
4.746876876876847E-01	4.765215438640115E+02
4.764684684684655E-01	4.785420193295697E+02
4.782492492492462E-01	4.805650135158684E+02
4.800300300300270E-01	4.825905201666243E+02
4.818108108108077E-01	4.846185330642570E+02
4.835915915915885E-01	4.866490460295134E+02
4.853723723723692E-01	4.886820529210873E+02
4.871531531531500E-01	4.907175476352492E+02
4.889339339339308E-01	4.927555241054775E+02
4.907147147147115E-01	4.947959763021025E+02
4.924954954954923E-01	4.968388982319422E+02
4.942762762762730E-01	4.988842839379538E+02
4.960570570570538E-01	5.009321274988896E+02
4.978378378378345E-01	5.029824230289463E+02
4.996186186186153E-01	5.050351646774373E+02
5.013993993993960E-01	5.070903466284465E+02
5.031801801801769E-01	5.091479631005096E+02
5.049609609609577E-01	5.112080083462814E+02
5.067417417417385E-01	5.132704766522179E+02
5.085225225225193E-01	5.153353623382599E+02
5.103033033033001E-01	5.174026597575191E+02
5.120840840840809E-01	5.194723632959686E+02
5.138648648648617E-01	5.215444673721382E+02
5.156456456456425E-01	5.236189664368147E+02
5.174264264264233E-01	5.256958549727457E+02
5.192072072072041E-01	5.277751274943399E+02
5.209879879879850E-01	5.298567785473849E+02
5.227687687687658E-01	5.319408027087578E+02
5.245495495495466E-01	5.340271945861398E+02
5.263303303303274E-01	5.361159488177440E+02
5.281111111111082E-01	5.382070600720327E+02
5.298918918918890E-01	5.403005230474489E+02
5.316726726726698E-01	5.423963324721484E+02
5.334534534534506E-01	5.444944831037299E+02
5.352342342342314E-01	5.465949697289793E+02
5.370150150150123E-01	5.486977871636032E+02
5.387957957957931E-01	5.508029302519788E+02
5.405765765765739E-01	5.529103938668997E+02
5.423573573573547E-01	5.550201729093233E+02
5.441381381381355E-01	5.571322623081268E+02
5.459189189189163E-01	5.592466570198638E+02
5.476996996996971E-01	5.613633520285206E+02
5.494804804804779E-01	5.634823423452838E+02
5.512612612612587E-01	5.656036230082951E+02
5.530420420420395E-01	5.677271890824308E+02
5.548228228228204E-01	5.698530356590642E+02
5.566036036036012E-01	5.719811578558424E+02
5.583843843843820E-01	5.741115508164563E+02
5.601651651651628E-01	5.762442097104284E+02
5.619459459459436E-01	5.783791297328870E+02
5.637267267267244E-01	5.805163061043507E+02
5.655075075075052E-01	5.826557340705144E+02
5.672882882882860E-01	5.847974089020395E+02
5.690690690690668E-01	5.869413258943447E+02
5.708498498498477E-01	5.890874803673956E+02
5.726306306306285E-01	5.912358676655047E+02
5.744114114114093E-01	5.933864831571281E+02
5.761921921921901E-01	5.955393222346638E+02
5.779729729729709E-01	5.976943803142576E+02
5.797537537537517E-01	5.998516528356051E+02
5.815345345345325E-01	6.020111352617620E+02
5.833153153153133E-01	6.041728230789478E+02
5.850960960960941E-01	6.063367117963610E+02
5.868768768768750E-01	6.085027969459950E+02
5.886576576576558E-01	6.106710740824464E+02
5.904384384384366E-01	6.128415387827399E+02
5.922192192192174E-01	6.150141866461419E+02
5.939999999999982E-01	6.171890132939880E+02
5.957807807807790E-01	6.193660143694983E+02
5.975615615615598E-01	6.215451855376118E+02
5.993423423423406E-01	6.237265224848089E+02
6.011231231231214E-01	6.259100209189415E+02
6.029039039039022E-01	6.280956765690610E+02
6.046846846846831E-01	6.302834851852587E+02
6.064654654654639E-01	6.324734425384925E+02
6.082462462462447E-01	6.346655444204297E+02
6.100270270270255E-01	6.368597866432806E+02
6.118078078078063E-01	6.390561650396415E+02
6.135885885885871E-01	6.412546754623337E+02
6.153693693693679E-01	6.434553137842505E+02
6.171501501501487E-01	6.456580758981977E+02
6.189309309309295E-01	6.478629577167462E+02
6.207117117117104E-01	6.500699551720747E+02
6.224924924924912E-01	6.522790642158222E+02
6.242732732732720E-01	6.544902808189377E+02
6.260540540540528E-01	6.567036009715358E+02
6.278348348348336E-01	6.589190206827528E+02
6.296156156156144E-01	6.611365359805951E+02
6.313963963963952E-01	6.633561429118043E+02
6.331771771771760E-01	6.655778375417148E+02
6.349579579579568E-01	6.678016159541104E+02
6.367387387387377E-01	6.700274742510913E+02
6.385195195195185E-01	6.722554085529330E+02
6.403003003002993E-01	6.744854149979559E+02
6.420810810810801E-01	6.767174897423862E+02
6.438618618618609E-01	6.789516289602271E+02
6.456426426426417E-01	6.811878288431279E+02
6.474234234234225E-01	6.834260856002486E+02
6.492042042042033E-01	6.856663954581400E+02
6.509849849849841E-01	6.879087546606099E+02
6.527657657657649E-01	6.901531594685974E+02
6.545465465465458E-01	6.923996061600543E+02
6.563273273273266E-01	6.946480910298136E+02
6.581081081081074E-01	6.968986103894721E+02
6.598888888888882E-01	6.991511605672699E+02
6.616696696696690E-01	7.014057379079654E+02
6.634504504504498E-01	7.036623387727250E+02
6.652312312312306E-01	7.059209595389967E+02
6.670120120120114E-01	7.081815966004008E+02
6.687927927927922E-01	7.104442463666114E+02
6.705735735735731E-01	7.127089052632392E+02
6.723543543543539E-01	7.149755697317287E+02
6.741351351351347E-01	7.172442362292342E+02
6.759159159159155E-01	7.195149012285187E+02
6.776966966966963E-01	7.217875612178384E+02
6.794774774774771E-01	7.240622127008357E+02
6.812582582582579E-01	7.263388521964331E+02
6.830390390390387E-01	7.286174762387247E+02
6.848198198198195E-01	7.308980813768704E+02
6.866006006006004E-01	7.331806641749938E+02
6.883813813813812E-01	7.354652212120784E+02
6.901621621621620E-01	7.377517490818603E+02
6.919429429429428E-01	7.400402443927335E+02
6.937237237237236E-01	7.423307037676433E+02
6.955045045045044E-01	7.446231238439921E+02
6.972852852852852E-01	7.469175012735367E+02
6.990660660660660E-01	7.492138327222902E+02
7.008468468468468E-01	7.515121148704289E+02
7.026276276276276E-01	7.538123444121935E+02
7.044084084084085E-01	7.561145180557929E+02
7.061891891891893E-01	7.584186325233127E+02
7.079699699699701E-01	7.607246845506224E+02
7.097507507507509E-01	7.630326708872775E+02
7.115315315315317E-01	7.653425882964352E+02
7.133123123123125E-01	7.676544335547582E+02
7.150930930930933E-01	7.699682034523267E+02
7.168738738738741E-01	7.722838947925488E+02
7.186546546546549E-01	7.746015043920756E+02
7.204354354354358E-01	7.769210290807039E+02
7.222162162162166E-01	7.792424657013029E+02
7.239969969969974E-01	7.815658111097193E+02
7.257777777777782E-01	7.838910621746928E+02
7.275585585585590E-01	7.862182157777755E+02
7.293393393393398E-01	7.885472688132430E+02
7.311201201201206E-01	7.908782181880189E+02
7.329009009009014E-01	7.932110608215830E+02
7.346816816816822E-01	7.955457936458980E+02
7.364624624624631E-01	7.978824136053283E+02
7.382432432432439E-01	8.002209176565527E+02
7.400240240240247E-01	8.025613027684936E+02
7.418048048048055E-01	8.049035659222324E+02
7.435855855855863E-01	8.072477041109358E+02
7.453663663663671E-01	8.095937143397770E+02
7.471471471471479E-01	8.119415936258569E+02
7.489279279279287E-01	8.142913389981339E+02
7.507087087087095E-01	8.166429474973424E+02
7.524894894894903E-01	8.189964161759225E+02
7.542702702702712E-01	8.213517420979431E+02
7.560510510510520E-01	8.237089223390321E+02
7.578318318318328E-01	8.260679539863005E+02
7.596126126126136E-01	8.284288341382731E+02
7.613933933933944E-01	8.307915599048154E+02
7.631741741741752E-01	8.331561284070616E+02
7.649549549549560E-01	8.355225367773485E+02
7.667357357357368E-01	8.378907821591428E+02
7.685165165165176E-01	8.402608617069726E+02
7.702972972972985E-01	8.426327725863591E+02
7.720780780780793E-01	8.450065119737512E+02
7.738588588588601E-01	8.473820770564510E+02
7.756396396396409E-01	8.497594650325591E+02
7.774204204204217E-01	8.521386731108951E+02
7.792012012012025E-01	8.545196985109440E+02
7.809819819819833E-01	8.569025384627823E+02
7.827627627627641E-01	8.592871902070181E+02
7.845435435435449E-01	8.616736509947261E+02
7.863243243243258E-01	8.640619180873857E+02
7.881051051051066E-01	8.664519887568160E+02
7.898858858858874E-01	8.688438602851111E+02
7.916666666666682E-01	8.712375299645862E+02
7.934474474474490E-01	8.736329950977083E+02
7.952282282282298E-01	8.760302529970406E+02
7.970090090090106E-01	8.784293009851770E+02
7.987897897897914E-01	8.808301363946903E+02
8.005705705705722E-01	8.832327565680635E+02
8.023513513513530E-01	8.856371588576387E+02
8.041321321321339E-01	8.880433406255536E+02
8.059129129129147E-01	8.904512992436864E+02
8.076936936936955E-01	8.928610320935973E+02
8.094744744744763E-01	8.952725365664728E+02
8.112552552552571E-01	8.976858100630657E+02
8.130360360360379E-01	9.001008499936461E+02
8.148168168168187E-01	9.025176537779359E+02
8.165975975975995E-01	9.049362188450641E+02
8.183783783783803E-01	9.073565426335038E+02
8.201591591591612E-01	9.097786225910215E+02
8.219399399399420E-01	9.122024561746236E+02
8.237207207207228E-01	9.146280408505045E+02
8.255015015015036E-01	9.170553740939883E+02
8.272822822822844E-01	9.194844533894809E+02
8.290630630630652E-01	9.219152762304157E+02
8.308438438438460E-01	9.243478401192042E+02
8.326246246246268E-01	9.267821425671816E+02
8.344054054054076E-01	9.292181810945594E+02
8.361861861861885E-01	9.316559532303688E+02
8.379669669669693E-01	9.340954565124182E+02
8.397477477477501E-01	9.365366884872387E+02
8.415285285285309E-01	9.389796467100359E+02
8.433093093093117E-01	9.414243287446418E+02
8.450900900900925E-01	9.438707321634631E+02
8.468708708708733E-01	9.463188545474391E+02
8.486516516516541E-01	9.487686934859853E+02
8.504324324324349E-01	9.512202465769540E+02
8.522132132132157E-01	9.536735114265841E+02
8.539939939939966E-01	9.561284856494501E+02
8.557747747747774E-01	9.585851668684247E+02
8.575555555555582E-01	9.610435527146242E+02
8.593363363363390E-01	9.635036408273668E+02
8.611171171171198E-01	9.659654288541310E+02
8.628978978979006E-01	9.684289144505008E+02
8.646786786786814E-01	9.708940952801286E+02
8.664594594594622E-01	9.733609690146895E+02
8.682402402402430E-01	9.758295333338376E+02
8.700210210210239E-01	9.782997859251602E+02
8.718018018018047E-01	9.807717244841360E+02
8.735825825825855E-01	9.832453467140926E+02
8.753633633633663E-01	9.857206503261616E+02
8.771441441441471E-01	9.881976330392406E+02
8.789249249249279E-01	9.906762925799453E+02
8.807057057057087E-01	9.931566266825719E+02
8.824864864864895E-01	9.956386330890559E+02
8.842672672672703E-01	9.981223095489277E+02
8.860480480480512E-01	1.000607653819274E+03
8.878288288288320E-01	1.003094663664700E+03
8.896096096096128E-01	1.005583336857280E+03
8.913903903903936E-01	1.008073671176531E+03
8.931711711711744E-01	1.010565664409362E+03
8.949519519519552E-01	1.013059314350037E+03
8.967327327327360E-01	1.015554618800141E+03
8.985135135135168E-01	1.018051575568536E+03
9.002942942942976E-01	1.020550182471323E+03
9.020750750750784E-01	1.023050437331807E+03
9.038558558558593E-01	1.025552337980454E+03
9.056366366366401E-01	1.028055882254861E+03
9.074174174174209E-01	1.030561067999711E+03
9.091981981982017E-01	1.033067893066739E+03
9.109789789789825E-01	1.035576355314696E+03
9.127597597597633E-01	1.038086452609309E+03
9.145405405405441E-01	1.040598182823253E+03
9.163213213213249E-01	1.043111543836101E+03
9.181021021021057E-01	1.045626533534302E+03
9.198828828828866E-01	1.048143149811138E+03
9.216636636636674E-01	1.050661390566692E+03
9.234444444444482E-01	1.053181253707810E+03
9.252252252252290E-01	1.055702737148066E+03
9.270060060060098E-01	1.058225838807731E+03
9.287867867867906E-01	1.060750556613739E+03
9.305675675675714E-01	1.063276888499645E+03
9.323483483483522E-01	1.065804832405602E+03
9.341291291291330E-01	1.068334386278320E+03
9.359099099099139E-01	1.070865548071034E+03
9.376906906906947E-01	1.073398315743476E+03
9.394714714714755E-01	1.075932687261832E+03
9.412522522522563E-01	1.078468660598719E+03
9.430330330330371E-01	1.081006233733149E+03
9.448138138138179E-01	1.083545404650495E+03
9.465945945945987E-01	1.086086171342459E+03
9.483753753753795E-01	1.088628531807048E+03
9.501561561561603E-01	1.091172484048529E+03
9.519369369369411E-01	1.093718026077410E+03
9.537177177177220E-01	1.096265155910402E+03
9.554984984985028E-01	1.098813871570389E+03
9.572792792792836E-01	1.101364171086400E+03
9.590600600600644E-01	1.103916052493575E+03
9.608408408408452E-01	1.106469513833138E+03
9.626216216216260E-01	1.109024553152366E+03
9.644024024024068E-01	1.111581168504555E+03
9.661831831831876E-01	1.114139357948998E+03
9.679639639639684E-01	1.116699119550949E+03
9.697447447447493E-01	1.119260451381597E+03
9.715255255255301E-01	1.121823351518035E+03
9.733063063063109E-01	1.124387818043235E+03
9.750870870870917E-01	1.126953849046012E+03
9.768678678678725E-01	1.129521442621005E+03
9.786486486486533E-01	1.132090596868640E+03
9.804294294294341E-01	1.134661309895107E+03
9.822102102102149E-01	1.137233579812330E+03
9.839909909909957E-01	1.139807404737943E+03
9.857717717717766E-01	1.142382782795255E+03
9.875525525525574E-01	1.144959712113230E+03
9.893333333333382E-01	1.147538190826456E+03
9.911141141141190E-01	1.150118217075118E+03
9.928948948948998E-01	1.152699789004973E+03
9.946756756756806E-01	1.155282904767323E+03
9.964564564564614E-01	1.157867562518989E+03
9.982372372372422E-01	1.160453760422277E+03
1.000018018018023E+00	1.163041496644968E+03
1.001798798798804E+00	1.165630769360275E+03
1.003579579579585E+00	1.168221576746829E+03
1.005360360360365E+00	1.170813916988646E+03
1.007141141141146E+00	1.173407788275108E+03
1.008921921921927E+00	1.176003188800931E+03
1.010702702702708E+00	1.178600116766146E+03
1.012483483483489E+00	1.181198570376068E+03
1.014264264264269E+00	1.183798547841280E+03
1.016045045045050E+00	1.186400047377596E+03
1.017825825825831E+00	1.189003067206047E+03
1.019606606606612E+00	1.191607605552854E+03
1.021387387387393E+00	1.194213660649400E+03
1.023168168168173E+00	1.196821230732210E+03
1.024948948948954E+00	1.199430314042927E+03
1.026729729729735E+00	1.202040908828286E+03
1.028510510510516E+00	1.204653013340093E+03
1.030291291291297E+00	1.207266625835197E+03
1.032072072072078E+00	1.209881744575471E+03
1.033852852852858E+00	1.212498367827792E+03
1.035633633633639E+00	1.215116493864008E+03
1.037414414414420E+00	1.217736120960926E+03
1.039195195195201E+00	1.220357247400281E+03
1.040975975975982E+00	1.222979871468719E+03
1.042756756756762E+00	1.225603991457770E+03
1.044537537537543E+00	1.228229605663830E+03
1.046318318318324E+00	1.230856712388136E+03
1.048099099099105E+00	1.233485309936746E+03
1.049879879879886E+00	1.236115396620517E+03
1.051660660660666E+00	1.238746970755080E+03
1.053441441441447E+00	1.241380030660823E+03
1.055222222222228E+00	1.244014574662864E+03
1.057003003003009E+00	1.246650601091040E+03
1.058783783783790E+00	1.249288108279872E+03
1.060564564564570E+00	1.251927094568557E+03
1.062345345345351E+00	1.254567558300934E+03
1.064126126126132E+00	1.257209497825476E+03
1.065906906906913E+00	1.259852911495262E+03
1.067687687687694E+00	1.262497797667957E+03
1.069468468468475E+00	1.265144154705794E+03
1.071249249249255E+00	1.267791980975552E+03
1.073030030030036E+00	1.270441274848536E+03
1.074810810810817E+00	1.273092034700556E+03
1.076591591591598E+00	1.275744258911912E+03
1.078372372372379E+00	1.278397945867365E+03
1.080153153153159E+00	1.281053093956127E+03
1.081933933933940E+00	1.283709701571837E+03
1.083714714714721E+00	1.286367767112540E+03
1.085495495495502E+00	1.289027288980670E+03
1.087276276276283E+00	1.291688265583030E+03
1.089057057057063E+00	1.294350695330772E+03
1.090837837837844E+00	1.297014576639385E+03
1.092618618618625E+00	1.299679907928665E+03
1.094399399399406E+00	1.302346687622701E+03
1.096180180180187E+00	1.305014914149860E+03
1.097960960960968E+00	1.307684585942765E+03
1.099741741741748E+00	1.310355701438275E+03
1.101522522522529E+00	1.313028259077471E+03
1.103303303303310E+00	1.315702257305633E+03
1.105084084084091E+00	1.318377694572228E+03
1.106864864864872E+00	1.321054569330885E+03
1.108645645645652E+00	1.323732880039383E+03
1.110426426426433E+00	1.326412625159629E+03
1.112207207207214E+00	1.329093803157645E+03
1.113987987987995E+00	1.331776412503541E+03
1.115768768768776E+00	1.334460451671513E+03
1.117549549549556E+00	1.337145919139811E+03
1.119330330330337E+00	1.339832813390730E+03
1.121111111111118E+00	1.342521132910587E+03
1.122891891891899E+00	1.345210876189712E+03
1.124672672672680E+00	1.347902041722422E+03
1.126453453453460E+00	1.350594628007012E+03
1.128234234234241E+00	1.353288633545733E+03
1.130015015015022E+00	1.355984056844776E+03
1.131795795795803E+00	1.358680896414259E+03
1.133576576576584E+00	1.361379150768206E+03
1.135357357357365E+00	1.364078818424534E+03
1.137138138138145E+00	1.366779897905036E+03
1.138918918918926E+00	1.369482387735360E+03
1.140699699699707E+00	1.372186286445002E+03
1.142480480480488E+00	1.374891592567283E+03
1.144261261261269E+00	1.377598304639335E+03
1.146042042042049E+00	1.380306421202087E+03
1.147822822822830E+00	1.383015940800244E+03
1.149603603603611E+00	1.385726861982279E+03
1.151384384384392E+00	1.388439183300411E+03
1.153165165165173E+00	1.391152903310594E+03
1.154945945945953E+00	1.393868020572496E+03
1.156726726726734E+00	1.396584533649491E+03
1.158507507507515E+00	1.399302441108639E+03
1.160288288288296E+00	1.402021741520671E+03
1.162069069069077E+00	1.404742433459976E+03
1.163849849849858E+00	1.407464515504585E+03
1.165630630630638E+00	1.410187986236154E+03
1.167411411411419E+00	1.412912844239955E+03
1.169192192192200E+00	1.415639088104854E+03
1.170972972972981E+00	1.418366716423305E+03
1.172753753753762E+00	1.421095727791323E+03
1.174534534534542E+00	1.423826120808484E+03
1.176315315315323E+00	1.426557894077901E+03
1.178096096096104E+00	1.429291046206212E+03
1.179876876876885E+00	1.432025575803566E+03
1.181657657657666E+00	1.434761481483611E+03
1.183438438438446E+00	1.437498761863475E+03
1.185219219219227E+00	1.440237415563758E+03
1.187000000000008E+00	1.442977441208513E+03
1.188780780780789E+00	1.445718837425235E+03
1.190561561561570E+00	1.448461602844848E+03
1.192342342342350E+00	1.451205736101686E+03
1.194123123123131E+00	1.453951235833487E+03
1.195903903903912E+00	1.456698100681373E+03
1.197684684684693E+00	1.459446329289842E+03
1.199465465465474E+00	1.462195920306750E+03
1.201246246246255E+00	1.464946872383302E+03
1.203027027027035E+00	1.467699184174031E+03
1.204807807807816E+00	1.470452854336794E+03
1.206588588588597E+00	1.473207881532757E+03
1.208369369369378E+00	1.475964264426378E+03
1.210150150150159E+00	1.478722001685395E+03
1.211930930930939E+00	1.481481091980813E+03
1.213711711711720E+00	1.484241533986898E+03
1.215492492492501E+00	1.487003326381153E+03
1.217273273273282E+00	1.489766467844316E+03
1.219054054054063E+00	1.492530957060337E+03
1.220834834834843E+00	1.495296792716376E+03
1.222615615615624E+00	1.498063973502782E+03
1.224396396396405E+00	1.500832498113086E+03
1.226177177177186E+00	1.503602365243984E+03
1.227957957957967E+00	1.506373573595330E+03
1.229738738738748E+00	1.509146121870123E+03
1.231519519519528E+00	1.511920008774487E+03
1.233300300300309E+00	1.514695233017671E+03
1.235081081081090E+00	1.517471793312027E+03
1.236861861861871E+00	1.520249688373005E+03
1.238642642642652E+00	1.523028916919137E+03
1.240423423423432E+00	1.525809477672023E+03
1.242204204204213E+00	1.528591369356329E+03
1.243984984984994E+00	1.531374590699765E+03
1.245765765765775E+00	1.534159140433076E+03
1.247546546546556E+00	1.536945017290034E+03
1.249327327327336E+00	1.539732220007425E+03
1.251108108108117E+00	1.542520747325032E+03
1.252888888888898E+00	1.545310597985634E+03
1.254669669669679E+00	1.548101770734986E+03
1.256450450450460E+00	1.550894264321811E+03
1.258231231231240E+00	1.553688077497788E+03
1.260012012012021E+00	1.556483209017543E+03
1.261792792792802E+00	1.559279657638633E+03
1.263573573573583E+00	1.562077422121543E+03
1.265354354354364E+00	1.564876501229663E+03
1.267135135135145E+00	1.567676893729293E+03
1.268915915915925E+00	1.570478598389616E+03
1.270696696696706E+00	1.573281613982698E+03
1.272477477477487E+00	1.576085939283473E+03
1.274258258258268E+00	1.578891573069734E+03
1.276039039039049E+00	1.581698514122121E+03
1.277819819819829E+00	1.584506761224108E+03
1.279600600600610E+00	1.587316313162000E+03
1.281381381381391E+00	1.590127168724915E+03
1.283162162162172E+00	1.592939326704775E+03
1.284942942942953E+00	1.595752785896301E+03
1.286723723723733E+00	1.598567545096994E+03
1.288504504504514E+00	1.601383603107133E+03
1.290285285285295E+00	1.604200958729760E+03
1.292066066066076E+00	1.607019610770670E+03
1.293846846846857E+00	1.609839558038402E+03
1.295627627627638E+00	1.612660799344230E+03
1.297408408408418E+00	1.615483333502151E+03
1.299189189189199E+00	1.618307159328875E+03
1.300969969969980E+00	1.621132275643817E+03
1.302750750750761E+00	1.623958681269085E+03
1.304531531531542E+00	1.626786375029471E+03
1.306312312312322E+00	1.629615355752444E+03
1.308093093093103E+00	1.632445622268133E+03
1.309873873873884E+00	1.635277173409325E+03
1.311654654654665E+00	1.638110008011453E+03
1.313435435435446E+00	1.640944124912584E+03
1.315216216216226E+00	1.643779522953411E+03
1.316996996997007E+00	1.646616200977246E+03
1.318777777777788E+00	1.649454157830005E+03
1.320558558558569E+00	1.652293392360204E+03
1.322339339339350E+00	1.655133903418947E+03
1.324120120120130E+00	1.657975689859919E+03
1.325900900900911E+00	1.660818750539373E+03
1.327681681681692E+00	1.663663084316122E+03
1.329462462462473E+00	1.666508690051533E+03
1.331243243243254E+00	1.669355566609514E+03
1.333024024024035E+00	1.672203712856508E+03
1.334804804804815E+00	1.675053127661479E+03
1.336585585585596E+00	1.677903809895910E+03
1.338366366366377E+00	1.680755758433790E+03
1.340147147147158E+00	1.683608972151605E+03
1.341927927927939E+00	1.686463449928326E+03
1.343708708708719E+00	1.689319190645413E+03
1.345489489489500E+00	1.692176193186788E+03
1.347270270270281E+00	1.695034456438840E+03
1.349051051051062E+00	1.697893979290412E+03
1.350831831831843E+00	1.700754760632790E+03
1.352612612612623E+00	1.703616799359697E+03
1.354393393393404E+00	1.706480094367287E+03
1.356174174174185E+00	1.709344644554129E+03
1.357954954954966E+00	1.712210448821206E+03
1.359735735735747E+00	1.715077506071902E+03
1.361516516516527E+00	1.717945815211995E+03
1.363297297297308E+00	1.720815375149651E+03
1.365078078078089E+00	1.723686184795412E+03
1.366858858858870E+00	1.726558243062190E+03
1.368639639639651E+00	1.729431548865256E+03
1.370420420420432E+00	1.732306101122235E+03
1.372201201201212E+00	1.735181898753097E+03
1.373981981981993E+00	1.738058940680150E+03
1.375762762762774E+00	1.740937225828025E+03
1.377543543543555E+00	1.743816753123682E+03
1.379324324324336E+00	1.746697521496385E+03
1.381105105105116E+00	1.749579529877707E+03
1.382885885885897E+00	1.752462777201516E+03
1.384666666666678E+00	1.755347262403973E+03
1.386447447447459E+00	1.758232984423510E+03
1.388228228228240E+00	1.761119942200842E+03
1.390009009009020E+00	1.764008134678945E+03
1.391789789789801E+00	1.766897560803050E+03
1.393570570570582E+00	1.769788219520644E+03
1.395351351351363E+00	1.772680109781449E+03
1.397132132132144E+00	1.775573230537427E+03
1.398912912912925E+00	1.778467580742764E+03
1.400693693693705E+00	1.781363159353866E+03
1.402474474474486E+00	1.784259965329352E+03
1.404255255255267E+00	1.787157997630043E+03
1.406036036036048E+00	1.790057255218957E+03
1.407816816816829E+00	1.792957737061304E+03
1.409597597597609E+00	1.795859442124475E+03
1.411378378378390E+00	1.798762369378034E+03
1.413159159159171E+00	1.801666517793712E+03
1.414939939939952E+00	1.804571886345403E+03
1.416720720720733E+00	1.807478474009152E+03
1.418501501501513E+00	1.810386279763150E+03
1.420282282282294E+00	1.813295302587727E+03
1.422063063063075E+00	1.816205541465341E+03
1.423843843843856E+00	1.819116995380579E+03
1.425624624624637E+00	1.822029663320142E+03
1.427405405405417E+00	1.824943544272840E+03
1.429186186186198E+00	1.827858637229591E+03
1.430966966966979E+00	1.830774941183402E+03
1.432747747747760E+00	1.833692455129376E+03
1.434528528528541E+00	1.836611178064692E+03
1.436309309309322E+00	1.839531108988609E+03
1.438090090090102E+00	1.842452246902452E+03
1.439870870870883E+00	1.845374590809607E+03
1.441651651651664E+00	1.848298139715516E+03
1.443432432432445E+00	1.851222892627669E+03
1.445213213213226E+00	1.854148848555596E+03
1.446993993994006E+00	1.857076006510861E+03
1.448774774774787E+00	1.860004365507060E+03
1.450555555555568E+00	1.862933924559807E+03
1.452336336336349E+00	1.865864682686727E+03
1.454117117117130E+00	1.868796638907461E+03
1.455897897897910E+00	1.871729792243646E+03
1.457678678678691E+00	1.874664141718913E+03
1.459459459459472E+00	1.877599686358886E+03
1.461240240240253E+00	1.880536425191167E+03
1.463021021021034E+00	1.883474357245336E+03
1.464801801801815E+00	1.886413481552939E+03
1.466582582582595E+00	1.889353797147487E+03
1.468363363363376E+00	1.892295303064448E+03
1.470144144144157E+00	1.895237998341239E+03
1.471924924924938E+00	1.898181882017219E+03
1.473705705705719E+00	1.901126953133686E+03
1.475486486486499E+00	1.904073210733870E+03
1.477267267267280E+00	1.907020653862925E+03
1.479048048048061E+00	1.909969281567924E+03
1.480828828828842E+00	1.912919092897851E+03
1.482609609609623E+00	1.915870086903597E+03
1.484390390390403E+00	1.918822262637959E+03
1.486171171171184E+00	1.921775619155620E+03
1.487951951951965E+00	1.924730155513153E+03
1.489732732732746E+00	1.927685870769018E+03
1.491513513513527E+00	1.930642763983548E+03
1.493294294294307E+00	1.933600834218944E+03
1.495075075075088E+00	1.936560080539277E+03
1.496855855855869E+00	1.939520502010469E+03
1.498636636636650E+00	1.942482097700301E+03
1.500417417417431E+00	1.945444866678398E+03
1.502198198198212E+00	1.948408808016225E+03
1.503978978978992E+00	1.951373920787084E+03
1.505759759759773E+00	1.954340204066101E+03
1.507540540540554E+00	1.957307656930232E+03
1.509321321321335E+00	1.960276278458248E+03
1.511102102102116E+00	1.963246067730732E+03
1.512882882882896E+00	1.966217023830070E+03
1.514663663663677E+00	1.969189145840453E+03
1.516444444444458E+00	1.972162432847865E+03
1.518225225225239E+00	1.975136883940080E+03
1.520006006006020E+00	1.978112498206655E+03
1.521786786786800E+00	1.981089274738925E+03
1.523567567567581E+00	1.984067212629996E+03
1.525348348348362E+00	1.987046310974746E+03
1.527129129129143E+00	1.990026568869809E+03
1.528909909909924E+00	1.993007985413576E+03
1.530690690690705E+00	1.995990559706194E+03
1.532471471471485E+00	1.998974290849547E+03
1.534252252252266E+00	2.001959177947264E+03
1.536033033033047E+00	2.004945220104707E+03
1.537813813813828E+00	2.007932416428969E+03
1.539594594594609E+00	2.010920766028862E+03
1.541375375375389E+00	2.013910268014919E+03
1.543156156156170E+00	2.016900921499388E+03
1.544936936936951E+00	2.019892725596219E+03
1.546717717717732E+00	2.022885679421072E+03
1.548498498498513E+00	2.025879782091299E+03
1.550279279279293E+00	2.028875032725947E+03
1.552060060060074E+00	2.031871430445746E+03
1.553840840840855E+00	2.034868974373114E+03
1.555621621621636E+00	2.037867663632137E+03
1.557402402402417E+00	2.040867497348582E+03
1.559183183183197E+00	2.043868474649872E+03
1.560963963963978E+00	2.046870594665103E+03
1.562744744744759E+00	2.049873856525016E+03
1.564525525525540E+00	2.052878259362013E+03
1.566306306306321E+00	2.055883802310135E+03
1.568087087087102E+00	2.058890484505065E+03
1.569867867867882E+00	2.061898305084128E+03
1.571648648648663E+00	2.064907263186274E+03
1.573429429429444E+00	2.067917357952082E+03
1.575210210210225E+00	2.070928588523752E+03
1.576990990991006E+00	2.073940954045100E+03
1.578771771771786E+00	2.076954453661555E+03
1.580552552552567E+00	2.079969086520153E+03
1.582333333333348E+00	2.082984851769530E+03
1.584114114114129E+00	2.086001748559919E+03
1.585894894894910E+00	2.089019776043149E+03
1.587675675675690E+00	2.092038933372633E+03
1.589456456456471E+00	2.095059219703369E+03
1.591237237237252E+00	2.098080634191933E+03
1.593018018018033E+00	2.101103175996472E+03
1.594798798798814E+00	2.104126844276704E+03
1.596579579579595E+00	2.107151638193911E+03
1.598360360360375E+00	2.110177556910936E+03
1.600141141141156E+00	2.113204599592172E+03
1.601921921921937E+00	2.116232765403567E+03
1.603702702702718E+00	2.119262053512612E+03
1.605483483483499E+00	2.122292463088338E+03
1.607264264264279E+00	2.125323993301316E+03
1.609045045045060E+00	2.128356643323649E+03
1.610825825825841E+00	2.131390412328961E+03
1.612606606606622E+00	2.134425299492405E+03
1.614387387387403E+00	2.137461303990653E+03
1.616168168168183E+00	2.140498425001885E+03
1.617948948948964E+00	2.143536661705798E+03
1.619729729729745E+00	2.146576013283586E+03
1.621510510510526E+00	2.149616478917951E+03
1.623291291291307E+00	2.152658057793086E+03
1.625072072072087E+00	2.155700749094678E+03
1.626852852852868E+00	2.158744552009903E+03
1.628633633633649E+00	2.161789465727419E+03
1.630414414414430E+00	2.164835489437359E+03
1.632195195195211E+00	2.167882622331337E+03
1.633975975975992E+00	2.170930863602434E+03
1.635756756756772E+00	2.173980212445195E+03
1.637537537537553E+00	2.177030668055630E+03
1.639318318318334E+00	2.180082229631205E+03
1.641099099099115E+00	2.183134896370841E+03
1.642879879879896E+00	2.186188667474903E+03
1.644660660660676E+00	2.189243542145209E+03
1.646441441441457E+00	2.192299519585011E+03
1.648222222222238E+00	2.195356598998998E+03
1.650003003003019E+00	2.198414779593296E+03
1.651783783783800E+00	2.201474060575455E+03
1.653564564564580E+00	2.204534441154447E+03
1.655345345345361E+00	2.207595920540673E+03
1.657126126126142E+00	2.210658497945942E+03
1.658906906906923E+00	2.213722172583475E+03
1.660687687687704E+00	2.216786943667908E+03
1.662468468468485E+00	2.219852810415273E+03
1.664249249249265E+00	2.222919772043004E+03
1.666030030030046E+00	2.225987827769934E+03
1.667810810810827E+00	2.229056976816286E+03
1.669591591591608E+00	2.232127218403669E+03
1.671372372372389E+00	2.235198551755078E+03
1.673153153153169E+00	2.238270976094889E+03
1.674933933933950E+00	2.241344490648849E+03
1.676714714714731E+00	2.244419094644085E+03
1.678495495495512E+00	2.247494787309085E+03
1.680276276276293E+00	2.250571567873706E+03
1.682057057057073E+00	2.253649435569165E+03
1.683837837837854E+00	2.256728389628035E+03
1.685618618618635E+00	2.259808429284239E+03
1.687399399399416E+00	2.262889553773055E+03
1.689180180180197E+00	2.265971762331103E+03
1.690960960960977E+00	2.269055054196343E+03
1.692741741741758E+00	2.272139428608077E+03
1.694522522522539E+00	2.275224884806937E+03
1.696303303303320E+00	2.278311422034888E+03
1.698084084084101E+00	2.281399039535218E+03
1.699864864864882E+00	2.284487736552545E+03
1.701645645645662E+00	2.287577512332797E+03
1.703426426426443E+00	2.290668366123222E+03
1.705207207207224E+00	2.293760297172383E+03
1.706987987988005E+00	2.296853304730145E+03
1.708768768768786E+00	2.299947388047681E+03
1.710549549549566E+00	2.303042546377465E+03
1.712330330330347E+00	2.306138778973267E+03
1.714111111111128E+00	2.309236085090149E+03
1.715891891891909E+00	2.312334463984468E+03
1.717672672672690E+00	2.315433914913863E+03
1.719453453453470E+00	2.318534437137258E+03
1.721234234234251E+00	2.321636029914858E+03
1.723015015015032E+00	2.324738692508137E+03
1.724795795795813E+00	2.327842424179851E+03
1.726576576576594E+00	2.330947224194018E+03
1.728357357357375E+00	2.334053091815923E+03
1.730138138138155E+00	2.337160026312114E+03
1.731918918918936E+00	2.340268026950397E+03
1.733699699699717E+00	2.343377092999834E+03
1.735480480480498E+00	2.346487223730734E+03
1.737261261261279E+00	2.349598418414658E+03
1.739042042042059E+00	2.352710676324414E+03
1.740822822822840E+00	2.355823996734046E+03
1.742603603603621E+00	2.358938378918837E+03
1.744384384384402E+00	2.362053822155307E+03
1.746165165165183E+00	2.365170325721208E+03
1.747945945945963E+00	2.368287888895517E+03
1.749726726726744E+00	2.371406510958433E+03
1.751507507507525E+00	2.374526191191383E+03
1.753288288288306E+00	2.377646928877004E+03
1.755069069069087E+00	2.380768723299158E+03
1.756849849849867E+00	2.383891573742908E+03
1.758630630630648E+00	2.387015479494529E+03
1.760411411411429E+00	2.390140439841501E+03
1.762192192192210E+00	2.393266454072507E+03
1.763972972972991E+00	2.396393521477424E+03
1.765753753753772E+00	2.399521641347329E+03
1.767534534534552E+00	2.402650812974488E+03
1.769315315315333E+00	2.405781035652354E+03
1.771096096096114E+00	2.408912308675569E+03
1.772876876876895E+00	2.412044631339954E+03
1.774657657657676E+00	2.415178002942511E+03
1.776438438438456E+00	2.418312422781420E+03
1.778219219219237E+00	2.421447890156027E+03
1.780000000000018E+00	2.424584404366855E+03
