# barionic density, scalar density 
1.000000000000000E-03	-3.624358269674441E+00
2.780780780780781E-03	-3.613664358379279E+00
4.561561561561562E-03	-3.603054608674479E+00
6.342342342342344E-03	-3.592380772452441E+00
8.123123123123124E-03	-3.581711279462456E+00
9.903903903903905E-03	-3.571044219902750E+00
1.168468468468469E-02	-3.560450867397959E+00
1.346546546546547E-02	-3.549785108109914E+00
1.524624624624625E-02	-3.539118486236706E+00
1.702702702702703E-02	-3.528523757030648E+00
1.880780780780781E-02	-3.517853701258875E+00
2.058858858858859E-02	-3.507181008794083E+00
2.236936936936937E-02	-3.496579492152294E+00
2.415015015015015E-02	-3.485900562118988E+00
2.593093093093093E-02	-3.475217866977149E+00
2.771171171171171E-02	-3.464531116428019E+00
2.949249249249249E-02	-3.453840051776440E+00
3.127327327327327E-02	-3.443144441302329E+00
3.305405405405405E-02	-3.432444076545796E+00
3.483483483483484E-02	-3.421662685705415E+00
3.661561561561562E-02	-3.410952002773965E+00
3.839639639639640E-02	-3.400236052229038E+00
4.017717717717718E-02	-3.389437818073170E+00
4.195795795795797E-02	-3.378710659980681E+00
4.373873873873875E-02	-3.367900444536399E+00
4.551951951951953E-02	-3.357083940301670E+00
4.730030030030032E-02	-3.346261049903418E+00
4.908108108108110E-02	-3.335431684399480E+00
5.086186186186188E-02	-3.324595762578565E+00
5.264264264264266E-02	-3.313753210346080E+00
5.442342342342345E-02	-3.302903960182817E+00
5.620420420420423E-02	-3.291968683147398E+00
5.798498498498501E-02	-3.281105593208510E+00
5.976576576576580E-02	-3.270155835756654E+00
6.154654654654658E-02	-3.259198633095294E+00
6.332732732732736E-02	-3.248233944669920E+00
6.510810810810815E-02	-3.237261734314093E+00
6.688888888888893E-02	-3.226281970003572E+00
6.866966966966971E-02	-3.215294623633869E+00
7.045045045045049E-02	-3.204218251366448E+00
7.223123123123128E-02	-3.193215402724485E+00
7.401201201201206E-02	-3.182122948939857E+00
7.579279279279284E-02	-3.171022295540435E+00
7.757357357357363E-02	-3.159995936858357E+00
7.935435435435441E-02	-3.148796349574338E+00
8.113513513513519E-02	-3.137671044164071E+00
8.291591591591597E-02	-3.126537513229104E+00
8.469669669669676E-02	-3.115312159994514E+00
8.647747747747754E-02	-3.104161910171525E+00
8.825825825825832E-02	-3.092919299350916E+00
9.003903903903911E-02	-3.081667933029792E+00
9.181981981981989E-02	-3.070407821883106E+00
9.360060060060067E-02	-3.059054004193092E+00
9.538138138138146E-02	-3.047776169525663E+00
9.716216216216224E-02	-3.036404107011580E+00
9.894294294294302E-02	-3.025022811402108E+00
1.007237237237238E-01	-3.013718391250783E+00
1.025045045045046E-01	-3.002232611694185E+00
1.042852852852854E-01	-2.990823758143192E+00
1.060660660660662E-01	-2.979405772512721E+00
1.078468468468469E-01	-2.967891481589282E+00
1.096276276276277E-01	-2.956367561420258E+00
1.114084084084085E-01	-2.944834046785858E+00
1.131891891891893E-01	-2.933290974379885E+00
1.149699699699701E-01	-2.921738382783715E+00
1.167507507507509E-01	-2.910087697403104E+00
1.185315315315316E-01	-2.898427009875996E+00
1.203123123123124E-01	-2.886756365142666E+00
1.220930930930932E-01	-2.875075809992966E+00
1.238738738738740E-01	-2.863385393048671E+00
1.256546546546548E-01	-2.851685164747014E+00
1.274354354354355E-01	-2.839884852278687E+00
1.292162162162163E-01	-2.828074263993547E+00
1.309969969969971E-01	-2.816253456716777E+00
1.327777777777779E-01	-2.804331298094129E+00
1.345585585585587E-01	-2.792489944070786E+00
1.363393393393394E-01	-2.780546784788574E+00
1.381201201201202E-01	-2.768593076431430E+00
1.399009009009010E-01	-2.756651973382602E+00
1.416816816816818E-01	-2.744631122465083E+00
1.434624624624626E-01	-2.732599638950680E+00
1.452432432432434E-01	-2.720510984397020E+00
1.470240240240241E-01	-2.708411554105191E+00
1.488048048048049E-01	-2.696254520757380E+00
1.505855855855857E-01	-2.684086576054007E+00
1.523663663663665E-01	-2.671907801998453E+00
1.541471471471473E-01	-2.659670936805201E+00
1.559279279279281E-01	-2.647375624758401E+00
1.577087087087088E-01	-2.635069153400725E+00
1.594894894894896E-01	-2.622751613979453E+00
1.612702702702704E-01	-2.610375161453809E+00
1.630510510510512E-01	-2.597939446208934E+00
1.648318318318320E-01	-2.585492356862706E+00
1.666126126126128E-01	-2.573033994370642E+00
1.683933933933935E-01	-2.560515926736649E+00
1.701741741741743E-01	-2.547937811326052E+00
1.719549549549551E-01	-2.535348142650221E+00
1.737357357357359E-01	-2.522747031897757E+00
1.755165165165167E-01	-2.510085457024546E+00
1.772972972972975E-01	-2.497363083357278E+00
1.790780780780782E-01	-2.484629015642556E+00
1.808588588588590E-01	-2.471833787129250E+00
1.826396396396398E-01	-2.458977068740955E+00
1.844204204204206E-01	-2.446158319382664E+00
1.862012012012014E-01	-2.433227991919719E+00
1.879819819819822E-01	-2.420285701924341E+00
1.897627627627629E-01	-2.407281237556427E+00
1.915435435435437E-01	-2.394264783784812E+00
1.933243243243245E-01	-2.381185829684698E+00
1.951051051051053E-01	-2.368094871268288E+00
1.968858858858861E-01	-2.354890137625040E+00
1.986666666666669E-01	-2.341724205399220E+00
2.004474474474476E-01	-2.328443888806552E+00
2.022282282282284E-01	-2.315151270010502E+00
2.040090090090092E-01	-2.301846513362642E+00
2.057897897897900E-01	-2.288426328176952E+00
2.075705705705708E-01	-2.274993729072412E+00
2.093513513513516E-01	-2.261496853364195E+00
2.111321321321323E-01	-2.247987610789280E+00
2.129129129129131E-01	-2.234413837139270E+00
2.146936936936939E-01	-2.220775256228463E+00
2.164744744744747E-01	-2.207124253396747E+00
2.182552552552555E-01	-2.193408212277807E+00
2.200360360360362E-01	-2.179626868630371E+00
2.218168168168170E-01	-2.165779962036912E+00
2.235975975975978E-01	-2.151920515332040E+00
2.253783783783786E-01	-2.137995308950105E+00
2.271591591591594E-01	-2.124004096045207E+00
2.289399399399402E-01	-2.110000379624435E+00
2.307207207207209E-01	-2.095930488230389E+00
2.325015015015017E-01	-2.081794189823388E+00
2.342822822822825E-01	-2.067591257311764E+00
2.360630630630633E-01	-2.053321468749166E+00
2.378438438438441E-01	-2.039039130851554E+00
2.396246246246249E-01	-2.024689821114559E+00
2.414054054054056E-01	-2.010273334761313E+00
2.431861861861864E-01	-1.995789472889057E+00
2.449669669669672E-01	-1.981238042683709E+00
2.467477477477480E-01	-1.966674158220769E+00
2.485285285285288E-01	-1.952042649815811E+00
2.503093093093096E-01	-1.937343344374728E+00
2.520900900900903E-01	-1.922576075677740E+00
2.538708708708711E-01	-1.907740684610669E+00
2.556516516516518E-01	-1.892837019400116E+00
2.574324324324326E-01	-1.877921164814399E+00
2.592132132132133E-01	-1.862937063907540E+00
2.609939939939941E-01	-1.847828051837972E+00
2.627747747747748E-01	-1.832706927032484E+00
2.645555555555556E-01	-1.817517194846961E+00
2.663363363363364E-01	-1.802315747610778E+00
2.681171171171171E-01	-1.786988652336926E+00
2.698978978978979E-01	-1.771592666536471E+00
2.716786786786786E-01	-1.756185166291574E+00
2.734594594594594E-01	-1.740708936245097E+00
2.752402402402401E-01	-1.725106166519409E+00
2.770210210210209E-01	-1.709492165777865E+00
2.788018018018016E-01	-1.693809295029514E+00
2.805825825825824E-01	-1.678057528446604E+00
2.823633633633632E-01	-1.662295200404618E+00
2.841441441441439E-01	-1.646405756617860E+00
2.859249249249247E-01	-1.630506048994097E+00
2.877057057057054E-01	-1.614478957521672E+00
2.894864864864862E-01	-1.598441944356652E+00
2.912672672672669E-01	-1.582336408423963E+00
2.930480480480477E-01	-1.566162404295534E+00
2.948288288288284E-01	-1.549919999366471E+00
2.966096096096092E-01	-1.533668778836089E+00
2.983903903903899E-01	-1.517289967914502E+00
3.001711711711707E-01	-1.500902821389243E+00
3.019519519519515E-01	-1.484507874094374E+00
3.037327327327322E-01	-1.467985553755791E+00
3.055135135135130E-01	-1.451455982904133E+00
3.072942942942937E-01	-1.434859399170008E+00
3.090750750750745E-01	-1.418195975871847E+00
3.108558558558552E-01	-1.401526489957757E+00
3.126366366366360E-01	-1.384790815676241E+00
3.144174174174167E-01	-1.368050012973647E+00
3.161981981981975E-01	-1.351258963048110E+00
3.179789789789783E-01	-1.334418002083856E+00
3.197597597597590E-01	-1.317573390962969E+00
3.215405405405398E-01	-1.300695096269725E+00
3.233213213213205E-01	-1.283814306032034E+00
3.251021021021013E-01	-1.266900884110195E+00
3.268828828828820E-01	-1.249955312894618E+00
3.286636636636628E-01	-1.233039875600184E+00
3.304444444444435E-01	-1.216124453550240E+00
3.322252252252243E-01	-1.199178714439710E+00
3.340060060060051E-01	-1.182296334495981E+00
3.357867867867858E-01	-1.165384987828350E+00
3.375675675675666E-01	-1.148507507787100E+00
3.393483483483473E-01	-1.131695919197900E+00
3.411291291291281E-01	-1.114888694313231E+00
3.429099099099088E-01	-1.098117801361252E+00
3.446906906906896E-01	-1.081415382461305E+00
3.464714714714703E-01	-1.064782367176104E+00
3.482522522522511E-01	-1.048219669934294E+00
3.500330330330318E-01	-1.031728189844068E+00
3.518138138138126E-01	-1.015340292481738E+00
3.535945945945934E-01	-9.990254314383645E-01
3.553753753753741E-01	-9.828160013854392E-01
3.571561561561549E-01	-9.667445015643188E-01
3.589369369369356E-01	-9.507803062191875E-01
3.607177177177164E-01	-9.349559104143000E-01
3.624984984984971E-01	-9.192405685394638E-01
3.642792792792779E-01	-9.036984424437463E-01
3.660600600600586E-01	-8.883304343911479E-01
3.678408408408394E-01	-8.731056816281578E-01
3.696216216216202E-01	-8.580884064179388E-01
3.714024024024009E-01	-8.432159217978690E-01
3.731831831831817E-01	-8.285524207600946E-01
3.749639639639624E-01	-8.140986055020075E-01
3.767447447447432E-01	-7.998233433487616E-01
3.785255255255239E-01	-7.857589885194373E-01
3.803063063063047E-01	-7.719378697090420E-01
3.820870870870854E-01	-7.582968982432435E-01
3.838678678678662E-01	-7.449318754473720E-01
3.856486486486470E-01	-7.317478042443323E-01
3.874294294294277E-01	-7.188403770317886E-01
3.892102102102085E-01	-7.061462768575886E-01
3.909909909909892E-01	-6.936657229666795E-01
3.927717717717700E-01	-6.814624236429973E-01
3.945525525525507E-01	-6.694729317885281E-01
3.963333333333315E-01	-6.577608138427592E-01
3.981141141141122E-01	-6.462546243926638E-01
3.998948948948930E-01	-6.350019334012194E-01
4.016756756756737E-01	-6.239788474108950E-01
4.034564564564545E-01	-6.132010815335627E-01
4.052372372372353E-01	-6.026526066645830E-01
4.070180180180160E-01	-5.923490347155166E-01
4.087987987987968E-01	-5.822742731051442E-01
4.105795795795775E-01	-5.724122343358240E-01
4.123603603603583E-01	-5.627942058698366E-01
4.141411411411390E-01	-5.533882433541708E-01
4.159219219219198E-01	-5.442097561559150E-01
4.177027027027005E-01	-5.352425742424132E-01
4.194834834834813E-01	-5.264705539741404E-01
4.212642642642621E-01	-5.179247394349752E-01
4.230450450450428E-01	-5.095732169279188E-01
4.248258258258236E-01	-5.014155459083581E-01
4.266066066066043E-01	-4.934512646073962E-01
4.283873873873851E-01	-4.856798908238832E-01
4.301681681681658E-01	-4.780852852226999E-01
4.319489489489466E-01	-4.706825993425736E-01
4.337297297297273E-01	-4.634400907565958E-01
4.355105105105081E-01	-4.563884813974476E-01
4.372912912912889E-01	-4.494960698092064E-01
4.390720720720696E-01	-4.427623826040760E-01
4.408528528528504E-01	-4.361869347014842E-01
4.426336336336311E-01	-4.297692297799403E-01
4.444144144144119E-01	-4.234932715985363E-01
4.461951951951926E-01	-4.173740715218631E-01
4.479759759759734E-01	-4.113802045625850E-01
4.497567567567541E-01	-4.055421142672083E-01
4.515375375375349E-01	-3.998284401645104E-01
4.533183183183156E-01	-3.942541417715359E-01
4.550990990990964E-01	-3.887879891675539E-01
4.568798798798772E-01	-3.834602965006724E-01
4.586606606606579E-01	-3.782552306904054E-01
4.604414414414387E-01	-3.731570384662901E-01
4.622222222222194E-01	-3.681806100457400E-01
4.640030030030002E-01	-3.633102264546864E-01
4.657837837837809E-01	-3.585454891562860E-01
4.675645645645617E-01	-3.538859961347475E-01
4.693453453453424E-01	-3.493161494029257E-01
4.711261261261232E-01	-3.448507778471496E-01
4.729069069069040E-01	-3.404894702600689E-01
4.746876876876847E-01	-3.362166873951128E-01
4.764684684684655E-01	-3.320320805563390E-01
4.782492492492462E-01	-3.279352990351212E-01
4.800300300300270E-01	-3.239109336032799E-01
4.818108108108077E-01	-3.199887660183630E-01
4.835915915915885E-01	-3.161383500776549E-01
4.853723723723692E-01	-3.123593975125473E-01
4.871531531531500E-01	-3.086665829145769E-01
4.889339339339308E-01	-3.050446051890631E-01
4.907147147147115E-01	-3.014931726960668E-01
4.924954954954923E-01	-2.980157162664880E-01
4.942762762762730E-01	-2.945970546357015E-01
4.960570570570538E-01	-2.912555046768152E-01
4.978378378378345E-01	-2.879685016017552E-01
4.996186186186153E-01	-2.847506197794345E-01
5.013993993993960E-01	-2.815867874521300E-01
5.031801801801769E-01	-2.784915304346155E-01
5.049609609609577E-01	-2.754498235001225E-01
5.067417417417385E-01	-2.724614401680797E-01
5.085225225225193E-01	-2.695334934997721E-01
5.103033033033001E-01	-2.666510646986576E-01
5.120840840840809E-01	-2.638285940820003E-01
5.138648648648617E-01	-2.610512103193162E-01
5.156456456456425E-01	-2.583260134238716E-01
5.174264264264233E-01	-2.556527753381653E-01
5.192072072072041E-01	-2.530240001873396E-01
5.209879879879850E-01	-2.504394958151748E-01
5.227687687687658E-01	-2.478990699836285E-01
5.245495495495466E-01	-2.454025303847803E-01
5.263303303303274E-01	-2.429496846524745E-01
5.281111111111082E-01	-2.405331332981793E-01
5.298918918918890E-01	-2.381671101646761E-01
5.316726726726698E-01	-2.358298379930639E-01
5.334534534534506E-01	-2.335355384962311E-01
5.352342342342314E-01	-2.312840192310301E-01
5.370150150150123E-01	-2.290607951378592E-01
5.387957957957931E-01	-2.268800151057772E-01
5.405765765765739E-01	-2.247272428456379E-01
5.423573573573547E-01	-2.226165786821704E-01
5.441381381381355E-01	-2.205336351591738E-01
5.459189189189163E-01	-2.184853786101676E-01
5.476996996996971E-01	-2.164716534828870E-01
5.494804804804779E-01	-2.144852432785725E-01
5.512612612612587E-01	-2.125330780377748E-01
5.530420420420395E-01	-2.106079658411421E-01
5.548228228228204E-01	-2.087097880990123E-01
5.566036036036012E-01	-2.068454385790170E-01
5.583843843843820E-01	-2.050077622683358E-01
5.601651651651628E-01	-2.031896530555005E-01
5.619459459459436E-01	-2.014049807039538E-01
5.637267267267244E-01	-1.996466271378553E-01
5.655075075075052E-01	-1.979144744523174E-01
5.672882882882860E-01	-1.962084048638552E-01
5.690690690690668E-01	-1.945213738298192E-01
5.708498498498477E-01	-1.928602150777529E-01
5.726306306306285E-01	-1.912248111945917E-01
5.744114114114093E-01	-1.896150448951237E-01
5.761921921921901E-01	-1.880239208854874E-01
5.779729729729709E-01	-1.864513586807477E-01
5.797537537537517E-01	-1.849041316963815E-01
5.815345345345325E-01	-1.833821231608143E-01
5.833153153153133E-01	-1.818715575508633E-01
5.850960960960941E-01	-1.803860259178349E-01
5.868768768768750E-01	-1.789254118819883E-01
5.886576576576558E-01	-1.774760132791753E-01
5.904384384384366E-01	-1.760513485460781E-01
5.922192192192174E-01	-1.746445330400774E-01
5.939999999999982E-01	-1.732554873546428E-01
5.957807807807790E-01	-1.718841322001907E-01
5.975615615615598E-01	-1.705303884042514E-01
5.993423423423406E-01	-1.691941769116225E-01
6.011231231231214E-01	-1.678754187845094E-01
6.029039039039022E-01	-1.665740352026542E-01
6.046846846846831E-01	-1.652832636928729E-01
6.064654654654639E-01	-1.640164053179253E-01
6.082462462462447E-01	-1.627600261633668E-01
6.100270270270255E-01	-1.615207316341424E-01
6.118078078078063E-01	-1.602984434823715E-01
6.135885885885871E-01	-1.590930835779915E-01
6.153693693693679E-01	-1.578979626832020E-01
6.171501501501487E-01	-1.567196382697435E-01
6.189309309309295E-01	-1.555514454495281E-01
6.207117117117104E-01	-1.543999177548265E-01
6.224924924924912E-01	-1.532649776098431E-01
6.242732732732720E-01	-1.521399966108745E-01
6.260540540540528E-01	-1.510314724377727E-01
6.278348348348336E-01	-1.499328009697553E-01
6.296156156156144E-01	-1.488439411522881E-01
6.313963963963952E-01	-1.477713548513453E-01
6.331771771771760E-01	-1.467149651410437E-01
6.349579579579568E-01	-1.456617375472924E-01
6.367387387387377E-01	-1.446246010250084E-01
6.385195195195185E-01	-1.436034789616225E-01
6.403003003002993E-01	-1.425854091162406E-01
6.420810810810801E-01	-1.415832487488650E-01
6.438618618618609E-01	-1.405969215582079E-01
6.456426426426417E-01	-1.396135374041523E-01
6.474234234234225E-01	-1.386458819793986E-01
6.492042042042033E-01	-1.376874962068476E-01
6.509849849849841E-01	-1.367383400185743E-01
6.527657657657649E-01	-1.357983734191928E-01
6.545465465465458E-01	-1.348739037895653E-01
6.563273273273266E-01	-1.339521847591028E-01
6.581081081081074E-01	-1.330458592591216E-01
6.598888888888882E-01	-1.321485403009027E-01
6.616696696696690E-01	-1.312538885694482E-01
6.634504504504498E-01	-1.303744758059391E-01
6.652312312312306E-01	-1.295039509473464E-01
6.670120120120114E-01	-1.286422745914043E-01
6.687927927927922E-01	-1.277894074057248E-01
6.705735735735731E-01	-1.269453101275084E-01
6.723543543543539E-01	-1.261099435632538E-01
6.741351351351347E-01	-1.252832685884717E-01
6.759159159159155E-01	-1.244652461473979E-01
6.776966966966963E-01	-1.236496441995090E-01
6.794774774774771E-01	-1.228488217426652E-01
6.812582582582579E-01	-1.220549926937274E-01
6.830390390390387E-01	-1.212681271149350E-01
6.848198198198195E-01	-1.204866586586651E-01
6.866006006006004E-01	-1.197167004135049E-01
6.883813813813812E-01	-1.189520738057587E-01
6.901621621621620E-01	-1.181958132259984E-01
6.919429429429428E-01	-1.174448308028930E-01
6.937237237237236E-01	-1.167021492731118E-01
6.955045045045044E-01	-1.159677302830985E-01
6.972852852852852E-01	-1.152385037536822E-01
6.990660660660660E-01	-1.145174749750586E-01
7.008468468468468E-01	-1.138046057773754E-01
7.026276276276276E-01	-1.130968438351743E-01
7.044084084084085E-01	-1.123941686543710E-01
7.061891891891893E-01	-1.116995623078409E-01
7.079699699699701E-01	-1.110099901729751E-01
7.097507507507509E-01	-1.103284227369374E-01
7.115315315315317E-01	-1.096518371615556E-01
7.133123123123125E-01	-1.089831923634447E-01
7.150930930930933E-01	-1.083194772717964E-01
7.168738738738741E-01	-1.076606717041629E-01
7.186546546546549E-01	-1.070097172438421E-01
7.204354354354358E-01	-1.063636204328951E-01
7.222162162162166E-01	-1.057223612154834E-01
7.239969969969974E-01	-1.050888638760217E-01
7.257777777777782E-01	-1.044601525309744E-01
7.275585585585590E-01	-1.038362072491730E-01
7.293393393393398E-01	-1.032170081364749E-01
7.311201201201206E-01	-1.026054564616443E-01
7.329009009009014E-01	-1.019985997100241E-01
7.346816816816822E-01	-1.013964181096492E-01
7.364624624624631E-01	-1.007988919247902E-01
7.382432432432439E-01	-1.002060014557683E-01
7.400240240240247E-01	-9.962061928486213E-02
7.418048048048055E-01	-9.903693552800051E-02
7.435855855855863E-01	-9.846070932881117E-02
7.453663663663671E-01	-9.788902889600579E-02
7.471471471471479E-01	-9.732187471949857E-02
7.489279279279287E-01	-9.675922732413793E-02
7.507087087087095E-01	-9.620106726952987E-02
7.524894894894903E-01	-9.564737514986393E-02
7.542702702702712E-01	-9.509813159373963E-02
7.560510510510520E-01	-9.455331726399506E-02
7.578318318318328E-01	-9.401291285753599E-02
7.596126126126136E-01	-9.347972816833997E-02
7.613933933933944E-01	-9.294808011465579E-02
7.631741741741752E-01	-9.242078428165446E-02
7.649549549549560E-01	-9.189782150082533E-02
7.667357357357368E-01	-9.137917263689173E-02
7.685165165165176E-01	-9.086481858764814E-02
7.702972972972985E-01	-9.035474028379846E-02
7.720780780780793E-01	-8.984612958232652E-02
7.738588588588601E-01	-8.934455138459993E-02
7.756396396396409E-01	-8.884719191632993E-02
7.774204204204217E-01	-8.835126019703463E-02
7.792012012012025E-01	-8.786228708275909E-02
7.809819819819833E-01	-8.737471528857871E-02
7.827627627627641E-01	-8.689129800075922E-02
7.845435435435449E-01	-8.641201639601699E-02
7.863243243243258E-01	-8.593410800503133E-02
7.881051051051066E-01	-8.546304708374799E-02
7.898858858858874E-01	-8.499333320115636E-02
7.916666666666682E-01	-8.452769132530125E-02
7.934474474474490E-01	-8.406610277762509E-02
7.952282282282298E-01	-8.360854891039528E-02
7.970090090090106E-01	-8.315501110655935E-02
7.987897897897914E-01	-8.270276664829659E-02
8.005705705705722E-01	-8.225451237905861E-02
8.023513513513530E-01	-8.181022976162367E-02
8.041321321321339E-01	-8.136721304815697E-02
8.059129129129147E-01	-8.093082386579126E-02
8.076936936936955E-01	-8.049567490078842E-02
8.094744744744763E-01	-8.006176458065417E-02
8.112552552552571E-01	-7.963442088649909E-02
8.130360360360379E-01	-7.920829028326586E-02
8.148168168168187E-01	-7.878602480395436E-02
8.165975975975995E-01	-7.836495816368935E-02
8.183783783783803E-01	-7.794773122409314E-02
8.201591591591612E-01	-7.753432570987949E-02
8.219399399399420E-01	-7.712472337462964E-02
8.237207207207228E-01	-7.671628039961095E-02
8.255015015015036E-01	-7.631161535906510E-02
8.272822822822844E-01	-7.590809563855325E-02
8.290630630630652E-01	-7.550832868491215E-02
8.308438438438460E-01	-7.511229637220677E-02
8.326246246246268E-01	-7.471998060265338E-02
8.344054054054076E-01	-7.432877113568635E-02
8.361861861861885E-01	-7.393866660578206E-02
8.379669669669693E-01	-7.355224671034552E-02
8.397477477477501E-01	-7.316949344127885E-02
8.415285285285309E-01	-7.279038881807001E-02
8.433093093093117E-01	-7.241235047354608E-02
8.450900900900925E-01	-7.203537710319900E-02
8.468708708708733E-01	-7.166202074517221E-02
8.486516516516541E-01	-7.129226350665724E-02
8.504324324324349E-01	-7.092354524702378E-02
8.522132132132157E-01	-7.055840145401598E-02
8.539939939939966E-01	-7.019428307791639E-02
8.557747747747774E-01	-6.983371458698810E-02
8.575555555555582E-01	-6.947667820125926E-02
8.593363363363390E-01	-6.912064148503400E-02
8.611171171171198E-01	-6.876560323457273E-02
8.628978978979006E-01	-6.841406592156021E-02
8.646786786786814E-01	-6.806601185037990E-02
8.664594594594622E-01	-6.771893067853203E-02
8.682402402402430E-01	-6.737530842258019E-02
8.700210210210239E-01	-6.703264576474437E-02
8.718018018018047E-01	-6.669094156180724E-02
8.735825825825855E-01	-6.635266539597784E-02
8.753633633633663E-01	-6.601779969556479E-02
8.771441441441471E-01	-6.568386714850417E-02
8.789249249249279E-01	-6.535332094456307E-02
8.807057057057087E-01	-6.502369475297148E-02
8.824864864864895E-01	-6.469498748886966E-02
8.842672672672703E-01	-6.436963597008116E-02
8.860480480480512E-01	-6.404762274582483E-02
8.878288288288320E-01	-6.372407641920538E-02
8.896096096096128E-01	-6.340627689998009E-02
8.913903903903936E-01	-6.308935827492242E-02
8.931711711711744E-01	-6.277331951547500E-02
8.949519519519552E-01	-6.245815959698142E-02
8.967327327327360E-01	-6.214627726318885E-02
8.985135135135168E-01	-6.183765519570316E-02
9.002942942942976E-01	-6.152988720056249E-02
9.020750750750784E-01	-6.122297228939533E-02
9.038558558558593E-01	-6.091928752697424E-02
9.056366366366401E-01	-6.061644304268155E-02
9.074174174174209E-01	-6.031680508198830E-02
9.091981981982017E-01	-6.001799464254200E-02
9.109789789789825E-01	-5.972001077497627E-02
9.127597597597633E-01	-5.942520351579662E-02
9.145405405405441E-01	-5.913355571297294E-02
9.163213213213249E-01	-5.884036988021662E-02
9.181021021021057E-01	-5.855033085719208E-02
9.198828828828866E-01	-5.826342154278294E-02
9.216636636636674E-01	-5.797497686047088E-02
9.234444444444482E-01	-5.769196791400897E-02
9.252252252252290E-01	-5.740742181371035E-02
9.270060060060098E-01	-5.712596952098552E-02
9.287867867867906E-01	-5.684529154816829E-02
9.305675675675714E-01	-5.656768412400327E-02
9.323483483483522E-01	-5.629083854022635E-02
9.341291291291330E-01	-5.601704030531873E-02
9.359099099099139E-01	-5.574171047680441E-02
9.376906906906947E-01	-5.546941557625317E-02
9.394714714714755E-01	-5.520013868762464E-02
9.412522522522563E-01	-5.493159798762400E-02
9.430330330330371E-01	-5.466379265629763E-02
9.448138138138179E-01	-5.439672187664665E-02
9.465945945945987E-01	-5.413263372356560E-02
9.483753753753795E-01	-5.386926781608919E-02
9.501561561561603E-01	-5.360886156690618E-02
9.519369369369411E-01	-5.334916530131329E-02
9.537177177177220E-01	-5.309017823637042E-02
9.554984984985028E-01	-5.283189959192900E-02
9.572792792792836E-01	-5.257654548477778E-02
9.590600600600644E-01	-5.232188760383178E-02
9.608408408408452E-01	-5.207013144174087E-02
9.626216216216260E-01	-5.181685841459375E-02
9.644024024024068E-01	-5.156647496679055E-02
9.661831831831876E-01	-5.131896441878878E-02
9.679639639639684E-01	-5.107212509824048E-02
9.697447447447493E-01	-5.082595627543964E-02
9.715255255255301E-01	-5.058045722324152E-02
9.733063063063109E-01	-5.033562721704830E-02
9.750870870870917E-01	-5.009362935939430E-02
9.768678678678725E-01	-4.985228852702281E-02
9.786486486486533E-01	-4.961375726076856E-02
9.804294294294341E-01	-4.937587104037752E-02
9.822102102102149E-01	-4.913862917261214E-02
9.839909909909957E-01	-4.890203096663868E-02
9.857717717717766E-01	-4.866820786742975E-02
9.875525525525574E-01	-4.843501651359259E-02
9.893333333333382E-01	-4.820245623076778E-02
9.911141141141190E-01	-4.797052634691767E-02
9.928948948948998E-01	-4.774133726022207E-02
9.946756756756806E-01	-4.751276671803221E-02
9.964564564564614E-01	-4.728481406445844E-02
9.982372372372422E-01	-4.705957394677002E-02
1.000018018018023E+00	-4.683493991357899E-02
1.001798798798804E+00	-4.661091132488428E-02
1.003579579579585E+00	-4.638748754286257E-02
1.005360360360365E+00	-4.616674225269787E-02
1.007141141141146E+00	-4.594452094184387E-02
1.008921921921927E+00	-4.572496638922911E-02
1.010702702702708E+00	-4.550806227141869E-02
1.012483483483489E+00	-4.528968550691212E-02
1.014264264264269E+00	-4.507394749238425E-02
1.016045045045050E+00	-4.485878900543452E-02
1.017825825825831E+00	-4.464624716493640E-02
1.019606606606612E+00	-4.443224071023031E-02
1.021387387387393E+00	-4.422083927535127E-02
1.023168168168173E+00	-4.401000455075128E-02
1.024948948948954E+00	-4.379973595054442E-02
1.026729729729735E+00	-4.359204455959197E-02
1.028510510510516E+00	-4.338490772368206E-02
1.030291291291297E+00	-4.317832487162502E-02
1.032072072072078E+00	-4.297229543412381E-02
1.033852852852858E+00	-4.276681884376372E-02
1.035633633633639E+00	-4.256388022442433E-02
1.037414414414420E+00	-4.236148294884609E-02
1.039195195195201E+00	-4.215962646398290E-02
1.040975975975982E+00	-4.196028035531573E-02
1.042756756756762E+00	-4.175949862163587E-02
1.044537537537543E+00	-4.156121581609044E-02
1.046318318318324E+00	-4.136346126483917E-02
1.048099099099105E+00	-4.116623443250523E-02
1.049879879879886E+00	-4.097147905886095E-02
1.051660660660666E+00	-4.077530090121271E-02
1.053441441441447E+00	-4.058158281786872E-02
1.055222222222228E+00	-4.038838001558245E-02
1.057003003003009E+00	-4.019761561050396E-02
1.058783783783790E+00	-4.000543666491761E-02
1.060564564564570E+00	-3.981568478562075E-02
1.062345345345351E+00	-3.962643583368090E-02
1.064126126126132E+00	-3.943768930609849E-02
1.065906906906913E+00	-3.924944470148969E-02
1.067687687687694E+00	-3.906359428081190E-02
1.069468468468475E+00	-3.887634688873515E-02
1.071249249249255E+00	-3.869148241999640E-02
1.073030030030036E+00	-3.850710762728683E-02
1.074810810810817E+00	-3.832509426008625E-02
1.076591591591598E+00	-3.814169224135640E-02
1.078372372372379E+00	-3.796064043910571E-02
1.080153153153159E+00	-3.778006614676785E-02
1.081933933933940E+00	-3.759996889377600E-02
1.083714714714721E+00	-3.742034821105101E-02
1.085495495495502E+00	-3.724120363099394E-02
1.087276276276283E+00	-3.706437110795708E-02
1.089057057057063E+00	-3.688800354628408E-02
1.090837837837844E+00	-3.671210049102502E-02
1.092618618618625E+00	-3.653666148865739E-02
1.094399399399406E+00	-3.636168608707871E-02
1.096180180180187E+00	-3.618898475694137E-02
1.097960960960968E+00	-3.601493011467527E-02
1.099741741741748E+00	-3.584313846883756E-02
1.101522522522529E+00	-3.567179845974418E-02
1.103303303303310E+00	-3.550090965041504E-02
1.105084084084091E+00	-3.533225709530471E-02
1.106864864864872E+00	-3.516226430184891E-02
1.108645645645652E+00	-3.499449674444895E-02
1.110426426426433E+00	-3.482716850949387E-02
1.112207207207214E+00	-3.466027917475813E-02
1.113987987987995E+00	-3.449382831931599E-02
1.115768768768776E+00	-3.432913181938169E-02
1.117549549549556E+00	-3.416442786779770E-02
1.119330330330337E+00	-3.400015608297616E-02
1.121111111111118E+00	-3.383718599438536E-02
1.122891891891899E+00	-3.367464219597573E-02
1.124672672672680E+00	-3.351252428241355E-02
1.126453453453460E+00	-3.335169421346534E-02
1.128234234234241E+00	-3.319128417605530E-02
1.130015015015022E+00	-3.303129377247797E-02
1.131795795795803E+00	-3.287257740448411E-02
1.133576576576584E+00	-3.271427484001685E-02
1.135357357357365E+00	-3.255638568888936E-02
1.137138138138145E+00	-3.239975680645368E-02
1.138918918918926E+00	-3.224353552979062E-02
1.140699699699707E+00	-3.208772147612464E-02
1.142480480480488E+00	-3.193231426383041E-02
1.144261261261269E+00	-3.177815070307243E-02
1.146042042042049E+00	-3.162438820346315E-02
1.147822822822830E+00	-3.147102639065890E-02
1.149603603603611E+00	-3.131889455529471E-02
1.151384384384392E+00	-3.116715764867277E-02
1.153165165165173E+00	-3.101581530362791E-02
1.154945945945953E+00	-3.086568930265690E-02
1.156726726726734E+00	-3.071513248109522E-02
1.158507507507515E+00	-3.056660341690219E-02
1.160288288288296E+00	-3.041764281300939E-02
1.162069069069077E+00	-3.026988210343285E-02
1.163849849849858E+00	-3.012169414186742E-02
1.165630630630638E+00	-2.997550752164207E-02
1.167411411411419E+00	-2.982889294633253E-02
1.169192192192200E+00	-2.968346187793106E-02
1.170972972972981E+00	-2.953840681900199E-02
1.172753753753762E+00	-2.939372742535265E-02
1.174534534534542E+00	-2.925021804363050E-02
1.176315315315323E+00	-2.910628646325896E-02
1.178096096096104E+00	-2.896351923646566E-02
1.179876876876885E+00	-2.882190856429030E-02
1.181657657657666E+00	-2.867987717155676E-02
1.183438438438446E+00	-2.853899669587329E-02
1.185219219219227E+00	-2.839847958006573E-02
1.187000000000008E+00	-2.825910278988707E-02
1.188780780780789E+00	-2.811930892804588E-02
1.190561561561570E+00	-2.798064977917409E-02
1.192342342342350E+00	-2.784234772627383E-02
1.194123123123131E+00	-2.770516982946924E-02
1.195903903903912E+00	-2.756757852991918E-02
1.197684684684693E+00	-2.743110579836393E-02
1.199465465465474E+00	-2.729498393821645E-02
1.201246246246255E+00	-2.715921263535162E-02
1.203027027027035E+00	-2.702454659414224E-02
1.204807807807816E+00	-2.689022554633081E-02
1.206588588588597E+00	-2.675624918409457E-02
1.208369369369378E+00	-2.662261720048696E-02
1.210150150150159E+00	-2.649007443757644E-02
1.211930930930939E+00	-2.635787051329111E-02
1.213711711711720E+00	-2.622600512688313E-02
1.215492492492501E+00	-2.609447797845620E-02
1.217273273273282E+00	-2.596328876896140E-02
1.219054054054063E+00	-2.583317003843300E-02
1.220834834834843E+00	-2.570338373444753E-02
1.222615615615624E+00	-2.557392956403527E-02
1.224396396396405E+00	-2.544480723505011E-02
1.226177177177186E+00	-2.531673946783510E-02
1.227957957957967E+00	-2.518899805282837E-02
1.229738738738748E+00	-2.506158270386457E-02
1.231519519519528E+00	-2.493449313557804E-02
1.233300300300309E+00	-2.480772906339927E-02
1.235081081081090E+00	-2.468200095847269E-02
1.236861861861871E+00	-2.455659288721218E-02
1.238642642642652E+00	-2.443150457091574E-02
1.240423423423432E+00	-2.430743914652284E-02
1.242204204204213E+00	-2.418298706278594E-02
1.243984984984994E+00	-2.405955243100372E-02
1.245765765765775E+00	-2.393643156415279E-02
1.247546546546556E+00	-2.381362419082910E-02
1.249327327327336E+00	-2.369113004037663E-02
1.251108108108117E+00	-2.356963760891520E-02
1.252888888888898E+00	-2.344845298635460E-02
1.254669669669679E+00	-2.332757590770453E-02
1.256450450450460E+00	-2.320700610870082E-02
1.258231231231240E+00	-2.308674332580270E-02
1.260012012012021E+00	-2.296746388640309E-02
1.261792792792802E+00	-2.284848607469889E-02
1.263573573573583E+00	-2.272980963270992E-02
1.265354354354364E+00	-2.261143430315825E-02
1.267135135135145E+00	-2.249335982946529E-02
1.268915915915925E+00	-2.237625039854912E-02
1.270696696696706E+00	-2.225943646023381E-02
1.272477477477487E+00	-2.214291776339919E-02
1.274258258258268E+00	-2.202669405760419E-02
1.276039039039049E+00	-2.191076509308378E-02
1.277819819819829E+00	-2.179578294427820E-02
1.279600600600610E+00	-2.168109019824388E-02
1.281381381381391E+00	-2.156603912692947E-02
1.283162162162172E+00	-2.145257193752147E-02
1.284942942942953E+00	-2.133874593598805E-02
1.286723723723733E+00	-2.122520836352974E-02
1.288504504504514E+00	-2.111259679556129E-02
1.290285285285295E+00	-2.100026834603634E-02
1.292066066066076E+00	-2.088822277775785E-02
1.293846846846857E+00	-2.077645985416061E-02
1.295627627627638E+00	-2.066497933930872E-02
1.297408408408418E+00	-2.055440675687414E-02
1.299189189189199E+00	-2.044411129648283E-02
1.300969969969980E+00	-2.033409272735269E-02
1.302750750750761E+00	-2.022435081931263E-02
1.304531531531542E+00	-2.011488534279960E-02
1.306312312312322E+00	-2.000569606885656E-02
1.308093093093103E+00	-1.989739409431356E-02
1.309873873873884E+00	-1.978936306257243E-02
1.311654654654665E+00	-1.968160274972497E-02
1.313435435435446E+00	-1.957411293245098E-02
1.315216216216226E+00	-1.946689338801556E-02
1.316996996997007E+00	-1.936054322106463E-02
1.318777777777788E+00	-1.925386115998856E-02
1.320558558558569E+00	-1.914804324308043E-02
1.322339339339350E+00	-1.904248992633848E-02
1.324120120120130E+00	-1.893720099312402E-02
1.325900900900911E+00	-1.883217622736200E-02
1.327681681681692E+00	-1.872800037766330E-02
1.329462462462473E+00	-1.862408348484536E-02
1.331243243243254E+00	-1.851984515262092E-02
1.333024024024035E+00	-1.841644792840449E-02
1.334804804804815E+00	-1.831330902800716E-02
1.336585585585596E+00	-1.821100126628820E-02
1.338366366366377E+00	-1.810837600056587E-02
1.340147147147158E+00	-1.800657668854157E-02
1.341927927927939E+00	-1.790446422769573E-02
1.343708708708719E+00	-1.780317254190458E-02
1.345489489489500E+00	-1.770213317146292E-02
1.347270270270281E+00	-1.760134591313114E-02
1.349051051051062E+00	-1.750136691722318E-02
1.350831831831843E+00	-1.740108089801873E-02
1.352612612612623E+00	-1.730159798451672E-02
1.354393393393404E+00	-1.720236162562361E-02
1.356174174174185E+00	-1.710337162378375E-02
1.357954954954966E+00	-1.700462778194367E-02
1.359735735735747E+00	-1.690612990355007E-02
1.361516516516527E+00	-1.680787779254802E-02
1.363297297297308E+00	-1.671040861573124E-02
1.365078078078089E+00	-1.661318007728296E-02
1.366858858858870E+00	-1.651565936073717E-02
1.368639639639651E+00	-1.641891389217428E-02
1.370420420420432E+00	-1.632293637959496E-02
1.372201201201212E+00	-1.622666848447497E-02
1.373981981981993E+00	-1.613064027505235E-02
1.375762762762774E+00	-1.603537236160868E-02
1.377543543543555E+00	-1.593982059469020E-02
1.379324324324336E+00	-1.584502402485786E-02
1.381105105105116E+00	-1.575046166807970E-02
1.382885885885897E+00	-1.565613334016614E-02
1.384666666666678E+00	-1.556254785651488E-02
1.386447447447459E+00	-1.546868467857249E-02
1.388228228228240E+00	-1.537505498067969E-02
1.390009009009020E+00	-1.528216051152660E-02
1.391789789789801E+00	-1.518949445010361E-02
1.393570570570582E+00	-1.509705661794680E-02
1.395351351351363E+00	-1.500484683703419E-02
1.397132132132144E+00	-1.491286492978402E-02
1.398912912912925E+00	-1.482111071905290E-02
1.400693693693705E+00	-1.473007184998552E-02
1.402474474474486E+00	-1.463877015455336E-02
1.404255255255267E+00	-1.454817875453740E-02
1.406036036036048E+00	-1.445780965564277E-02
1.407816816816829E+00	-1.436766268584932E-02
1.409597597597609E+00	-1.427773767355867E-02
1.411378378378390E+00	-1.418803444759240E-02
1.413159159159171E+00	-1.409902424332669E-02
1.414939939939952E+00	-1.400976173697533E-02
1.416720720720733E+00	-1.392118723165993E-02
1.418501501501513E+00	-1.383236476911872E-02
1.420282282282294E+00	-1.374422529250200E-02
1.422063063063075E+00	-1.365630191127104E-02
1.423843843843856E+00	-1.356859446005404E-02
1.425624624624637E+00	-1.348155781225422E-02
1.427405405405417E+00	-1.339427939218486E-02
1.429186186186198E+00	-1.330766677997984E-02
1.430966966966979E+00	-1.322081673822510E-02
1.432747747747760E+00	-1.313462751422107E-02
1.434528528528541E+00	-1.304864857726263E-02
1.436309309309322E+00	-1.296287976763004E-02
1.438090090090102E+00	-1.287732092598756E-02
1.439870870870883E+00	-1.279197189338205E-02
1.441651651651664E+00	-1.270683251124138E-02
1.443432432432445E+00	-1.262233435932618E-02
1.445213213213226E+00	-1.253761147913811E-02
1.446993993994006E+00	-1.245352486626310E-02
1.448774774774787E+00	-1.236964262853437E-02
1.450555555555568E+00	-1.228596461210599E-02
1.452336336336349E+00	-1.220249066349847E-02
1.454117117117130E+00	-1.211922062959724E-02
1.455897897897910E+00	-1.203615435765137E-02
1.457678678678691E+00	-1.195329169527222E-02
1.459459459459472E+00	-1.187104333943053E-02
1.461240240240253E+00	-1.178899365689181E-02
1.463021021021034E+00	-1.170673628179631E-02
1.464801801801815E+00	-1.162508581513399E-02
1.466582582582595E+00	-1.154363357639720E-02
1.468363363363376E+00	-1.146237941813792E-02
1.470144144144157E+00	-1.138132319325495E-02
1.471924924924938E+00	-1.130046475499298E-02
1.473705705705719E+00	-1.122019630180311E-02
1.475486486486499E+00	-1.113973068906203E-02
1.477267267267280E+00	-1.105985015378221E-02
1.479048048048061E+00	-1.097977678735428E-02
1.480828828828842E+00	-1.090028359582860E-02
1.482609609609623E+00	-1.082098270913777E-02
1.484390390390403E+00	-1.074187398566575E-02
1.486171171171184E+00	-1.066295728412623E-02
1.487951951951965E+00	-1.058460636356501E-02
1.489732732732746E+00	-1.050607098186956E-02
1.491513513513527E+00	-1.042772720112725E-02
1.493294294294307E+00	-1.034994187967137E-02
1.495075075075088E+00	-1.027197858247857E-02
1.496855855855869E+00	-1.019456886991754E-02
1.498636636636650E+00	-1.011734560738483E-02
1.500417417417431E+00	-1.004030865890531E-02
1.502198198198212E+00	-9.963457888817287E-03
1.503978978978992E+00	-9.886793161771226E-03
1.505759759759773E+00	-9.810314342728610E-03
1.507540540540554E+00	-9.734369930711931E-03
1.509321321321335E+00	-9.658260232291391E-03
1.511102102102116E+00	-9.582680091140050E-03
1.512882882882896E+00	-9.506938980481574E-03
1.514663663663677E+00	-9.431722582142893E-03
1.516444444444458E+00	-9.356686713980615E-03
1.518225225225239E+00	-9.281831245776894E-03
1.520006006006020E+00	-9.207156047610663E-03
1.521786786786800E+00	-9.132660989856510E-03
1.523567567567581E+00	-9.058345943183176E-03
1.525348348348362E+00	-8.984210778553299E-03
1.527129129129143E+00	-8.910578843499646E-03
1.528909909909924E+00	-8.836800775301927E-03
1.530690690690705E+00	-8.763521118403327E-03
1.532471471471485E+00	-8.690416271296178E-03
1.534252252252266E+00	-8.617171754319496E-03
1.536033033033047E+00	-8.544418430428422E-03
1.537813813813828E+00	-8.471839541455433E-03
1.539594594594609E+00	-8.399434963297481E-03
1.541375375375389E+00	-8.327509819338131E-03
1.543156156156170E+00	-8.255451216925835E-03
1.544936936936951E+00	-8.183566555560498E-03
1.546717717717732E+00	-8.112154137996997E-03
1.548498498498513E+00	-8.040614717938287E-03
1.550279279279293E+00	-7.969542754092788E-03
1.552060060060074E+00	-7.898348089024726E-03
1.553840840840855E+00	-7.827616097135214E-03
1.555621621621636E+00	-7.757052776925841E-03
1.557402402402417E+00	-7.686658009622501E-03
1.559183183183197E+00	-7.616431676715021E-03
1.560963963963978E+00	-7.546373659956280E-03
1.562744744744759E+00	-7.476483841361027E-03
1.564525525525540E+00	-7.407037847056630E-03
1.566306306306321E+00	-7.337481808418312E-03
1.568087087087102E+00	-7.268364834192095E-03
1.569867867867882E+00	-7.199142110110081E-03
1.571648648648663E+00	-7.130353695005445E-03
1.573429429429444E+00	-7.061728257213447E-03
1.575210210210225E+00	-6.993003507218943E-03
1.576990990991006E+00	-6.924705941766815E-03
1.578771771771786E+00	-6.856571012642448E-03
1.580552552552567E+00	-6.788598606965253E-03
1.582333333333348E+00	-6.721041759665997E-03
1.584114114114129E+00	-6.653391808260928E-03
1.585894894894910E+00	-6.585904043983160E-03
1.587675675675690E+00	-6.518824740116877E-03
1.589456456456471E+00	-6.451658762198094E-03
1.591237237237252E+00	-6.384896518409583E-03
1.593018018018033E+00	-6.318051884554961E-03
1.594798798798814E+00	-6.251606262862748E-03
1.596579579579595E+00	-6.185317664020263E-03
1.598360360360375E+00	-6.119185980078275E-03
1.600141141141156E+00	-6.053211103321379E-03
1.601921921921937E+00	-5.987392926267193E-03
1.603702702702718E+00	-5.921731341665755E-03
1.605483483483499E+00	-5.856226242498495E-03
1.607264264264279E+00	-5.790877521977665E-03
1.609045045045060E+00	-5.725904484439799E-03
1.610825825825841E+00	-5.660865959302664E-03
1.612606606606622E+00	-5.596198421435266E-03
1.614387387387403E+00	-5.531469670573350E-03
1.616168168168183E+00	-5.467107215464709E-03
1.617948948948964E+00	-5.402896026363339E-03
1.619729729729745E+00	-5.338836000529886E-03
1.621510510510526E+00	-5.274927035444829E-03
1.623291291291307E+00	-5.211169028807671E-03
1.625072072072087E+00	-5.147561878536167E-03
1.626852852852868E+00	-5.084105482765533E-03
1.628633633633649E+00	-5.020799739848081E-03
1.630414414414430E+00	-4.957644548351939E-03
1.632195195195211E+00	-4.894830129811839E-03
1.633975975975992E+00	-4.831973505875544E-03
1.635756756756772E+00	-4.769452991023622E-03
1.637537537537553E+00	-4.706894534727138E-03
1.639318318318334E+00	-4.644667527721534E-03
1.641099099099115E+00	-4.582586012410058E-03
1.642879879879896E+00	-4.520472947506305E-03
1.644660660660676E+00	-4.458684350216575E-03
1.646441441441457E+00	-4.397040951847031E-03
1.648222222222238E+00	-4.335542655484271E-03
1.650003003003019E+00	-4.274189364418894E-03
1.651783783783800E+00	-4.212980982144265E-03
1.653564564564580E+00	-4.152081006015509E-03
1.655345345345361E+00	-4.091159930387924E-03
1.657126126126142E+00	-4.030383476037967E-03
1.658906906906923E+00	-3.969908476632356E-03
1.660687687687704E+00	-3.909418758088062E-03
1.662468468468485E+00	-3.849225865577484E-03
1.664249249249265E+00	-3.789172776997537E-03
1.666030030030046E+00	-3.729111345072176E-03
1.667810810810827E+00	-3.669339803609793E-03
1.669591591591608E+00	-3.609707788246071E-03
1.671372372372389E+00	-3.550215207017307E-03
1.673153153153169E+00	-3.490861968150520E-03
1.674933933933950E+00	-3.431647980062918E-03
1.676714714714731E+00	-3.372573151361198E-03
1.678495495495512E+00	-3.313637390840895E-03
1.680276276276293E+00	-3.254840607485791E-03
1.682057057057073E+00	-3.196310843267038E-03
1.683837837837854E+00	-3.137789532300713E-03
1.685618618618635E+00	-3.079530641640214E-03
1.687399399399416E+00	-3.021284444347746E-03
1.689180180180197E+00	-2.963296072373466E-03
1.690960960960977E+00	-2.905324631511184E-03
1.692741741741758E+00	-2.847606424808689E-03
1.694522522522539E+00	-2.790022066165306E-03
1.696303303303320E+00	-2.732571468540375E-03
1.698084084084101E+00	-2.675254545071198E-03
1.699864864864882E+00	-2.618071209072529E-03
1.701645645645662E+00	-2.561021374035890E-03
1.703426426426443E+00	-2.504104953629059E-03
1.705207207207224E+00	-2.447321861695549E-03
1.706987987988005E+00	-2.390672012253918E-03
1.708768768768786E+00	-2.334250388727041E-03
1.710549549549566E+00	-2.277864568920679E-03
1.712330330330347E+00	-2.221611735468259E-03
1.714111111111128E+00	-2.165580280286087E-03
1.715891891891909E+00	-2.109590968028957E-03
1.717672672672690E+00	-2.053818473853477E-03
1.719453453453470E+00	-1.998174238054104E-03
1.721234234234251E+00	-1.942578479841641E-03
1.723015015015032E+00	-1.887192706753356E-03
1.724795795795813E+00	-1.831934944779703E-03
1.726576576576594E+00	-1.776805112082942E-03
1.728357357357375E+00	-1.721803126990007E-03
1.730138138138155E+00	-1.666928907991551E-03
1.731918918918936E+00	-1.612182373741766E-03
1.733699699699717E+00	-1.557563443057657E-03
1.735480480480498E+00	-1.503072034918628E-03
1.737261261261279E+00	-1.448768058783408E-03
1.739042042042059E+00	-1.394529267267792E-03
1.740822822822840E+00	-1.340417756949136E-03
1.742603603603621E+00	-1.286486881844056E-03
1.744384384384402E+00	-1.232627509125936E-03
1.746165165165183E+00	-1.178944245185639E-03
1.747945945945963E+00	-1.125336692799272E-03
1.749726726726744E+00	-1.071900726348234E-03
1.751507507507525E+00	-1.018587200971839E-03
1.753288288288306E+00	-9.653960394547416E-04
1.755069069069087E+00	-9.123271647347207E-04
1.756849849849867E+00	-8.593445153763234E-04
1.758630630630648E+00	-8.065221615904768E-04
1.760411411411429E+00	-7.538218635936396E-04
1.762192192192210E+00	-7.012729979026743E-04
1.763972972972991E+00	-6.488144065505818E-04
1.765753753753772E+00	-5.964776428055502E-04
1.767534534534552E+00	-5.442626306621846E-04
1.769315315315333E+00	-4.921692942643569E-04
1.771096096096114E+00	-4.402161395702787E-04
1.772876876876895E+00	-3.883637556117255E-04
1.774657657657676E+00	-3.366470596830434E-04
1.776438438438456E+00	-2.850353294179054E-04
1.778219219219237E+00	-2.335547969930354E-04
1.780000000000018E+00	-1.821834228402770E-04
