# barionic density, thermodynamic_potential 
1.000000000000000E-03	-2.514743153824384E-03
2.780780780780781E-03	-1.171503607747582E-02
4.561561561561562E-03	-2.390304978871427E-02
6.342342342342344E-03	-3.733635465641783E-02
8.123123123123124E-03	-5.137940933127538E-02
9.903903903903905E-03	-6.553543755853752E-02
1.168468468468469E-02	-7.996423676286213E-02
1.346546546546547E-02	-9.344330334488404E-02
1.524624624624625E-02	-1.062004526938836E-01
1.702702702702703E-02	-1.188091830858866E-01
1.880780780780781E-02	-1.297215704835253E-01
2.058858858858859E-02	-1.394899977781279E-01
2.236936936936937E-02	-1.489837780004564E-01
2.415015015015015E-02	-1.562655420457304E-01
2.593093093093093E-02	-1.621579756833853E-01
2.771171171171171E-02	-1.666030545211470E-01
2.949249249249249E-02	-1.695514800594538E-01
3.127327327327327E-02	-1.709614120204606E-01
3.305405405405405E-02	-1.707974483756516E-01
3.483483483483484E-02	-1.675597458338416E-01
3.661561561561562E-02	-1.640933187773044E-01
3.839639639639640E-02	-1.589782791679681E-01
4.017717717717718E-02	-1.505177761096093E-01
4.195795795795797E-02	-1.419902298007401E-01
4.373873873873875E-02	-1.299564070154702E-01
4.551951951951953E-02	-1.160906713321310E-01
4.730030030030032E-02	-1.003897441087247E-01
4.908108108108110E-02	-8.285267015935460E-02
5.086186186186188E-02	-6.348061928201787E-02
5.264264264264266E-02	-4.227671147373258E-02
5.442342342342345E-02	-1.924586228005865E-02
5.620420420420423E-02	7.895459425071749E-03
5.798498498498501E-02	3.462425652833190E-02
5.976576576576580E-02	6.557645036855320E-02
6.154654654654658E-02	9.844958463827425E-02
6.332732732732736E-02	1.332300673234386E-01
6.510810810810815E-02	1.699031462426319E-01
6.688888888888893E-02	2.084529819462659E-01
6.866966966966971E-02	2.488627140651261E-01
7.045045045045049E-02	2.939204251529191E-01
7.223123123123128E-02	3.380577883149272E-01
7.401201201201206E-02	3.869290854722749E-01
7.579279279279284E-02	4.377064865170723E-01
7.757357357357363E-02	4.873130584278442E-01
7.935435435435441E-02	5.448880928643121E-01
8.113513513513519E-02	6.012447604402951E-01
8.291591591591597E-02	6.594125271694793E-01
8.469669669669676E-02	7.226619450443650E-01
8.647747747747754E-02	7.844340256556279E-01
8.825825825825832E-02	8.513527803393117E-01
9.003903903903911E-02	9.200935559788377E-01
9.181981981981989E-02	9.906271261233996E-01
9.360060060060067E-02	1.066512991078071E+00
9.538138138138146E-02	1.140599525181187E+00
9.716216216216224E-02	1.220091259373021E+00
9.894294294294302E-02	1.301366210628203E+00
1.007237237237238E-01	1.380574742192493E+00
1.025045045045046E-01	1.469132619904030E+00
1.042852852852854E-01	1.555556493264248E+00
1.060660660660662E-01	1.643628445166087E+00
1.078468468468469E-01	1.737350059780965E+00
1.096276276276277E-01	1.832757416655113E+00
1.114084084084085E-01	1.929813380114410E+00
1.131891891891893E-01	2.028480482450050E+00
1.149699699699701E-01	2.128720935699221E+00
1.167507507507509E-01	2.234798518514253E+00
1.185315315315316E-01	2.342476128450926E+00
1.203123123123124E-01	2.451713321602710E+00
1.220930930930932E-01	2.562469371608586E+00
1.238738738738740E-01	2.674703279287314E+00
1.256546546546548E-01	2.788373781901555E+00
1.274354354354355E-01	2.908044650231204E+00
1.292162162162163E-01	3.029166226196139E+00
1.309969969969971E-01	3.151694688634507E+00
1.327777777777779E-01	3.280337198612415E+00
1.345585585585587E-01	3.405594227580877E+00
1.363393393393394E-01	3.536970310314246E+00
1.381201201201202E-01	3.669667646448488E+00
1.399009009009010E-01	3.802404843601835E+00
1.416816816816818E-01	3.940084678757103E+00
1.434624624624626E-01	4.078989793069468E+00
1.452432432432434E-01	4.221608580880002E+00
1.470240240240241E-01	4.365399658300703E+00
1.488048048048049E-01	4.512893923252705E+00
1.505855855855857E-01	4.661503831456230E+00
1.523663663663665E-01	4.811178398284028E+00
1.541471471471473E-01	4.964510690358111E+00
1.559279279279281E-01	5.121511352400830E+00
1.577087087087088E-01	5.279503695664516E+00
1.594894894894896E-01	5.438434114350002E+00
1.612702702702704E-01	5.600974341138681E+00
1.630510510510512E-01	5.767129195169673E+00
1.648318318318320E-01	5.934137034529613E+00
1.666126126126128E-01	6.101941660122520E+00
1.683933933933935E-01	6.273289077889331E+00
1.701741741741743E-01	6.448178153601475E+00
1.719549549549551E-01	6.623766688254818E+00
1.737357357357359E-01	6.799995917009255E+00
1.755165165165167E-01	6.979681518522739E+00
1.772972972972975E-01	7.162816277116235E+00
1.790780780780782E-01	7.346482041772106E+00
1.808588588588590E-01	7.533543169902259E+00
1.826396396396398E-01	7.723987418942670E+00
1.844204204204206E-01	7.911883931362354E+00
1.862012012012014E-01	8.106043770915221E+00
1.879819819819822E-01	8.300517808608220E+00
1.897627627627629E-01	8.498245735202545E+00
1.915435435435437E-01	8.696187348540661E+00
1.933243243243245E-01	8.897310448736334E+00
1.951051051051053E-01	9.098542918999556E+00
1.968858858858861E-01	9.305941457343124E+00
1.986666666666669E-01	9.510292568284058E+00
2.004474474474476E-01	9.720753435976803E+00
2.022282282282284E-01	9.931128823894596E+00
2.040090090090092E-01	1.014134765151084E+01
2.057897897897900E-01	1.035759147002409E+01
2.075705705705708E-01	1.057358348698472E+01
2.093513513513516E-01	1.079239986642824E+01
2.111321321321323E-01	1.101083954612932E+01
2.129129129129131E-01	1.123199931191721E+01
2.146936936936939E-01	1.145583547673914E+01
2.164744744744747E-01	1.167911022236376E+01
2.182552552552555E-01	1.190494794438428E+01
2.200360360360362E-01	1.213329924195887E+01
2.218168168168170E-01	1.236411243144767E+01
2.235975975975978E-01	1.259410540157251E+01
2.253783783783786E-01	1.282643371633412E+01
2.271591591591594E-01	1.306103985127720E+01
2.289399399399402E-01	1.329461274829282E+01
2.307207207207209E-01	1.353032754471769E+01
2.325015015015017E-01	1.376812080793070E+01
2.342822822822825E-01	1.400792672781972E+01
2.360630630630633E-01	1.424967709796056E+01
2.378438438438441E-01	1.449001972948599E+01
2.396246246246249E-01	1.473215345973949E+01
2.414054054054056E-01	1.497600404807190E+01
2.431861861861864E-01	1.522149481283350E+01
2.449669669669672E-01	1.546854661555881E+01
2.467477477477480E-01	1.571377648946827E+01
2.485285285285288E-01	1.596039640387016E+01
2.503093093093096E-01	1.620832110210813E+01
2.520900900900903E-01	1.645746283884273E+01
2.538708708708711E-01	1.670773136791422E+01
2.556516516516518E-01	1.695903393103026E+01
2.574324324324326E-01	1.720796494004298E+01
2.592132132132133E-01	1.745773716488702E+01
2.609939939939941E-01	1.771156121877902E+01
2.627747747747748E-01	1.796271548242430E+01
2.645555555555556E-01	1.821440613065306E+01
2.663363363363364E-01	1.846322188848535E+01
2.681171171171171E-01	1.871566578250986E+01
2.698978978978979E-01	1.896831937220577E+01
2.716786786786786E-01	1.921777301770408E+01
2.734594594594594E-01	1.946721372168031E+01
2.752402402402401E-01	1.971981054500793E+01
2.770210210210209E-01	1.996886460459882E+01
2.788018018018016E-01	2.021754452854111E+01
2.805825825825824E-01	2.046572504378128E+01
2.823633633633632E-01	2.071001534048128E+01
2.841441441441439E-01	2.095681843672810E+01
2.859249249249247E-01	2.119948383781912E+01
2.877057057057054E-01	2.144438052260921E+01
2.894864864864862E-01	2.168488427839657E+01
2.912672672672669E-01	2.192410449253657E+01
2.930480480480477E-01	2.216190016715973E+01
2.948288288288284E-01	2.239812788482459E+01
2.966096096096092E-01	2.262945225800786E+01
2.983903903903899E-01	2.286211591775191E+01
3.001711711711707E-01	2.308960197447777E+01
3.019519519519515E-01	2.331179595731601E+01
3.037327327327322E-01	2.353486347384296E+01
3.055135135135130E-01	2.375235755275980E+01
3.072942942942937E-01	2.396727477666809E+01
3.090750750750745E-01	2.417945666642527E+01
3.108558558558552E-01	2.438566220580560E+01
3.126366366366360E-01	2.458884139443444E+01
3.144174174174167E-01	2.478578363943961E+01
3.161981981981975E-01	2.497864829262426E+01
3.179789789789783E-01	2.516728327667261E+01
3.197597597597590E-01	2.534928996786221E+01
3.215405405405398E-01	2.552604425144000E+01
3.233213213213205E-01	2.569592897329085E+01
3.251021021021013E-01	2.586030238226704E+01
3.268828828828820E-01	2.601902566266926E+01
3.286636636636628E-01	2.616906594203192E+01
3.304444444444435E-01	2.631178520904314E+01
3.322252252252243E-01	2.644850450259173E+01
3.340060060060051E-01	2.657484538600056E+01
3.357867867867858E-01	2.669498262123943E+01
3.375675675675666E-01	2.680600067954356E+01
3.393483483483473E-01	2.690645860187624E+01
3.411291291291281E-01	2.699906747428668E+01
3.429099099099088E-01	2.708238039218031E+01
3.446906906906896E-01	2.715500220641752E+01
3.464714714714703E-01	2.721692081108949E+01
3.482522522522511E-01	2.726812806565840E+01
3.500330330330318E-01	2.730861972026514E+01
3.518138138138126E-01	2.733710479095089E+01
3.535945945945934E-01	2.735490363581994E+01
3.553753753753741E-01	2.736075967724719E+01
3.571561561561549E-01	2.735347377587323E+01
3.589369369369356E-01	2.733437908437236E+01
3.607177177177164E-01	2.730231202009054E+01
3.624984984984971E-01	2.725858703878521E+01
3.642792792792779E-01	2.720087968608823E+01
3.660600600600586E-01	2.712934367625257E+01
3.678408408408394E-01	2.704530515178885E+01
3.696216216216202E-01	2.694657417631697E+01
3.714024024024009E-01	2.683563856874798E+01
3.731831831831817E-01	2.671036948308029E+01
3.749639639639624E-01	2.657097786596432E+01
3.767447447447432E-01	2.641877718536989E+01
3.785255255255239E-01	2.625285506515229E+01
3.803063063063047E-01	2.607235477131371E+01
3.820870870870854E-01	2.587965446642693E+01
3.838678678678662E-01	2.567179228923442E+01
3.856486486486470E-01	2.545216790805762E+01
3.874294294294277E-01	2.521789885614271E+01
3.892102102102085E-01	2.497129794826560E+01
3.909909909909892E-01	2.471258388829119E+01
3.927717717717700E-01	2.444000890088137E+01
3.945525525525507E-01	2.415580597735698E+01
3.963333333333315E-01	2.385827375462077E+01
3.981141141141122E-01	2.354982854472519E+01
3.998948948948930E-01	2.322927152096599E+01
4.016756756756737E-01	2.289754941452202E+01
4.034564564564545E-01	2.255443180712382E+01
4.052372372372353E-01	2.220060877367087E+01
4.070180180180160E-01	2.183585549553891E+01
4.087987987987968E-01	2.146084463735815E+01
4.105795795795775E-01	2.107622395443832E+01
4.123603603603583E-01	2.068133062569359E+01
4.141411411411390E-01	2.027723485607567E+01
4.159219219219198E-01	1.986370653077984E+01
4.177027027027005E-01	1.944135974934807E+01
4.194834834834813E-01	1.901078561096210E+01
4.212642642642621E-01	1.857134037553533E+01
4.230450450450428E-01	1.812401301808677E+01
4.248258258258236E-01	1.766896212701067E+01
4.266066066066043E-01	1.720634338616810E+01
4.283873873873851E-01	1.673630950886127E+01
4.301681681681658E-01	1.625939221396084E+01
4.319489489489466E-01	1.577534774016021E+01
4.337297297297273E-01	1.528506742231957E+01
4.355105105105081E-01	1.478792831467536E+01
4.372912912912889E-01	1.428480014065826E+01
4.390720720720696E-01	1.377579470471210E+01
4.408528528528504E-01	1.326102158829872E+01
4.426336336336311E-01	1.274058812396197E+01
4.444144144144119E-01	1.221495046118071E+01
4.461951951951926E-01	1.168385327655824E+01
4.479759759759734E-01	1.114808557276501E+01
4.497567567567541E-01	1.060704402983947E+01
4.515375375375349E-01	1.006150018258177E+01
4.533183183183156E-01	9.511194680115295E+00
4.550990990990964E-01	8.956872688608655E+00
4.568798798798772E-01	8.397940642855701E+00
4.586606606606579E-01	7.834803105820811E+00
4.604414414414387E-01	7.267850938409538E+00
4.622222222222194E-01	6.696823585227776E+00
4.640030030030002E-01	6.122103374991184E+00
4.657837837837809E-01	5.543746480997470E+00
4.675645645645617E-01	4.961807938550464E+00
4.693453453453424E-01	4.376649820634611E+00
4.711261261261232E-01	3.788011487591575E+00
4.729069069069040E-01	3.195944723166122E+00
4.746876876876847E-01	2.600800674205402E+00
4.764684684684655E-01	2.002621494968480E+00
4.782492492492462E-01	1.401448516025994E+00
4.800300300300270E-01	7.976155220135297E-01
4.818108108108077E-01	1.905733323801542E-01
4.835915915915885E-01	-4.190548562928598E-01
4.853723723723692E-01	-1.031237664436048E+00
4.871531531531500E-01	-1.646228549554962E+00
4.889339339339308E-01	-2.263708668482650E+00
4.907147147147115E-01	-2.883648421788621E+00
4.924954954954923E-01	-3.506088258641739E+00
4.942762762762730E-01	-4.130722198292915E+00
4.960570570570538E-01	-4.757869261914948E+00
4.978378378378345E-01	-5.387091015298665E+00
4.996186186186153E-01	-6.018636454634816E+00
5.013993993993960E-01	-6.652210901026592E+00
5.031801801801769E-01	-7.288060390796545E+00
5.049609609609577E-01	-7.925894860762583E+00
5.067417417417385E-01	-8.565694699056621E+00
5.085225225225193E-01	-9.207571159811323E+00
5.103033033033001E-01	-9.851243356311443E+00
5.120840840840809E-01	-1.049695290836462E+01
5.138648648648617E-01	-1.114442301237295E+01
5.156456456456425E-01	-1.179376537117196E+01
5.174264264264233E-01	-1.244496233059408E+01
5.192072072072041E-01	-1.309787094463491E+01
5.209879879879850E-01	-1.375247651252675E+01
5.227687687687658E-01	-1.440876456940305E+01
5.245495495495466E-01	-1.506672088528330E+01
5.263303303303274E-01	-1.572633146403632E+01
5.281111111111082E-01	-1.638746066554859E+01
5.298918918918890E-01	-1.705033942057571E+01
5.316726726726698E-01	-1.771459089296968E+01
5.334534534534506E-01	-1.838044569140129E+01
5.352342342342314E-01	-1.904789089756696E+01
5.370150150150123E-01	-1.971667694489588E+01
5.387957957957931E-01	-2.038703085518637E+01
5.405765765765739E-01	-2.105870604146594E+01
5.423573573573547E-01	-2.173192721591477E+01
5.441381381381355E-01	-2.240645068540516E+01
5.459189189189163E-01	-2.308238367192280E+01
5.476996996996971E-01	-2.375971641583374E+01
5.494804804804779E-01	-2.443832525434118E+01
5.512612612612587E-01	-2.511831596259572E+01
5.530420420420395E-01	-2.579956631855111E+01
5.548228228228204E-01	-2.648206884879346E+01
5.566036036036012E-01	-2.716592792999381E+01
5.583843843843820E-01	-2.785102341726679E+01
5.601651651651628E-01	-2.853723749376604E+01
5.619459459459436E-01	-2.922478493774179E+01
5.637267267267244E-01	-2.991354757502268E+01
5.655075075075052E-01	-3.060351852498388E+01
5.672882882882860E-01	-3.129469099993321E+01
5.690690690690668E-01	-3.198695026550513E+01
5.708498498498477E-01	-3.268039875836575E+01
5.726306306306285E-01	-3.337502994348051E+01
5.744114114114093E-01	-3.407083737670291E+01
5.761921921921901E-01	-3.476770862761668E+01
5.779729729729709E-01	-3.546563885179967E+01
5.797537537537517E-01	-3.616472838665914E+01
5.815345345345325E-01	-3.686497110117307E+01
5.833153153153133E-01	-3.756615251741277E+01
5.850960960960941E-01	-3.826847690518980E+01
5.868768768768750E-01	-3.897193835250118E+01
5.886576576576558E-01	-3.967632525882163E+01
5.904384384384366E-01	-4.038183937786835E+01
5.922192192192174E-01	-4.108837298329854E+01
5.939999999999982E-01	-4.179592171970353E+01
5.957807807807790E-01	-4.250448127901291E+01
5.975615615615598E-01	-4.321404740020762E+01
5.993423423423406E-01	-4.392461586902436E+01
6.011231231231214E-01	-4.463618251766820E+01
6.029039039039022E-01	-4.534874322452151E+01
6.046846846846831E-01	-4.606219472041039E+01
6.064654654654639E-01	-4.677673174620668E+01
6.082462462462447E-01	-4.749215230604568E+01
6.100270270270255E-01	-4.820855163825217E+01
6.118078078078063E-01	-4.892592583252144E+01
6.135885885885871E-01	-4.964427102308855E+01
6.153693693693679E-01	-5.036348643503879E+01
6.171501501501487E-01	-5.108366595743519E+01
6.189309309309295E-01	-5.180470960014782E+01
6.207117117117104E-01	-5.252671059613658E+01
6.224924924924912E-01	-5.324966526825301E+01
6.242732732732720E-01	-5.397347477689436E+01
6.260540540540528E-01	-5.469823140744211E+01
6.278348348348336E-01	-5.542383706107967E+01
6.296156156156144E-01	-5.615028920272107E+01
6.313963963963952E-01	-5.687767919227645E+01
6.331771771771760E-01	-5.760600356272198E+01
6.349579579579568E-01	-5.833507241197867E+01
6.367387387387377E-01	-5.906507008564768E+01
6.385195195195185E-01	-5.979599321172373E+01
6.403003003002993E-01	-6.052765385275688E+01
6.420810810810801E-01	-6.126023453573271E+01
6.438618618618609E-01	-6.199373198198055E+01
6.456426426426417E-01	-6.272796015418589E+01
6.474234234234225E-01	-6.346309982241110E+01
6.492042042042033E-01	-6.419905698704952E+01
6.509849849849841E-01	-6.493582936122721E+01
6.527657657657649E-01	-6.567341467507867E+01
6.545465465465458E-01	-6.641190063028398E+01
6.563273273273266E-01	-6.715110480090334E+01
6.581081081081074E-01	-6.789120460362574E+01
6.598888888888882E-01	-6.863210788906736E+01
6.616696696696690E-01	-6.937372362417955E+01
6.634504504504498E-01	-7.011622762419756E+01
6.652312312312306E-01	-7.085952861820169E+01
6.670120120120114E-01	-7.160362447655871E+01
6.687927927927922E-01	-7.234851308565203E+01
6.705735735735731E-01	-7.309419234777761E+01
6.723543543543539E-01	-7.384066018103840E+01
6.741351351351347E-01	-7.458791451925072E+01
6.759159159159155E-01	-7.533595331182914E+01
6.776966966966963E-01	-7.608468798491049E+01
6.794774774774771E-01	-7.683428984042530E+01
6.812582582582579E-01	-7.758464857557692E+01
6.830390390390387E-01	-7.833576238071964E+01
6.848198198198195E-01	-7.908760806427063E+01
6.866006006006004E-01	-7.984026935517932E+01
6.883813813813812E-01	-8.059365884635008E+01
6.901621621621620E-01	-8.134781738814354E+01
6.919429429429428E-01	-8.210270073485890E+01
6.937237237237236E-01	-8.285834952863297E+01
6.955045045045044E-01	-8.361476187285598E+01
6.972852852852852E-01	-8.437189389817968E+01
6.990660660660660E-01	-8.512978594354900E+01
7.008468468468468E-01	-8.588843615185760E+01
7.026276276276276E-01	-8.664780101958650E+01
7.044084084084085E-01	-8.740787903813907E+01
7.061891891891893E-01	-8.816871015408742E+01
7.079699699699701E-01	-8.893025121707251E+01
7.097507507507509E-01	-8.969254198283852E+01
7.115315315315317E-01	-9.045553953231592E+01
7.133123123123125E-01	-9.121928343409627E+01
7.150930930930933E-01	-9.198373099620403E+01
7.168738738738741E-01	-9.274888077235664E+01
7.186546546546549E-01	-9.351477205557558E+01
7.204354354354358E-01	-9.428136248573355E+01
7.222162162162166E-01	-9.504865064175419E+01
7.239969969969974E-01	-9.581667554857177E+01
7.257777777777782E-01	-9.658539516937162E+01
7.275585585585590E-01	-9.735480810779563E+01
7.293393393393398E-01	-9.812491297489078E+01
7.311201201201206E-01	-9.889574844845629E+01
7.329009009009014E-01	-9.966727290911558E+01
7.346816816816822E-01	-1.004394849920122E+02
7.364624624624631E-01	-1.012123833395071E+02
7.382432432432439E-01	-1.019859666011384E+02
7.400240240240247E-01	-1.027602730372282E+02
7.418048048048055E-01	-1.035352220150903E+02
7.435855855855863E-01	-1.043108913255319E+02
7.453663663663671E-01	-1.050872400447679E+02
7.471471471471479E-01	-1.058642668596162E+02
7.489279279279287E-01	-1.066419704637979E+02
7.507087087087095E-01	-1.074203495578959E+02
7.524894894894903E-01	-1.081994028493082E+02
7.542702702702712E-01	-1.089791290522153E+02
7.560510510510520E-01	-1.097595268875320E+02
7.578318318318328E-01	-1.105405950828658E+02
7.596126126126136E-01	-1.113223710381631E+02
7.613933933933944E-01	-1.121047760817055E+02
7.631741741741752E-01	-1.128878477085154E+02
7.649549549549560E-01	-1.136715846725683E+02
7.667357357357368E-01	-1.144559857343370E+02
7.685165165165176E-01	-1.152410496607436E+02
7.702972972972985E-01	-1.160267752251252E+02
7.720780780780793E-01	-1.168131230963227E+02
7.738588588588601E-01	-1.176001683587870E+02
7.756396396396409E-01	-1.183878716166878E+02
7.774204204204217E-01	-1.191761937862348E+02
7.792012012012025E-01	-1.199652095117854E+02
7.809819819819833E-01	-1.207548419134559E+02
7.827627627627641E-01	-1.215451276888975E+02
7.845435435435449E-01	-1.223360656594878E+02
7.863243243243258E-01	-1.231276171397872E+02
7.881051051051066E-01	-1.239198560611098E+02
7.898858858858874E-01	-1.247127063083626E+02
7.916666666666682E-01	-1.255062042380673E+02
7.934474474474490E-01	-1.263003486997891E+02
7.952282282282298E-01	-1.270951385490039E+02
7.970090090090106E-01	-1.278905726470607E+02
7.987897897897914E-01	-1.286866128423271E+02
8.005705705705722E-01	-1.294832951632966E+02
8.023513513513530E-01	-1.302806184869087E+02
8.041321321321339E-01	-1.310785448812740E+02
8.059129129129147E-01	-1.318771469306812E+02
8.076936936936955E-01	-1.326763499659946E+02
8.094744744744763E-01	-1.334761530847923E+02
8.112552552552571E-01	-1.342766284858112E+02
8.130360360360379E-01	-1.350777019129141E+02
8.148168168168187E-01	-1.358794088939180E+02
8.165975975975995E-01	-1.366817119918669E+02
8.183783783783803E-01	-1.374846466132894E+02
8.201591591591612E-01	-1.382882116858063E+02
8.219399399399420E-01	-1.390924061424716E+02
8.237207207207228E-01	-1.398971928185838E+02
8.255015015015036E-01	-1.407026068845457E+02
8.272822822822844E-01	-1.415086113082898E+02
8.290630630630652E-01	-1.423152411440105E+02
8.308438438438460E-01	-1.431224953480414E+02
8.326246246246268E-01	-1.439303728819714E+02
8.344054054054076E-01	-1.447388369747619E+02
8.361861861861885E-01	-1.455478867763231E+02
8.379669669669693E-01	-1.463575570581861E+02
8.397477477477501E-01	-1.471678467993220E+02
8.415285285285309E-01	-1.479787549838220E+02
8.433093093093117E-01	-1.487902451562763E+02
8.450900900900925E-01	-1.496023164828348E+02
8.468708708708733E-01	-1.504150034619115E+02
8.486516516516541E-01	-1.512283050944957E+02
8.504324324324349E-01	-1.520421851698347E+02
8.522132132132157E-01	-1.528566780269903E+02
8.539939939939966E-01	-1.536717475750888E+02
8.557747747747774E-01	-1.544874280483955E+02
8.575555555555582E-01	-1.553037184693271E+02
8.593363363363390E-01	-1.561205829243836E+02
8.611171171171198E-01	-1.569380206075671E+02
8.628978978979006E-01	-1.577560655478633E+02
8.646786786786814E-01	-1.585747167837740E+02
8.664594594594622E-01	-1.593939386323659E+02
8.682402402402430E-01	-1.602137649726687E+02
8.700210210210239E-01	-1.610341602346848E+02
8.718018018018047E-01	-1.618551236300382E+02
8.735825825825855E-01	-1.626766888896641E+02
8.753633633633663E-01	-1.634988550755606E+02
8.771441441441471E-01	-1.643215868397133E+02
8.789249249249279E-01	-1.651449177688087E+02
8.807057057057087E-01	-1.659688126235392E+02
8.824864864864895E-01	-1.667932706325591E+02
8.842672672672703E-01	-1.676183252401211E+02
8.860480480480512E-01	-1.684439755309759E+02
8.878288288288320E-01	-1.692701523649016E+02
8.896096096096128E-01	-1.700969573252232E+02
8.913903903903936E-01	-1.709243213274931E+02
8.931711711711744E-01	-1.717522436168310E+02
8.949519519519552E-01	-1.725807234408458E+02
8.967327327327360E-01	-1.734097939221756E+02
8.985135135135168E-01	-1.742394541704798E+02
9.002942942942976E-01	-1.750696695212273E+02
9.020750750750784E-01	-1.759004392326424E+02
9.038558558558593E-01	-1.767317962500183E+02
9.056366366366401E-01	-1.775637060586378E+02
9.074174174174209E-01	-1.783962015167140E+02
9.091981981982017E-01	-1.792292482082089E+02
9.109789789789825E-01	-1.800628454041034E+02
9.127597597597633E-01	-1.808970258335353E+02
9.145405405405441E-01	-1.817317886370984E+02
9.163213213213249E-01	-1.825670662260140E+02
9.181021021021057E-01	-1.834029246589535E+02
9.198828828828866E-01	-1.842393630860229E+02
9.216636636636674E-01	-1.850763141930379E+02
9.234444444444482E-01	-1.859138769703859E+02
9.252252252252290E-01	-1.867519510066249E+02
9.270060060060098E-01	-1.875906019322483E+02
9.287867867867906E-01	-1.884297958524226E+02
9.305675675675714E-01	-1.892695650829432E+02
9.323483483483522E-01	-1.901098758204944E+02
9.341291291291330E-01	-1.909507603012980E+02
9.359099099099139E-01	-1.917921519204542E+02
9.376906906906947E-01	-1.926341158106884E+02
9.394714714714755E-01	-1.934766511562743E+02
9.412522522522563E-01	-1.943197243776071E+02
9.430330330330371E-01	-1.951633347887800E+02
9.448138138138179E-01	-1.960074817060272E+02
9.465945945945987E-01	-1.968521970927263E+02
9.483753753753795E-01	-1.976974475433194E+02
9.501561561561603E-01	-1.985432649455020E+02
9.519369369369411E-01	-1.993896159796432E+02
9.537177177177220E-01	-2.002364999732104E+02
9.554984984985028E-01	-2.010839162557509E+02
9.572792792792836E-01	-2.019318965654529E+02
9.590600600600644E-01	-2.027804077510418E+02
9.608408408408452E-01	-2.036294814775401E+02
9.626216216216260E-01	-2.044790523862898E+02
9.644024024024068E-01	-2.053291844370856E+02
9.661831831831876E-01	-2.061798768572735E+02
9.679639639639684E-01	-2.070310967014702E+02
9.697447447447493E-01	-2.078828433164522E+02
9.715255255255301E-01	-2.087351160509843E+02
9.733063063063109E-01	-2.095879142558083E+02
9.750870870870917E-01	-2.104412693097102E+02
9.768678678678725E-01	-2.112951484669861E+02
9.786486486486533E-01	-2.121495830370923E+02
9.804294294294341E-01	-2.130045403531190E+02
9.822102102102149E-01	-2.138600197761643E+02
9.839909909909957E-01	-2.147160206692479E+02
9.857717717717766E-01	-2.155725742049062E+02
9.875525525525574E-01	-2.164296478705555E+02
9.893333333333382E-01	-2.172872410352184E+02
9.911141141141190E-01	-2.181453530697927E+02
9.928948948948998E-01	-2.190040150126051E+02
9.946756756756806E-01	-2.198631945023612E+02
9.964564564564614E-01	-2.207228909158471E+02
9.982372372372422E-01	-2.215831351927418E+02
1.000018018018023E+00	-2.224438950832928E+02
1.001798798798804E+00	-2.233051699700827E+02
1.003579579579585E+00	-2.241669592375165E+02
1.005360360360365E+00	-2.250292936959963E+02
1.007141141141146E+00	-2.258921098511141E+02
1.008921921921927E+00	-2.267554699074917E+02
1.010702702702708E+00	-2.276193731560361E+02
1.012483483483489E+00	-2.284837563105011E+02
1.014264264264269E+00	-2.293486813797595E+02
1.016045045045050E+00	-2.302141164380528E+02
1.017825825825831E+00	-2.310800920756897E+02
1.019606606606612E+00	-2.319465452786199E+02
1.021387387387393E+00	-2.328135377994113E+02
1.023168168168173E+00	-2.336810378516425E+02
1.024948948948954E+00	-2.345490448417208E+02
1.026729729729735E+00	-2.354175892072421E+02
1.028510510510516E+00	-2.362866392647175E+02
1.030291291291297E+00	-2.371561944259197E+02
1.032072072072078E+00	-2.380262541043089E+02
1.033852852852858E+00	-2.388968177150205E+02
1.035633633633639E+00	-2.397679155467222E+02
1.037414414414420E+00	-2.406395160836673E+02
1.039195195195201E+00	-2.415116187462445E+02
1.040975975975982E+00	-2.423842537357909E+02
1.042756756756762E+00	-2.432573588865894E+02
1.044537537537543E+00	-2.441309951522367E+02
1.046318318318324E+00	-2.450051311806119E+02
1.048099099099105E+00	-2.458797664005142E+02
1.049879879879886E+00	-2.467549308700500E+02
1.051660660660666E+00	-2.476305627357683E+02
1.053441441441447E+00	-2.485067226570459E+02
1.055222222222228E+00	-2.493833794416332E+02
1.057003003003009E+00	-2.502605630355874E+02
1.058783783783790E+00	-2.511382118299748E+02
1.060564564564570E+00	-2.520163862540121E+02
1.062345345345351E+00	-2.528950552406291E+02
1.064126126126132E+00	-2.537742182333436E+02
1.065906906906913E+00	-2.546538746772167E+02
1.067687687687694E+00	-2.555340543539951E+02
1.069468468468475E+00	-2.564146960128228E+02
1.071249249249255E+00	-2.572958597453689E+02
1.073030030030036E+00	-2.581775146679061E+02
1.074810810810817E+00	-2.590596904552453E+02
1.076591591591598E+00	-2.599423260899107E+02
1.078372372372379E+00	-2.608254814439224E+02
1.080153153153159E+00	-2.617091257530287E+02
1.081933933933940E+00	-2.625932584763596E+02
1.083714714714721E+00	-2.634778790745222E+02
1.085495495495502E+00	-2.643629870095970E+02
1.087276276276283E+00	-2.652486117736767E+02
1.089057057057063E+00	-2.661347227488427E+02
1.090837837837844E+00	-2.670213194017688E+02
1.092618618618625E+00	-2.679084012005787E+02
1.094399399399406E+00	-2.687959676148334E+02
1.096180180180187E+00	-2.696840480098249E+02
1.097960960960968E+00	-2.705725820426906E+02
1.099741741741748E+00	-2.714616289495957E+02
1.101522522522529E+00	-2.723511583117138E+02
1.103303303303310E+00	-2.732411696059226E+02
1.105084084084091E+00	-2.741316920734134E+02
1.106864864864872E+00	-2.750226656419900E+02
1.108645645645652E+00	-2.759141492928652E+02
1.110426426426433E+00	-2.768061127457991E+02
1.112207207207214E+00	-2.776985554848334E+02
1.113987987987995E+00	-2.785914769953843E+02
1.115768768768776E+00	-2.794848989710381E+02
1.117549549549556E+00	-2.803787912592006E+02
1.119330330330337E+00	-2.812731607580886E+02
1.121111111111118E+00	-2.821680217254761E+02
1.122891891891899E+00	-2.830633588618311E+02
1.124672672672680E+00	-2.839591716608816E+02
1.126453453453460E+00	-2.848554743472837E+02
1.128234234234241E+00	-2.857522516631602E+02
1.130015015015022E+00	-2.866495031063182E+02
1.131795795795803E+00	-2.875472428687272E+02
1.133576576576584E+00	-2.884454557336235E+02
1.135357357357365E+00	-2.893441412028415E+02
1.137138138138145E+00	-2.902433134360972E+02
1.138918918918926E+00	-2.911429572572010E+02
1.140699699699707E+00	-2.920430721719631E+02
1.142480480480488E+00	-2.929436576874732E+02
1.144261261261269E+00	-2.938447279210036E+02
1.146042042042049E+00	-2.947462677496387E+02
1.147822822822830E+00	-2.956482766843774E+02
1.149603603603611E+00	-2.965507688111620E+02
1.151384384384392E+00	-2.974537290464846E+02
1.153165165165173E+00	-2.983571569052074E+02
1.154945945945953E+00	-2.992610664423528E+02
1.156726726726734E+00	-3.001654280858806E+02
1.158507507507515E+00	-3.010702849367626E+02
1.160288288288296E+00	-3.019755929325979E+02
1.162069069069077E+00	-3.028813806151647E+02
1.163849849849858E+00	-3.037876185090081E+02
1.165630630630638E+00	-3.046943495835171E+02
1.167411411411419E+00	-3.056015299178121E+02
1.169192192192200E+00	-3.065091879681086E+02
1.170972972972981E+00	-3.074173087911213E+02
1.172753753753762E+00	-3.083258919153991E+02
1.174534534534542E+00	-3.092349512856849E+02
1.176315315315323E+00	-3.101444575918563E+02
1.178096096096104E+00	-3.110544391850995E+02
1.179876876876885E+00	-3.119648955659291E+02
1.181657657657666E+00	-3.128757974936939E+02
1.183438438438446E+00	-3.137871732576136E+02
1.185219219219227E+00	-3.146990080124947E+02
1.187000000000008E+00	-3.156113156354154E+02
1.188780780780789E+00	-3.165240669769710E+02
1.190561561561570E+00	-3.174372902449027E+02
1.192342342342350E+00	-3.183509706418745E+02
1.194123123123131E+00	-3.192651220071407E+02
1.195903903903912E+00	-3.201797152810923E+02
1.197684684684693E+00	-3.210947785912881E+02
1.199465465465474E+00	-3.220102971874862E+02
1.201246246246255E+00	-3.229262706170539E+02
1.203027027027035E+00	-3.238427126727383E+02
1.204807807807816E+00	-3.247596086391982E+02
1.206588588588597E+00	-3.256769580672139E+02
1.208369369369378E+00	-3.265947605086635E+02
1.210150150150159E+00	-3.275130297197948E+02
1.211930930930939E+00	-3.284317510310771E+02
1.213711711711720E+00	-3.293509239977548E+02
1.215492492492501E+00	-3.302705481761559E+02
1.217273273273282E+00	-3.311906231236908E+02
1.219054054054063E+00	-3.321111625517128E+02
1.220834834834843E+00	-3.330321518469459E+02
1.222615615615624E+00	-3.339535905700955E+02
1.224396396396405E+00	-3.348754782829333E+02
1.226177177177186E+00	-3.357978286615366E+02
1.227957957957967E+00	-3.367206271368868E+02
1.229738738738748E+00	-3.376438732740016E+02
1.231519519519528E+00	-3.385675666389452E+02
1.233300300300309E+00	-3.394917067988217E+02
1.235081081081090E+00	-3.404163073863256E+02
1.236861861861871E+00	-3.413413538867940E+02
1.238642642642652E+00	-3.422668458705170E+02
1.240423423423432E+00	-3.431927969446187E+02
1.242204204204213E+00	-3.441191786002751E+02
1.243984984984994E+00	-3.450460184730168E+02
1.245765765765775E+00	-3.459733021014845E+02
1.247546546546556E+00	-3.469010290611409E+02
1.249327327327336E+00	-3.478291989284539E+02
1.251108108108117E+00	-3.487578252600988E+02
1.252888888888898E+00	-3.496868936367046E+02
1.254669669669679E+00	-3.506164036378104E+02
1.256450450450460E+00	-3.515463548439525E+02
1.258231231231240E+00	-3.524767468366613E+02
1.260012012012021E+00	-3.534075931314387E+02
1.261792792792802E+00	-3.543388793604745E+02
1.263573573573583E+00	-3.552706051083078E+02
1.265354354354364E+00	-3.562027699604541E+02
1.267135135135145E+00	-3.571353735034008E+02
1.268915915915925E+00	-3.580684292122314E+02
1.270696696696706E+00	-3.590019227697535E+02
1.272477477477487E+00	-3.599358537654107E+02
1.274258258258268E+00	-3.608702217896057E+02
1.276039039039049E+00	-3.618050264336880E+02
1.277819819819829E+00	-3.627402811330562E+02
1.279600600600610E+00	-3.636759716202114E+02
1.281381381381391E+00	-3.646120836638979E+02
1.283162162162172E+00	-3.655486583358556E+02
1.284942942942953E+00	-3.664856537556689E+02
1.286723723723733E+00	-3.674230833459142E+02
1.288504504504514E+00	-3.683609604952517E+02
1.290285285285295E+00	-3.692992709946398E+02
1.292066066066076E+00	-3.702380144439771E+02
1.293846846846857E+00	-3.711771904440834E+02
1.295627627627638E+00	-3.721167985966908E+02
1.297408408408418E+00	-3.730568522522854E+02
1.299189189189199E+00	-3.739973372496033E+02
1.300969969969980E+00	-3.749382531931642E+02
1.302750750750761E+00	-3.758795996883919E+02
1.304531531531542E+00	-3.768213763416079E+02
1.306312312312322E+00	-3.777635827600207E+02
1.308093093093103E+00	-3.787062322491588E+02
1.309873873873884E+00	-3.796493107039682E+02
1.311654654654665E+00	-3.805928177343894E+02
1.313435435435446E+00	-3.815367529512428E+02
1.315216216216226E+00	-3.824811159662313E+02
1.316996996997007E+00	-3.834259200481479E+02
1.318777777777788E+00	-3.843711374898157E+02
1.320558558558569E+00	-3.853167952098888E+02
1.322339339339350E+00	-3.862628791673910E+02
1.324120120120130E+00	-3.872093889784255E+02
1.325900900900911E+00	-3.881563242599623E+02
1.327681681681692E+00	-3.891036982375008E+02
1.329462462462473E+00	-3.900514969060382E+02
1.331243243243254E+00	-3.909997062934085E+02
1.333024024024035E+00	-3.919483532114846E+02
1.334804804804815E+00	-3.928974236818326E+02
1.336585585585596E+00	-3.938469308945787E+02
1.338366366366377E+00	-3.947968473287856E+02
1.340147147147158E+00	-3.957471997364673E+02
1.341927927927939E+00	-3.966979606297709E+02
1.343708708708719E+00	-3.976491567310313E+02
1.345489489489500E+00	-3.986007741142666E+02
1.347270270270281E+00	-3.995528124066359E+02
1.349051051051062E+00	-4.005052847496659E+02
1.350831831831843E+00	-4.014581637373631E+02
1.352612612612623E+00	-4.024114760188213E+02
1.354393393393404E+00	-4.033652077109696E+02
1.356174174174185E+00	-4.043193584451024E+02
1.357954954954966E+00	-4.052739278533109E+02
1.359735735735747E+00	-4.062289155684953E+02
1.361516516516527E+00	-4.071843212243557E+02
1.363297297297308E+00	-4.081401579082367E+02
1.365078078078089E+00	-4.090964117876147E+02
1.366858858858870E+00	-4.100530690606938E+02
1.368639639639651E+00	-4.110101562477062E+02
1.370420420420432E+00	-4.119676729640892E+02
1.372201201201212E+00	-4.129255919947414E+02
1.373981981981993E+00	-4.138839264094549E+02
1.375762762762774E+00	-4.148426892493267E+02
1.377543543543555E+00	-4.158018533457807E+02
1.379324324324336E+00	-4.167614451352438E+02
1.381105105105116E+00	-4.177214508591101E+02
1.382885885885897E+00	-4.186818701605775E+02
1.384666666666678E+00	-4.196427160483586E+02
1.386447447447459E+00	-4.206039614304800E+02
1.388228228228240E+00	-4.215656193243985E+02
1.390009009009020E+00	-4.225277027195857E+02
1.391789789789801E+00	-4.234901979055480E+02
1.393570570570582E+00	-4.244531045300873E+02
1.395351351351363E+00	-4.254164222417553E+02
1.397132132132144E+00	-4.263801506898549E+02
1.398912912912925E+00	-4.273442895244257E+02
1.400693693693705E+00	-4.283088516971097E+02
1.402474474474486E+00	-4.292738102507105E+02
1.404255255255267E+00	-4.302391914322666E+02
1.406036036036048E+00	-4.312049815939695E+02
1.407816816816829E+00	-4.321711803895946E+02
1.409597597597609E+00	-4.331377874736522E+02
1.411378378378390E+00	-4.341048025013743E+02
1.413159159159171E+00	-4.350722383811417E+02
1.414939939939952E+00	-4.360400682579429E+02
1.416720720720733E+00	-4.370083182872349E+02
1.418501501501513E+00	-4.379769616427770E+02
1.420282282282294E+00	-4.389460244541942E+02
1.422063063063075E+00	-4.399154931423077E+02
1.423843843843856E+00	-4.408853673674266E+02
1.425624624624637E+00	-4.418556599955832E+02
1.427405405405417E+00	-4.428263442717434E+02
1.429186186186198E+00	-4.437974462617476E+02
1.430966966966979E+00	-4.447689392386892E+02
1.432747747747760E+00	-4.457408492431473E+02
1.434528528528541E+00	-4.467131627480035E+02
1.436309309309322E+00	-4.476858794185118E+02
1.438090090090102E+00	-4.486589989206182E+02
1.439870870870883E+00	-4.496325209209617E+02
1.441651651651664E+00	-4.506064450868603E+02
1.443432432432445E+00	-4.515807842253994E+02
1.445213213213226E+00	-4.525555117206072E+02
1.446993993994006E+00	-4.535306535135692E+02
1.448774774774787E+00	-4.545061961353035E+02
1.450555555555568E+00	-4.554821392565736E+02
1.452336336336349E+00	-4.564584825488232E+02
1.454117117117130E+00	-4.574352256841657E+02
1.455897897897910E+00	-4.584123683353801E+02
1.457678678678691E+00	-4.593899101759130E+02
1.459459459459472E+00	-4.603678639612885E+02
1.461240240240253E+00	-4.613462162722394E+02
1.463021021021034E+00	-4.623249537154188E+02
1.464801801801815E+00	-4.633041021108920E+02
1.466582582582595E+00	-4.642836480603355E+02
1.468363363363376E+00	-4.652635912412006E+02
1.470144144144157E+00	-4.662439313315836E+02
1.471924924924938E+00	-4.672246680102339E+02
1.473705705705719E+00	-4.682058139879960E+02
1.475486486486499E+00	-4.691873428758308E+02
1.477267267267280E+00	-4.701692804112108E+02
1.479048048048061E+00	-4.711516002310209E+02
1.480828828828842E+00	-4.721343280494298E+02
1.482609609609623E+00	-4.731174505299373E+02
1.484390390390403E+00	-4.741009673558201E+02
1.486171171171184E+00	-4.750848782109942E+02
1.487951951951965E+00	-4.760691957626641E+02
1.489732732732746E+00	-4.770538937246488E+02
1.491513513513527E+00	-4.780389847714491E+02
1.493294294294307E+00	-4.790244815541414E+02
1.495075075075088E+00	-4.800103578244853E+02
1.496855855855869E+00	-4.809966391935222E+02
1.498636636636650E+00	-4.819833123849289E+02
1.500417417417431E+00	-4.829703770876536E+02
1.502198198198212E+00	-4.839578329912520E+02
1.503978978978992E+00	-4.849456797859029E+02
1.505759759759773E+00	-4.859339171623874E+02
1.507540540540554E+00	-4.869225577294983E+02
1.509321321321335E+00	-4.879115753385991E+02
1.511102102102116E+00	-4.889009955113006E+02
1.512882882882896E+00	-4.898907921234927E+02
1.514663663663677E+00	-4.908809906747319E+02
1.516444444444458E+00	-4.918715779537174E+02
1.518225225225239E+00	-4.928625536554996E+02
1.520006006006020E+00	-4.938539174757225E+02
1.521786786786800E+00	-4.948456691106271E+02
1.523567567567581E+00	-4.958378082570425E+02
1.525348348348362E+00	-4.968303346123894E+02
1.527129129129143E+00	-4.978232607288387E+02
1.528909909909924E+00	-4.988165605910062E+02
1.530690690690705E+00	-4.998102596007752E+02
1.532471471471485E+00	-5.008043446037946E+02
1.534252252252266E+00	-5.017988024687884E+02
1.536033033033047E+00	-5.027936585656253E+02
1.537813813813828E+00	-5.037888997585915E+02
1.539594594594609E+00	-5.047845257498016E+02
1.541375375375389E+00	-5.057805490513470E+02
1.543156156156170E+00	-5.067769437421639E+02
1.544936936936951E+00	-5.077737223410272E+02
1.546717717717732E+00	-5.087708973452100E+02
1.548498498498513E+00	-5.097684428684529E+02
1.550279279279293E+00	-5.107663841965814E+02
1.552060060060074E+00	-5.117646954663915E+02
1.553840840840855E+00	-5.127634019429661E+02
1.555621621621636E+00	-5.137624905516377E+02
1.557402402402417E+00	-5.147619610002307E+02
1.559183183183197E+00	-5.157618129971142E+02
1.560963963963978E+00	-5.167620462512173E+02
1.562744744744759E+00	-5.177626604720213E+02
1.564525525525540E+00	-5.187636681082945E+02
1.566306306306321E+00	-5.197650433878089E+02
1.568087087087102E+00	-5.207668114938701E+02
1.569867867867882E+00	-5.217689466766665E+02
1.571648648648663E+00	-5.227714740993251E+02
1.573429429429444E+00	-5.237743807465595E+02
1.575210210210225E+00	-5.247776536247475E+02
1.576990990991006E+00	-5.257813178669526E+02
1.578771771771786E+00	-5.267853604753745E+02
1.580552552552567E+00	-5.277897811649686E+02
1.582333333333348E+00	-5.287945923373013E+02
1.584114114114129E+00	-5.297997683310632E+02
1.585894894894910E+00	-5.308053215540867E+02
1.587675675675690E+00	-5.318112643940117E+02
1.589456456456471E+00	-5.328175712222037E+02
1.591237237237252E+00	-5.338242670927862E+02
1.593018018018033E+00	-5.348313263987666E+02
1.594798798798814E+00	-5.358387741747811E+02
1.596579579579595E+00	-5.368465974803198E+02
1.598360360360375E+00	-5.378547960356482E+02
1.600141141141156E+00	-5.388633695615649E+02
1.601921921921937E+00	-5.398723177793759E+02
1.603702702702718E+00	-5.408816404109066E+02
1.605483483483499E+00	-5.418913371784997E+02
1.607264264264279E+00	-5.429014078050059E+02
1.609045045045060E+00	-5.439118646234651E+02
1.610825825825841E+00	-5.449226821334091E+02
1.612606606606622E+00	-5.459338852736187E+02
1.614387387387403E+00	-5.469454485645820E+02
1.616168168168183E+00	-5.479573969261960E+02
1.617948948948964E+00	-5.489697174846779E+02
1.619729729729745E+00	-5.499824099664670E+02
1.621510510510526E+00	-5.509954740985027E+02
1.623291291291307E+00	-5.520089096082220E+02
1.625072072072087E+00	-5.530227162235606E+02
1.626852852852868E+00	-5.540368936729501E+02
1.628633633633649E+00	-5.550514416853193E+02
1.630414414414430E+00	-5.560663599900890E+02
1.632195195195211E+00	-5.570816608630416E+02
1.633975975975992E+00	-5.580973189380202E+02
1.635756756756772E+00	-5.591133590328636E+02
1.637537537537553E+00	-5.601297558016704E+02
1.639318318318334E+00	-5.611465340440254E+02
1.641099099099115E+00	-5.621636809560728E+02
1.642879879879896E+00	-5.631811837535474E+02
1.644660660660676E+00	-5.641990672088236E+02
1.646441441441457E+00	-5.652173185338452E+02
1.648222222222238E+00	-5.662359374629227E+02
1.650003003003019E+00	-5.672549237308499E+02
1.651783783783800E+00	-5.682742770728960E+02
1.653564564564580E+00	-5.692940097136502E+02
1.655345345345361E+00	-5.703140964069667E+02
1.657126126126142E+00	-5.713345493830675E+02
1.658906906906923E+00	-5.723553808539746E+02
1.660687687687704E+00	-5.733765656029605E+02
1.662468468468485E+00	-5.743981283132312E+02
1.664249249249265E+00	-5.754200562485330E+02
1.666030030030046E+00	-5.764423366915507E+02
1.667810810810827E+00	-5.774649942991659E+02
1.669591591591608E+00	-5.784880163503981E+02
1.671372372372389E+00	-5.795114025857006E+02
1.673153153153169E+00	-5.805351527459907E+02
1.674933933933950E+00	-5.815592665726494E+02
1.676714714714731E+00	-5.825837438075109E+02
1.678495495495512E+00	-5.836085841928648E+02
1.680276276276293E+00	-5.846337874714632E+02
1.682057057057073E+00	-5.856593658019683E+02
1.683837837837854E+00	-5.866852940926165E+02
1.685618618618635E+00	-5.877115969139759E+02
1.687399399399416E+00	-5.887382491931407E+02
1.689180180180197E+00	-5.897652754836672E+02
1.690960960960977E+00	-5.907926507314128E+02
1.692741741741758E+00	-5.918203994730029E+02
1.694522522522539E+00	-5.928485090572417E+02
1.696303303303320E+00	-5.938769792309490E+02
1.698084084084101E+00	-5.949058097413886E+02
1.699864864864882E+00	-5.959350003362661E+02
1.701645645645662E+00	-5.969645507637274E+02
1.703426426426443E+00	-5.979944607723555E+02
1.705207207207224E+00	-5.990247301111772E+02
1.706987987988005E+00	-6.000553585296461E+02
1.708768768768786E+00	-6.010863581269323E+02
1.710549549549566E+00	-6.021177039504905E+02
1.712330330330347E+00	-6.031494081046917E+02
1.714111111111128E+00	-6.041814826770569E+02
1.715891891891909E+00	-6.052139027422600E+02
1.717672672672690E+00	-6.062466927207329E+02
1.719453453453470E+00	-6.072798400286620E+02
1.721234234234251E+00	-6.083133320997808E+02
1.723015015015032E+00	-6.093471933301194E+02
1.724795795795813E+00	-6.103814111499983E+02
1.726576576576594E+00	-6.114159853136293E+02
1.728357357357375E+00	-6.124509155756487E+02
1.730138138138155E+00	-6.134862016911115E+02
1.731918918918936E+00	-6.145218434154972E+02
1.733699699699717E+00	-6.155578405046967E+02
1.735480480480498E+00	-6.165941927150257E+02
1.737261261261279E+00	-6.176309120845008E+02
1.739042042042059E+00	-6.186679738035282E+02
1.740822822822840E+00	-6.197053899151265E+02
1.742603603603621E+00	-6.207431724460985E+02
1.744384384384402E+00	-6.217812966130359E+02
1.746165165165183E+00	-6.228197867082768E+02
1.747945945945963E+00	-6.238586179657741E+02
1.749726726726744E+00	-6.248978146621821E+02
1.751507507507525E+00	-6.259373642969877E+02
1.753288288288306E+00	-6.269772666306399E+02
1.755069069069087E+00	-6.280175214240076E+02
1.756849849849867E+00	-6.290581162023223E+02
1.758630630630648E+00	-6.300990752033740E+02
1.760411411411429E+00	-6.311403859491334E+02
1.762192192192210E+00	-6.321820604259706E+02
1.763972972972991E+00	-6.332240739449421E+02
1.765753753753772E+00	-6.342664384972495E+02
1.767534534534552E+00	-6.353091538465605E+02
1.769315315315333E+00	-6.363522197569414E+02
1.771096096096114E+00	-6.373956481967016E+02
1.772876876876895E+00	-6.384394145190204E+02
1.774657657657676E+00	-6.394835428928764E+02
1.776438438438456E+00	-6.405280086881639E+02
1.778219219219237E+00	-6.415728360587605E+02
1.780000000000018E+00	-6.426180003911841E+02
