# energy / barionic density = energy by nucleon 
# barionic density, energy / barionic density
1.000000000000000E-05	2.008415092791438E-01
1.411391391391391E-03	3.566456991391078E-01
2.812782782782782E-03	3.295661889834491E-01
4.214174174174174E-03	2.194876119848459E-01
5.615565565565564E-03	6.421566597532546E-02
7.016956956956956E-03	-1.193002868817530E-01
8.418348348348348E-03	-3.222350437387149E-01
9.819739739739739E-03	-5.398080813641855E-01
1.122113113113113E-02	-7.681423601460438E-01
1.262252252252252E-02	-1.004502368209387E+00
1.402391391391391E-02	-1.247546749891740E+00
1.542530530530531E-02	-1.495328460645737E+00
1.682669669669670E-02	-1.746892942419777E+00
1.822808808808809E-02	-2.001400872851036E+00
1.962947947947948E-02	-2.257853802472823E+00
2.103087087087087E-02	-2.516004530153964E+00
2.243226226226226E-02	-2.774913404934068E+00
2.383365365365364E-02	-3.034509255312742E+00
2.523504504504503E-02	-3.294074649495087E+00
2.663643643643642E-02	-3.553563513859444E+00
2.803782782782781E-02	-3.812420162559533E+00
2.943921921921920E-02	-4.070651430659382E+00
3.084061061061059E-02	-4.327752698199447E+00
3.224200200200199E-02	-4.583830514724696E+00
3.364339339339338E-02	-4.838422226341095E+00
3.504478478478477E-02	-5.091567144939063E+00
3.644617617617617E-02	-5.343007728439716E+00
3.784756756756756E-02	-5.592628513918271E+00
3.924895895895895E-02	-5.840396002546186E+00
4.065035035035035E-02	-6.086065419711872E+00
4.205174174174174E-02	-6.329673279523831E+00
4.345313313313313E-02	-6.571062148242845E+00
4.485452452452453E-02	-6.810105984788038E+00
4.625591591591592E-02	-7.046860379952250E+00
4.765730730730731E-02	-7.281157443596840E+00
4.905869869869871E-02	-7.512918299601665E+00
5.046009009009010E-02	-7.742170638321454E+00
5.186148148148149E-02	-7.968820987110462E+00
5.326287287287289E-02	-8.192785132083486E+00
5.466426426426428E-02	-8.414027431272189E+00
5.606565565565567E-02	-8.632593795853268E+00
5.746704704704707E-02	-8.848355119199368E+00
5.886843843843846E-02	-9.061280078146410E+00
6.026982982982985E-02	-9.271339466529525E+00
6.167122122122125E-02	-9.478554620429009E+00
6.307261261261264E-02	-9.682864748123279E+00
6.447400400400403E-02	-9.884226911190353E+00
6.587539539539543E-02	-1.008261943331888E+01
6.727678678678682E-02	-1.027802210621439E+01
6.867817817817821E-02	-1.047041864291828E+01
7.007956956956961E-02	-1.065982725410595E+01
7.148096096096100E-02	-1.084618869371241E+01
7.288235235235239E-02	-1.102948805079461E+01
7.428374374374379E-02	-1.120971146700515E+01
7.568513513513518E-02	-1.138684607615642E+01
7.708652652652657E-02	-1.156087994805944E+01
7.848791791791797E-02	-1.173180203634593E+01
7.988930930930936E-02	-1.189960212974358E+01
8.129070070070075E-02	-1.206427080686763E+01
8.269209209209215E-02	-1.222579939370792E+01
8.409348348348354E-02	-1.238417992424900E+01
8.549487487487493E-02	-1.253940510349048E+01
8.689626626626633E-02	-1.269147073253612E+01
8.829765765765772E-02	-1.284036703429706E+01
8.969904904904911E-02	-1.298608745653905E+01
9.110044044044051E-02	-1.312862801837423E+01
9.250183183183190E-02	-1.326798820163640E+01
9.390322322322329E-02	-1.340416156504682E+01
9.530461461461469E-02	-1.353714465559551E+01
9.670600600600608E-02	-1.366693446807074E+01
9.810739739739748E-02	-1.379352842426567E+01
9.950878878878887E-02	-1.391692435320090E+01
1.009101801801803E-01	-1.403712047265287E+01
1.023115715715717E-01	-1.415411537161924E+01
1.037129629629630E-01	-1.426790799375783E+01
1.051143543543544E-01	-1.437849762184510E+01
1.065157457457458E-01	-1.448588386291874E+01
1.079171371371372E-01	-1.459006663435980E+01
1.093185285285286E-01	-1.469106045012882E+01
1.107199199199200E-01	-1.478886482313214E+01
1.121213113113114E-01	-1.488346823693644E+01
1.135227027027028E-01	-1.497487167878364E+01
1.149240940940942E-01	-1.506307638888734E+01
1.163254854854856E-01	-1.514808385008405E+01
1.177268768768770E-01	-1.522991386687693E+01
1.191282682682684E-01	-1.530856730211508E+01
1.205296596596598E-01	-1.538403003074257E+01
1.219310510510512E-01	-1.545630438025171E+01
1.233324424424426E-01	-1.552539287798254E+01
1.247338338338339E-01	-1.559133225891935E+01
1.261352252252253E-01	-1.565409761005162E+01
1.275366166166167E-01	-1.571368635805595E+01
1.289380080080081E-01	-1.577010173099040E+01
1.303393993993995E-01	-1.582338568741625E+01
1.317407907907909E-01	-1.587350849917641E+01
1.331421821821823E-01	-1.592046900471701E+01
1.345435735735737E-01	-1.596428792649442E+01
1.359449649649651E-01	-1.600498200511913E+01
1.373463563563565E-01	-1.604252603448026E+01
1.387477477477479E-01	-1.607693196876471E+01
1.401491391391393E-01	-1.610823760269898E+01
1.415505305305307E-01	-1.613640652197978E+01
1.429519219219220E-01	-1.616145308017713E+01
1.443533133133134E-01	-1.618341336854428E+01
1.457547047047048E-01	-1.620225125573404E+01
1.471560960960962E-01	-1.621799350862295E+01
1.485574874874876E-01	-1.623065411352297E+01
1.499588788788790E-01	-1.624020752091712E+01
1.513602702702704E-01	-1.624670189761798E+01
1.527616616616618E-01	-1.625011082030414E+01
1.541630530530532E-01	-1.625044528906869E+01
1.555644444444446E-01	-1.624773275157929E+01
1.569658358358360E-01	-1.624194013041654E+01
1.583672272272274E-01	-1.623312513407825E+01
1.597686186186188E-01	-1.622124594854847E+01
1.611700100100102E-01	-1.620634039442211E+01
1.625714014014016E-01	-1.618839888515538E+01
1.639727927927929E-01	-1.616743154323797E+01
1.653741841841843E-01	-1.614345237346811E+01
1.667755755755757E-01	-1.611645215198405E+01
1.681769669669671E-01	-1.608646038691791E+01
1.695783583583585E-01	-1.605345633008869E+01
1.709797497497499E-01	-1.601747741711449E+01
1.723811411411413E-01	-1.597849870241168E+01
1.737825325325327E-01	-1.593655845229944E+01
1.751839239239241E-01	-1.589163438726860E+01
1.765853153153155E-01	-1.584375895620519E+01
1.779867067067069E-01	-1.579291897496535E+01
1.793880980980983E-01	-1.573913484744196E+01
1.807894894894897E-01	-1.568240850690916E+01
1.821908808808811E-01	-1.562274247945186E+01
1.835922722722725E-01	-1.556015945541674E+01
1.849936636636638E-01	-1.549463862109064E+01
1.863950550550552E-01	-1.542622870412993E+01
1.877964464464466E-01	-1.535489332910322E+01
1.891978378378380E-01	-1.528067352906191E+01
1.905992292292294E-01	-1.520355713055960E+01
1.920006206206208E-01	-1.512355158040748E+01
1.934020120120122E-01	-1.504068416897860E+01
1.948034034034036E-01	-1.495493189647561E+01
1.962047947947950E-01	-1.486633255383947E+01
1.976061861861864E-01	-1.477487532974806E+01
1.990075775775778E-01	-1.468056072988395E+01
2.004089689689692E-01	-1.458342877102530E+01
2.018103603603606E-01	-1.448345243086032E+01
2.032117517517520E-01	-1.438065107823184E+01
2.046131431431434E-01	-1.427504625056474E+01
2.060145345345347E-01	-1.416662150874799E+01
2.074159259259261E-01	-1.405539850021228E+01
2.088173173173175E-01	-1.394139160068744E+01
2.102187087087089E-01	-1.382458919749001E+01
2.116201001001003E-01	-1.370501014835804E+01
2.130214914914917E-01	-1.358267199857414E+01
2.144228828828831E-01	-1.345756270539766E+01
2.158242742742745E-01	-1.332969371566321E+01
2.172256656656659E-01	-1.319909516612609E+01
2.186270570570573E-01	-1.306574978863398E+01
2.200284484484487E-01	-1.292966597652696E+01
2.214298398398401E-01	-1.279086934317968E+01
2.228312312312315E-01	-1.264935872267199E+01
2.242326226226229E-01	-1.250513391084758E+01
2.256340140140143E-01	-1.235820325905047E+01
2.270354054054056E-01	-1.220859827239519E+01
2.284367967967970E-01	-1.205630330324027E+01
2.298381881881884E-01	-1.190132666799616E+01
2.312395795795798E-01	-1.174367766141199E+01
2.326409709709712E-01	-1.158338341434671E+01
2.340423623623626E-01	-1.142043165185032E+01
2.354437537537540E-01	-1.125483064968807E+01
2.368451451451454E-01	-1.108658866972235E+01
2.382465365365368E-01	-1.091572792586896E+01
2.396479279279282E-01	-1.074224678101439E+01
2.410493193193196E-01	-1.056614873424030E+01
2.424507107107110E-01	-1.038744201180396E+01
2.438521021021024E-01	-1.020613520742870E+01
2.452534934934938E-01	-1.002225196295001E+01
2.466548848848852E-01	-9.835784073679292E+00
2.480562762762765E-01	-9.646739733301388E+00
2.494576676676679E-01	-9.455127124174851E+00
2.508590590590593E-01	-9.260954417650510E+00
2.522604504504507E-01	-9.064240066260822E+00
2.536618418418421E-01	-8.864985127384443E+00
2.550632332332335E-01	-8.663194043469616E+00
2.564646246246249E-01	-8.458874957469106E+00
2.578660160160163E-01	-8.252036002414457E+00
2.592674074074077E-01	-8.042685301639835E+00
2.606687987987991E-01	-7.830838995880640E+00
2.620701901901905E-01	-7.616500320842192E+00
2.634715815815818E-01	-7.399673783164531E+00
2.648729729729732E-01	-7.180367480992459E+00
2.662743643643646E-01	-6.958589503639359E+00
2.676757557557560E-01	-6.734347931766365E+00
2.690771471471474E-01	-6.507650837594497E+00
2.704785385385388E-01	-6.278511190075051E+00
2.718799299299302E-01	-6.046936093756244E+00
2.732813213213216E-01	-5.812929281022662E+00
2.746827127127130E-01	-5.576498801826347E+00
2.760841041041044E-01	-5.337652698314400E+00
2.774854954954958E-01	-5.096399004988371E+00
2.788868868868872E-01	-4.852745748858638E+00
2.802882782782786E-01	-4.606700949580500E+00
2.816896696696700E-01	-4.358272619594004E+00
2.830910610610614E-01	-4.107472284499750E+00
2.844924524524527E-01	-3.854307261466147E+00
2.858938438438441E-01	-3.598782417691268E+00
2.872952352352355E-01	-3.340905746161980E+00
2.886966266266269E-01	-3.080685233108966E+00
2.900980180180183E-01	-2.818128858112004E+00
2.914994094094097E-01	-2.553244594218427E+00
2.929008008008011E-01	-2.286040408040662E+00
2.943021921921925E-01	-2.016524259860944E+00
2.957035835835839E-01	-1.744704103742720E+00
2.971049749749753E-01	-1.470587887600345E+00
2.985063663663667E-01	-1.194183553325388E+00
2.999077577577581E-01	-9.154990368273275E-01
3.013091491491495E-01	-6.345445963152088E-01
3.027105405405409E-01	-3.513271101511464E-01
3.041119319319323E-01	-6.585301907693974E-02
3.055133233233236E-01	2.218697577477542E-01
3.069147147147150E-01	5.118333068522816E-01
3.083161061061064E-01	8.040297203772298E-01
3.097174974974978E-01	1.098451096015879E+00
3.111188888888892E-01	1.395089536930755E+00
3.125202802802806E-01	1.693937151692239E+00
3.139216716716720E-01	1.994986054218430E+00
3.153230630630634E-01	2.298228363714884E+00
3.167244544544548E-01	2.603656204614822E+00
3.181258458458462E-01	2.911261706511254E+00
3.195272372372376E-01	3.221037004116624E+00
3.209286286286290E-01	3.532974237210283E+00
3.223300200200204E-01	3.847065550567663E+00
3.237314114114118E-01	4.163303093936520E+00
3.251328028028032E-01	4.481679021966670E+00
3.265341941941945E-01	4.802185494178502E+00
3.279355855855859E-01	5.124814674919207E+00
3.293369769769773E-01	5.449558733302752E+00
3.307383683683687E-01	5.776409843189754E+00
3.321397597597601E-01	6.105360183126777E+00
3.335411511511515E-01	6.436401936330867E+00
3.349425425425429E-01	6.769527290627707E+00
3.363439339339343E-01	7.104728438431380E+00
3.377453253253257E-01	7.441997576703329E+00
3.391467167167171E-01	7.781326906922459E+00
3.405481081081085E-01	8.122708635050003E+00
3.419494994994999E-01	8.466134971489396E+00
3.433508908908913E-01	8.811598131070923E+00
3.447522822822827E-01	9.159090333016820E+00
3.461536736736741E-01	9.508603800900801E+00
3.475550650650654E-01	9.860130762637482E+00
3.489564564564568E-01	1.021366345044646E+01
3.503578478478482E-01	1.056919410082776E+01
3.517592392392396E-01	1.092671495453214E+01
3.531606306306310E-01	1.128621825654864E+01
3.545620220220224E-01	1.164769625607175E+01
3.559634134134138E-01	1.201114120647537E+01
3.573648048048052E-01	1.237654536530192E+01
3.587661961961966E-01	1.274390099423078E+01
3.601675875875880E-01	1.311320035906192E+01
3.615689789789794E-01	1.348443572969825E+01
3.629703703703708E-01	1.385759938011938E+01
3.643717617617622E-01	1.423268358836958E+01
3.657731531531536E-01	1.460968063653127E+01
3.671745445445450E-01	1.498858281072205E+01
3.685759359359363E-01	1.536938240105485E+01
3.699773273273277E-01	1.575207170164947E+01
3.713787187187191E-01	1.613664301058361E+01
3.727801101101105E-01	1.652308862990674E+01
3.741815015015019E-01	1.691140086560972E+01
3.755828928928933E-01	1.730157202761268E+01
3.769842842842847E-01	1.769359442974883E+01
3.783856756756761E-01	1.808746038975789E+01
3.797870670670675E-01	1.848316222925996E+01
3.811884584584589E-01	1.888069227375183E+01
3.825898498498503E-01	1.928004285259476E+01
3.839912412412417E-01	1.968120629899647E+01
3.853926326326331E-01	2.008417494999958E+01
3.867940240240245E-01	2.048894114647339E+01
3.881954154154159E-01	2.089549723310483E+01
3.895968068068072E-01	2.130383555837534E+01
3.909981981981986E-01	2.171394847456475E+01
3.923995895895900E-01	2.212582833772967E+01
3.938009809809814E-01	2.253946750769887E+01
3.952023723723728E-01	2.295485834806004E+01
3.966037637637642E-01	2.337199322615845E+01
3.980051551551556E-01	2.379086451306785E+01
3.994065465465470E-01	2.421146458360420E+01
4.008079379379384E-01	2.463378581630616E+01
4.022093293293298E-01	2.505782059342300E+01
4.036107207207212E-01	2.548356130090792E+01
4.050121121121126E-01	2.591100032841507E+01
4.064135035035040E-01	2.634013006928865E+01
4.078148948948954E-01	2.677094292054562E+01
4.092162862862868E-01	2.720343128288721E+01
4.106176776776782E-01	2.763758756067148E+01
4.120190690690695E-01	2.807340416191471E+01
4.134204604604609E-01	2.851087349829311E+01
4.148218518518523E-01	2.894998798511597E+01
4.162232432432437E-01	2.939074004132965E+01
4.176246346346351E-01	2.983312208951565E+01
4.190260260260265E-01	3.027712655587732E+01
4.204274174174179E-01	3.072274587022969E+01
4.218288088088093E-01	3.116997246600101E+01
4.232302002002007E-01	3.161879878022489E+01
4.246315915915921E-01	3.206921639267716E+01
4.260329829829835E-01	3.252121839728238E+01
4.274343743743749E-01	3.297479739219807E+01
4.288357657657663E-01	3.342994582785752E+01
4.302371571571577E-01	3.388665615829950E+01
4.316385485485491E-01	3.434492084114731E+01
4.330399399399404E-01	3.480473233762200E+01
4.344413313313318E-01	3.526608311251505E+01
4.358427227227232E-01	3.572896563420238E+01
4.372441141141146E-01	3.619337237462810E+01
4.386455055055060E-01	3.665929580930037E+01
4.400468968968974E-01	3.712672841728818E+01
4.414482882882888E-01	3.759566268121114E+01
4.428496796796802E-01	3.806609108724035E+01
4.442510710710716E-01	3.853800612509235E+01
4.456524624624630E-01	3.901140028801899E+01
4.470538538538544E-01	3.948626607280528E+01
4.484552452452458E-01	3.996259597976996E+01
4.498566366366372E-01	4.044038251274935E+01
4.512580280280286E-01	4.091961817910044E+01
4.526594194194200E-01	4.140029548969642E+01
4.540608108108113E-01	4.188240599658889E+01
4.554622022022027E-01	4.236594145080846E+01
4.568635935935941E-01	4.285089602801736E+01
4.582649849849855E-01	4.333726225259716E+01
4.596663763763769E-01	4.382503265245634E+01
4.610677677677683E-01	4.431419975899325E+01
4.624691591591597E-01	4.480475610712108E+01
4.638705505505511E-01	4.529669423523694E+01
4.652719419419425E-01	4.579000668524384E+01
4.666733333333339E-01	4.628468600251688E+01
4.680747247247253E-01	4.678072473592613E+01
4.694761161161167E-01	4.727811515263954E+01
4.708775075075081E-01	4.777684667315441E+01
4.722788988988995E-01	4.827691519876100E+01
4.736802902902909E-01	4.877831329190940E+01
4.750816816816822E-01	4.928103351853156E+01
4.764830730730736E-01	4.978506844802337E+01
4.778844644644650E-01	5.029041065326385E+01
4.792858558558564E-01	5.079705271058833E+01
4.806872472472478E-01	5.130498719978948E+01
4.820886386386392E-01	5.181420329315836E+01
4.834900300300306E-01	5.232469581831720E+01
4.848914214214220E-01	5.283645845558556E+01
4.862928128128134E-01	5.334948379839284E+01
4.876942042042048E-01	5.386376444362179E+01
4.890955955955962E-01	5.437929299160680E+01
4.904969869869876E-01	5.489606204613119E+01
4.918983783783790E-01	5.541405908758543E+01
4.932997697697704E-01	5.593328168251730E+01
4.947011611611618E-01	5.645372253592188E+01
4.961025525525531E-01	5.697537426524491E+01
4.975039439439445E-01	5.749822949137899E+01
4.989053353353359E-01	5.802227974873142E+01
5.003067267267273E-01	5.854751399489760E+01
5.017081181181187E-01	5.907392954153636E+01
5.031095095095101E-01	5.960151902323378E+01
5.045109009009014E-01	6.013027507801462E+01
5.059122922922928E-01	6.066018984529444E+01
5.073136836836842E-01	6.119125057767405E+01
5.087150750750756E-01	6.172345573886457E+01
5.101164664664670E-01	6.225679798061299E+01
5.115178578578584E-01	6.279126995809224E+01
5.129192492492498E-01	6.332686101231002E+01
5.143206406406412E-01	6.386356350481901E+01
5.157220320320326E-01	6.440137364116003E+01
5.171234234234240E-01	6.494028409024804E+01
5.185248148148154E-01	6.548028542854126E+01
5.199262062062068E-01	6.602136713366758E+01
5.213275975975982E-01	6.656352710193232E+01
5.227289889889896E-01	6.710675801601849E+01
5.241303803803810E-01	6.765104936187549E+01
5.255317717717723E-01	6.819639239184323E+01
5.269331631631637E-01	6.874278436051304E+01
5.283345545545551E-01	6.929021796434768E+01
5.297359459459465E-01	6.983867930767599E+01
5.311373373373379E-01	7.038816600698624E+01
5.325387287287293E-01	7.093867237701807E+01
5.339401201201207E-01	7.149018752015479E+01
5.353415115115121E-01	7.204270272814836E+01
5.367429029029035E-01	7.259621567483657E+01
5.381442942942949E-01	7.315071702518139E+01
5.395456856856863E-01	7.370619462243189E+01
5.409470770770777E-01	7.426264805890094E+01
5.423484684684691E-01	7.482006814587271E+01
5.437498598598605E-01	7.537844211601919E+01
5.451512512512519E-01	7.593777005856998E+01
5.465526426426432E-01	7.649804153455534E+01
5.479540340340346E-01	7.705924596480611E+01
5.493554254254260E-01	7.762138253340845E+01
5.507568168168174E-01	7.818443817464595E+01
5.521582082082088E-01	7.874840725624983E+01
5.535595995996002E-01	7.931328667502851E+01
5.549609909909916E-01	7.987905938247820E+01
5.563623823823830E-01	8.044572741118986E+01
5.577637737737744E-01	8.101327948625840E+01
5.591651651651658E-01	8.158170680904493E+01
5.605665565565572E-01	8.215100818555629E+01
5.619679479479486E-01	8.272116555252171E+01
5.633693393393400E-01	8.329218244167828E+01
5.647707307307314E-01	8.386404440160129E+01
5.661721221221228E-01	8.443674757154520E+01
5.675735135135141E-01	8.501028419263730E+01
5.689749049049055E-01	8.558464444598098E+01
5.703762962962969E-01	8.615982583863979E+01
5.717776876876883E-01	8.673581401258980E+01
5.731790790790797E-01	8.731261032959378E+01
5.745804704704711E-01	8.789019729606798E+01
5.759818618618625E-01	8.846857873274462E+01
5.773832532532539E-01	8.904773539849384E+01
5.787846446446453E-01	8.962767217683040E+01
5.801860360360367E-01	9.020836949960949E+01
5.815874274274281E-01	9.078983193263025E+01
5.829888188188195E-01	9.137204085710346E+01
5.843902102102109E-01	9.195499925272361E+01
5.857916016016023E-01	9.253869080688764E+01
5.871929929929937E-01	9.312311553228392E+01
5.885943843843850E-01	9.370826076336516E+01
5.899957757757764E-01	9.429412222907604E+01
5.913971671671678E-01	9.488069221969863E+01
5.927985585585592E-01	9.546796087979033E+01
5.941999499499506E-01	9.605592674807303E+01
5.956013413413420E-01	9.664457310029616E+01
5.970027327327334E-01	9.723390195384877E+01
5.984041241241248E-01	9.782390058589203E+01
5.998055155155162E-01	9.841456275529140E+01
6.012069069069076E-01	9.900588493720011E+01
6.026082982982990E-01	9.959785120671768E+01
6.040096896896904E-01	1.001904624342524E+02
6.054110810810818E-01	1.007837092072782E+02
6.068124724724732E-01	1.013775801590277E+02
6.082138638638646E-01	1.019720738507726E+02
6.096152552552560E-01	1.025671801354597E+02
6.110166466466473E-01	1.031628894568839E+02
6.124180380380387E-01	1.037591991849008E+02
6.138194294294301E-01	1.043561002116153E+02
6.152208208208215E-01	1.049535815823251E+02
6.166222122122129E-01	1.055516410855348E+02
6.180236036036043E-01	1.061502712339093E+02
6.194249949949957E-01	1.067494594877599E+02
6.208263863863871E-01	1.073492026727893E+02
6.222277777777785E-01	1.079494943096690E+02
6.236291691691699E-01	1.085503265983016E+02
6.250305605605613E-01	1.091516875403393E+02
6.264319519519527E-01	1.097535748009350E+02
6.278333433433441E-01	1.103559809427452E+02
6.292347347347355E-01	1.109588985359890E+02
6.306361261261269E-01	1.115623169469702E+02
6.320375175175182E-01	1.121662309658723E+02
6.334389089089096E-01	1.127706344061312E+02
6.348403003003010E-01	1.133755198670242E+02
6.362416916916924E-01	1.139808799554532E+02
6.376430830830838E-01	1.145867057825515E+02
6.390444744744752E-01	1.151929897398786E+02
6.404458658658666E-01	1.157997263987668E+02
6.418472572572580E-01	1.164069083954384E+02
6.432486486486494E-01	1.170145283737897E+02
6.446500400400408E-01	1.176225789854179E+02
6.460514314314322E-01	1.182310528896305E+02
6.474528228228236E-01	1.188399427534516E+02
6.488542142142150E-01	1.194492396168459E+02
6.502556056056064E-01	1.200589377430447E+02
6.516569969969978E-01	1.206690300736173E+02
6.530583883883891E-01	1.212795093053187E+02
6.544597797797805E-01	1.218903681426968E+02
6.558611711711719E-01	1.225015992980987E+02
6.572625625625633E-01	1.231131954916968E+02
6.586639539539547E-01	1.237251494514921E+02
6.600653453453461E-01	1.243374539133290E+02
6.614667367367375E-01	1.249501016209160E+02
6.628681281281289E-01	1.255630853258301E+02
6.642695195195203E-01	1.261763977875401E+02
6.656709109109117E-01	1.267900317734229E+02
6.670723023023031E-01	1.274039800587636E+02
6.684736936936945E-01	1.280182354267797E+02
6.698750850850859E-01	1.286327906686361E+02
6.712764764764773E-01	1.292476385834559E+02
6.726778678678687E-01	1.298627719783392E+02
6.740792592592600E-01	1.304781836683694E+02
6.754806506506514E-01	1.310938664766404E+02
6.768820420420428E-01	1.317098126787839E+02
6.782834334334342E-01	1.323260142207396E+02
6.796848248248256E-01	1.329424652277985E+02
6.810862162162170E-01	1.335591585565680E+02
6.824876076076084E-01	1.341760870717435E+02
6.838889989989998E-01	1.347932436461028E+02
6.852903903903912E-01	1.354106211605458E+02
6.866917817817826E-01	1.360282123859533E+02
6.880931731731740E-01	1.366460072115856E+02
6.894945645645654E-01	1.372640015078682E+02
6.908959559559568E-01	1.378821881896654E+02
6.922973473473482E-01	1.385005601800319E+02
6.936987387387396E-01	1.391191101353591E+02
6.951001301301309E-01	1.397378274352072E+02
6.965015215215223E-01	1.403567087081567E+02
6.979029129129137E-01	1.409757469115648E+02
6.993043043043051E-01	1.415949347722842E+02
7.007056956956965E-01	1.422142609501198E+02
7.021070870870879E-01	1.428337228319463E+02
7.035084784784793E-01	1.434533134096953E+02
7.049098698698707E-01	1.440730225195598E+02
7.063112612612621E-01	1.446928440474701E+02
7.077126526526535E-01	1.453127731547172E+02
7.091140440440449E-01	1.459327998572205E+02
7.105154354354363E-01	1.465529172630550E+02
7.119168268268277E-01	1.471731212157397E+02
7.133182182182191E-01	1.477934002364425E+02
7.147196096096105E-01	1.484137500179208E+02
7.161210010010018E-01	1.490341644837033E+02
7.175223923923932E-01	1.496546317686750E+02
7.189237837837846E-01	1.502751506911295E+02
7.203251751751760E-01	1.508957091443460E+02
7.217265665665674E-01	1.515163034091029E+02
7.231279579579588E-01	1.521369250044688E+02
7.245293493493502E-01	1.527575664980404E+02
7.259307407407416E-01	1.533782223926673E+02
7.273321321321330E-01	1.539988830881682E+02
7.287335235235244E-01	1.546195445375574E+02
7.301349149149158E-01	1.552401964951232E+02
7.315363063063072E-01	1.558608348536725E+02
7.329376976976986E-01	1.564814502208665E+02
7.343390890890900E-01	1.571020369423770E+02
7.357404804804814E-01	1.577225879546118E+02
7.371418718718727E-01	1.583430945928030E+02
7.385432632632641E-01	1.589635535737721E+02
7.399446546546555E-01	1.595839517828017E+02
7.413460460460469E-01	1.602042882416051E+02
7.427474374374383E-01	1.608245526798917E+02
7.441488288288297E-01	1.614447381771345E+02
7.455502202202211E-01	1.620648404008728E+02
7.469516116116125E-01	1.626848480884375E+02
7.483530030030039E-01	1.633047570560552E+02
7.497543943943953E-01	1.639245613527999E+02
7.511557857857867E-01	1.645442504063426E+02
7.525571771771781E-01	1.651638193922481E+02
7.539585685685695E-01	1.657832624369203E+02
7.553599599599609E-01	1.664025713004519E+02
7.567613513513523E-01	1.670217372214554E+02
7.581627427427436E-01	1.676407560589987E+02
7.595641341341350E-01	1.682596207242725E+02
7.609655255255264E-01	1.688783236514541E+02
7.623669169169178E-01	1.694968557000407E+02
7.637683083083092E-01	1.701152126082272E+02
7.651696996997006E-01	1.707333873475454E+02
7.665710910910920E-01	1.713513729050831E+02
7.679724824824834E-01	1.719691622835380E+02
7.693738738738748E-01	1.725867471179454E+02
7.707752652652662E-01	1.732041213056696E+02
7.721766566566576E-01	1.738212786136405E+02
7.735780480480490E-01	1.744382121060653E+02
7.749794394394404E-01	1.750549148630171E+02
7.763808308308318E-01	1.756713799804947E+02
7.777822222222232E-01	1.762876005704770E+02
7.791836136136145E-01	1.769035697609709E+02
7.805850050050059E-01	1.775192806960804E+02
7.819863963963973E-01	1.781347265360416E+02
7.833877877877887E-01	1.787499004572958E+02
7.847891791791801E-01	1.793647956525401E+02
7.861905705705715E-01	1.799794053307764E+02
7.875919619619629E-01	1.805937227173767E+02
7.889933533533543E-01	1.812077410541349E+02
7.903947447447457E-01	1.818214535993250E+02
7.917961361361371E-01	1.824348536277580E+02
7.931975275275285E-01	1.830479344308419E+02
7.945989189189199E-01	1.836606893166347E+02
7.960003103103113E-01	1.842731116099073E+02
7.974017017017027E-01	1.848851946521957E+02
7.988030930930941E-01	1.854969318018682E+02
8.002044844844854E-01	1.861083164341783E+02
8.016058758758768E-01	1.867193399642033E+02
8.030072672672682E-01	1.873299975187269E+02
8.044086586586596E-01	1.879402826229898E+02
8.058100500500510E-01	1.885501887220926E+02
8.072114414414424E-01	1.891597092783275E+02
8.086128328328338E-01	1.897688360129894E+02
8.100142242242252E-01	1.903775628625235E+02
8.114156156156166E-01	1.909858845077556E+02
8.128170070070080E-01	1.915937944821317E+02
8.142183983983994E-01	1.922012841611213E+02
8.156197897897908E-01	1.928083477341993E+02
8.170211811811822E-01	1.934149801969263E+02
8.184225725725736E-01	1.940211740097777E+02
8.198239639639650E-01	1.946269208706822E+02
8.212253553553563E-01	1.952322173517841E+02
8.226267467467477E-01	1.958370554135352E+02
8.240281381381391E-01	1.964414274497110E+02
8.254295295295305E-01	1.970453300086922E+02
8.268309209209219E-01	1.976487530106626E+02
8.282323123123133E-01	1.982516926434464E+02
8.296337037037047E-01	1.988541419419146E+02
8.310350950950961E-01	1.994560930930634E+02
8.324364864864875E-01	2.000575424991926E+02
8.338378778778789E-01	2.006584797821326E+02
8.352392692692703E-01	2.012589032897956E+02
8.366406606606617E-01	2.018588014882787E+02
8.380420520520531E-01	2.024581732757383E+02
8.394434434434445E-01	2.030570073453168E+02
8.408448348348359E-01	2.036553017769440E+02
8.422462262262272E-01	2.042530468464590E+02
8.436476176176186E-01	2.048502384744443E+02
8.450490090090100E-01	2.054468698475373E+02
8.464504004004014E-01	2.060429334136415E+02
8.478517917917928E-01	2.066384257785608E+02
8.492531831831842E-01	2.072333370075880E+02
8.506545745745756E-01	2.078276636029600E+02
8.520559659659670E-01	2.084213999757487E+02
8.534573573573584E-01	2.090145360930037E+02
8.548587487487498E-01	2.096070694353868E+02
8.562601401401412E-01	2.101989937662363E+02
8.576615315315326E-01	2.107903004397849E+02
8.590629229229240E-01	2.113809849327113E+02
8.604643143143154E-01	2.119710418611082E+02
8.618657057057068E-01	2.125604650321168E+02
8.632670970970981E-01	2.131492461465455E+02
8.646684884884895E-01	2.137373810114727E+02
8.660698798798809E-01	2.143248638878715E+02
8.674712712712723E-01	2.149116886934887E+02
8.688726626626637E-01	2.154978493744993E+02
8.702740540540551E-01	2.160833389130757E+02
8.716754454454465E-01	2.166681518146406E+02
8.730768368368379E-01	2.172522827734156E+02
8.744782282282293E-01	2.178357258491028E+02
8.758796196196207E-01	2.184184751305913E+02
8.772810110110121E-01	2.190005247361139E+02
8.786824024024035E-01	2.195818688134095E+02
8.800837937937949E-01	2.201625015398763E+02
8.814851851851863E-01	2.207424171227458E+02
8.828865765765777E-01	2.213216097992313E+02
8.842879679679690E-01	2.219000738366940E+02
8.856893593593604E-01	2.224778035328090E+02
8.870907507507518E-01	2.230547932157306E+02
8.884921421421432E-01	2.236310372442508E+02
8.898935335335346E-01	2.242065300079703E+02
8.912949249249260E-01	2.247812659274637E+02
8.926963163163174E-01	2.253552394544422E+02
8.940977077077088E-01	2.259284450719322E+02
8.954990990991002E-01	2.265008772944327E+02
8.969004904904916E-01	2.270725306680897E+02
8.983018818818830E-01	2.276433997708723E+02
8.997032732732744E-01	2.282134778032012E+02
9.011046646646658E-01	2.287827605010484E+02
9.025060560560572E-01	2.293512427235228E+02
9.039074474474486E-01	2.299189191797134E+02
9.053088388388399E-01	2.304857846114126E+02
9.067102302302313E-01	2.310518322718005E+02
9.081116216216227E-01	2.316170576037396E+02
9.095130130130141E-01	2.321814562141183E+02
9.109144044044055E-01	2.327450229795400E+02
9.123157957957969E-01	2.333077505676531E+02
9.137171871871883E-01	2.338696354813294E+02
9.151185785785797E-01	2.344306732706200E+02
9.165199699699711E-01	2.349908570871107E+02
9.179213613613625E-01	2.355501824000862E+02
9.193227527527539E-01	2.361086456304042E+02
9.207241441441453E-01	2.366662391630430E+02
9.221255355355367E-01	2.372229599597374E+02
9.235269269269281E-01	2.377788031488558E+02
9.249283183183195E-01	2.383337618348394E+02
9.263297097097108E-01	2.388878342053565E+02
9.277311011011022E-01	2.394410117889556E+02
9.291324924924936E-01	2.399932932342438E+02
9.305338838838850E-01	2.405446709995335E+02
9.319352752752764E-01	2.410951426230349E+02
9.333366666666678E-01	2.416447012961280E+02
9.347380580580592E-01	2.421933445218069E+02
9.361394494494506E-01	2.427410651683708E+02
9.375408408408420E-01	2.432878617445299E+02
9.389422322322334E-01	2.438337257740113E+02
9.403436236236248E-01	2.443786564524598E+02
9.417450150150162E-01	2.449226469470125E+02
9.431464064064076E-01	2.454656936358861E+02
9.445477977977990E-01	2.460077932057197E+02
9.459491891891904E-01	2.465489381969389E+02
9.473505805805817E-01	2.470891272777174E+02
9.487519719719731E-01	2.476283557054976E+02
9.501533633633645E-01	2.481666170711067E+02
9.515547547547559E-01	2.487039095203970E+02
9.529561461461473E-01	2.492402287651246E+02
9.543575375375387E-01	2.497755688417928E+02
9.557589289289301E-01	2.503099269038980E+02
9.571603203203215E-01	2.508432993350625E+02
9.585617117117129E-01	2.513756820454259E+02
9.599631031031043E-01	2.519070697564887E+02
9.613644944944957E-01	2.524374593526745E+02
9.627658858858871E-01	2.529668473960421E+02
9.641672772772785E-01	2.534952300002401E+02
9.655686686686699E-01	2.540226033311453E+02
9.669700600600613E-01	2.545489634611934E+02
9.683714514514526E-01	2.550743059322363E+02
9.697728428428440E-01	2.555986280638431E+02
9.711742342342354E-01	2.561219262319130E+02
9.725756256256268E-01	2.566441968662398E+02
9.739770170170182E-01	2.571654364508527E+02
9.753784084084096E-01	2.576856415243581E+02
9.767797997998010E-01	2.582048086802865E+02
9.781811911911924E-01	2.587229345674343E+02
9.795825825825838E-01	2.592400158902090E+02
9.809839739739752E-01	2.597560494089762E+02
9.823853653653666E-01	2.602710319404066E+02
9.837867567567580E-01	2.607849603578184E+02
9.851881481481494E-01	2.612978315915282E+02
9.865895395395408E-01	2.618096426291979E+02
9.879909309309322E-01	2.623203905161838E+02
9.893923223223235E-01	2.628300723558787E+02
9.907937137137149E-01	2.633386853100712E+02
9.921951051051063E-01	2.638462265992821E+02
9.935964964964977E-01	2.643526935031243E+02
9.949978878878891E-01	2.648580833606441E+02
9.963992792792805E-01	2.653623932097216E+02
9.978006706706719E-01	2.658656202492739E+02
9.992020620620633E-01	2.663677625529647E+02
1.000603453453455E+00	2.668688177038812E+02
1.002004844844846E+00	2.673687833463234E+02
1.003406236236237E+00	2.678676571861438E+02
1.004807627627629E+00	2.683654357972146E+02
1.006209019019020E+00	2.688621183531113E+02
1.007610410410411E+00	2.693577023138978E+02
1.009011801801802E+00	2.698521853645136E+02
1.010413193193194E+00	2.703455657729623E+02
1.011814584584585E+00	2.708378413019241E+02
1.013215975975976E+00	2.713290102591520E+02
1.014617367367368E+00	2.718190707782205E+02
1.016018758758759E+00	2.723080209270202E+02
1.017420150150150E+00	2.727958593568492E+02
1.018821541541541E+00	2.732825840128985E+02
1.020222932932933E+00	2.737681935912919E+02
1.021624324324324E+00	2.742526866850899E+02
1.023025715715715E+00	2.747360615998530E+02
1.024427107107106E+00	2.752183170598137E+02
1.025828498498498E+00	2.756994519106888E+02
1.027229889889889E+00	2.761794649096710E+02
1.028631281281280E+00	2.766583547976820E+02
1.030032672672672E+00	2.771361204310308E+02
1.031434064064063E+00	2.776127609599828E+02
1.032835455455454E+00	2.780882754370550E+02
1.034236846846845E+00	2.785626629898350E+02
1.035638238238237E+00	2.790359228213458E+02
1.037039629629628E+00	2.795080542104120E+02
1.038441021021019E+00	2.799790565120200E+02
1.039842412412411E+00	2.804489291576756E+02
1.041243803803802E+00	2.809176716557552E+02
1.042645195195193E+00	2.813852835918590E+02
1.044046586586584E+00	2.818517646291518E+02
1.045447977977976E+00	2.823171145087083E+02
1.046849369369367E+00	2.827813330498439E+02
1.048250760760758E+00	2.832444201504493E+02
1.049652152152150E+00	2.837063757873173E+02
1.051053543543541E+00	2.841672000164592E+02
1.052454934934932E+00	2.846268929734279E+02
1.053856326326323E+00	2.850854548736222E+02
1.055257717717715E+00	2.855428860125937E+02
1.056659109109106E+00	2.859991865920497E+02
1.058060500500497E+00	2.864543572273753E+02
1.059461891891889E+00	2.869083984647368E+02
1.060863283283280E+00	2.873613109245371E+02
1.062264674674671E+00	2.878130952570052E+02
1.063666066066062E+00	2.882637521181650E+02
1.065067457457454E+00	2.887132825513070E+02
1.066468848848845E+00	2.891616875060397E+02
1.067870240240236E+00	2.896089678691940E+02
1.069271631631628E+00	2.900551247931999E+02
1.070673023023019E+00	2.905001595869289E+02
1.072074414414410E+00	2.909440734142222E+02
1.073475805805801E+00	2.913868676161201E+02
1.074877197197193E+00	2.918285437928421E+02
1.076278588588584E+00	2.922691033049068E+02
1.077679979979975E+00	2.927085478582937E+02
1.079081371371367E+00	2.931468792333185E+02
1.080482762762758E+00	2.935840989962965E+02
1.081884154154149E+00	2.940202092759666E+02
1.083285545545540E+00	2.944552118581212E+02
1.084686936936932E+00	2.948891088872922E+02
1.086088328328323E+00	2.953219024831037E+02
1.087489719719714E+00	2.957535948189179E+02
1.088891111111105E+00	2.961841883014888E+02
1.090292502502497E+00	2.966136851941253E+02
1.091693893893888E+00	2.970420881363734E+02
1.093095285285279E+00	2.974693995298358E+02
1.094496676676671E+00	2.978956222047079E+02
1.095898068068062E+00	2.983207587371385E+02
1.097299459459453E+00	2.987448121173152E+02
1.098700850850844E+00	2.991677851208167E+02
1.100102242242236E+00	2.995896808778680E+02
1.101503633633627E+00	3.000105023778026E+02
1.102905025025018E+00	3.004302528807764E+02
1.104306416416410E+00	3.008489355945253E+02
1.105707807807801E+00	3.012665539079435E+02
1.107109199199192E+00	3.016831112430928E+02
1.108510590590583E+00	3.020986111243185E+02
1.109911981981975E+00	3.025130571762525E+02
1.111313373373366E+00	3.029264530722076E+02
1.112714764764757E+00	3.033388026210821E+02
1.114116156156149E+00	3.037501096642864E+02
1.115517547547540E+00	3.041603781718643E+02
1.116918938938931E+00	3.045696121752421E+02
1.118320330330322E+00	3.049778157924145E+02
1.119721721721714E+00	3.053849932320068E+02
1.121123113113105E+00	3.057911487829786E+02
1.122524504504496E+00	3.061962868025093E+02
1.123925895895888E+00	3.066004117772093E+02
1.125327287287279E+00	3.070035281828916E+02
1.126728678678670E+00	3.074056407295595E+02
1.128130070070061E+00	3.078067540109582E+02
1.129531461461453E+00	3.082068729000475E+02
1.130932852852844E+00	3.086060021772303E+02
1.132334244244235E+00	3.090041468373233E+02
1.133735635635627E+00	3.094013118648916E+02
1.135137027027018E+00	3.097975023599854E+02
1.136538418418409E+00	3.101927235177047E+02
1.137939809809800E+00	3.105869805360660E+02
1.139341201201192E+00	3.109802788173445E+02
1.140742592592583E+00	3.113726236606285E+02
1.142143983983974E+00	3.117640206599935E+02
1.143545375375365E+00	3.121544752314071E+02
1.144946766766757E+00	3.125439931309440E+02
1.146348158158148E+00	3.129325799224237E+02
1.147749549549539E+00	3.133202414771406E+02
1.149150940940931E+00	3.137069835555096E+02
1.150552332332322E+00	3.140928120775950E+02
1.151953723723713E+00	3.144777330696700E+02
1.153355115115104E+00	3.148617524116023E+02
1.154756506506496E+00	3.152448764882083E+02
1.156157897897887E+00	3.156271111283465E+02
1.157559289289278E+00	3.160084628835630E+02
1.158960680680670E+00	3.163889378464446E+02
1.160362072072061E+00	3.167685423397602E+02
1.161763463463452E+00	3.171472830827029E+02
1.163164854854843E+00	3.175251662001290E+02
1.164566246246235E+00	3.179021983722159E+02
1.165967637637626E+00	3.182783863578657E+02
1.167369029029017E+00	3.186537365256402E+02
1.168770420420409E+00	3.190282556324285E+02
1.170171811811800E+00	3.194019507771179E+02
1.171573203203191E+00	3.197748284137936E+02
1.172974594594582E+00	3.201468954174595E+02
1.174375985985974E+00	3.205181587947388E+02
1.175777377377365E+00	3.208886257275233E+02
1.177178768768756E+00	3.212583029499026E+02
1.178580160160148E+00	3.216271975328207E+02
1.179981551551539E+00	3.219953165931008E+02
1.181382942942930E+00	3.223626672918856E+02
1.182784334334321E+00	3.227292569762001E+02
1.184185725725713E+00	3.230950928233517E+02
1.185587117117104E+00	3.234601820146793E+02
1.186988508508495E+00	3.238245318686161E+02
1.188389899899887E+00	3.241881497394133E+02
1.189791291291278E+00	3.245510430153422E+02
1.191192682682669E+00	3.249132191168590E+02
1.192594074074060E+00	3.252746854947279E+02
1.193995465465452E+00	3.256354496281033E+02
1.195396856856843E+00	3.259955190225678E+02
1.196798248248234E+00	3.263549012081289E+02
1.198199639639626E+00	3.267136037371754E+02
1.199601031031017E+00	3.270716341823872E+02
1.201002422422408E+00	3.274290004545842E+02
1.202403813813799E+00	3.277857099895880E+02
1.203805205205191E+00	3.281417703462889E+02
1.205206596596582E+00	3.284971891625371E+02
1.206607987987973E+00	3.288519740855559E+02
1.208009379379364E+00	3.292061333471872E+02
1.209410770770756E+00	3.295596743486162E+02
1.210812162162147E+00	3.299126045480380E+02
1.212213553553538E+00	3.302649320212679E+02
1.213614944944930E+00	3.306166648152789E+02
1.215016336336321E+00	3.309678099358998E+02
1.216417727727712E+00	3.313183760363265E+02
1.217819119119103E+00	3.316683703354017E+02
1.219220510510495E+00	3.320178007610987E+02
1.220621901901886E+00	3.323666753527475E+02
1.222023293293277E+00	3.327150015537559E+02
1.223424684684669E+00	3.330627875058090E+02
1.224826076076060E+00	3.334100409195935E+02
1.226227467467451E+00	3.337567692146074E+02
1.227628858858842E+00	3.341029812294714E+02
1.229030250250234E+00	3.344486835987329E+02
1.230431641641625E+00	3.347938846417605E+02
1.231833033033016E+00	3.351385926256828E+02
1.233234424424408E+00	3.354828145492149E+02
1.234635815815799E+00	3.358265582743986E+02
1.236037207207190E+00	3.361698320027047E+02
1.237438598598581E+00	3.365126436565251E+02
1.238839989989973E+00	3.368550005030997E+02
1.240241381381364E+00	3.371969103307267E+02
1.241642772772755E+00	3.375383809052541E+02
1.243044164164147E+00	3.378794199677106E+02
1.244445555555538E+00	3.382200352319178E+02
1.245846946946929E+00	3.385602343820613E+02
1.247248338338320E+00	3.389000250702347E+02
1.248649729729712E+00	3.392394149139509E+02
1.250051121121103E+00	3.395784114936214E+02
1.251452512512494E+00	3.399170223500023E+02
1.252853903903886E+00	3.402552549816114E+02
1.254255295295277E+00	3.405931168590432E+02
1.255656686686668E+00	3.409306166079432E+02
1.257058078078059E+00	3.412677605702538E+02
1.258459469469451E+00	3.416045560594046E+02
1.259860860860842E+00	3.419410107083147E+02
1.261262252252233E+00	3.422771330716203E+02
1.262663643643624E+00	3.426129288222655E+02
1.264065035035016E+00	3.429484062062736E+02
1.265466426426407E+00	3.432835727488787E+02
1.266867817817798E+00	3.436184346031637E+02
1.268269209209190E+00	3.439530008403403E+02
1.269670600600581E+00	3.442872766350881E+02
1.271071991991972E+00	3.446212710171174E+02
1.272473383383363E+00	3.449549898314388E+02
1.273874774774755E+00	3.452884403158409E+02
1.275276166166146E+00	3.456216308002499E+02
1.276677557557537E+00	3.459545666049969E+02
1.278078948948929E+00	3.462872551487253E+02
1.279480340340320E+00	3.466197049386326E+02
1.280881731731711E+00	3.469519212490686E+02
1.282283123123102E+00	3.472839110954778E+02
1.283684514514494E+00	3.476156814378419E+02
1.285085905905885E+00	3.479472391785414E+02
1.286487297297276E+00	3.482785914646997E+02
1.287888688688668E+00	3.486097449315068E+02
1.289290080080059E+00	3.489407058849670E+02
1.290691471471450E+00	3.492714809640431E+02
1.292092862862841E+00	3.496020767389284E+02
1.293494254254233E+00	3.499324997154290E+02
1.294895645645624E+00	3.502627572147364E+02
1.296297037037015E+00	3.505928549950083E+02
1.297698428428407E+00	3.509227993409772E+02
1.299099819819798E+00	3.512525964574163E+02
1.300501211211189E+00	3.515822524668113E+02
1.301902602602580E+00	3.519117743145680E+02
1.303303993993972E+00	3.522411689576381E+02
1.304705385385363E+00	3.525704407286094E+02
1.306106776776754E+00	3.528995961112169E+02
1.307508168168146E+00	3.532286432717476E+02
1.308909559559537E+00	3.535575850497617E+02
1.310310950950928E+00	3.538864303291532E+02
1.311712342342319E+00	3.542151828161643E+02
1.313113733733711E+00	3.545438500264379E+02
1.314515125125102E+00	3.548724361802210E+02
1.315916516516493E+00	3.552009492594473E+02
1.317317907907884E+00	3.555293919273045E+02
1.318719299299276E+00	3.558577736309028E+02
1.320120690690667E+00	3.561860972397342E+02
1.321522082082058E+00	3.565143680602800E+02
1.322923473473450E+00	3.568425943298239E+02
1.324324864864841E+00	3.571707797736956E+02
1.325726256256232E+00	3.574989293869119E+02
1.327127647647623E+00	3.578270487669988E+02
1.328529039039015E+00	3.581551434384580E+02
1.329930430430406E+00	3.584832200646931E+02
1.331331821821797E+00	3.588112826816130E+02
1.332733213213189E+00	3.591393363564364E+02
1.334134604604580E+00	3.594673866316305E+02
1.335535995995971E+00	3.597954379670550E+02
1.336937387387362E+00	3.601234958223220E+02
1.338338778778754E+00	3.604515651546785E+02
1.339740170170145E+00	3.607796508349061E+02
1.341141561561536E+00	3.611077579697564E+02
1.342542952952928E+00	3.614358916480987E+02
1.343944344344319E+00	3.617640559793851E+02
1.345345735735710E+00	3.620922561262266E+02
1.346747127127101E+00	3.624204969213106E+02
1.348148518518493E+00	3.627487826048268E+02
1.349549909909884E+00	3.630771181225493E+02
1.350951301301275E+00	3.634055080897949E+02
1.352352692692667E+00	3.637339564895110E+02
1.353754084084058E+00	3.640624682085756E+02
1.355155475475449E+00	3.643910479654330E+02
1.356556866866840E+00	3.647196996219611E+02
1.357958258258232E+00	3.650484275693905E+02
1.359359649649623E+00	3.653772361170509E+02
1.360761041041014E+00	3.657061294910120E+02
1.362162432432406E+00	3.660351118327044E+02
1.363563823823797E+00	3.663641871975558E+02
1.364965215215188E+00	3.666933600226457E+02
1.366366606606579E+00	3.670226343893983E+02
1.367767997997971E+00	3.673520136715890E+02
1.369169389389362E+00	3.676815019917860E+02
1.370570780780753E+00	3.680111040067573E+02
1.371972172172145E+00	3.683408221648056E+02
1.373373563563536E+00	3.686706620527000E+02
1.374774954954927E+00	3.690006257769985E+02
1.376176346346318E+00	3.693307179914734E+02
1.377577737737710E+00	3.696609423664061E+02
1.378979129129101E+00	3.699913019708331E+02
1.380380520520492E+00	3.703218005580186E+02
1.381781911911883E+00	3.706524419817083E+02
1.383183303303275E+00	3.709832298886515E+02
1.384584694694666E+00	3.713141673375546E+02
1.385986086086057E+00	3.716452577641603E+02
1.387387477477449E+00	3.719765045236963E+02
1.388788868868840E+00	3.723079111697014E+02
1.390190260260231E+00	3.726394811945077E+02
1.391591651651622E+00	3.729712173961495E+02
1.392993043043014E+00	3.733031228038076E+02
1.394394434434405E+00	3.736352006170564E+02
1.395795825825796E+00	3.739674551169123E+02
1.397197217217188E+00	3.742998876899255E+02
1.398598608608579E+00	3.746325027088337E+02
1.399999999999970E+00	3.749653021975912E+02
