# energy / barionic density = energy by nucleon 
# barionic density, energy / barionic density
1.000000000000000E-05	2.436611723544502E-01
1.411391391391391E-03	3.843720179086176E-01
2.812782782782782E-03	3.836147304809856E-01
4.214174174174174E-03	2.986763936476109E-01
5.615565565565564E-03	1.688577490319858E-01
7.016956956956956E-03	1.074814727610374E-02
8.418348348348348E-03	-1.681491898297054E-01
9.819739739739739E-03	-3.613881799913088E-01
1.122113113113113E-02	-5.659479839312098E-01
1.262252252252252E-02	-7.793322745642399E-01
1.402391391391391E-02	-9.993050444710434E-01
1.542530530530531E-02	-1.224808090344709E+00
1.682669669669670E-02	-1.454580494300217E+00
1.822808808808809E-02	-1.687535463613358E+00
1.962947947947948E-02	-1.923129156375467E+00
2.103087087087087E-02	-2.160763605302350E+00
2.243226226226226E-02	-2.399725979732011E+00
2.383365365365364E-02	-2.639594170350620E+00
2.523504504504503E-02	-2.880232046660012E+00
2.663643643643642E-02	-3.121079616695170E+00
2.803782782782781E-02	-3.361839122973265E+00
2.943921921921920E-02	-3.602267379536102E+00
3.084061061061059E-02	-3.842291857140253E+00
3.224200200200199E-02	-4.081586299997639E+00
3.364339339339338E-02	-4.319946777044265E+00
3.504478478478477E-02	-4.557219174902229E+00
3.644617617617617E-02	-4.793263958315379E+00
3.784756756756756E-02	-5.028043733105051E+00
3.924895895895895E-02	-5.261363856339585E+00
4.065035035035035E-02	-5.493096311801082E+00
4.205174174174174E-02	-5.723145715580358E+00
4.345313313313313E-02	-5.951424447262184E+00
4.485452452452453E-02	-6.177851848142041E+00
4.625591591591592E-02	-6.402353522719409E+00
4.765730730730731E-02	-6.624896624176017E+00
4.905869869869871E-02	-6.845393749904929E+00
5.046009009009010E-02	-7.063766623913921E+00
5.186148148148149E-02	-7.279961058116896E+00
5.326287287287289E-02	-7.493926658599776E+00
5.466426426426428E-02	-7.705616503429155E+00
5.606565565565567E-02	-7.914986854766653E+00
5.746704704704707E-02	-8.121996901050693E+00
5.886843843843846E-02	-8.326608525307620E+00
6.026982982982985E-02	-8.528786096606495E+00
6.167122122122125E-02	-8.728496281738444E+00
6.307261261261264E-02	-8.925707875018361E+00
6.447400400400403E-02	-9.120391643816788E+00
6.587539539539543E-02	-9.312520188435542E+00
6.727678678678682E-02	-9.502067814334623E+00
6.867817817817821E-02	-9.689010415740881E+00
7.007956956956961E-02	-9.873325369315353E+00
7.148096096096100E-02	-1.005499143669965E+01
7.288235235235239E-02	-1.023398867537242E+01
7.428374374374379E-02	-1.041029835646339E+01
7.568513513513518E-02	-1.058390288955536E+01
7.708652652652657E-02	-1.075478575300963E+01
7.848791791791797E-02	-1.092293143000518E+01
7.988930930930936E-02	-1.108834238306110E+01
8.129070070070075E-02	-1.125100687003874E+01
8.269209209209215E-02	-1.141089474651710E+01
8.409348348348354E-02	-1.156799388704360E+01
8.549487487487493E-02	-1.172229292037230E+01
8.689626626626633E-02	-1.187378118849199E+01
8.829765765765772E-02	-1.202244870834170E+01
8.969904904904911E-02	-1.216828891889395E+01
9.110044044044051E-02	-1.231133769525627E+01
9.250183183183190E-02	-1.245154057324555E+01
9.390322322322329E-02	-1.258888989215075E+01
9.530461461461469E-02	-1.272337851284760E+01
9.670600600600608E-02	-1.285499979212887E+01
9.810739739739748E-02	-1.298379074765842E+01
9.950878878878887E-02	-1.310971870394042E+01
1.009101801801803E-01	-1.323276290103581E+01
1.023115715715717E-01	-1.335291842645540E+01
1.037129629629630E-01	-1.347020304689318E+01
1.051143543543544E-01	-1.358463331774647E+01
1.065157457457458E-01	-1.369616304381964E+01
1.079171371371372E-01	-1.380478875632548E+01
1.093185285285286E-01	-1.391054281066704E+01
1.107199199199200E-01	-1.401342153373469E+01
1.121213113113114E-01	-1.411338819203900E+01
1.135227027027028E-01	-1.421044459362474E+01
1.149240940940942E-01	-1.430465452058320E+01
1.163254854854856E-01	-1.439594678540470E+01
1.177268768768770E-01	-1.448431992003191E+01
1.191282682682684E-01	-1.456984094090672E+01
1.205296596596598E-01	-1.465244979783404E+01
1.219310510510512E-01	-1.473213680823380E+01
1.233324424424426E-01	-1.480897613546404E+01
1.247338338338339E-01	-1.488289822707384E+01
1.261352252252253E-01	-1.495391087082692E+01
1.275366166166167E-01	-1.502207018236436E+01
1.289380080080081E-01	-1.508730722714540E+01
1.303393993993995E-01	-1.514966773033348E+01
1.317407907907909E-01	-1.520914643696074E+01
1.331421821821823E-01	-1.526570766587179E+01
1.345435735735737E-01	-1.531943314960836E+01
1.359449649649651E-01	-1.537024024937239E+01
1.373463563563565E-01	-1.541818684388215E+01
1.387477477477479E-01	-1.546324947482242E+01
1.401491391391393E-01	-1.550542850616796E+01
1.415505305305307E-01	-1.554475432473100E+01
1.429519219219220E-01	-1.558118055504883E+01
1.443533133133134E-01	-1.561477810518909E+01
1.457547047047048E-01	-1.564546868460945E+01
1.471560960960962E-01	-1.567334543397169E+01
1.485574874874876E-01	-1.569832147668171E+01
1.499588788788790E-01	-1.572048217614838E+01
1.513602702702704E-01	-1.573975428784490E+01
1.527616616616618E-01	-1.575621538318558E+01
1.541630530530532E-01	-1.576979489522228E+01
1.555644444444446E-01	-1.578057323538337E+01
1.569658358358360E-01	-1.578847281286414E+01
1.583672272272274E-01	-1.579358498739305E+01
1.597686186186188E-01	-1.579582963949645E+01
1.611700100100102E-01	-1.579528091685836E+01
1.625714014014016E-01	-1.579188834508477E+01
1.639727927927929E-01	-1.578569227583364E+01
1.653741841841843E-01	-1.577668053586297E+01
1.667755755755757E-01	-1.576485124489352E+01
1.681769669669671E-01	-1.575023873196506E+01
1.695783583583585E-01	-1.573279696330655E+01
1.709797497497499E-01	-1.571259632475983E+01
1.723811411411413E-01	-1.568958346012948E+01
1.737825325325327E-01	-1.566378753657693E+01
1.751839239239241E-01	-1.563522269536463E+01
1.765853153153155E-01	-1.560385714414701E+01
1.779867067067069E-01	-1.556974998090379E+01
1.793880980980983E-01	-1.553286299809588E+01
1.807894894894897E-01	-1.549320137332711E+01
1.821908808808811E-01	-1.545081274161282E+01
1.835922722722725E-01	-1.540565227133709E+01
1.849936636636638E-01	-1.535774341270439E+01
1.863950550550552E-01	-1.530711264150739E+01
1.877964464464466E-01	-1.525372784579270E+01
1.891978378378380E-01	-1.519761203492794E+01
1.905992292292294E-01	-1.513878870601502E+01
1.920006206206208E-01	-1.507722924100449E+01
1.934020120120122E-01	-1.501294789084659E+01
1.948034034034036E-01	-1.494598206313060E+01
1.962047947947950E-01	-1.487629806385326E+01
1.976061861861864E-01	-1.480390238377572E+01
1.990075775775778E-01	-1.472883584576743E+01
2.004089689689692E-01	-1.465107790999866E+01
2.018103603603606E-01	-1.457062633273722E+01
2.032117517517520E-01	-1.448749509699235E+01
2.046131431431434E-01	-1.440171426852714E+01
2.060145345345347E-01	-1.431325791657275E+01
2.074159259259261E-01	-1.422213252008646E+01
2.088173173173175E-01	-1.412835443023573E+01
2.102187087087089E-01	-1.403194485414372E+01
2.116201001001003E-01	-1.393288443144252E+01
2.130214914914917E-01	-1.383117963552399E+01
2.144228828828831E-01	-1.372683693250315E+01
2.158242742742745E-01	-1.361989315023015E+01
2.172256656656659E-01	-1.351032364593414E+01
2.186270570570573E-01	-1.339813451872806E+01
2.200284484484487E-01	-1.328333223353809E+01
2.214298398398401E-01	-1.316592838879569E+01
2.228312312312315E-01	-1.304594542001553E+01
2.242326226226229E-01	-1.292336766009953E+01
2.256340140140143E-01	-1.279820157496658E+01
2.270354054054056E-01	-1.267045362584543E+01
2.284367967967970E-01	-1.254013026955988E+01
2.298381881881884E-01	-1.240725301886221E+01
2.312395795795798E-01	-1.227181952512512E+01
2.326409709709712E-01	-1.213382908742233E+01
2.340423623623626E-01	-1.199328816665059E+01
2.354437537537540E-01	-1.185020322027253E+01
2.368451451451454E-01	-1.170458070257826E+01
2.382465365365368E-01	-1.155642804769832E+01
2.396479279279282E-01	-1.140576670658004E+01
2.410493193193196E-01	-1.125258635433670E+01
2.424507107107110E-01	-1.109689345121444E+01
2.438521021021024E-01	-1.093869445495955E+01
2.452534934934938E-01	-1.077799582099124E+01
2.466548848848852E-01	-1.061480400259211E+01
2.480562762762765E-01	-1.044912545105683E+01
2.494576676676679E-01	-1.028096661584505E+01
2.508590590590593E-01	-1.011033717096848E+01
2.522604504504507E-01	-9.937248183009046E+00
2.536618418418421E-01	-9.761697594301836E+00
2.550632332332335E-01	-9.583691862146907E+00
2.564646246246249E-01	-9.403237442404702E+00
2.578660160160163E-01	-9.220340789570855E+00
2.592674074074077E-01	-9.035008356920230E+00
2.606687987987991E-01	-8.847246596591617E+00
2.620701901901905E-01	-8.657061959672092E+00
2.634715815815818E-01	-8.464460896300011E+00
2.648729729729732E-01	-8.269449855748121E+00
2.662743643643646E-01	-8.072035286493019E+00
2.676757557557560E-01	-7.872223636306103E+00
2.690771471471474E-01	-7.670021352279377E+00
2.704785385385388E-01	-7.465434880947100E+00
2.718799299299302E-01	-7.258470668290784E+00
2.732813213213216E-01	-7.049135159825937E+00
2.746827127127130E-01	-6.837434800636743E+00
2.760841041041044E-01	-6.623376035431761E+00
2.774854954954958E-01	-6.406965947131653E+00
2.788868868868872E-01	-6.188210929638672E+00
2.802882782782786E-01	-5.967116398634516E+00
2.816896696696700E-01	-5.743688807381204E+00
2.830910610610614E-01	-5.517934608770929E+00
2.844924524524527E-01	-5.289860255352437E+00
2.858938438438441E-01	-5.059472199343759E+00
2.872952352352355E-01	-4.826776892688486E+00
2.886966266266269E-01	-4.591782114024113E+00
2.900980180180183E-01	-4.354493689421247E+00
2.914994094094097E-01	-4.114917735094537E+00
2.929008008008011E-01	-3.873060693543380E+00
2.943021921921925E-01	-3.628929007193960E+00
2.957035835835839E-01	-3.382529118398224E+00
2.971049749749753E-01	-3.133867469453776E+00
2.985063663663667E-01	-2.882950502591598E+00
2.999077577577581E-01	-2.629784659982874E+00
3.013091491491495E-01	-2.374376383730578E+00
3.027105405405409E-01	-2.116732115884020E+00
3.041119319319323E-01	-1.856858298410430E+00
3.055133233233236E-01	-1.594761373198025E+00
3.069147147147150E-01	-1.330447782059991E+00
3.083161061061064E-01	-1.063923966701509E+00
3.097174974974978E-01	-7.951963687314674E-01
3.111188888888892E-01	-5.242714296362010E-01
3.125202802802806E-01	-2.511555907699403E-01
3.139216716716720E-01	2.414470665905810E-02
3.153230630630634E-01	3.016230215969244E-01
3.167244544544548E-01	5.812711936806636E-01
3.181258458458462E-01	8.630779338913044E-01
3.195272372372376E-01	1.147043151914545E+00
3.209286286286290E-01	1.433160413661767E+00
3.223300200200204E-01	1.721423285212154E+00
3.237314114114118E-01	2.011825332838157E+00
3.251328028028032E-01	2.304360123026186E+00
3.265341941941945E-01	2.599021222493889E+00
3.279355855855859E-01	2.895802198246429E+00
3.293369769769773E-01	3.194696617560567E+00
3.307383683683687E-01	3.495698048045028E+00
3.321397597597601E-01	3.798792800905176E+00
3.335411511511515E-01	4.103978248012936E+00
3.349425425425429E-01	4.411251259291362E+00
3.363439339339343E-01	4.720605409119912E+00
3.377453253253257E-01	5.032034272292435E+00
3.391467167167171E-01	5.345531424021488E+00
3.405481081081085E-01	5.661090439976761E+00
3.419494994994999E-01	5.978704896327486E+00
3.433508908908913E-01	6.298365178999916E+00
3.447522822822827E-01	6.620059133428072E+00
3.461536736736741E-01	6.943789150366342E+00
3.475550650650654E-01	7.269548812963308E+00
3.489564564564568E-01	7.597331704965995E+00
3.503578478478482E-01	7.927131410777065E+00
3.517592392392396E-01	8.258941515464471E+00
3.531606306306310E-01	8.592755604827744E+00
3.545620220220224E-01	8.928555340886305E+00
3.559634134134138E-01	9.266344986384638E+00
3.573648048048052E-01	9.606119306836263E+00
3.587661961961966E-01	9.947871895469689E+00
3.601675875875880E-01	1.029159634637847E+01
3.615689789789794E-01	1.063728625454576E+01
3.629703703703708E-01	1.098493226041978E+01
3.643717617617622E-01	1.133452003262403E+01
3.657731531531536E-01	1.168605400746651E+01
3.671745445445450E-01	1.203952778779774E+01
3.685759359359363E-01	1.239493497752085E+01
3.699773273273277E-01	1.275226918163844E+01
3.713787187187191E-01	1.311152400628816E+01
3.727801101101105E-01	1.347267922863284E+01
3.741815015015019E-01	1.383574175793376E+01
3.755828928928933E-01	1.420070571609222E+01
3.769842842842847E-01	1.456756471776441E+01
3.783856756756761E-01	1.493631237893351E+01
3.797870670670675E-01	1.530694182696209E+01
3.811884584584589E-01	1.567943297612931E+01
3.825898498498503E-01	1.605379364271880E+01
3.839912412412417E-01	1.643001745171637E+01
3.853926326326331E-01	1.680809802960289E+01
3.867940240240245E-01	1.718802900439493E+01
3.881954154154159E-01	1.756979902016008E+01
3.895968068068072E-01	1.795339679165511E+01
3.909981981981986E-01	1.833882587651578E+01
3.923995895895900E-01	1.872607991246184E+01
3.938009809809814E-01	1.911515253894049E+01
3.952023723723728E-01	1.950603739717496E+01
3.966037637637642E-01	1.989871604758218E+01
3.980051551551556E-01	2.029319134206276E+01
3.994065465465470E-01	2.068945984538527E+01
4.008079379379384E-01	2.108751520921885E+01
4.022093293293298E-01	2.148735108721121E+01
4.036107207207212E-01	2.188895514965452E+01
4.050121121121126E-01	2.229231806148516E+01
4.064135035035040E-01	2.269744251855525E+01
4.078148948948954E-01	2.310432218560391E+01
4.092162862862868E-01	2.351295072954508E+01
4.106176776776782E-01	2.392332070898954E+01
4.120190690690695E-01	2.433541313064075E+01
4.134204604604609E-01	2.474923551596100E+01
4.148218518518523E-01	2.516478154363062E+01
4.162232432432437E-01	2.558204489472962E+01
4.176246346346351E-01	2.600101925276044E+01
4.190260260260265E-01	2.642168655929970E+01
4.204274174174179E-01	2.684404934830809E+01
4.218288088088093E-01	2.726810429862883E+01
4.232302002002007E-01	2.769384510641078E+01
4.246315915915921E-01	2.812126547046523E+01
4.260329829829835E-01	2.855035131259160E+01
4.274343743743749E-01	2.898109749603975E+01
4.288357657657663E-01	2.941350445024477E+01
4.302371571571577E-01	2.984756588738981E+01
4.316385485485491E-01	3.028327552253756E+01
4.330399399399404E-01	3.072062336168551E+01
4.344413313313318E-01	3.115959646137242E+01
4.358427227227232E-01	3.160019903585567E+01
4.372441141141146E-01	3.204242481433289E+01
4.386455055055060E-01	3.248626752909877E+01
4.400468968968974E-01	3.293172091559677E+01
4.414482882882888E-01	3.337876582840636E+01
4.428496796796802E-01	3.382740819189530E+01
4.442510710710716E-01	3.427764258031368E+01
4.456524624624630E-01	3.472946274421156E+01
4.470538538538544E-01	3.518286243750254E+01
4.484552452452458E-01	3.563782833049197E+01
4.498566366366372E-01	3.609435522232275E+01
4.512580280280286E-01	3.655244306438453E+01
4.526594194194200E-01	3.701208562651323E+01
4.540608108108113E-01	3.747327668213802E+01
4.554622022022027E-01	3.793600992419385E+01
4.568635935935941E-01	3.840026667359757E+01
4.582649849849855E-01	3.886605340753113E+01
4.596663763763769E-01	3.933336391616217E+01
4.610677677677683E-01	3.980219199350381E+01
4.624691591591597E-01	4.027253143744815E+01
4.638705505505511E-01	4.074437241553369E+01
4.652719419419425E-01	4.121770409442786E+01
4.666733333333339E-01	4.169252871749495E+01
4.680747247247253E-01	4.216884010040428E+01
4.694761161161167E-01	4.264663206294756E+01
4.708775075075081E-01	4.312589842908744E+01
4.722788988988995E-01	4.360662904055403E+01
4.736802902902909E-01	4.408881458696567E+01
4.750816816816822E-01	4.457245620520905E+01
4.764830730730736E-01	4.505754773807587E+01
4.778844644644650E-01	4.554408303277387E+01
4.792858558558564E-01	4.603205594097858E+01
4.806872472472478E-01	4.652145962592328E+01
4.820886386386392E-01	4.701227907739076E+01
4.834900300300306E-01	4.750451790551608E+01
4.848914214214220E-01	4.799816998187271E+01
4.862928128128134E-01	4.849322918274981E+01
4.876942042042048E-01	4.898968938920007E+01
4.890955955955962E-01	4.948754448709440E+01
4.904969869869876E-01	4.998678569610536E+01
4.918983783783790E-01	5.048740310868322E+01
4.932997697697704E-01	5.098939729132189E+01
4.947011611611618E-01	5.149276215108523E+01
4.961025525525531E-01	5.199749160010037E+01
4.975039439439445E-01	5.250357955561185E+01
4.989053353353359E-01	5.301101994004023E+01
5.003067267267273E-01	5.351980668102726E+01
5.017081181181187E-01	5.402992771824756E+01
5.031095095095101E-01	5.454138122134543E+01
5.045109009009014E-01	5.505416309864074E+01
5.059122922922928E-01	5.556826730048476E+01
5.073136836836842E-01	5.608368778271233E+01
5.087150750750756E-01	5.660041850668358E+01
5.101164664664670E-01	5.711845343935158E+01
5.115178578578584E-01	5.763778655330430E+01
5.129192492492498E-01	5.815841182682937E+01
5.143206406406412E-01	5.868031754915955E+01
5.157220320320326E-01	5.920350303844691E+01
5.171234234234240E-01	5.972796287107872E+01
5.185248148148154E-01	6.025369103656703E+01
5.199262062062068E-01	6.078068294030254E+01
5.213275975975982E-01	6.130892967049408E+01
5.227289889889896E-01	6.183842569188619E+01
5.241303803803810E-01	6.236916618546877E+01
5.255317717717723E-01	6.290114518457710E+01
5.269331631631637E-01	6.343435672877274E+01
5.283345545545551E-01	6.396879486389844E+01
5.297359459459465E-01	6.450445364213419E+01
5.311373373373379E-01	6.504132534961695E+01
5.325387287287293E-01	6.557940580135130E+01
5.339401201201207E-01	6.611868920500115E+01
5.353415115115121E-01	6.665916963913662E+01
5.367429029029035E-01	6.720084118894215E+01
5.381442942942949E-01	6.774369794626625E+01
5.395456856856863E-01	6.828773400968066E+01
5.409470770770777E-01	6.883294348453353E+01
5.423484684684691E-01	6.937932048301434E+01
5.437498598598605E-01	6.992685912420040E+01
5.451512512512519E-01	7.047555353412122E+01
5.465526426426432E-01	7.102539730103706E+01
5.479540340340346E-01	7.157638509408196E+01
5.493554254254260E-01	7.212851119498362E+01
5.507568168168174E-01	7.268176975855488E+01
5.521582082082088E-01	7.323615494684350E+01
5.535595995996002E-01	7.379166092918138E+01
5.549609909909916E-01	7.434828188224890E+01
5.563623823823830E-01	7.490601199012781E+01
5.577637737737744E-01	7.546484544436294E+01
5.591651651651658E-01	7.602477644402143E+01
5.605665565565572E-01	7.658579919574993E+01
5.619679479479486E-01	7.714790791382813E+01
5.633693393393400E-01	7.771109616494448E+01
5.647707307307314E-01	7.827535859889031E+01
5.661721221221228E-01	7.884068956515569E+01
5.675735135135141E-01	7.940708330882910E+01
5.689749049049055E-01	7.997453408293848E+01
5.703762962962969E-01	8.054303614851369E+01
5.717776876876883E-01	8.111258377463980E+01
5.731790790790797E-01	8.168317123852501E+01
5.745804704704711E-01	8.225479282555193E+01
5.759818618618625E-01	8.282744282934584E+01
5.773832532532539E-01	8.340111413466343E+01
5.787846446446453E-01	8.397580170763945E+01
5.801860360360367E-01	8.455150050199802E+01
5.815874274274281E-01	8.512820484465169E+01
5.829888188188195E-01	8.570590907106612E+01
5.843902102102109E-01	8.628460748769271E+01
5.857916016016023E-01	8.686429166938456E+01
5.871929929929937E-01	8.744495866560692E+01
5.885943843843850E-01	8.802660284639433E+01
5.899957757757764E-01	8.860921859064365E+01
5.913971671671678E-01	8.919279805047722E+01
5.927985585585592E-01	8.977733656063356E+01
5.941999499499506E-01	9.036282969614149E+01
5.956013413413420E-01	9.094927187176449E+01
5.970027327327334E-01	9.153665356316083E+01
5.984041241241248E-01	9.212497301074154E+01
5.998055155155162E-01	9.271422466873582E+01
6.012069069069076E-01	9.330439946694128E+01
6.026082982982990E-01	9.389549439215557E+01
6.040096896896904E-01	9.448750478142460E+01
6.054110810810818E-01	9.508042062062555E+01
6.068124724724732E-01	9.567424043959863E+01
6.082138638638646E-01	9.626895744160129E+01
6.096152552552560E-01	9.686456412655093E+01
6.110166466466473E-01	9.746105851183552E+01
6.124180380380387E-01	9.805843015781147E+01
6.138194294294301E-01	9.865667785889400E+01
6.152208208208215E-01	9.925579300381878E+01
6.166222122122129E-01	9.985577165193672E+01
6.180236036036043E-01	1.004566072925161E+02
6.194249949949957E-01	1.010582945989881E+02
6.208263863863871E-01	1.016608278119647E+02
6.222277777777785E-01	1.022642015694528E+02
6.236291691691699E-01	1.028684095129775E+02
6.250305605605613E-01	1.034734475967505E+02
6.264319519519527E-01	1.040793075117599E+02
6.278333433433441E-01	1.046859875060077E+02
6.292347347347355E-01	1.052934770925763E+02
6.306361261261269E-01	1.059017748909325E+02
6.320375175175182E-01	1.065108737104295E+02
6.334389089089096E-01	1.071207667668191E+02
6.348403003003010E-01	1.077314511511720E+02
6.362416916916924E-01	1.083429188498078E+02
6.376430830830838E-01	1.089551646508169E+02
6.390444744744752E-01	1.095681846207081E+02
6.404458658658666E-01	1.101819719271280E+02
6.418472572572580E-01	1.107965196744615E+02
6.432486486486494E-01	1.114118245338977E+02
6.446500400400408E-01	1.120278807753755E+02
6.460514314314322E-01	1.126446816884372E+02
6.474528228228236E-01	1.132622210535458E+02
6.488542142142150E-01	1.138804948844240E+02
6.502556056056064E-01	1.144994974986519E+02
6.516569969969978E-01	1.151192232259846E+02
6.530583883883891E-01	1.157396664084506E+02
6.544597797797805E-01	1.163608202353562E+02
6.558611711711719E-01	1.169826800917351E+02
6.572625625625633E-01	1.176052407068285E+02
6.586639539539547E-01	1.182284964728035E+02
6.600653453453461E-01	1.188524417946419E+02
6.614667367367375E-01	1.194770710902487E+02
6.628681281281289E-01	1.201023787905567E+02
6.642695195195203E-01	1.207283593396451E+02
6.656709109109117E-01	1.213550071948443E+02
6.670723023023031E-01	1.219823168268526E+02
6.684736936936945E-01	1.226102827198426E+02
6.698750850850859E-01	1.232388993715783E+02
6.712764764764773E-01	1.238681612935268E+02
6.726778678678687E-01	1.244980630109690E+02
6.740792592592600E-01	1.251285990631161E+02
6.754806506506514E-01	1.257597635957277E+02
6.768820420420428E-01	1.263915502711754E+02
6.782834334334342E-01	1.270239547825661E+02
6.796848248248256E-01	1.276569717261521E+02
6.810862162162170E-01	1.282905957127002E+02
6.824876076076084E-01	1.289248213676087E+02
6.838889989989998E-01	1.295596406662494E+02
6.852903903903912E-01	1.301950506356027E+02
6.866917817817826E-01	1.308310460384716E+02
6.880931731731740E-01	1.314676204051236E+02
6.894945645645654E-01	1.321047671554988E+02
6.908959559559568E-01	1.327424832418410E+02
6.922973473473482E-01	1.333807617582302E+02
6.936987387387396E-01	1.340195965049315E+02
6.951001301301309E-01	1.346589846308170E+02
6.965015215215223E-01	1.352989168076267E+02
6.979029129129137E-01	1.359393911937823E+02
6.993043043043051E-01	1.365803998689344E+02
7.007056956956965E-01	1.372219389351574E+02
7.021070870870879E-01	1.378640016734207E+02
7.035084784784793E-01	1.385065839732681E+02
7.049098698698707E-01	1.391496784759699E+02
7.063112612612621E-01	1.397932826990716E+02
7.077126526526535E-01	1.404373868065934E+02
7.091140440440449E-01	1.410819894221411E+02
7.105154354354363E-01	1.417270834752819E+02
7.119168268268277E-01	1.423726624780149E+02
7.133182182182191E-01	1.430187230876054E+02
7.147196096096105E-01	1.436652591664176E+02
7.161210010010018E-01	1.443122632741772E+02
7.175223923923932E-01	1.449597322551363E+02
7.189237837837846E-01	1.456076604835114E+02
7.203251751751760E-01	1.462560423529687E+02
7.217265665665674E-01	1.469048712165888E+02
7.231279579579588E-01	1.475541422009155E+02
7.245293493493502E-01	1.482038503829235E+02
7.259307407407416E-01	1.488539902357713E+02
7.273321321321330E-01	1.495045562530227E+02
7.287335235235244E-01	1.501555429488415E+02
7.301349149149158E-01	1.508069448581921E+02
7.315363063063072E-01	1.514587565370348E+02
7.329376976976986E-01	1.521109725625299E+02
7.343390890890900E-01	1.527635875332346E+02
7.357404804804814E-01	1.534165960693099E+02
7.371418718718727E-01	1.540699928127178E+02
7.385432632632641E-01	1.547237724274291E+02
7.399446546546555E-01	1.553779292435470E+02
7.413460460460469E-01	1.560324567904315E+02
7.427474374374383E-01	1.566873510818425E+02
7.441488288288297E-01	1.573426068722749E+02
7.455502202202211E-01	1.579982189392811E+02
7.469516116116125E-01	1.586541794330935E+02
7.483530030030039E-01	1.593104852960093E+02
7.497543943943953E-01	1.599671316580286E+02
7.511557857857867E-01	1.606241100341258E+02
7.525571771771781E-01	1.612814180696134E+02
7.539585685685695E-01	1.619390490396681E+02
7.553599599599609E-01	1.625969974041245E+02
7.567613513513523E-01	1.632552586026359E+02
7.581627427427436E-01	1.639138261552544E+02
7.595641341341350E-01	1.645726954254208E+02
7.609655255255264E-01	1.652318612331724E+02
7.623669169169178E-01	1.658913166313248E+02
7.637683083083092E-01	1.665510585496236E+02
7.651696996997006E-01	1.672110797731718E+02
7.665710910910920E-01	1.678713750203822E+02
7.679724824824834E-01	1.685319400671003E+02
7.693738738738748E-01	1.691927692947772E+02
7.707752652652662E-01	1.698538561122041E+02
7.721766566566576E-01	1.705151955350791E+02
7.735780480480490E-01	1.711767827668650E+02
7.749794394394404E-01	1.718386123082723E+02
7.763808308308318E-01	1.725006786907547E+02
7.777822222222232E-01	1.731629764768559E+02
7.791836136136145E-01	1.738255002605631E+02
7.805850050050059E-01	1.744882446676527E+02
7.819863963963973E-01	1.751512043560460E+02
7.833877877877887E-01	1.758143740161661E+02
7.847891791791801E-01	1.764777483712883E+02
7.861905705705715E-01	1.771413221505989E+02
7.875919619619629E-01	1.778050882893265E+02
7.889933533533543E-01	1.784690431935553E+02
7.903947447447457E-01	1.791331817222865E+02
7.917961361361371E-01	1.797974980005752E+02
7.931975275275285E-01	1.804619853557663E+02
7.945989189189199E-01	1.811266408248384E+02
7.960003103103113E-01	1.817914569301493E+02
7.974017017017027E-01	1.824564296037213E+02
7.988030930930941E-01	1.831215528434545E+02
8.002044844844854E-01	1.837868218043002E+02
8.016058758758768E-01	1.844522301027191E+02
8.030072672672682E-01	1.851177743123087E+02
8.044086586586596E-01	1.857834463387846E+02
8.058100500500510E-01	1.864492427472035E+02
8.072114414414424E-01	1.871151582999057E+02
8.086128328328338E-01	1.877811871595479E+02
8.100142242242252E-01	1.884473227934843E+02
8.114156156156166E-01	1.891135611857542E+02
8.128170070070080E-01	1.897798968434379E+02
8.142183983983994E-01	1.904463243185789E+02
8.156197897897908E-01	1.911128382087836E+02
8.170211811811822E-01	1.917794331578141E+02
8.184225725725736E-01	1.924461038561954E+02
8.198239639639650E-01	1.931128450418178E+02
8.212253553553563E-01	1.937796514002719E+02
8.226267467467477E-01	1.944465161758462E+02
8.240281381381391E-01	1.951134355947684E+02
8.254295295295305E-01	1.957804045915559E+02
8.268309209209219E-01	1.964474166695654E+02
8.282323123123133E-01	1.971144666167427E+02
8.296337037037047E-01	1.977815504537134E+02
8.310350950950961E-01	1.984486602952315E+02
8.324364864864875E-01	1.991157935366482E+02
8.338378778778789E-01	1.997829426523538E+02
8.352392692692703E-01	2.004501033931467E+02
8.366406606606617E-01	2.011172709348077E+02
8.380420520520531E-01	2.017844384082734E+02
8.394434434434445E-01	2.024516010721854E+02
8.408448348348359E-01	2.031187540231729E+02
8.422462262262272E-01	2.037858917451533E+02
8.436476176176186E-01	2.044530087862304E+02
8.450490090090100E-01	2.051200997596829E+02
8.464504004004014E-01	2.057871593449545E+02
8.478517917917928E-01	2.064541822886499E+02
8.492531831831842E-01	2.071211634055387E+02
8.506545745745756E-01	2.077880970873171E+02
8.520559659659670E-01	2.084549770830986E+02
8.534573573573584E-01	2.091217997197318E+02
8.548587487487498E-01	2.097885589801729E+02
8.562601401401412E-01	2.104552488584720E+02
8.576615315315326E-01	2.111218652281439E+02
8.590629229229240E-01	2.117884017379656E+02
8.604643143143154E-01	2.124548532011672E+02
8.618657057057068E-01	2.131212150980043E+02
8.632670970970981E-01	2.137874815566206E+02
8.646684884884895E-01	2.144536463114614E+02
8.660698798798809E-01	2.151197050904486E+02
8.674712712712723E-01	2.157856524473664E+02
8.688726626626637E-01	2.164514830279968E+02
8.702740540540551E-01	2.171171915717061E+02
8.716754454454465E-01	2.177827719685279E+02
8.730768368368379E-01	2.184482192630276E+02
8.744782282282293E-01	2.191135288672108E+02
8.758796196196207E-01	2.197786948100286E+02
8.772810110110121E-01	2.204437113728839E+02
8.786824024024035E-01	2.211085740700692E+02
8.800837937937949E-01	2.217732771377091E+02
8.814851851851863E-01	2.224378146342842E+02
8.828865765765777E-01	2.231021822239288E+02
8.842879679679690E-01	2.237663742549630E+02
8.856893593593604E-01	2.244303851995494E+02
8.870907507507518E-01	2.250942096561373E+02
8.884921421421432E-01	2.257578423519287E+02
8.898935335335346E-01	2.264212781453371E+02
8.912949249249260E-01	2.270845120284669E+02
8.926963163163174E-01	2.277475373191103E+02
8.940977077077088E-01	2.284103500674314E+02
8.954990990991002E-01	2.290729440976729E+02
8.969004904904916E-01	2.297353151505622E+02
8.983018818818830E-01	2.303974561349667E+02
8.997032732732744E-01	2.310593629003647E+02
9.011046646646658E-01	2.317210300413417E+02
9.025060560560572E-01	2.323824521515066E+02
9.039074474474486E-01	2.330436240002648E+02
9.053088388388399E-01	2.337045398298462E+02
9.067102302302313E-01	2.343651941045455E+02
9.081116216216227E-01	2.350255829371915E+02
9.095130130130141E-01	2.356856986501543E+02
9.109144044044055E-01	2.363455378646847E+02
9.123157957957969E-01	2.370050947321779E+02
9.137171871871883E-01	2.376643636055705E+02
9.151185785785797E-01	2.383233390691003E+02
9.165199699699711E-01	2.389820159436972E+02
9.179213613613625E-01	2.396403892923838E+02
9.193227527527539E-01	2.402984532301957E+02
9.207241441441453E-01	2.409562027468533E+02
9.221255355355367E-01	2.416136319353557E+02
9.235269269269281E-01	2.422707361170299E+02
9.249283183183195E-01	2.429275097203015E+02
9.263297097097108E-01	2.435839474838408E+02
9.277311011011022E-01	2.442400441604070E+02
9.291324924924936E-01	2.448957934617176E+02
9.305338838838850E-01	2.455511911872297E+02
9.319352752752764E-01	2.462062316583551E+02
9.333366666666678E-01	2.468609093808334E+02
9.347380580580592E-01	2.475152190418132E+02
9.361394494494506E-01	2.481691553989972E+02
9.375408408408420E-01	2.488227130145726E+02
9.389422322322334E-01	2.494758867081966E+02
9.403436236236248E-01	2.501286708460373E+02
9.417450150150162E-01	2.507810601676938E+02
9.431464064064076E-01	2.514330495208499E+02
9.445477977977990E-01	2.520846333114666E+02
9.459491891891904E-01	2.527358064202924E+02
9.473505805805817E-01	2.533865632689433E+02
9.487519719719731E-01	2.540368987348584E+02
9.501533633633645E-01	2.546868072285010E+02
9.515547547547559E-01	2.553362836179597E+02
9.529561461461473E-01	2.559853223988982E+02
9.543575375375387E-01	2.566339183140226E+02
9.557589289289301E-01	2.572820659882859E+02
9.571603203203215E-01	2.579297600384289E+02
9.585617117117129E-01	2.585769951506645E+02
9.599631031031043E-01	2.592237659536349E+02
9.613644944944957E-01	2.598700671625922E+02
9.627658858858871E-01	2.605158932481829E+02
9.641672772772785E-01	2.611612390069865E+02
9.655686686686699E-01	2.618060990727606E+02
9.669700600600613E-01	2.624504680781456E+02
9.683714514514526E-01	2.630943406579222E+02
9.697728428428440E-01	2.637377113727619E+02
9.711742342342354E-01	2.643805750484387E+02
9.725756256256268E-01	2.650229261585202E+02
9.739770170170182E-01	2.656647594751753E+02
9.753784084084096E-01	2.663060695353061E+02
9.767797997998010E-01	2.669468510177796E+02
9.781811911911924E-01	2.675870986160598E+02
9.795825825825838E-01	2.682268069213715E+02
9.809839739739752E-01	2.688659706058227E+02
9.823853653653666E-01	2.695045842300663E+02
9.837867567567580E-01	2.701426425268114E+02
9.851881481481494E-01	2.707801400963838E+02
9.865895395395408E-01	2.714170715932826E+02
9.879909309309322E-01	2.720534316428198E+02
9.893923223223235E-01	2.726892148644476E+02
9.907937137137149E-01	2.733244159274836E+02
9.921951051051063E-01	2.739590294559332E+02
9.935964964964977E-01	2.745930500858840E+02
9.949978878878891E-01	2.752264724517554E+02
9.963992792792805E-01	2.758592911898579E+02
9.978006706706719E-01	2.764915087562622E+02
9.992020620620633E-01	2.771240007188858E+02
1.000603453453455E+00	2.777573619416276E+02
1.002004844844846E+00	2.783915884814908E+02
1.003406236236237E+00	2.790266764181927E+02
1.004807627627629E+00	2.796626218540091E+02
1.006209019019020E+00	2.802994209136093E+02
1.007610410410411E+00	2.809370697439010E+02
1.009011801801802E+00	2.815755645138727E+02
1.010413193193194E+00	2.822149014144368E+02
1.011814584584585E+00	2.828550766582775E+02
1.013215975975976E+00	2.834960864796963E+02
1.014617367367368E+00	2.841379271344599E+02
1.016018758758759E+00	2.847805948996518E+02
1.017420150150150E+00	2.854240860735206E+02
1.018821541541541E+00	2.860683969753329E+02
1.020222932932933E+00	2.867135239452280E+02
1.021624324324324E+00	2.873594633440705E+02
1.023025715715715E+00	2.880062115533060E+02
1.024427107107106E+00	2.886537649748198E+02
1.025828498498498E+00	2.893021200307930E+02
1.027229889889889E+00	2.899512731635630E+02
1.028631281281280E+00	2.906012208354828E+02
1.030032672672672E+00	2.912519595287843E+02
1.031434064064063E+00	2.919034857454392E+02
1.032835455455454E+00	2.925557960070232E+02
1.034236846846845E+00	2.932088868545820E+02
1.035638238238237E+00	2.938627548484972E+02
1.037039629629628E+00	2.945173965683498E+02
1.038441021021019E+00	2.951728086127955E+02
1.039842412412411E+00	2.958289875994278E+02
1.041243803803802E+00	2.964859301646502E+02
1.042645195195193E+00	2.971436329635499E+02
1.044046586586584E+00	2.978020926697664E+02
1.045447977977976E+00	2.984613059753690E+02
1.046849369369367E+00	2.991212695907266E+02
1.048250760760758E+00	2.997819802443887E+02
1.049652152152150E+00	3.004434346829589E+02
1.051053543543541E+00	3.011056296709708E+02
1.052454934934932E+00	3.017685619907709E+02
1.053856326326323E+00	3.024322284423943E+02
1.055257717717715E+00	3.030966258434476E+02
1.056659109109106E+00	3.037617510289899E+02
1.058060500500497E+00	3.044276008514128E+02
1.059461891891889E+00	3.050941721803274E+02
1.060863283283280E+00	3.057614619024469E+02
1.062264674674671E+00	3.064294669214717E+02
1.063666066066062E+00	3.070981841579751E+02
1.065067457457454E+00	3.077676105492912E+02
1.066468848848845E+00	3.084377430494033E+02
1.067870240240236E+00	3.091085786288309E+02
1.069271631631628E+00	3.097801142745209E+02
1.070673023023019E+00	3.104523469897385E+02
1.072074414414410E+00	3.111252737939567E+02
1.073475805805801E+00	3.117988917227513E+02
1.074877197197193E+00	3.124731978276909E+02
1.076278588588584E+00	3.131481891762346E+02
1.077679979979975E+00	3.138238628516235E+02
1.079081371371367E+00	3.145002159527783E+02
1.080482762762758E+00	3.151772455941950E+02
1.081884154154149E+00	3.158549489058437E+02
1.083285545545540E+00	3.165333230330634E+02
1.084686936936932E+00	3.172123651364650E+02
1.086088328328323E+00	3.178920723918272E+02
1.087489719719714E+00	3.185724419900007E+02
1.088891111111105E+00	3.192534711368062E+02
1.090292502502497E+00	3.199351570529388E+02
1.091693893893888E+00	3.206174969738690E+02
1.093095285285279E+00	3.213004881497473E+02
1.094496676676671E+00	3.219841278453082E+02
1.095898068068062E+00	3.226684133397757E+02
1.097299459459453E+00	3.233533419267683E+02
1.098700850850844E+00	3.240389109142066E+02
1.100102242242236E+00	3.247251176242185E+02
1.101503633633627E+00	3.254119593930502E+02
1.102905025025018E+00	3.260994335709715E+02
1.104306416416410E+00	3.267875375221879E+02
1.105707807807801E+00	3.274762686247491E+02
1.107109199199192E+00	3.281656242704598E+02
1.108510590590583E+00	3.288556018647939E+02
1.109911981981975E+00	3.295461988268007E+02
1.111313373373366E+00	3.302374125890231E+02
1.112714764764757E+00	3.309292405974097E+02
1.114116156156149E+00	3.316216803112272E+02
1.115517547547540E+00	3.323147292029780E+02
1.116918938938931E+00	3.330083847583116E+02
1.118320330330322E+00	3.337026444759458E+02
1.119721721721714E+00	3.343975058675776E+02
1.121123113113105E+00	3.350929664578066E+02
1.122524504504496E+00	3.357890237840472E+02
1.123925895895888E+00	3.364856753964530E+02
1.125327287287279E+00	3.371829188578290E+02
1.126728678678670E+00	3.378807517435594E+02
1.128130070070061E+00	3.385791716415199E+02
1.129531461461453E+00	3.392781761520064E+02
1.130932852852844E+00	3.399777628876495E+02
1.132334244244235E+00	3.406779294733428E+02
1.133735635635627E+00	3.413786735461617E+02
1.135137027027018E+00	3.420799927552885E+02
1.136538418418409E+00	3.427818847619344E+02
1.137939809809800E+00	3.434843472392674E+02
1.139341201201192E+00	3.441873778723334E+02
1.140742592592583E+00	3.448909743579859E+02
1.142143983983974E+00	3.455951344048081E+02
1.143545375375365E+00	3.462998557330432E+02
1.144946766766757E+00	3.470051360745185E+02
1.146348158158148E+00	3.477109731725759E+02
1.147749549549539E+00	3.484173647819985E+02
1.149150940940931E+00	3.491243086689401E+02
1.150552332332322E+00	3.498318026108543E+02
1.151953723723713E+00	3.505398443964250E+02
1.153355115115104E+00	3.512484318254967E+02
1.154756506506496E+00	3.519575627090039E+02
1.156157897897887E+00	3.526672348689060E+02
1.157559289289278E+00	3.533774461381151E+02
1.158960680680670E+00	3.540881943604311E+02
1.160362072072061E+00	3.547994773904752E+02
1.161763463463452E+00	3.555112930936202E+02
1.163164854854843E+00	3.562236393459277E+02
1.164566246246235E+00	3.569365140340808E+02
1.165967637637626E+00	3.576499150553198E+02
1.167369029029017E+00	3.583638403173754E+02
1.168770420420409E+00	3.590782877384097E+02
1.170171811811800E+00	3.597932552469454E+02
1.171573203203191E+00	3.605087407818080E+02
1.172974594594582E+00	3.612247422920623E+02
1.174375985985974E+00	3.619412577369469E+02
1.175777377377365E+00	3.626582850858163E+02
1.177178768768756E+00	3.633758223180762E+02
1.178580160160148E+00	3.640938674231243E+02
1.179981551551539E+00	3.648124184002913E+02
1.181382942942930E+00	3.655314732587763E+02
1.182784334334321E+00	3.662510300175907E+02
1.184185725725713E+00	3.669710867054991E+02
1.185587117117104E+00	3.676916413609576E+02
1.186988508508495E+00	3.684126920320584E+02
1.188389899899887E+00	3.691342367764705E+02
1.189791291291278E+00	3.698562736613824E+02
1.191192682682669E+00	3.705788007634437E+02
1.192594074074060E+00	3.713018161687107E+02
1.193995465465452E+00	3.720253179725885E+02
1.195396856856843E+00	3.727493042797755E+02
1.196798248248234E+00	3.734737732042072E+02
1.198199639639626E+00	3.741987228690018E+02
1.199601031031017E+00	3.749241514064063E+02
1.201002422422408E+00	3.756500569577388E+02
1.202403813813799E+00	3.763764376733398E+02
1.203805205205191E+00	3.771032917125128E+02
1.205206596596582E+00	3.778306172434757E+02
1.206607987987973E+00	3.785584124433060E+02
1.208009379379364E+00	3.792866754978866E+02
1.209410770770756E+00	3.800154046018581E+02
1.210812162162147E+00	3.807445979585634E+02
1.212213553553538E+00	3.814742537799975E+02
1.213614944944930E+00	3.822043702867559E+02
1.215016336336321E+00	3.829349457079850E+02
1.216417727727712E+00	3.836659782813324E+02
1.217819119119103E+00	3.843974662528940E+02
1.219220510510495E+00	3.851294078771666E+02
1.220621901901886E+00	3.858618014169995E+02
1.222023293293277E+00	3.865946451435427E+02
1.223424684684669E+00	3.873279373362013E+02
1.224826076076060E+00	3.880616762825862E+02
1.226227467467451E+00	3.887958602784638E+02
1.227628858858842E+00	3.895304876277130E+02
1.229030250250234E+00	3.902655566422750E+02
1.230431641641625E+00	3.910010656421064E+02
1.231833033033016E+00	3.917370129551327E+02
1.233234424424408E+00	3.924733969172037E+02
1.234635815815799E+00	3.932102158720459E+02
1.236037207207190E+00	3.939474681712186E+02
1.237438598598581E+00	3.946851521740639E+02
1.238839989989973E+00	3.954232662476686E+02
1.240241381381364E+00	3.961618087668144E+02
1.241642772772755E+00	3.969007781139355E+02
1.243044164164147E+00	3.976401726790750E+02
1.244445555555538E+00	3.983799908598385E+02
1.245846946946929E+00	3.991202310613535E+02
1.247248338338320E+00	3.998608916962251E+02
1.248649729729712E+00	4.006019711844936E+02
1.250051121121103E+00	4.013434679535901E+02
1.251452512512494E+00	4.020853804382966E+02
1.252853903903886E+00	4.028277070807028E+02
1.254255295295277E+00	4.035704463301643E+02
1.255656686686668E+00	4.043135966432617E+02
1.257058078078059E+00	4.050571564837580E+02
1.258459469469451E+00	4.058011243225599E+02
1.259860860860842E+00	4.065454986376756E+02
1.261262252252233E+00	4.072902779141750E+02
1.262663643643624E+00	4.080354606441495E+02
1.264065035035016E+00	4.087810453266729E+02
1.265466426426407E+00	4.095270304677597E+02
1.266867817817798E+00	4.102734145803286E+02
1.268269209209190E+00	4.110201961841617E+02
1.269670600600581E+00	4.117673738058672E+02
1.271071991991972E+00	4.125149459788397E+02
1.272473383383363E+00	4.132629112432212E+02
1.273874774774755E+00	4.140112681458654E+02
1.275276166166146E+00	4.147600152402986E+02
1.276677557557537E+00	4.155091510866821E+02
1.278078948948929E+00	4.162586742517767E+02
1.279480340340320E+00	4.170085833089024E+02
1.280881731731711E+00	4.177588768379055E+02
1.282283123123102E+00	4.185095534251188E+02
1.283684514514494E+00	4.192606116633287E+02
1.285085905905885E+00	4.200120501517363E+02
1.286487297297276E+00	4.207638674959221E+02
1.287888688688668E+00	4.215160623078127E+02
1.289290080080059E+00	4.222686332056430E+02
1.290691471471450E+00	4.230215788139224E+02
1.292092862862841E+00	4.237748977633992E+02
1.293494254254233E+00	4.245285886910276E+02
1.294895645645624E+00	4.252826502399312E+02
1.296297037037015E+00	4.260370810593708E+02
1.297698428428407E+00	4.267918798047092E+02
1.299099819819798E+00	4.275470451373778E+02
1.300501211211189E+00	4.283025757248436E+02
1.301902602602580E+00	4.290584702405747E+02
1.303303993993972E+00	4.298147273640107E+02
1.304705385385363E+00	4.305713457805234E+02
1.306106776776754E+00	4.313283241813926E+02
1.307508168168146E+00	4.320856612637654E+02
1.308909559559537E+00	4.328433557306319E+02
1.310310950950928E+00	4.336014062907850E+02
1.311712342342319E+00	4.343598116587964E+02
1.313113733733711E+00	4.351185705549792E+02
1.314515125125102E+00	4.358776817053608E+02
1.315916516516493E+00	4.366371438416481E+02
1.317317907907884E+00	4.373969557012001E+02
1.318719299299276E+00	4.381571160269946E+02
1.320120690690667E+00	4.389176235675970E+02
1.321522082082058E+00	4.396784770771344E+02
1.322923473473450E+00	4.404396753152605E+02
1.324324864864841E+00	4.412012170471271E+02
1.325726256256232E+00	4.419631010433566E+02
1.327127647647623E+00	4.427253260800094E+02
1.328529039039015E+00	4.434878909385559E+02
1.329930430430406E+00	4.442507944058477E+02
1.331331821821797E+00	4.450140352740884E+02
1.332733213213189E+00	4.457776123408032E+02
1.334134604604580E+00	4.465415244088126E+02
1.335535995995971E+00	4.473057702862027E+02
1.336937387387362E+00	4.480703487862957E+02
1.338338778778754E+00	4.488352587276258E+02
1.339740170170145E+00	4.496004989339069E+02
1.341141561561536E+00	4.503660682340071E+02
1.342542952952928E+00	4.511319654619208E+02
1.343944344344319E+00	4.518981894567407E+02
1.345345735735710E+00	4.526647390626326E+02
1.346747127127101E+00	4.534316131288047E+02
1.348148518518493E+00	4.541988105094842E+02
1.349549909909884E+00	4.549663300638899E+02
1.350951301301275E+00	4.557341706562038E+02
1.352352692692667E+00	4.565023311555472E+02
1.353754084084058E+00	4.572708104359517E+02
1.355155475475449E+00	4.580396073763363E+02
1.356556866866840E+00	4.588087208604791E+02
1.357958258258232E+00	4.595781497769938E+02
1.359359649649623E+00	4.603478930193012E+02
1.360761041041014E+00	4.611179494856071E+02
1.362162432432406E+00	4.618883180788741E+02
1.363563823823797E+00	4.626589977067990E+02
1.364965215215188E+00	4.634299872817858E+02
1.366366606606579E+00	4.642012857209231E+02
1.367767997997971E+00	4.649728919459578E+02
1.369169389389362E+00	4.657448048832705E+02
1.370570780780753E+00	4.665170234638533E+02
1.371972172172145E+00	4.672895466232828E+02
1.373373563563536E+00	4.680623733016989E+02
1.374774954954927E+00	4.688355024437794E+02
1.376176346346318E+00	4.696089329987155E+02
1.377577737737710E+00	4.703826639201911E+02
1.378979129129101E+00	4.711566941663552E+02
1.380380520520492E+00	4.719310226998034E+02
1.381781911911883E+00	4.727056484875509E+02
1.383183303303275E+00	4.734805705010122E+02
1.384584694694666E+00	4.742557877159757E+02
1.385986086086057E+00	4.750312991125834E+02
1.387387477477449E+00	4.758071036753076E+02
1.388788868868840E+00	4.765832003929277E+02
1.390190260260231E+00	4.773595882585089E+02
1.391591651651622E+00	4.781362662693789E+02
1.392993043043014E+00	4.789132334271078E+02
1.394394434434405E+00	4.796904887374849E+02
1.395795825825796E+00	4.804680312104961E+02
1.397197217217188E+00	4.812458598603041E+02
1.398598608608579E+00	4.820239737052261E+02
1.399999999999970E+00	4.828023717677131E+02
