# energy / barionic density = energy by nucleon 
# barionic density, energy / barionic density
1.000000000000000E-05	9.097036174421191E-02
1.411391391391391E-03	3.116917906472736E-01
2.812782782782782E-03	2.470259646994464E-01
4.214174174174174E-03	1.011594584675777E-01
5.615565565565564E-03	-8.741508107368645E-02
7.016956956956956E-03	-3.027255654945975E-01
8.418348348348348E-03	-5.362159495859942E-01
9.819739739739739E-03	-7.826405962696299E-01
1.122113113113113E-02	-1.038515750123565E+00
1.262252252252252E-02	-1.301354288542825E+00
1.402391391391391E-02	-1.569313823142920E+00
1.542530530530531E-02	-1.840993856125237E+00
1.682669669669670E-02	-2.115295871221065E+00
1.822808808808809E-02	-2.391339823313956E+00
1.962947947947948E-02	-2.668408317647845E+00
2.103087087087087E-02	-2.945907983786128E+00
2.243226226226226E-02	-3.223341961692654E+00
2.383365365365364E-02	-3.500289811122116E+00
2.523504504504503E-02	-3.776428852086724E+00
2.663643643643642E-02	-4.051417619559288E+00
2.803782782782781E-02	-4.324983440956657E+00
2.943921921921920E-02	-4.596893143225657E+00
3.084061061061059E-02	-4.866942410166644E+00
3.224200200200199E-02	-5.134967388076120E+00
3.364339339339338E-02	-5.400820322218692E+00
3.504478478478477E-02	-5.664331951064128E+00
3.644617617617617E-02	-5.925377041263005E+00
3.784756756756756E-02	-6.183843907051937E+00
3.924895895895895E-02	-6.439675016908268E+00
4.065035035035035E-02	-6.692740018118457E+00
4.205174174174174E-02	-6.942956492891199E+00
4.345313313313313E-02	-7.190257597215918E+00
4.485452452452453E-02	-7.434613779043389E+00
4.625591591591592E-02	-7.675926065545468E+00
4.765730730730731E-02	-7.914142393545717E+00
4.905869869869871E-02	-8.149245192697094E+00
5.046009009009010E-02	-8.381178786808505E+00
5.186148148148149E-02	-8.609889082341397E+00
5.326287287287289E-02	-8.835362211323059E+00
5.466426426426428E-02	-9.057573466175540E+00
5.606565565565567E-02	-9.276469953976743E+00
5.746704704704707E-02	-9.492047066129999E+00
5.886843843843846E-02	-9.704290425845215E+00
6.026982982982985E-02	-9.913154861961061E+00
6.167122122122125E-02	-1.011864956853822E+01
6.307261261261264E-02	-1.032075468167727E+01
6.447400400400403E-02	-1.051943793488886E+01
6.587539539539543E-02	-1.071472600241043E+01
6.727678678678682E-02	-1.090658129791120E+01
6.867817817817821E-02	-1.109499626895911E+01
7.007956956956961E-02	-1.127999492663662E+01
7.148096096096100E-02	-1.146153555036562E+01
7.288235235235239E-02	-1.163964255448684E+01
7.428374374374379E-02	-1.181430448987498E+01
7.568513513513518E-02	-1.198550804893819E+01
7.708652652652657E-02	-1.215328858814803E+01
7.848791791791797E-02	-1.231760778662078E+01
7.988930930930936E-02	-1.247849754879849E+01
8.129070070070075E-02	-1.263594643464296E+01
8.269209209209215E-02	-1.278995564154070E+01
8.409348348348354E-02	-1.294055028949231E+01
8.549487487487493E-02	-1.308770403293636E+01
8.689626626626633E-02	-1.323146258273391E+01
8.829765765765772E-02	-1.337179748524863E+01
8.969904904904911E-02	-1.350873737631605E+01
9.110044044044051E-02	-1.364228348374422E+01
9.250183183183190E-02	-1.377243842060921E+01
9.390322322322329E-02	-1.389923036102232E+01
9.530461461461469E-02	-1.402263856706327E+01
9.670600600600608E-02	-1.414271468693744E+01
9.810739739739748E-02	-1.425942848873854E+01
9.950878878878887E-02	-1.437282045811355E+01
1.009101801801803E-01	-1.448288407961377E+01
1.023115715715717E-01	-1.458963838521254E+01
1.037129629629630E-01	-1.469309925842026E+01
1.051143543543544E-01	-1.479326526360057E+01
1.065157457457458E-01	-1.489017373548347E+01
1.079171371371372E-01	-1.498380606378271E+01
1.093185285285286E-01	-1.507421248739149E+01
1.107199199199200E-01	-1.516137314087371E+01
1.121213113113114E-01	-1.524532528838586E+01
1.135227027027028E-01	-1.532607084282495E+01
1.149240940940942E-01	-1.540362629066135E+01
1.163254854854856E-01	-1.547801543986611E+01
1.177268768768770E-01	-1.554923364710646E+01
1.191282682682684E-01	-1.561732702542565E+01
1.205296596596598E-01	-1.568227777861898E+01
1.219310510510512E-01	-1.574412919253723E+01
1.233324424424426E-01	-1.580287880448361E+01
1.247338338338339E-01	-1.585854873989911E+01
1.261352252252253E-01	-1.591116204657021E+01
1.275366166166167E-01	-1.596071540379819E+01
1.289380080080081E-01	-1.600725868070049E+01
1.303393993993995E-01	-1.605077570128276E+01
1.317407907907909E-01	-1.609130245816777E+01
1.331421821821823E-01	-1.612885176356042E+01
1.345435735735737E-01	-1.616342948888052E+01
1.359449649649651E-01	-1.619508048479690E+01
1.373463563563565E-01	-1.622379342955924E+01
1.387477477477479E-01	-1.624960120169033E+01
1.401491391391393E-01	-1.627252242789518E+01
1.415505305305307E-01	-1.629256028994769E+01
1.429519219219220E-01	-1.630975657481690E+01
1.443533133133134E-01	-1.632411148438382E+01
1.457547047047048E-01	-1.633563965475980E+01
1.471560960960962E-01	-1.634438482541100E+01
1.485574874874876E-01	-1.635033983998153E+01
1.499588788788790E-01	-1.635352631286810E+01
1.513602702702704E-01	-1.635398337218476E+01
1.527616616616618E-01	-1.635170847050460E+01
1.541630530530532E-01	-1.634672499775365E+01
1.555644444444446E-01	-1.633905831342213E+01
1.569658358358360E-01	-1.632872051599611E+01
1.583672272272274E-01	-1.631573513453600E+01
1.597686186186188E-01	-1.630011965070571E+01
1.611700100100102E-01	-1.628189279985713E+01
1.625714014014016E-01	-1.626107625057978E+01
1.639727927927929E-01	-1.623768612292895E+01
1.653741841841843E-01	-1.621174553085609E+01
1.667755755755757E-01	-1.618327074314868E+01
1.681769669669671E-01	-1.615228347136417E+01
1.695783583583585E-01	-1.611880300512462E+01
1.709797497497499E-01	-1.608284669612090E+01
1.723811411411413E-01	-1.604443983825149E+01
1.737825325325327E-01	-1.600359646066408E+01
1.751839239239241E-01	-1.596033863572018E+01
1.765853153153155E-01	-1.591468867749381E+01
1.779867067067069E-01	-1.586666288712661E+01
1.793880980980983E-01	-1.581628169830549E+01
1.807894894894897E-01	-1.576356822705554E+01
1.821908808808811E-01	-1.570854109201082E+01
1.835922722722725E-01	-1.565121946755733E+01
1.849936636636638E-01	-1.559162384055037E+01
1.863950550550552E-01	-1.552977470325334E+01
1.877964464464466E-01	-1.546569254929261E+01
1.891978378378380E-01	-1.539939786950572E+01
1.905992292292294E-01	-1.533091114770241E+01
1.920006206206208E-01	-1.526025285631260E+01
1.934020120120122E-01	-1.518744345192385E+01
1.948034034034036E-01	-1.511250337069600E+01
1.962047947947950E-01	-1.503545302364955E+01
1.976061861861864E-01	-1.495631279183146E+01
1.990075775775778E-01	-1.487510302132716E+01
2.004089689689692E-01	-1.479184401813177E+01
2.018103603603606E-01	-1.470655794102515E+01
2.032117517517520E-01	-1.461926617382255E+01
2.046131431431434E-01	-1.452998643382523E+01
2.060145345345347E-01	-1.443874072099493E+01
2.074159259259261E-01	-1.434555222531344E+01
2.088173173173175E-01	-1.425043651525039E+01
2.102187087087089E-01	-1.415342154808513E+01
2.116201001001003E-01	-1.405452044701644E+01
2.130214914914917E-01	-1.395376157474141E+01
2.144228828828831E-01	-1.385116000708126E+01
2.158242742742745E-01	-1.374673831235714E+01
2.172256656656659E-01	-1.364052030573282E+01
2.186270570570573E-01	-1.353252352085860E+01
2.200284484484487E-01	-1.342276950925282E+01
2.214298398398401E-01	-1.331127972928778E+01
2.228312312312315E-01	-1.319807553782334E+01
2.242326226226229E-01	-1.308317818146429E+01
2.256340140140143E-01	-1.296660878745388E+01
2.270354054054056E-01	-1.284838835416531E+01
2.284367967967970E-01	-1.272853774119676E+01
2.298381881881884E-01	-1.260707765903896E+01
2.312395795795798E-01	-1.248402865831667E+01
2.326409709709712E-01	-1.235941359553351E+01
2.340423623623626E-01	-1.223325403780666E+01
2.354437537537540E-01	-1.210556724066873E+01
2.368451451451454E-01	-1.197638115662551E+01
2.382465365365368E-01	-1.184571008302157E+01
2.396479279279282E-01	-1.171357996049915E+01
2.410493193193196E-01	-1.158001054438478E+01
2.424507107107110E-01	-1.144502207503160E+01
2.438521021021024E-01	-1.130863652490154E+01
2.452534934934938E-01	-1.117087563342159E+01
2.466548848848852E-01	-1.103176088950943E+01
2.480562762762765E-01	-1.089131351325625E+01
2.494576676676679E-01	-1.074955443676333E+01
2.508590590590593E-01	-1.060650428409633E+01
2.522604504504507E-01	-1.046218483554219E+01
2.536618418418421E-01	-1.031661990658495E+01
2.550632332332335E-01	-1.016982618198176E+01
2.564646246246249E-01	-1.002183012613762E+01
2.578660160160163E-01	-9.872649859024023E+00
2.592674074074077E-01	-9.722306869464319E+00
2.606687987987991E-01	-9.570823395754360E+00
2.620701901901905E-01	-9.418221247622000E+00
2.634715815815818E-01	-9.264521774030982E+00
2.648729729729732E-01	-9.109745829419126E+00
2.662743643643646E-01	-8.953913738330812E+00
2.676757557557560E-01	-8.797050036098881E+00
2.690771471471474E-01	-8.639172722836065E+00
2.704785385385388E-01	-8.480306963143107E+00
2.718799299299302E-01	-8.320471119782496E+00
2.732813213213216E-01	-8.159687691300292E+00
2.746827127127130E-01	-7.997978482869712E+00
2.760841041041044E-01	-7.835364552266697E+00
2.774854954954958E-01	-7.671866153205542E+00
2.788868868868872E-01	-7.507509454360502E+00
2.802882782782786E-01	-7.342310090318392E+00
2.816896696696700E-01	-7.176293051183166E+00
2.830910610610614E-01	-7.009479524327389E+00
2.844924524524527E-01	-6.841889612970135E+00
2.858938438438441E-01	-6.673547873175039E+00
2.872952352352355E-01	-6.504472337083826E+00
2.886966266266269E-01	-6.334686423514199E+00
2.900980180180183E-01	-6.164210493908854E+00
2.914994094094097E-01	-5.993067373218196E+00
2.929008008008011E-01	-5.821278357744063E+00
2.943021921921925E-01	-5.648863086560709E+00
2.957035835835839E-01	-5.475847259832904E+00
2.971049749749753E-01	-5.302248833866088E+00
2.985063663663667E-01	-5.128090307423008E+00
2.999077577577581E-01	-4.953392241521556E+00
3.013091491491495E-01	-4.778180028589190E+00
3.027105405405409E-01	-4.602471474098138E+00
3.041119319319323E-01	-4.426288793302888E+00
3.055133233233236E-01	-4.249654593666719E+00
3.069147147147150E-01	-4.072589113323602E+00
3.083161061061064E-01	-3.895116610289733E+00
3.097174974974978E-01	-3.717255768286464E+00
3.111188888888892E-01	-3.539029024571164E+00
3.125202802802806E-01	-3.360458742036144E+00
3.139216716716720E-01	-3.181565605741184E+00
3.153230630630634E-01	-3.002371579592705E+00
3.167244544544548E-01	-2.822898343692827E+00
3.181258458458462E-01	-2.643167457441109E+00
3.195272372372376E-01	-2.463200572626306E+00
3.209286286286290E-01	-2.283019324373299E+00
3.223300200200204E-01	-2.102645111731249E+00
3.237314114114118E-01	-1.922099545574156E+00
3.251328028028032E-01	-1.741404378983589E+00
3.265341941941945E-01	-1.560580931864365E+00
3.279355855855859E-01	-1.379651386870364E+00
3.293369769769773E-01	-1.198636904605451E+00
3.307383683683687E-01	-1.017559189295753E+00
3.321397597597601E-01	-8.364398420113730E-01
3.335411511511515E-01	-6.553004909328592E-01
3.349425425425429E-01	-4.741625639383074E-01
3.363439339339343E-01	-2.930481588255134E-01
3.377453253253257E-01	-1.119784458786626E-01
3.391467167167171E-01	6.902491579228354E-02
3.405481081081085E-01	2.499400779074676E-01
3.419494994994999E-01	4.307456768915472E-01
3.433508908908913E-01	6.114199586077120E-01
3.447522822822827E-01	7.919413274731824E-01
3.461536736736741E-01	9.722882189238362E-01
3.475550650650654E-01	1.152439047526059E+00
3.489564564564568E-01	1.332372175428873E+00
3.503578478478482E-01	1.512065982497802E+00
3.517592392392396E-01	1.694010839651128E+00
3.531606306306310E-01	1.885959776799950E+00
3.545620220220224E-01	2.088346551637414E+00
3.559634134134138E-01	2.301043183634306E+00
3.573648048048052E-01	2.523923730497813E+00
3.587661961961966E-01	2.756864248041325E+00
3.601675875875880E-01	2.999742750999758E+00
3.615689789789794E-01	3.252439174755409E+00
3.629703703703708E-01	3.514835337958289E+00
3.643717617617622E-01	3.786814906012864E+00
3.657731531531536E-01	4.068263355407225E+00
3.671745445445450E-01	4.359067938864769E+00
3.685759359359363E-01	4.659117651292490E+00
3.699773273273277E-01	4.968303196510533E+00
3.713787187187191E-01	5.286516954734452E+00
3.727801101101105E-01	5.613652950800429E+00
3.741815015015019E-01	5.949606823101703E+00
3.755828928928933E-01	6.294275793229303E+00
3.769842842842847E-01	6.647558636290000E+00
3.783856756756761E-01	7.009355651890814E+00
3.797870670670675E-01	7.379568635764826E+00
3.811884584584589E-01	7.758100852029429E+00
3.825898498498503E-01	8.144857006057123E+00
3.839912412412417E-01	8.539743217942032E+00
3.853926326326331E-01	8.942666996550770E+00
3.867940240240245E-01	9.353537214137759E+00
3.881954154154159E-01	9.772264081514891E+00
3.895968068068072E-01	1.019875912376108E+01
3.909981981981986E-01	1.063293515645398E+01
3.923995895895900E-01	1.107470626241707E+01
3.938009809809814E-01	1.152398776896325E+01
3.952023723723728E-01	1.198069622562775E+01
3.966037637637642E-01	1.244474938237408E+01
3.980051551551556E-01	1.291606616826243E+01
3.994065465465470E-01	1.339456667057323E+01
4.008079379379384E-01	1.388017211436579E+01
4.022093293293298E-01	1.437280484247117E+01
4.036107207207212E-01	1.487238829590274E+01
4.050121121121126E-01	1.537884699467497E+01
4.064135035035040E-01	1.589210651902215E+01
4.078148948948954E-01	1.641209349100700E+01
4.092162862862868E-01	1.693873555650782E+01
4.106176776776782E-01	1.747196136757941E+01
4.120190690690695E-01	1.801170056517265E+01
4.134204604604609E-01	1.855788376221017E+01
4.148218518518523E-01	1.911044252700628E+01
4.162232432432437E-01	1.966930936702420E+01
4.176246346346351E-01	2.023441771296075E+01
4.190260260260265E-01	2.080570190315427E+01
4.204274174174179E-01	2.138309716830622E+01
4.218288088088093E-01	2.196653961650713E+01
4.232302002002007E-01	2.255596621856409E+01
4.246315915915921E-01	2.315131479361912E+01
4.260329829829835E-01	2.375252399505428E+01
4.274343743743749E-01	2.435953329667473E+01
4.288357657657663E-01	2.497228297916456E+01
4.302371571571577E-01	2.559071411681020E+01
4.316385485485491E-01	2.621476856448271E+01
4.330399399399404E-01	2.684438894487425E+01
4.344413313313318E-01	2.747951863598371E+01
4.358427227227232E-01	2.812010175884711E+01
4.372441141141146E-01	2.876608316550187E+01
4.386455055055060E-01	2.941740842718548E+01
4.400468968968974E-01	3.007402382276121E+01
4.414482882882888E-01	3.073587632736462E+01
4.428496796796802E-01	3.140291360126923E+01
4.442510710710716E-01	3.207508397896027E+01
4.456524624624630E-01	3.275233645841956E+01
4.470538538538544E-01	3.343462069061400E+01
4.484552452452458E-01	3.412188696917667E+01
4.498566366366372E-01	3.481408622028937E+01
4.512580280280286E-01	3.551116999275018E+01
4.526594194194200E-01	3.621309044822817E+01
4.540608108108113E-01	3.691980035169991E+01
4.554622022022027E-01	3.763125306206280E+01
4.568635935935941E-01	3.834740252292465E+01
4.582649849849855E-01	3.906820325356080E+01
4.596663763763769E-01	3.979361034003864E+01
4.610677677677683E-01	4.052357942650633E+01
4.624691591591597E-01	4.125806670663872E+01
4.638705505505511E-01	4.199702891524157E+01
4.652719419419425E-01	4.274042332000795E+01
4.666733333333339E-01	4.348820771342230E+01
4.680747247247253E-01	4.424034040481479E+01
4.694761161161167E-01	4.499678021255443E+01
4.708775075075081E-01	4.575748645638703E+01
4.722788988988995E-01	4.652241894990721E+01
4.736802902902909E-01	4.729153799316634E+01
4.750816816816822E-01	4.806480436541244E+01
4.764830730730736E-01	4.884217931795831E+01
4.778844644644650E-01	4.962362456717710E+01
4.792858558558564E-01	5.040910228762129E+01
4.806872472472478E-01	5.119857510526174E+01
4.820886386386392E-01	5.199200609084698E+01
4.834900300300306E-01	5.278935875337902E+01
4.848914214214220E-01	5.359059703370190E+01
4.862928128128134E-01	5.439568529820190E+01
4.876942042042048E-01	5.520458833261921E+01
4.890955955955962E-01	5.601727133596387E+01
4.904969869869876E-01	5.683369991453981E+01
4.918983783783790E-01	5.765384007606849E+01
4.932997697697704E-01	5.847765822391705E+01
4.947011611611618E-01	5.930512115142267E+01
4.961025525525531E-01	6.013619603631344E+01
4.975039439439445E-01	6.097085043522839E+01
4.989053353353359E-01	6.180905227832500E+01
5.003067267267273E-01	6.265076986398253E+01
5.017081181181187E-01	6.349597185359130E+01
5.031095095095101E-01	6.434462726643380E+01
5.045109009009014E-01	6.519670547464625E+01
5.059122922922928E-01	6.605217619827135E+01
5.073136836836842E-01	6.691100950038731E+01
5.087150750750756E-01	6.777317578232169E+01
5.101164664664670E-01	6.863864577894515E+01
5.115178578578584E-01	6.950739055403835E+01
5.129192492492498E-01	7.037938149574279E+01
5.143206406406412E-01	7.125459031208163E+01
5.157220320320326E-01	7.213298902655333E+01
5.171234234234240E-01	7.301454997380097E+01
5.185248148148154E-01	7.389924579535261E+01
5.199262062062068E-01	7.478704943542584E+01
5.213275975975982E-01	7.567793413680567E+01
5.227289889889896E-01	7.657187343678845E+01
5.241303803803810E-01	7.746884116318984E+01
5.255317717717723E-01	7.836881143041694E+01
5.269331631631637E-01	7.927175863560683E+01
5.283345545545551E-01	8.017765745482245E+01
5.297359459459465E-01	8.108648283931404E+01
5.311373373373379E-01	8.199821001183500E+01
5.325387287287293E-01	8.291281446302378E+01
5.339401201201207E-01	8.383027194783472E+01
5.353415115115121E-01	8.475055848203124E+01
5.367429029029035E-01	8.567365033873284E+01
5.381442942942949E-01	8.659952404501723E+01
5.395456856856863E-01	8.752815637857225E+01
5.409470770770777E-01	8.845952436440689E+01
5.423484684684691E-01	8.939360527160693E+01
5.437498598598605E-01	9.033037661014509E+01
5.451512512512519E-01	9.126981612774057E+01
5.465526426426432E-01	9.221190180676604E+01
5.479540340340346E-01	9.315661186120406E+01
5.493554254254260E-01	9.410392473364709E+01
5.507568168168174E-01	9.505381909234984E+01
5.521582082082088E-01	9.600627382832045E+01
5.535595995996002E-01	9.696126805246013E+01
5.549609909909916E-01	9.791878109274444E+01
5.563623823823830E-01	9.887879249145158E+01
5.577637737737744E-01	9.984128200242503E+01
5.591651651651658E-01	1.008062295883869E+02
5.605665565565572E-01	1.017736154182858E+02
5.619679479479486E-01	1.027434198646852E+02
5.633693393393400E-01	1.037156235011955E+02
5.647707307307314E-01	1.046902070999383E+02
5.661721221221228E-01	1.056671516290548E+02
5.675735135135141E-01	1.066464382502468E+02
5.689749049049055E-01	1.076280483163573E+02
5.703762962962969E-01	1.086119633689848E+02
5.717776876876883E-01	1.095981651361362E+02
5.731790790790797E-01	1.105866355299097E+02
5.745804704704711E-01	1.115773566442183E+02
5.759818618618625E-01	1.125703107525396E+02
5.773832532532539E-01	1.135654803057050E+02
5.787846446446453E-01	1.145628479297177E+02
5.801860360360367E-01	1.155623964236020E+02
5.815874274274281E-01	1.165641087572892E+02
5.829888188188195E-01	1.175679680695280E+02
5.843902102102109E-01	1.185739576658270E+02
5.857916016016023E-01	1.195820610164324E+02
5.871929929929937E-01	1.205922617543240E+02
5.885943843843850E-01	1.216045436732529E+02
5.899957757757764E-01	1.226188907257965E+02
5.913971671671678E-01	1.236352870214491E+02
5.927985585585592E-01	1.246537168247341E+02
5.941999499499506E-01	1.256741645533491E+02
5.956013413413420E-01	1.266966147763305E+02
5.970027327327334E-01	1.277210522122512E+02
5.984041241241248E-01	1.287474617274377E+02
5.998055155155162E-01	1.297758283342184E+02
6.012069069069076E-01	1.308061371891906E+02
6.026082982982990E-01	1.318383735915177E+02
6.040096896896904E-01	1.328725229812449E+02
6.054110810810818E-01	1.339085709376425E+02
6.068124724724732E-01	1.349465031775715E+02
6.082138638638646E-01	1.359863055538706E+02
6.096152552552560E-01	1.370279640537678E+02
6.110166466466473E-01	1.380714647973109E+02
6.124180380380387E-01	1.391167940358239E+02
6.138194294294301E-01	1.401639381503824E+02
6.152208208208215E-01	1.412128836503091E+02
6.166222122122129E-01	1.422636171716922E+02
6.180236036036043E-01	1.433161254759232E+02
6.194249949949957E-01	1.443703954482542E+02
6.208263863863871E-01	1.454264140963762E+02
6.222277777777785E-01	1.464841685490155E+02
6.236291691691699E-01	1.475436460545509E+02
6.250305605605613E-01	1.486048339796473E+02
6.264319519519527E-01	1.496677198079105E+02
6.278333433433441E-01	1.507322911385568E+02
6.292347347347355E-01	1.517985356851061E+02
6.306361261261269E-01	1.528664412740854E+02
6.320375175175182E-01	1.539359958437569E+02
6.334389089089096E-01	1.550071874428572E+02
6.348403003003010E-01	1.560800042293572E+02
6.362416916916924E-01	1.571544344692370E+02
6.376430830830838E-01	1.582304665352772E+02
6.390444744744752E-01	1.593080889058676E+02
6.404458658658666E-01	1.603872901638294E+02
6.418472572572580E-01	1.614680589952550E+02
6.432486486486494E-01	1.625503841883617E+02
6.446500400400408E-01	1.636342546323617E+02
6.460514314314322E-01	1.647196593163465E+02
6.474528228228236E-01	1.658065873281862E+02
6.488542142142150E-01	1.668950278534417E+02
6.502556056056064E-01	1.679849701742933E+02
6.516569969969978E-01	1.690764036684827E+02
6.530583883883891E-01	1.701693178082671E+02
6.544597797797805E-01	1.712637021593898E+02
6.558611711711719E-01	1.723595463800614E+02
6.572625625625633E-01	1.734568402199554E+02
6.586639539539547E-01	1.745555735192177E+02
6.600653453453461E-01	1.756557362074859E+02
6.614667367367375E-01	1.767573183029260E+02
6.628681281281289E-01	1.778603099112745E+02
6.642695195195203E-01	1.789647012249031E+02
6.656709109109117E-01	1.800704825218813E+02
6.670723023023031E-01	1.811776441650666E+02
6.684736936936945E-01	1.822861766011920E+02
6.698750850850859E-01	1.833960703599757E+02
6.712764764764773E-01	1.845073160532361E+02
6.726778678678687E-01	1.856199043740212E+02
6.740792592592600E-01	1.867338260957451E+02
6.754806506506514E-01	1.878490720713419E+02
6.768820420420428E-01	1.889656332324209E+02
6.782834334334342E-01	1.900835005884435E+02
6.796848248248256E-01	1.912026652258999E+02
6.810862162162170E-01	1.923231183075034E+02
6.824876076076084E-01	1.934448510713914E+02
6.838889989989998E-01	1.945678548303381E+02
6.852903903903912E-01	1.956921209709726E+02
6.866917817817826E-01	1.968176409530158E+02
6.880931731731740E-01	1.979444063085143E+02
6.894945645645654E-01	1.990724086410971E+02
6.908959559559568E-01	2.002016396252295E+02
6.922973473473482E-01	2.013320910054842E+02
6.936987387387396E-01	2.024637545958183E+02
6.951001301301309E-01	2.035966222788588E+02
6.965015215215223E-01	2.047306860051983E+02
6.979029129129137E-01	2.058659377926974E+02
6.993043043043051E-01	2.070023697257991E+02
7.007056956956965E-01	2.081399739548451E+02
7.021070870870879E-01	2.092787426954092E+02
7.035084784784793E-01	2.104186682276297E+02
7.049098698698707E-01	2.115597428955571E+02
7.063112612612621E-01	2.127019591065048E+02
7.077126526526535E-01	2.138453093304117E+02
7.091140440440449E-01	2.149897860992075E+02
7.105154354354363E-01	2.161353820061904E+02
7.119168268268277E-01	2.172820897054103E+02
7.133182182182191E-01	2.184299019110572E+02
7.147196096096105E-01	2.195788113968613E+02
7.161210010010018E-01	2.207288109954970E+02
7.175223923923932E-01	2.218798935979951E+02
7.189237837837846E-01	2.230320521531614E+02
7.203251751751760E-01	2.241852796670021E+02
7.217265665665674E-01	2.253395692021577E+02
7.231279579579588E-01	2.264949138773416E+02
7.245293493493502E-01	2.276513068667850E+02
7.259307407407416E-01	2.288087413996914E+02
7.273321321321330E-01	2.299672107596930E+02
7.287335235235244E-01	2.311267082843192E+02
7.301349149149158E-01	2.322872273644621E+02
7.315363063063072E-01	2.334487614438615E+02
7.329376976976986E-01	2.346113040185817E+02
7.343390890890900E-01	2.357748486365062E+02
7.357404804804814E-01	2.369393888968298E+02
7.371418718718727E-01	2.381049184495616E+02
7.385432632632641E-01	2.392714309950316E+02
7.399446546546555E-01	2.404389202834029E+02
7.413460460460469E-01	2.416073801141915E+02
7.427474374374383E-01	2.427768043357889E+02
7.441488288288297E-01	2.439471868449918E+02
7.455502202202211E-01	2.451185215865373E+02
7.469516116116125E-01	2.462908025526408E+02
7.483530030030039E-01	2.474640237825456E+02
7.497543943943953E-01	2.486381793620683E+02
7.511557857857867E-01	2.498132634231581E+02
7.525571771771781E-01	2.509892701434553E+02
7.539585685685695E-01	2.521661937458578E+02
7.553599599599609E-01	2.533440284980907E+02
7.567613513513523E-01	2.545227687122826E+02
7.581627427427436E-01	2.557024087445445E+02
7.595641341341350E-01	2.568829429945563E+02
7.609655255255264E-01	2.580643659051548E+02
7.623669169169178E-01	2.592466719619263E+02
7.637683083083092E-01	2.604298556928095E+02
7.651696996997006E-01	2.616139116676941E+02
7.665710910910920E-01	2.627988344980306E+02
7.679724824824834E-01	2.639846188364415E+02
7.693738738738748E-01	2.651712593763368E+02
7.707752652652662E-01	2.663587508515363E+02
7.721766566566576E-01	2.675470880358912E+02
7.735780480480490E-01	2.687362657429153E+02
7.749794394394404E-01	2.699262788254168E+02
7.763808308308318E-01	2.711171221751347E+02
7.777822222222232E-01	2.723087907223792E+02
7.791836136136145E-01	2.735012794356794E+02
7.805850050050059E-01	2.746945833214272E+02
7.819863963963973E-01	2.758886974235340E+02
7.833877877877887E-01	2.770836168230842E+02
7.847891791791801E-01	2.782793366379958E+02
7.861905705705715E-01	2.794758520226853E+02
7.875919619619629E-01	2.806731581677329E+02
7.889933533533543E-01	2.818712502995554E+02
7.903947447447457E-01	2.830701236800787E+02
7.917961361361371E-01	2.842697736064176E+02
7.931975275275285E-01	2.854701954105560E+02
7.945989189189199E-01	2.866713844590313E+02
7.960003103103113E-01	2.878733361526249E+02
7.974017017017027E-01	2.890760459260512E+02
7.988030930930941E-01	2.902795092476531E+02
8.002044844844854E-01	2.914837216191011E+02
8.016058758758768E-01	2.926886785750933E+02
8.030072672672682E-01	2.938943756830618E+02
8.044086586586596E-01	2.951008085428780E+02
8.058100500500510E-01	2.963079727865634E+02
8.072114414414424E-01	2.975158640780073E+02
8.086128328328338E-01	2.987244781126774E+02
8.100142242242252E-01	2.999338106173445E+02
8.114156156156166E-01	3.011438573498035E+02
8.128170070070080E-01	3.023546140985986E+02
8.142183983983994E-01	3.035660766827525E+02
8.156197897897908E-01	3.047782409514975E+02
8.170211811811822E-01	3.059911027840094E+02
8.184225725725736E-01	3.072046580891456E+02
8.198239639639650E-01	3.084189028051831E+02
8.212253553553563E-01	3.096338328995621E+02
8.226267467467477E-01	3.108494443686309E+02
8.240281381381391E-01	3.120657332373930E+02
8.254295295295305E-01	3.132826955592584E+02
8.268309209209219E-01	3.145003274157946E+02
8.282323123123133E-01	3.157186249164845E+02
8.296337037037047E-01	3.169375841984831E+02
8.310350950950961E-01	3.181572014263784E+02
8.324364864864875E-01	3.193774727919524E+02
8.338378778778789E-01	3.205983945139494E+02
8.352392692692703E-01	3.218199628378422E+02
8.366406606606617E-01	3.230421740356021E+02
8.380420520520531E-01	3.242650244054716E+02
8.394434434434445E-01	3.254885102717385E+02
8.408448348348359E-01	3.267126279845149E+02
8.422462262262272E-01	3.279373739195148E+02
8.436476176176186E-01	3.291627444778353E+02
8.450490090090100E-01	3.303887360857423E+02
8.464504004004014E-01	3.316153451944535E+02
8.478517917917928E-01	3.328425682799307E+02
8.492531831831842E-01	3.340704018426666E+02
8.506545745745756E-01	3.352988424074765E+02
8.520559659659670E-01	3.365278865232970E+02
8.534573573573584E-01	3.377575307629784E+02
8.548587487487498E-01	3.389877717230847E+02
8.562601401401412E-01	3.402186060236947E+02
8.576615315315326E-01	3.414500303082038E+02
8.590629229229240E-01	3.426820412431280E+02
8.604643143143154E-01	3.439146355179116E+02
8.618657057057068E-01	3.451478098447349E+02
8.632670970970981E-01	3.463815609583239E+02
8.646684884884895E-01	3.476158856157631E+02
8.660698798798809E-01	3.488507805963097E+02
8.674712712712723E-01	3.500862427012087E+02
8.688726626626637E-01	3.513222687535113E+02
8.702740540540551E-01	3.525588555978923E+02
8.716754454454465E-01	3.537960001004753E+02
8.730768368368379E-01	3.550336991486513E+02
8.744782282282293E-01	3.562719496509058E+02
8.758796196196207E-01	3.575107485366450E+02
8.772810110110121E-01	3.587500927560225E+02
8.786824024024035E-01	3.599899792797710E+02
8.800837937937949E-01	3.612304050990326E+02
8.814851851851863E-01	3.624713672251917E+02
8.828865765765777E-01	3.637128626897102E+02
8.842879679679690E-01	3.649548885439626E+02
8.856893593593604E-01	3.661974418590758E+02
8.870907507507518E-01	3.674405197257672E+02
8.884921421421432E-01	3.686841192541851E+02
8.898935335335346E-01	3.699282375737528E+02
8.912949249249260E-01	3.711728718330112E+02
8.926963163163174E-01	3.724180191994653E+02
8.940977077077088E-01	3.736636768594303E+02
8.954990990991002E-01	3.749098420178802E+02
8.969004904904916E-01	3.761565118982978E+02
8.983018818818830E-01	3.774036837425272E+02
8.997032732732744E-01	3.786513548106234E+02
9.011046646646658E-01	3.798995223807094E+02
9.025060560560572E-01	3.811481837488316E+02
9.039074474474486E-01	3.823973362288143E+02
9.053088388388399E-01	3.836469771521197E+02
9.067102302302313E-01	3.848971038677071E+02
9.081116216216227E-01	3.861477137418942E+02
9.095130130130141E-01	3.873988041582186E+02
9.109144044044055E-01	3.886503725173015E+02
9.123157957957969E-01	3.899024162367127E+02
9.137171871871883E-01	3.911549327508360E+02
9.151185785785797E-01	3.924079195107370E+02
9.165199699699711E-01	3.936613739840323E+02
9.179213613613625E-01	3.949152936547582E+02
9.193227527527539E-01	3.961696760232410E+02
9.207241441441453E-01	3.974245186059713E+02
9.221255355355367E-01	3.986798189354761E+02
9.235269269269281E-01	3.999355745601924E+02
9.249283183183195E-01	4.011917830443449E+02
9.263297097097108E-01	4.024484419678222E+02
9.277311011011022E-01	4.037055489260529E+02
9.291324924924936E-01	4.049631015298878E+02
9.305338838838850E-01	4.062210974054769E+02
9.319352752752764E-01	4.074795341941547E+02
9.333366666666678E-01	4.087384095523175E+02
9.347380580580592E-01	4.099977211513117E+02
9.361394494494506E-01	4.112574666773153E+02
9.375408408408420E-01	4.125176438312246E+02
9.389422322322334E-01	4.137782503285414E+02
9.403436236236248E-01	4.150392838992586E+02
9.417450150150162E-01	4.163007422877515E+02
9.431464064064076E-01	4.175626232526658E+02
9.445477977977990E-01	4.188249245668092E+02
9.459491891891904E-01	4.200876440170425E+02
9.473505805805817E-01	4.213507794041723E+02
9.487519719719731E-01	4.226143285428445E+02
9.501533633633645E-01	4.238782892614406E+02
9.515547547547559E-01	4.251426594019713E+02
9.529561461461473E-01	4.264074368199729E+02
9.543575375375387E-01	4.276726193844065E+02
9.557589289289301E-01	4.289382049775541E+02
9.571603203203215E-01	4.302041914949202E+02
9.585617117117129E-01	4.314705768451308E+02
9.599631031031043E-01	4.327373589498329E+02
9.613644944944957E-01	4.340045357436004E+02
9.627658858858871E-01	4.352721051738331E+02
9.641672772772785E-01	4.365400652006617E+02
9.655686686686699E-01	4.378084137968528E+02
9.669700600600613E-01	4.390771489477133E+02
9.683714514514526E-01	4.403462686509984E+02
9.697728428428440E-01	4.416157709168162E+02
9.711742342342354E-01	4.428856537675379E+02
9.725756256256268E-01	4.441559152377040E+02
9.739770170170182E-01	4.454265533739367E+02
9.753784084084096E-01	4.466975662348473E+02
9.767797997998010E-01	4.479689518909495E+02
9.781811911911924E-01	4.492407084245694E+02
9.795825825825838E-01	4.505128339297603E+02
9.809839739739752E-01	4.517853265122139E+02
9.823853653653666E-01	4.530581842891754E+02
9.837867567567580E-01	4.543314053893585E+02
9.851881481481494E-01	4.556049879528614E+02
9.865895395395408E-01	4.568789301310810E+02
9.879909309309322E-01	4.581532300866345E+02
9.893923223223235E-01	4.594278859932704E+02
9.907937137137149E-01	4.607028960357943E+02
9.921951051051063E-01	4.619782584099833E+02
9.935964964964977E-01	4.632539713225074E+02
9.949978878878891E-01	4.645300329908500E+02
9.963992792792805E-01	4.658064416432298E+02
9.978006706706719E-01	4.670831955185217E+02
9.992020620620633E-01	4.683602928661801E+02
1.000603453453455E+00	4.696377319461621E+02
1.002004844844846E+00	4.709155110288516E+02
1.003406236236237E+00	4.721936283949833E+02
1.004807627627629E+00	4.734720823355690E+02
1.006209019019020E+00	4.747508711518221E+02
1.007610410410411E+00	4.760299931550860E+02
1.009011801801802E+00	4.773094466667592E+02
1.010413193193194E+00	4.785892300182238E+02
1.011814584584585E+00	4.798693415507760E+02
1.013215975975976E+00	4.811497796155504E+02
1.014617367367368E+00	4.824305425734547E+02
1.016018758758759E+00	4.837116287950969E+02
1.017420150150150E+00	4.849930366607159E+02
1.018821541541541E+00	4.862747645601144E+02
1.020222932932933E+00	4.875568108925902E+02
1.021624324324324E+00	4.888391740668687E+02
1.023025715715715E+00	4.901218525010358E+02
1.024427107107106E+00	4.914048446224715E+02
1.025828498498498E+00	4.926881488677834E+02
1.027229889889889E+00	4.939717636827447E+02
1.028631281281280E+00	4.952556875222244E+02
1.030032672672672E+00	4.965399188501276E+02
1.031434064064063E+00	4.978244561393290E+02
1.032835455455454E+00	4.991092978716108E+02
1.034236846846845E+00	5.003944425376012E+02
1.035638238238237E+00	5.016798886367105E+02
1.037039629629628E+00	5.029656346770705E+02
1.038441021021019E+00	5.042516791754733E+02
1.039842412412411E+00	5.055380206573100E+02
1.041243803803802E+00	5.068246576565127E+02
1.042645195195193E+00	5.081115887154931E+02
1.044046586586584E+00	5.093988123850838E+02
1.045447977977976E+00	5.106863272244800E+02
1.046849369369367E+00	5.119741318011816E+02
1.048250760760758E+00	5.132622246909348E+02
1.049652152152150E+00	5.145506044776755E+02
1.051053543543541E+00	5.158392697534744E+02
1.052454934934932E+00	5.171282191184766E+02
1.053856326326323E+00	5.184174511808487E+02
1.055257717717715E+00	5.197069645567253E+02
1.056659109109106E+00	5.209967578701489E+02
1.058060500500497E+00	5.222868297530197E+02
1.059461891891889E+00	5.235771788450411E+02
1.060863283283280E+00	5.248678037936654E+02
1.062264674674671E+00	5.261587032540397E+02
1.063666066066062E+00	5.274498758889558E+02
1.065067457457454E+00	5.287413203687947E+02
1.066468848848845E+00	5.300330353714794E+02
1.067870240240236E+00	5.313250195824180E+02
1.069271631631628E+00	5.326172716944573E+02
1.070673023023019E+00	5.339097904078296E+02
1.072074414414410E+00	5.352025744301022E+02
1.073475805805801E+00	5.364956224761313E+02
1.074877197197193E+00	5.377889332680086E+02
1.076278588588584E+00	5.390825055350135E+02
1.077679979979975E+00	5.403763380135654E+02
1.079081371371367E+00	5.416704294471747E+02
1.080482762762758E+00	5.429647785863949E+02
1.081884154154149E+00	5.442593841887769E+02
1.083285545545540E+00	5.455542450188188E+02
1.084686936936932E+00	5.468493598479222E+02
1.086088328328323E+00	5.481447274543432E+02
1.087489719719714E+00	5.494403466231490E+02
1.088891111111105E+00	5.507362161461722E+02
1.090292502502497E+00	5.520323348219622E+02
1.091693893893888E+00	5.533287014557438E+02
1.093095285285279E+00	5.546253148593730E+02
1.094496676676671E+00	5.559221738512895E+02
1.095898068068062E+00	5.572192772564747E+02
1.097299459459453E+00	5.585166239064110E+02
1.098700850850844E+00	5.598142126390333E+02
1.100102242242236E+00	5.611120422986903E+02
1.101503633633627E+00	5.624101117360999E+02
1.102905025025018E+00	5.637084198083082E+02
1.104306416416410E+00	5.650069653786484E+02
1.105707807807801E+00	5.663057473166964E+02
1.107109199199192E+00	5.676047644982334E+02
1.108510590590583E+00	5.689040158052019E+02
1.109911981981975E+00	5.702035001256666E+02
1.111313373373366E+00	5.715032163537746E+02
1.112714764764757E+00	5.728031633897149E+02
1.114116156156149E+00	5.741033401396796E+02
1.115517547547540E+00	5.754037455158223E+02
1.116918938938931E+00	5.767043784362224E+02
1.118320330330322E+00	5.780052378248436E+02
1.119721721721714E+00	5.793063226114978E+02
1.121123113113105E+00	5.806076317318052E+02
1.122524504504496E+00	5.819091641271575E+02
1.123925895895888E+00	5.832109187446802E+02
1.125327287287279E+00	5.845128945371960E+02
1.126728678678670E+00	5.858150904631859E+02
1.128130070070061E+00	5.871175054867554E+02
1.129531461461453E+00	5.884201385775948E+02
1.130932852852844E+00	5.897229887109472E+02
1.132334244244235E+00	5.910260548675685E+02
1.133735635635627E+00	5.923293360336950E+02
1.135137027027018E+00	5.936328312010062E+02
1.136538418418409E+00	5.949365393665914E+02
1.137939809809800E+00	5.962404595329128E+02
1.139341201201192E+00	5.975445907077735E+02
1.140742592592583E+00	5.988489319042819E+02
1.142143983983974E+00	6.001534821408172E+02
1.143545375375365E+00	6.014582404409969E+02
1.144946766766757E+00	6.027632058336435E+02
1.146348158158148E+00	6.040683773527501E+02
1.147749549549539E+00	6.053737540374477E+02
1.149150940940931E+00	6.066793349319735E+02
1.150552332332322E+00	6.079851190856375E+02
1.151953723723713E+00	6.092911055527907E+02
1.153355115115104E+00	6.105972933927935E+02
1.154756506506496E+00	6.119036816699825E+02
1.156157897897887E+00	6.132102694536411E+02
1.157559289289278E+00	6.145170558179655E+02
1.158960680680670E+00	6.158240398420376E+02
1.160362072072061E+00	6.171312206097905E+02
1.161763463463452E+00	6.184385972099792E+02
1.163164854854843E+00	6.197461687361510E+02
1.164566246246235E+00	6.210539342866152E+02
1.165967637637626E+00	6.223618929644117E+02
1.167369029029017E+00	6.236700438772834E+02
1.168770420420409E+00	6.249783861376443E+02
1.170171811811800E+00	6.262869188625546E+02
1.171573203203191E+00	6.275956411736859E+02
1.172974594594582E+00	6.289045521972964E+02
1.174375985985974E+00	6.302136510642019E+02
1.175777377377365E+00	6.315229369097462E+02
1.177178768768756E+00	6.328324088737736E+02
1.178580160160148E+00	6.341420661006005E+02
1.179981551551539E+00	6.354519077389875E+02
1.181382942942930E+00	6.367619329421136E+02
1.182784334334321E+00	6.380721408675468E+02
1.184185725725713E+00	6.393825306772173E+02
1.185587117117104E+00	6.406931015373912E+02
1.186988508508495E+00	6.420038526186440E+02
1.188389899899887E+00	6.433147830958319E+02
1.189791291291278E+00	6.446258921480694E+02
1.191192682682669E+00	6.459371789586980E+02
1.192594074074060E+00	6.472486427152642E+02
1.193995465465452E+00	6.485602826094926E+02
1.195396856856843E+00	6.498720978372598E+02
1.196798248248234E+00	6.511840875985688E+02
1.198199639639626E+00	6.524962510975240E+02
1.199601031031017E+00	6.538085875423076E+02
1.201002422422408E+00	6.551210961451518E+02
1.202403813813799E+00	6.564337761223160E+02
1.203805205205191E+00	6.577466266940630E+02
1.205206596596582E+00	6.590596470846319E+02
1.206607987987973E+00	6.603728365222171E+02
1.208009379379364E+00	6.616861942389412E+02
1.209410770770756E+00	6.629997194708340E+02
1.210812162162147E+00	6.643134114578077E+02
1.212213553553538E+00	6.656272694436309E+02
1.213614944944930E+00	6.669412926759105E+02
1.215016336336321E+00	6.682554804060637E+02
1.216417727727712E+00	6.695698318892985E+02
1.217819119119103E+00	6.708843463845872E+02
1.219220510510495E+00	6.721990231546472E+02
1.220621901901886E+00	6.735138614659168E+02
1.222023293293277E+00	6.748288605885332E+02
1.223424684684669E+00	6.761440197963093E+02
1.224826076076060E+00	6.774593383667141E+02
1.226227467467451E+00	6.787748155808474E+02
1.227628858858842E+00	6.800904507234216E+02
1.229030250250234E+00	6.814062430827378E+02
1.230431641641625E+00	6.827221919506646E+02
1.231833033033016E+00	6.840382966226173E+02
1.233234424424408E+00	6.853545563975370E+02
1.234635815815799E+00	6.866709705778692E+02
1.236037207207190E+00	6.879875384695433E+02
1.237438598598581E+00	6.893042593819509E+02
1.238839989989973E+00	6.906211326279265E+02
1.240241381381364E+00	6.919381575237269E+02
1.241642772772755E+00	6.932553333890103E+02
1.243044164164147E+00	6.945726595468163E+02
1.244445555555538E+00	6.958901353235467E+02
1.245846946946929E+00	6.972077600489438E+02
1.247248338338320E+00	6.985255330560735E+02
1.248649729729712E+00	6.998434536813045E+02
1.250051121121103E+00	7.011615212642866E+02
1.251452512512494E+00	7.024797351479351E+02
1.252853903903886E+00	7.037980946784085E+02
1.254255295295277E+00	7.051165992050926E+02
1.255656686686668E+00	7.064352480805790E+02
1.257058078078059E+00	7.077540406606470E+02
1.258459469469451E+00	7.090729763042450E+02
1.259860860860842E+00	7.103920543734730E+02
1.261262252252233E+00	7.117112742335623E+02
1.262663643643624E+00	7.130306352528589E+02
1.264065035035016E+00	7.143501368028058E+02
1.265466426426407E+00	7.156697782579220E+02
1.266867817817798E+00	7.169895589957866E+02
1.268269209209190E+00	7.183094783970230E+02
1.269670600600581E+00	7.196295358452774E+02
1.271071991991972E+00	7.209497307272045E+02
1.272473383383363E+00	7.222700624324475E+02
1.273874774774755E+00	7.235905303536229E+02
1.275276166166146E+00	7.249111338863011E+02
1.276677557557537E+00	7.262318724289914E+02
1.278078948948929E+00	7.275527453831255E+02
1.279480340340320E+00	7.288737521530386E+02
1.280881731731711E+00	7.301948921459527E+02
1.282283123123102E+00	7.315161647719626E+02
1.283684514514494E+00	7.328375694440165E+02
1.285085905905885E+00	7.341591055779020E+02
1.286487297297276E+00	7.354807725922269E+02
1.287888688688668E+00	7.368025699084064E+02
1.289290080080059E+00	7.381244969506447E+02
1.290691471471450E+00	7.394465531459205E+02
1.292092862862841E+00	7.407687379239696E+02
1.293494254254233E+00	7.420910507172719E+02
1.294895645645624E+00	7.434134909610307E+02
1.296297037037015E+00	7.447360580931636E+02
1.297698428428407E+00	7.460587515542832E+02
1.299099819819798E+00	7.473815707876815E+02
1.300501211211189E+00	7.487045152393155E+02
1.301902602602580E+00	7.500275843577945E+02
1.303303993993972E+00	7.513507775943613E+02
1.304705385385363E+00	7.526740944028779E+02
1.306106776776754E+00	7.539975342398141E+02
1.307508168168146E+00	7.553210965642281E+02
1.308909559559537E+00	7.566447808377566E+02
1.310310950950928E+00	7.579685865245956E+02
1.311712342342319E+00	7.592925130914894E+02
1.313113733733711E+00	7.606165600077143E+02
1.314515125125102E+00	7.619407267450665E+02
1.315916516516493E+00	7.632650127778452E+02
1.317317907907884E+00	7.645894175828412E+02
1.318719299299276E+00	7.659139406393208E+02
1.320120690690667E+00	7.672385814290124E+02
1.321522082082058E+00	7.685633394360952E+02
1.322923473473450E+00	7.698882141471825E+02
1.324324864864841E+00	7.712132050513089E+02
1.325726256256232E+00	7.725383116399169E+02
1.327127647647623E+00	7.738635334068438E+02
1.328529039039015E+00	7.751888698483087E+02
1.329930430430406E+00	7.765143204628987E+02
1.331331821821797E+00	7.778398847515548E+02
1.332733213213189E+00	7.791655622175613E+02
1.334134604604580E+00	7.804913523665305E+02
1.335535995995971E+00	7.818172547063916E+02
1.336937387387362E+00	7.831432687473753E+02
1.338338778778754E+00	7.844693940020043E+02
1.339740170170145E+00	7.857956299850775E+02
1.341141561561536E+00	7.871219762136614E+02
1.342542952952928E+00	7.884484322070746E+02
1.343944344344319E+00	7.897749974868732E+02
1.345345735735710E+00	7.911016715768451E+02
1.346747127127101E+00	7.924284540029919E+02
1.348148518518493E+00	7.937553442935189E+02
1.349549909909884E+00	7.950823419788251E+02
1.350951301301275E+00	7.964094465914852E+02
1.352352692692667E+00	7.977366576662453E+02
1.353754084084058E+00	7.990639747400041E+02
1.355155475475449E+00	8.003913973518063E+02
1.356556866866840E+00	8.017189250428289E+02
1.357958258258232E+00	8.030465573563683E+02
1.359359649649623E+00	8.043742938378302E+02
1.360761041041014E+00	8.057021340347194E+02
1.362162432432406E+00	8.070300774966247E+02
1.363563823823797E+00	8.083581237752110E+02
1.364965215215188E+00	8.096862724242071E+02
1.366366606606579E+00	8.110145229993939E+02
1.367767997997971E+00	8.123428750585924E+02
1.369169389389362E+00	8.136713281616558E+02
1.370570780780753E+00	8.149998818704551E+02
1.371972172172145E+00	8.163285357488708E+02
1.373373563563536E+00	8.176572893627792E+02
1.374774954954927E+00	8.189861422800450E+02
1.376176346346318E+00	8.203150940705086E+02
1.377577737737710E+00	8.216441443059744E+02
1.378979129129101E+00	8.229732925602041E+02
1.380380520520492E+00	8.243025384089019E+02
1.381781911911883E+00	8.256318814297053E+02
1.383183303303275E+00	8.269613212021775E+02
1.384584694694666E+00	8.282908573077939E+02
1.385986086086057E+00	8.296204893299321E+02
1.387387477477449E+00	8.309502168538622E+02
1.388788868868840E+00	8.322800394667402E+02
1.390190260260231E+00	8.336099567575907E+02
1.391591651651622E+00	8.349399683173024E+02
1.392993043043014E+00	8.362700737386181E+02
1.394394434434405E+00	8.376002726161214E+02
1.395795825825796E+00	8.389305645462305E+02
1.397197217217188E+00	8.402609491271858E+02
1.398598608608579E+00	8.415914259590420E+02
1.399999999999970E+00	8.429219946436569E+02
