# energy / barionic density = energy by nucleon 
# barionic density, energy / barionic density
1.000000000000000E-05	1.682842258359187E-01
1.411391391391391E-03	3.725596105563227E-01
2.812782782782782E-03	3.594279893710564E-01
4.214174174174174E-03	2.632543847813622E-01
5.615565565565564E-03	1.224582459251451E-01
7.016956956956956E-03	-4.689798651452293E-02
8.418348348348348E-03	-2.363798581301353E-01
9.819739739739739E-03	-4.404585725085326E-01
1.122113113113113E-02	-6.554919629676306E-01
1.262252252252252E-02	-8.789682564696477E-01
1.402391391391391E-02	-1.109019534420895E+00
1.542530530530531E-02	-1.344210391469687E+00
1.682669669669670E-02	-1.583408687061592E+00
1.822808808808809E-02	-1.825702366252585E+00
1.962947947947948E-02	-2.070343674219203E+00
2.103087087087087E-02	-2.316747689009503E+00
2.243226226226226E-02	-2.564344466559078E+00
2.383365365365364E-02	-2.812684778635912E+00
2.523504504504503E-02	-3.061386592362851E+00
2.663643643643642E-02	-3.310118566538677E+00
2.803782782782781E-02	-3.558591245049911E+00
2.943921921921920E-02	-3.806550137482532E+00
3.084061061061059E-02	-4.053770212797531E+00
3.224200200200199E-02	-4.300051467502158E+00
3.364339339339338E-02	-4.545215321360843E+00
3.504478478478477E-02	-4.789118895131764E+00
3.644617617617617E-02	-5.031614697392342E+00
3.784756756756756E-02	-5.272561319803572E+00
3.924895895895895E-02	-5.511840603053088E+00
4.065035035035035E-02	-5.749345224086142E+00
4.205174174174174E-02	-5.984977451519285E+00
4.345313313313313E-02	-6.218648080445064E+00
4.485452452452453E-02	-6.450275515492308E+00
4.625591591591592E-02	-6.679784977544159E+00
4.765730730730731E-02	-6.907133334072455E+00
4.905869869869871E-02	-7.132262383741022E+00
5.046009009009010E-02	-7.355084056485794E+00
5.186148148148149E-02	-7.575544713260683E+00
5.326287287287289E-02	-7.793594844388394E+00
5.466426426426428E-02	-8.009196392014360E+00
5.606565565565567E-02	-8.222356813396345E+00
5.746704704704707E-02	-8.432979486601198E+00
5.886843843843846E-02	-8.641028158936592E+00
6.026982982982985E-02	-8.846469243482829E+00
6.167122122122125E-02	-9.049335006100591E+00
6.307261261261264E-02	-9.249540298117836E+00
6.447400400400403E-02	-9.447050971005524E+00
6.587539539539543E-02	-9.641863103255105E+00
6.727678678678682E-02	-9.833986494159944E+00
6.867817817817821E-02	-1.002334572307439E+01
7.007956956956961E-02	-1.020992550830283E+01
7.148096096096100E-02	-1.039377624967165E+01
7.288235235235239E-02	-1.057480739175742E+01
7.428374374374379E-02	-1.075301283781721E+01
7.568513513513518E-02	-1.092843893505676E+01
7.708652652652657E-02	-1.110100151368658E+01
7.848791791791797E-02	-1.127072081534607E+01
7.988930930930936E-02	-1.143760208117089E+01
8.129070070070075E-02	-1.160158541747671E+01
8.269209209209215E-02	-1.176273183539604E+01
8.409348348348354E-02	-1.192097446188666E+01
8.549487487487493E-02	-1.207632966270228E+01
8.689626626626633E-02	-1.222880047392925E+01
8.829765765765772E-02	-1.237834528979170E+01
8.969904904904911E-02	-1.252501864645728E+01
9.110044044044051E-02	-1.266874195930404E+01
9.250183183183190E-02	-1.280959337315528E+01
9.390322322322329E-02	-1.294748938976250E+01
9.530461461461469E-02	-1.308249736052107E+01
9.670600600600608E-02	-1.321455193768941E+01
9.810739739739748E-02	-1.334371084459917E+01
9.950878878878887E-02	-1.346991364739961E+01
1.009101801801803E-01	-1.359322089839145E+01
1.023115715715717E-01	-1.371356505045469E+01
1.037129629629630E-01	-1.383102081725929E+01
1.051143543543544E-01	-1.394551468067425E+01
1.065157457457458E-01	-1.405710957202950E+01
1.079171371371372E-01	-1.416575900370208E+01
1.093185285285286E-01	-1.427149132113357E+01
1.107199199199200E-01	-1.437430227203799E+01
1.121213113113114E-01	-1.447417497398271E+01
1.135227027027028E-01	-1.457115544494013E+01
1.149240940940942E-01	-1.466519453030890E+01
1.163254854854856E-01	-1.475633367697731E+01
1.177268768768770E-01	-1.484455941183762E+01
1.191282682682684E-01	-1.492985611032179E+01
1.205296596596598E-01	-1.501228070147044E+01
1.219310510510512E-01	-1.509178460466262E+01
1.233324424424426E-01	-1.516838251858690E+01
1.247338338338339E-01	-1.524210814950845E+01
1.261352252252253E-01	-1.531292751710055E+01
1.275366166166167E-01	-1.538085541539022E+01
1.289380080080081E-01	-1.544592209066093E+01
1.303393993993995E-01	-1.550809816161086E+01
1.317407907907909E-01	-1.556738968562286E+01
1.331421821821823E-01	-1.562384111355539E+01
1.345435735735737E-01	-1.567741867392533E+01
1.359449649649651E-01	-1.572812860372039E+01
1.373463563563565E-01	-1.577599505338981E+01
1.387477477477479E-01	-1.582102208650724E+01
1.401491391391393E-01	-1.586319928371347E+01
1.415505305305307E-01	-1.590253325275330E+01
1.429519219219220E-01	-1.593905124693856E+01
1.443533133133134E-01	-1.597274737740815E+01
1.457547047047048E-01	-1.600361907798526E+01
1.471560960960962E-01	-1.603167321483272E+01
1.485574874874876E-01	-1.605692712865107E+01
1.499588788788790E-01	-1.607939146626154E+01
1.513602702702704E-01	-1.609905792523068E+01
1.527616616616618E-01	-1.611593360110442E+01
1.541630530530532E-01	-1.613002563327723E+01
1.555644444444446E-01	-1.614135121250672E+01
1.569658358358360E-01	-1.614991744198835E+01
1.583672272272274E-01	-1.615572065746460E+01
1.597686186186188E-01	-1.615876819716652E+01
1.611700100100102E-01	-1.615906743748997E+01
1.625714014014016E-01	-1.615662579209788E+01
1.639727927927929E-01	-1.615145927784818E+01
1.653741841841843E-01	-1.614357327439996E+01
1.667755755755757E-01	-1.613296796593113E+01
1.681769669669671E-01	-1.611965093437209E+01
1.695783583583585E-01	-1.610362979402032E+01
1.709797497497499E-01	-1.608491219086943E+01
1.723811411411413E-01	-1.606350580182743E+01
1.737825325325327E-01	-1.603941833400108E+01
1.751839239239241E-01	-1.601266410047401E+01
1.765853153153155E-01	-1.598324724882355E+01
1.779867067067069E-01	-1.595117192044972E+01
1.793880980980983E-01	-1.591644595775608E+01
1.807894894894897E-01	-1.587907722932505E+01
1.821908808808811E-01	-1.583907362926459E+01
1.835922722722725E-01	-1.579644307659078E+01
1.849936636636638E-01	-1.575119351464230E+01
1.863950550550552E-01	-1.570333291045961E+01
1.877964464464466E-01	-1.565286925424550E+01
1.891978378378380E-01	-1.559981055874118E+01
1.905992292292294E-01	-1.554416485869081E+01
1.920006206206208E-01	-1.548594021029521E+01
1.934020120120122E-01	-1.542514469065532E+01
1.948034034034036E-01	-1.536178639724528E+01
1.962047947947950E-01	-1.529587344739753E+01
1.976061861861864E-01	-1.522741397777600E+01
1.990075775775778E-01	-1.515641635206157E+01
2.004089689689692E-01	-1.508288921000951E+01
2.018103603603606E-01	-1.500683965648557E+01
2.032117517517520E-01	-1.492827591382502E+01
2.046131431431434E-01	-1.484720622094119E+01
2.060145345345347E-01	-1.476363883287058E+01
2.074159259259261E-01	-1.467758245086065E+01
2.088173173173175E-01	-1.458904590268446E+01
2.102187087087089E-01	-1.449803685536324E+01
2.116201001001003E-01	-1.440456361291149E+01
2.130214914914917E-01	-1.430863449367871E+01
2.144228828828831E-01	-1.421025782992933E+01
2.158242742742745E-01	-1.410944196747243E+01
2.172256656656659E-01	-1.400619526524747E+01
2.186270570570573E-01	-1.390052609496286E+01
2.200284484484487E-01	-1.379244284072877E+01
2.214298398398401E-01	-1.368195389867788E+01
2.228312312312315E-01	-1.356906767661530E+01
2.242326226226229E-01	-1.345379259366507E+01
2.256340140140143E-01	-1.333613707993720E+01
2.270354054054056E-01	-1.321610957619134E+01
2.284367967967970E-01	-1.309371853349057E+01
2.298381881881884E-01	-1.296897241289514E+01
2.312395795795798E-01	-1.284187968514027E+01
2.326409709709712E-01	-1.271244883033705E+01
2.340423623623626E-01	-1.258068948412165E+01
2.354437537537540E-01	-1.244661445769589E+01
2.368451451451454E-01	-1.231022695852835E+01
2.382465365365368E-01	-1.217153549425916E+01
2.396479279279282E-01	-1.203054858059011E+01
2.410493193193196E-01	-1.188727474103291E+01
2.424507107107110E-01	-1.174172250658910E+01
2.438521021021024E-01	-1.159390041553002E+01
2.452534934934938E-01	-1.144381701310010E+01
2.466548848848852E-01	-1.129148085129145E+01
2.480562762762765E-01	-1.113690466501794E+01
2.494576676676679E-01	-1.098009698919827E+01
2.508590590590593E-01	-1.082106234136393E+01
2.522604504504507E-01	-1.065980929246905E+01
2.536618418418421E-01	-1.049634641909802E+01
2.550632332332335E-01	-1.033068230324602E+01
2.564646246246249E-01	-1.016282553205804E+01
2.578660160160163E-01	-9.992784697665797E+00
2.592674074074077E-01	-9.820575262622469E+00
2.606687987987991E-01	-9.646201392768603E+00
2.620701901901905E-01	-9.469669312904216E+00
2.634715815815818E-01	-9.290987628273911E+00
2.648729729729732E-01	-9.110164948133956E+00
2.662743643643646E-01	-8.927209885529805E+00
2.676757557557560E-01	-8.742131057094298E+00
2.690771471471474E-01	-8.554946326467416E+00
2.704785385385388E-01	-8.365655724105864E+00
2.718799299299302E-01	-8.174267241811663E+00
2.732813213213216E-01	-7.980789504862628E+00
2.746827127127130E-01	-7.785231141306781E+00
2.760841041041044E-01	-7.587600781743163E+00
2.774854954954958E-01	-7.387914407097128E+00
2.788868868868872E-01	-7.186176218035030E+00
2.802882782782786E-01	-6.982391929902292E+00
2.816896696696700E-01	-6.776570178512429E+00
2.830910610610614E-01	-6.568719601495104E+00
2.844924524524527E-01	-6.358848838082167E+00
2.858938438438441E-01	-6.146975844919098E+00
2.872952352352355E-01	-5.933101100741169E+00
2.886966266266269E-01	-5.717232065890357E+00
2.900980180180183E-01	-5.499377381699105E+00
2.914994094094097E-01	-5.279545690410714E+00
2.929008008008011E-01	-5.057749180434939E+00
2.943021921921925E-01	-4.833999986914250E+00
2.957035835835839E-01	-4.608299670541669E+00
2.971049749749753E-01	-4.380656873258431E+00
2.985063663663667E-01	-4.151080237325914E+00
2.999077577577581E-01	-3.919578405107927E+00
3.013091491491495E-01	-3.686170359704647E+00
3.027105405405409E-01	-3.450854604966253E+00
3.041119319319323E-01	-3.213639517052115E+00
3.055133233233236E-01	-2.974533735361319E+00
3.069147147147150E-01	-2.733545898855141E+00
3.083161061061064E-01	-2.490692573418528E+00
3.097174974974978E-01	-2.245977011531295E+00
3.111188888888892E-01	-1.999405231377864E+00
3.125202802802806E-01	-1.750985866926499E+00
3.139216716716720E-01	-1.500727551132627E+00
3.153230630630634E-01	-1.248645356248971E+00
3.167244544544548E-01	-9.947453562569990E-01
3.181258458458462E-01	-7.390322088174344E-01
3.195272372372376E-01	-4.815145400173151E-01
3.209286286286290E-01	-2.222009744159550E-01
3.223300200200204E-01	3.889438920759858E-02
3.237314114114118E-01	3.017637677276070E-01
3.251328028028032E-01	5.664032775465557E-01
3.265341941941945E-01	8.328043027401009E-01
3.279355855855859E-01	1.100958229392404E+00
3.293369769769773E-01	1.370851775756023E+00
3.307383683683687E-01	1.642475827263183E+00
3.321397597597601E-01	1.915827058507148E+00
3.335411511511515E-01	2.190896865854370E+00
3.349425425425429E-01	2.467676648133192E+00
3.363439339339343E-01	2.746154111918599E+00
3.377453253253257E-01	3.026318526912974E+00
3.391467167167171E-01	3.308167243960611E+00
3.405481081081085E-01	3.591691673725791E+00
3.419494994994999E-01	3.876883229722353E+00
3.433508908908913E-01	4.163731073163717E+00
3.447522822822827E-01	4.452221977753879E+00
3.461536736736741E-01	4.742354389338402E+00
3.475550650650654E-01	5.034119734722594E+00
3.489564564564568E-01	5.327509443960025E+00
3.503578478478482E-01	5.622514864325581E+00
3.517592392392396E-01	5.919118857572244E+00
3.531606306306310E-01	6.217321653567751E+00
3.545620220220224E-01	6.517114697020702E+00
3.559634134134138E-01	6.818489436238224E+00
3.573648048048052E-01	7.121437323225905E+00
3.587661961961966E-01	7.425944562883160E+00
3.601675875875880E-01	7.732004949067687E+00
3.615689789789794E-01	8.039612996538267E+00
3.629703703703708E-01	8.348760173491655E+00
3.643717617617622E-01	8.659437952152302E+00
3.657731531531536E-01	8.971637353252731E+00
3.671745445445450E-01	9.285343084120086E+00
3.685759359359363E-01	9.600553997469319E+00
3.699773273273277E-01	9.917261582905780E+00
3.713787187187191E-01	1.023545733437913E+01
3.727801101101105E-01	1.055513275023645E+01
3.741815015015019E-01	1.087627789819294E+01
3.755828928928933E-01	1.119888012583431E+01
3.769842842842847E-01	1.152293668374591E+01
3.783856756756761E-01	1.184843908901905E+01
3.797870670670675E-01	1.217537886345269E+01
3.811884584584589E-01	1.250374753360472E+01
3.825898498498503E-01	1.283353663085370E+01
3.839912412412417E-01	1.316473171277539E+01
3.853926326326331E-01	1.349733008102316E+01
3.867940240240245E-01	1.383132364777350E+01
3.881954154154159E-01	1.416670396464417E+01
3.895968068068072E-01	1.450346258833440E+01
3.909981981981986E-01	1.484159108071026E+01
3.923995895895900E-01	1.518108053912681E+01
3.938009809809814E-01	1.552191799287675E+01
3.952023723723728E-01	1.586410018280867E+01
3.966037637637642E-01	1.620761869218722E+01
3.980051551551556E-01	1.655246510968232E+01
3.994065465465470E-01	1.689863102942456E+01
4.008079379379384E-01	1.724610805106147E+01
4.022093293293298E-01	1.759488777981392E+01
4.036107207207212E-01	1.794496072245988E+01
4.050121121121126E-01	1.829631626094329E+01
4.064135035035040E-01	1.864894950880091E+01
4.078148948948954E-01	1.900285209412823E+01
4.092162862862868E-01	1.935801565081977E+01
4.106176776776782E-01	1.971443181862105E+01
4.120190690690695E-01	2.007209224318115E+01
4.134204604604609E-01	2.043098857609414E+01
4.148218518518523E-01	2.079111247494643E+01
4.162232432432437E-01	2.115245560337780E+01
4.176246346346351E-01	2.151500824826871E+01
4.190260260260265E-01	2.187876177706198E+01
4.204274174174179E-01	2.224370971687028E+01
4.218288088088093E-01	2.260984375591113E+01
4.232302002002007E-01	2.297715558865366E+01
4.246315915915921E-01	2.334563691587186E+01
4.260329829829835E-01	2.371527944468687E+01
4.274343743743749E-01	2.408607488860650E+01
4.288357657657663E-01	2.445801496756371E+01
4.302371571571577E-01	2.483109140797876E+01
4.316385485485491E-01	2.520529594277878E+01
4.330399399399404E-01	2.558062031145528E+01
4.344413313313318E-01	2.595705626010215E+01
4.358427227227232E-01	2.633459554144702E+01
4.372441141141146E-01	2.671322991491081E+01
4.386455055055060E-01	2.709295114663325E+01
4.400468968968974E-01	2.747375100952411E+01
4.414482882882888E-01	2.785562128328684E+01
4.428496796796802E-01	2.823855375448795E+01
4.442510710710716E-01	2.862254021655599E+01
4.456524624624630E-01	2.900757246985484E+01
4.470538538538544E-01	2.939364232171181E+01
4.484552452452458E-01	2.978074158645416E+01
4.498566366366372E-01	3.016886208543656E+01
4.512580280280286E-01	3.055799564710321E+01
4.526594194194200E-01	3.094813410701158E+01
4.540608108108113E-01	3.133926930786231E+01
4.554622022022027E-01	3.173139309955445E+01
4.568635935935941E-01	3.212449733920471E+01
4.582649849849855E-01	3.251857389119743E+01
4.596663763763769E-01	3.291361462721761E+01
4.610677677677683E-01	3.330961142627712E+01
4.624691591591597E-01	3.370655617476677E+01
4.638705505505511E-01	3.410444076647912E+01
4.652719419419425E-01	3.450325710264781E+01
4.666733333333339E-01	3.490299709199007E+01
4.680747247247253E-01	3.530365265072726E+01
4.694761161161167E-01	3.570521570263213E+01
4.708775075075081E-01	3.610767817905548E+01
4.722788988988995E-01	3.651103201896274E+01
4.736802902902909E-01	3.691526916897476E+01
4.750816816816822E-01	3.732038158339367E+01
4.764830730730736E-01	3.772636119096319E+01
4.778844644644650E-01	3.813319682247686E+01
4.792858558558564E-01	3.854088348630091E+01
4.806872472472478E-01	3.894941316834127E+01
4.820886386386392E-01	3.935877786237029E+01
4.834900300300306E-01	3.976896957004908E+01
4.848914214214220E-01	4.017998030096680E+01
4.862928128128134E-01	4.059180207266593E+01
4.876942042042048E-01	4.100442691068235E+01
4.890955955955962E-01	4.141784270179187E+01
4.904969869869876E-01	4.183204518897014E+01
4.918983783783790E-01	4.224702673154525E+01
4.932997697697704E-01	4.266277938796259E+01
4.947011611611618E-01	4.307929522482596E+01
4.961025525525531E-01	4.349656631693153E+01
4.975039439439445E-01	4.391458006339985E+01
4.989053353353359E-01	4.433333239391857E+01
5.003067267267273E-01	4.475281612203764E+01
5.017081181181187E-01	4.517302335631166E+01
5.031095095095101E-01	4.559394621363981E+01
5.045109009009014E-01	4.601557162141080E+01
5.059122922922928E-01	4.643789579890233E+01
5.073136836836842E-01	4.686091187303032E+01
5.087150750750756E-01	4.728461199515266E+01
5.101164664664670E-01	4.770898510070811E+01
5.115178578578584E-01	4.813402286160692E+01
5.129192492492498E-01	4.855972105157798E+01
5.143206406406412E-01	4.898607185698825E+01
5.157220320320326E-01	4.941306324147160E+01
5.171234234234240E-01	4.984068830569925E+01
5.185248148148154E-01	5.026894247573193E+01
5.199262062062068E-01	5.069781787104898E+01
5.213275975975982E-01	5.112729887426008E+01
5.227289889889896E-01	5.155738555746370E+01
5.241303803803810E-01	5.198807016980641E+01
5.255317717717723E-01	5.241933868404840E+01
5.269331631631637E-01	5.285118729159819E+01
5.283345545545551E-01	5.328361051486604E+01
5.297359459459465E-01	5.371659448224705E+01
5.311373373373379E-01	5.415013469120800E+01
5.325387287287293E-01	5.458422628863480E+01
5.339401201201207E-01	5.501885384675234E+01
5.353415115115121E-01	5.545401560330833E+01
5.367429029029035E-01	5.588970450907254E+01
5.381442942942949E-01	5.632590519643520E+01
5.395456856856863E-01	5.676261871911072E+01
5.409470770770777E-01	5.719983186230934E+01
5.423484684684691E-01	5.763753780136892E+01
5.437498598598605E-01	5.807573257812874E+01
5.451512512512519E-01	5.851439991931181E+01
5.465526426426432E-01	5.895354179301808E+01
5.479540340340346E-01	5.939314232236234E+01
5.493554254254260E-01	5.983319940217268E+01
5.507568168168174E-01	6.027370244660017E+01
5.521582082082088E-01	6.071464393661654E+01
5.535595995996002E-01	6.115601791628933E+01
5.549609909909916E-01	6.159781311015422E+01
5.563623823823830E-01	6.204002654540318E+01
5.577637737737744E-01	6.248264482701484E+01
5.591651651651658E-01	6.292566633915681E+01
5.605665565565572E-01	6.336907718337125E+01
5.619679479479486E-01	6.381287549553804E+01
5.633693393393400E-01	6.425704846888584E+01
5.647707307307314E-01	6.470159240684416E+01
5.661721221221228E-01	6.514649716822692E+01
5.675735135135141E-01	6.559175566120530E+01
5.689749049049055E-01	6.603736196261661E+01
5.703762962962969E-01	6.648330404414060E+01
5.717776876876883E-01	6.692958129452688E+01
5.731790790790797E-01	6.737617654009068E+01
5.745804704704711E-01	6.782309089221769E+01
5.759818618618625E-01	6.827031233395553E+01
5.773832532532539E-01	6.871783308858801E+01
5.787846446446453E-01	6.916564992064480E+01
5.801860360360367E-01	6.961374737779886E+01
5.815874274274281E-01	7.006212453755040E+01
5.829888188188195E-01	7.051077345842168E+01
5.843902102102109E-01	7.095968051926400E+01
5.857916016016023E-01	7.140884492839280E+01
5.871929929929937E-01	7.185825787969793E+01
5.885943843843850E-01	7.230790653543215E+01
5.899957757757764E-01	7.275778942795409E+01
5.913971671671678E-01	7.320789879916242E+01
5.927985585585592E-01	7.365822133761685E+01
5.941999499499506E-01	7.410875434205093E+01
5.956013413413420E-01	7.455949089749083E+01
5.970027327327334E-01	7.501042198496668E+01
5.984041241241248E-01	7.546153712912042E+01
5.998055155155162E-01	7.591283303533908E+01
6.012069069069076E-01	7.636430205738861E+01
6.026082982982990E-01	7.681593641394466E+01
6.040096896896904E-01	7.726772424328738E+01
6.054110810810818E-01	7.771966258868144E+01
6.068124724724732E-01	7.817174386949955E+01
6.082138638638646E-01	7.862396052207453E+01
6.096152552552560E-01	7.907630499976460E+01
6.110166466466473E-01	7.952876685387969E+01
6.124180380380387E-01	7.998134119030510E+01
6.138194294294301E-01	8.043402104405425E+01
6.152208208208215E-01	8.088679893576068E+01
6.166222122122129E-01	8.133966740344522E+01
6.180236036036043E-01	8.179261900258848E+01
6.194249949949957E-01	8.224564630621489E+01
6.208263863863871E-01	8.269874162457847E+01
6.222277777777785E-01	8.315189640106632E+01
6.236291691691699E-01	8.360510492501078E+01
6.250305605605613E-01	8.405835983870543E+01
6.264319519519527E-01	8.451165380235557E+01
6.278333433433441E-01	8.496497949415073E+01
6.292347347347355E-01	8.541832961034606E+01
6.306361261261269E-01	8.587169686533912E+01
6.320375175175182E-01	8.632507399174392E+01
6.334389089089096E-01	8.677845374047229E+01
6.348403003003010E-01	8.723182888081465E+01
6.362416916916924E-01	8.768519220051689E+01
6.376430830830838E-01	8.813853650585361E+01
6.390444744744752E-01	8.859185462172309E+01
6.404458658658666E-01	8.904513939171034E+01
6.418472572572580E-01	8.949838367817438E+01
6.432486486486494E-01	8.995158036233170E+01
6.446500400400408E-01	9.040472234433309E+01
6.460514314314322E-01	9.085780191416961E+01
6.474528228228236E-01	9.131081133113025E+01
6.488542142142150E-01	9.176374467407049E+01
6.502556056056064E-01	9.221659492153390E+01
6.516569969969978E-01	9.266935507142466E+01
6.530583883883891E-01	9.312201814107925E+01
6.544597797797805E-01	9.357457716735462E+01
6.558611711711719E-01	9.402702520671710E+01
6.572625625625633E-01	9.447935245327722E+01
6.586639539539547E-01	9.493155430746697E+01
6.600653453453461E-01	9.538362429081894E+01
6.614667367367375E-01	9.583555554099325E+01
6.628681281281289E-01	9.628734121568414E+01
6.642695195195203E-01	9.673897061714183E+01
6.656709109109117E-01	9.719044031421663E+01
6.670723023023031E-01	9.764174386792979E+01
6.684736936936945E-01	9.809287451898081E+01
6.698750850850859E-01	9.854382087973931E+01
6.712764764764773E-01	9.899458043109962E+01
6.726778678678687E-01	9.944514677109919E+01
6.740792592592600E-01	9.989551032191662E+01
6.754806506506514E-01	1.003456645985782E+02
6.768820420420428E-01	1.007956055541863E+02
6.782834334334342E-01	1.012453236114200E+02
6.796848248248256E-01	1.016948119586405E+02
6.810862162162170E-01	1.021440670768743E+02
6.824876076076084E-01	1.025930776322925E+02
6.838889989989998E-01	1.030418400216299E+02
6.852903903903912E-01	1.034903481746612E+02
6.866917817817826E-01	1.039385912093712E+02
6.880931731731740E-01	1.043865682474793E+02
6.894945645645654E-01	1.048342668479131E+02
6.908959559559568E-01	1.052816851360506E+02
6.922973473473482E-01	1.057288135607469E+02
6.936987387387396E-01	1.061756469693332E+02
6.951001301301309E-01	1.066221783912224E+02
6.965015215215223E-01	1.070684009941908E+02
6.979029129129137E-01	1.075143088067528E+02
6.993043043043051E-01	1.079598948835303E+02
7.007056956956965E-01	1.084051527030781E+02
7.021070870870879E-01	1.088500767405894E+02
7.035084784784793E-01	1.092946584085466E+02
7.049098698698707E-01	1.097388951032301E+02
7.063112612612621E-01	1.101827746884471E+02
7.077126526526535E-01	1.106262968232188E+02
7.091140440440449E-01	1.110694507493638E+02
7.105154354354363E-01	1.115122321260135E+02
7.119168268268277E-01	1.119546362435833E+02
7.133182182182191E-01	1.123966515139373E+02
7.147196096096105E-01	1.128382770110256E+02
7.161210010010018E-01	1.132795053251443E+02
7.175223923923932E-01	1.137203269367087E+02
7.189237837837846E-01	1.141607397089260E+02
7.203251751751760E-01	1.146007372757158E+02
7.217265665665674E-01	1.150403089899132E+02
7.231279579579588E-01	1.154794530308795E+02
7.245293493493502E-01	1.159181631865515E+02
7.259307407407416E-01	1.163564321165991E+02
7.273321321321330E-01	1.167942522722890E+02
7.287335235235244E-01	1.172316201564945E+02
7.301349149149158E-01	1.176685296369963E+02
7.315363063063072E-01	1.181049746163103E+02
7.329376976976986E-01	1.185409468748740E+02
7.343390890890900E-01	1.189764421092204E+02
7.357404804804814E-01	1.194114549606306E+02
7.371418718718727E-01	1.198459794704274E+02
7.385432632632641E-01	1.202800097156467E+02
7.399446546546555E-01	1.207135398092435E+02
7.413460460460469E-01	1.211465634442106E+02
7.427474374374383E-01	1.215790742350107E+02
7.441488288288297E-01	1.220110676175689E+02
7.455502202202211E-01	1.224425378483268E+02
7.469516116116125E-01	1.228734792206556E+02
7.483530030030039E-01	1.233038860650634E+02
7.497543943943953E-01	1.237337527494094E+02
7.511557857857867E-01	1.241630736791121E+02
7.525571771771781E-01	1.245918432973592E+02
7.539585685685695E-01	1.250200560853245E+02
7.553599599599609E-01	1.254477065623762E+02
7.567613513513523E-01	1.258747892862925E+02
7.581627427427436E-01	1.263012988534790E+02
7.595641341341350E-01	1.267272298991816E+02
7.609655255255264E-01	1.271525770977025E+02
7.623669169169178E-01	1.275773351626174E+02
7.637683083083092E-01	1.280014988469959E+02
7.651696996997006E-01	1.284250629436165E+02
7.665710910910920E-01	1.288480222851856E+02
7.679724824824834E-01	1.292703706830507E+02
7.693738738738748E-01	1.296921035121707E+02
7.707752652652662E-01	1.301132161860166E+02
7.721766566566576E-01	1.305337037019333E+02
7.735780480480490E-01	1.309535610983230E+02
7.749794394394404E-01	1.313727834548736E+02
7.763808308308318E-01	1.317913654097194E+02
7.777822222222232E-01	1.322093005588629E+02
7.791836136136145E-01	1.326265860333506E+02
7.805850050050059E-01	1.330432170831186E+02
7.819863963963973E-01	1.334591880891862E+02
7.833877877877887E-01	1.338744943931415E+02
7.847891791791801E-01	1.342891317027734E+02
7.861905705705715E-01	1.347030946592279E+02
7.875919619619629E-01	1.351163795489811E+02
7.889933533533543E-01	1.355289805046125E+02
7.903947447447457E-01	1.359408941481890E+02
7.917961361361371E-01	1.363521154721266E+02
7.931975275275285E-01	1.367626397703737E+02
7.945989189189199E-01	1.371724631849029E+02
7.960003103103113E-01	1.375815811130085E+02
7.974017017017027E-01	1.379899887117649E+02
7.988030930930941E-01	1.383976823019448E+02
8.002044844844854E-01	1.388046575838775E+02
8.016058758758768E-01	1.392109103095788E+02
8.030072672672682E-01	1.396164360029927E+02
8.044086586586596E-01	1.400212306933377E+02
8.058100500500510E-01	1.404252904672999E+02
8.072114414414424E-01	1.408286112852973E+02
8.086128328328338E-01	1.412311891609424E+02
8.100142242242252E-01	1.416330201613403E+02
8.114156156156166E-01	1.420341004073962E+02
8.128170070070080E-01	1.424344260741248E+02
8.142183983983994E-01	1.428339933909494E+02
8.156197897897908E-01	1.432327986420123E+02
8.170211811811822E-01	1.436308381664808E+02
8.184225725725736E-01	1.440281083588525E+02
8.198239639639650E-01	1.444246056692627E+02
8.212253553553563E-01	1.448203266037899E+02
8.226267467467477E-01	1.452152675074040E+02
8.240281381381391E-01	1.456094249612388E+02
8.254295295295305E-01	1.460027958459182E+02
8.268309209209219E-01	1.463953768959207E+02
8.282323123123133E-01	1.467871649032197E+02
8.296337037037047E-01	1.471781561370692E+02
8.310350950950961E-01	1.475683479390373E+02
8.324364864864875E-01	1.479577373797943E+02
8.338378778778789E-01	1.483463210276602E+02
8.352392692692703E-01	1.487340960153704E+02
8.366406606606617E-01	1.491210598615010E+02
8.380420520520531E-01	1.495072089667992E+02
8.394434434434445E-01	1.498925412110259E+02
8.408448348348359E-01	1.502770535809429E+02
8.422462262262272E-01	1.506607433816955E+02
8.436476176176186E-01	1.510436082197723E+02
8.450490090090100E-01	1.514256452410254E+02
8.464504004004014E-01	1.518068522710353E+02
8.478517917917928E-01	1.521872266875218E+02
8.492531831831842E-01	1.525667661588645E+02
8.506545745745756E-01	1.529454686612560E+02
8.520559659659670E-01	1.533233313543053E+02
8.534573573573584E-01	1.537003527668319E+02
8.548587487487498E-01	1.540765303857609E+02
8.562601401401412E-01	1.544518621511438E+02
8.576615315315326E-01	1.548263464339025E+02
8.590629229229240E-01	1.551999811015771E+02
8.604643143143154E-01	1.555727641018645E+02
8.618657057057068E-01	1.559446940453445E+02
8.632670970970981E-01	1.563157691988740E+02
8.646684884884895E-01	1.566859877992815E+02
8.660698798798809E-01	1.570553480819299E+02
8.674712712712723E-01	1.574238488529163E+02
8.688726626626637E-01	1.577914886677943E+02
8.702740540540551E-01	1.581582661554539E+02
8.716754454454465E-01	1.585241800184353E+02
8.730768368368379E-01	1.588892290332415E+02
8.744782282282293E-01	1.592534120039879E+02
8.758796196196207E-01	1.596167278254834E+02
8.772810110110121E-01	1.599791756088878E+02
8.786824024024035E-01	1.603407544281220E+02
8.800837937937949E-01	1.607014634325692E+02
8.814851851851863E-01	1.610613018473632E+02
8.828865765765777E-01	1.614202689736705E+02
8.842879679679690E-01	1.617783641889721E+02
8.856893593593604E-01	1.621355869473348E+02
8.870907507507518E-01	1.624919367796815E+02
8.884921421421432E-01	1.628474132410042E+02
8.898935335335346E-01	1.632020159768249E+02
8.912949249249260E-01	1.635557448244531E+02
8.926963163163174E-01	1.639085996263332E+02
8.940977077077088E-01	1.642605803030253E+02
8.954990990991002E-01	1.646116868534421E+02
8.969004904904916E-01	1.649619193550761E+02
8.983018818818830E-01	1.653112779642206E+02
8.997032732732744E-01	1.656597626631467E+02
9.011046646646658E-01	1.660073739934178E+02
9.025060560560572E-01	1.663541123682342E+02
9.039074474474486E-01	1.666999782626795E+02
9.053088388388399E-01	1.670449721295281E+02
9.067102302302313E-01	1.673890944837485E+02
9.081116216216227E-01	1.677323462613706E+02
9.095130130130141E-01	1.680747282592035E+02
9.109144044044055E-01	1.684162411493053E+02
9.123157957957969E-01	1.687568859528055E+02
9.137171871871883E-01	1.690966638549567E+02
9.151185785785797E-01	1.694355758551555E+02
9.165199699699711E-01	1.697736230408773E+02
9.179213613613625E-01	1.701108069398720E+02
9.193227527527539E-01	1.704471287750093E+02
9.207241441441453E-01	1.707825899221730E+02
9.221255355355367E-01	1.711171921360394E+02
9.235269269269281E-01	1.714509367902151E+02
9.249283183183195E-01	1.717838257075759E+02
9.263297097097108E-01	1.721158607509180E+02
9.277311011011022E-01	1.724470435057985E+02
9.291324924924936E-01	1.727773762355239E+02
9.305338838838850E-01	1.731068607447323E+02
9.319352752752764E-01	1.734354992577707E+02
9.333366666666678E-01	1.737632939779260E+02
9.347380580580592E-01	1.740902470716715E+02
9.361394494494506E-01	1.744163610964742E+02
9.375408408408420E-01	1.747416382329454E+02
9.389422322322334E-01	1.750660812851534E+02
9.403436236236248E-01	1.753896926302643E+02
9.417450150150162E-01	1.757124751493257E+02
9.431464064064076E-01	1.760344314807437E+02
9.445477977977990E-01	1.763555645804370E+02
9.459491891891904E-01	1.766758773243566E+02
9.473505805805817E-01	1.769953727752395E+02
9.487519719719731E-01	1.773140540172030E+02
9.501533633633645E-01	1.776319242431175E+02
9.515547547547559E-01	1.779489867236023E+02
9.529561461461473E-01	1.782652447975909E+02
9.543575375375387E-01	1.785807019069600E+02
9.557589289289301E-01	1.788953615465771E+02
9.571603203203215E-01	1.792092273193589E+02
9.585617117117129E-01	1.795223028813514E+02
9.599631031031043E-01	1.798345919898304E+02
9.613644944944957E-01	1.801460984641642E+02
9.627658858858871E-01	1.804568262112593E+02
9.641672772772785E-01	1.807667792144687E+02
9.655686686686699E-01	1.810759615258655E+02
9.669700600600613E-01	1.813843772937048E+02
9.683714514514526E-01	1.816920307092239E+02
9.697728428428440E-01	1.819989260885909E+02
9.711742342342354E-01	1.823050677527644E+02
9.725756256256268E-01	1.826104601928753E+02
9.739770170170182E-01	1.829151078447028E+02
9.753784084084096E-01	1.832190153874951E+02
9.767797997998010E-01	1.835221873493563E+02
9.781811911911924E-01	1.838246286190936E+02
9.795825825825838E-01	1.841263437951131E+02
9.809839739739752E-01	1.844273379768360E+02
9.823853653653666E-01	1.847276158672894E+02
9.837867567567580E-01	1.850271826674873E+02
9.851881481481494E-01	1.853260433031260E+02
9.865895395395408E-01	1.856242029886828E+02
9.879909309309322E-01	1.859216669398829E+02
9.893923223223235E-01	1.862184403003534E+02
9.907937137137149E-01	1.865145286628342E+02
9.921951051051063E-01	1.868099371123092E+02
9.935964964964977E-01	1.871046713738526E+02
9.949978878878891E-01	1.873987368233929E+02
9.963992792792805E-01	1.876921389580145E+02
9.978006706706719E-01	1.879848837512495E+02
9.992020620620633E-01	1.882769765301400E+02
1.000603453453455E+00	1.885684231969649E+02
1.002004844844846E+00	1.888592297094451E+02
1.003406236236237E+00	1.891494016476074E+02
1.004807627627629E+00	1.894389450824599E+02
1.006209019019020E+00	1.897278661463813E+02
1.007610410410411E+00	1.900161705699384E+02
1.009011801801802E+00	1.903038644306851E+02
1.010413193193194E+00	1.905909542903785E+02
1.011814584584585E+00	1.908774459226297E+02
1.013215975975976E+00	1.911633455354174E+02
1.014617367367368E+00	1.914486594022555E+02
1.016018758758759E+00	1.917333942403438E+02
1.017420150150150E+00	1.920175560323005E+02
1.018821541541541E+00	1.923011511674147E+02
1.020222932932933E+00	1.925841860935602E+02
1.021624324324324E+00	1.928666672993450E+02
1.023025715715715E+00	1.931486014826655E+02
1.024427107107106E+00	1.934299951667529E+02
1.025828498498498E+00	1.937108548053679E+02
1.027229889889889E+00	1.939911870316773E+02
1.028631281281280E+00	1.942709985118811E+02
1.030032672672672E+00	1.945502959436046E+02
1.031434064064063E+00	1.948290860542540E+02
1.032835455455454E+00	1.951073755993368E+02
1.034236846846845E+00	1.953851713607519E+02
1.035638238238237E+00	1.956624801450448E+02
1.037039629629628E+00	1.959393087816277E+02
1.038441021021019E+00	1.962156641209690E+02
1.039842412412411E+00	1.964915530327423E+02
1.041243803803802E+00	1.967669824039474E+02
1.042645195195193E+00	1.970419591369946E+02
1.044046586586584E+00	1.973164901477498E+02
1.045447977977976E+00	1.975905823635514E+02
1.046849369369367E+00	1.978642430914374E+02
1.048250760760758E+00	1.981374791773555E+02
1.049652152152150E+00	1.984102974010234E+02
1.051053543543541E+00	1.986827047213869E+02
1.052454934934932E+00	1.989547080985831E+02
1.053856326326323E+00	1.992263153424894E+02
1.055257717717715E+00	1.994975328426533E+02
1.056659109109106E+00	1.997683673996087E+02
1.058060500500497E+00	2.000388265649808E+02
1.059461891891889E+00	2.003089175493847E+02
1.060863283283280E+00	2.005786465634174E+02
1.062264674674671E+00	2.008480217057220E+02
1.063666066066062E+00	2.011170493995594E+02
1.065067457457454E+00	2.013857366215411E+02
1.066468848848845E+00	2.016540911687885E+02
1.067870240240236E+00	2.019221189743105E+02
1.069271631631628E+00	2.021898284588808E+02
1.070673023023019E+00	2.024572253004474E+02
1.072074414414410E+00	2.027243176815937E+02
1.073475805805801E+00	2.029911119278493E+02
1.074877197197193E+00	2.032576150042223E+02
1.076278588588584E+00	2.035238349065464E+02
1.077679979979975E+00	2.037897772878985E+02
1.079081371371367E+00	2.040554499374780E+02
1.080482762762758E+00	2.043208601769697E+02
1.081884154154149E+00	2.045860140579080E+02
1.083285545545540E+00	2.048509186233389E+02
1.084686936936932E+00	2.051155817498855E+02
1.086088328328323E+00	2.053800098850015E+02
1.087489719719714E+00	2.056442095972313E+02
1.088891111111105E+00	2.059081878335085E+02
1.090292502502497E+00	2.061719515135674E+02
1.091693893893888E+00	2.064355075278866E+02
1.093095285285279E+00	2.066988627356177E+02
1.094496676676671E+00	2.069620239624862E+02
1.095898068068062E+00	2.072249979986741E+02
1.097299459459453E+00	2.074877915966770E+02
1.098700850850844E+00	2.077504114691401E+02
1.100102242242236E+00	2.080128642866730E+02
1.101503633633627E+00	2.082751566756419E+02
1.102905025025018E+00	2.085372952159394E+02
1.104306416416410E+00	2.087992864387340E+02
1.105707807807801E+00	2.090611368241978E+02
1.107109199199192E+00	2.093228527992112E+02
1.108510590590583E+00	2.095844418447255E+02
1.109911981981975E+00	2.098459100792502E+02
1.111313373373366E+00	2.101072631191155E+02
1.112714764764757E+00	2.103685071661350E+02
1.114116156156149E+00	2.106296510726502E+02
1.115517547547540E+00	2.108906985557860E+02
1.116918938938931E+00	2.111516563158352E+02
1.118320330330322E+00	2.114125324208389E+02
1.119721721721714E+00	2.116733302161665E+02
1.121123113113105E+00	2.119340592721260E+02
1.122524504504496E+00	2.121947223238460E+02
1.123925895895888E+00	2.124553287611486E+02
1.125327287287279E+00	2.127158811585473E+02
1.126728678678670E+00	2.129763896157692E+02
1.128130070070061E+00	2.132368565491299E+02
1.129531461461453E+00	2.134972895749595E+02
1.130932852852844E+00	2.137576951106469E+02
1.132334244244235E+00	2.140180773102777E+02
1.133735635635627E+00	2.142784430222002E+02
1.135137027027018E+00	2.145387992321630E+02
1.136538418418409E+00	2.147991498867354E+02
1.137939809809800E+00	2.150595008648982E+02
1.139341201201192E+00	2.153198579886619E+02
1.140742592592583E+00	2.155802277570301E+02
1.142143983983974E+00	2.158406156743242E+02
1.143545375375365E+00	2.161010265762620E+02
1.144946766766757E+00	2.163614660282426E+02
1.146348158158148E+00	2.166219395298356E+02
1.147749549549539E+00	2.168824525130133E+02
1.149150940940931E+00	2.171430104036669E+02
1.150552332332322E+00	2.174036185087398E+02
1.151953723723713E+00	2.176642820529164E+02
1.153355115115104E+00	2.179250061830689E+02
1.154756506506496E+00	2.181857959724250E+02
1.156157897897887E+00	2.184466573789412E+02
1.157559289289278E+00	2.187075945408787E+02
1.158960680680670E+00	2.189686126106860E+02
1.160362072072061E+00	2.192297172448964E+02
1.161763463463452E+00	2.194909124322915E+02
1.163164854854843E+00	2.197522040364677E+02
1.164566246246235E+00	2.200135962354527E+02
1.165967637637626E+00	2.202750936874127E+02
1.167369029029017E+00	2.205367021970155E+02
1.168770420420409E+00	2.207984255701620E+02
1.170171811811800E+00	2.210602685742060E+02
1.171573203203191E+00	2.213222359112456E+02
1.172974594594582E+00	2.215843322104990E+02
1.174375985985974E+00	2.218465620268241E+02
1.175777377377365E+00	2.221089298392278E+02
1.177178768768756E+00	2.223714400493761E+02
1.178580160160148E+00	2.226340969800972E+02
1.179981551551539E+00	2.228969048738822E+02
1.181382942942930E+00	2.231598680501468E+02
1.182784334334321E+00	2.234229915116432E+02
1.184185725725713E+00	2.236862784001898E+02
1.185587117117104E+00	2.239497332043109E+02
1.186988508508495E+00	2.242133605150550E+02
1.188389899899887E+00	2.244771635312452E+02
1.189791291291278E+00	2.247411471881926E+02
1.191192682682669E+00	2.250053148578197E+02
1.192594074074060E+00	2.252696701358793E+02
1.193995465465452E+00	2.255342182926126E+02
1.195396856856843E+00	2.257989619519976E+02
1.196798248248234E+00	2.260639050447114E+02
1.198199639639626E+00	2.263290514292778E+02
1.199601031031017E+00	2.265944048908884E+02
1.201002422422408E+00	2.268599691402180E+02
1.202403813813799E+00	2.271257478122418E+02
1.203805205205191E+00	2.273917444650510E+02
1.205206596596582E+00	2.276579625786653E+02
1.206607987987973E+00	2.279244055538459E+02
1.208009379379364E+00	2.281910767109084E+02
1.209410770770756E+00	2.284579792885299E+02
1.210812162162147E+00	2.287251176540688E+02
1.212213553553538E+00	2.289924942485136E+02
1.213614944944930E+00	2.292601118159050E+02
1.215016336336321E+00	2.295279754388789E+02
1.216417727727712E+00	2.297960859905902E+02
1.217819119119103E+00	2.300644488717676E+02
1.219220510510495E+00	2.303330651140450E+02
1.220621901901886E+00	2.306019393581134E+02
1.222023293293277E+00	2.308710739160274E+02
1.223424684684669E+00	2.311404714033783E+02
1.224826076076060E+00	2.314101352016082E+02
1.226227467467451E+00	2.316800688053715E+02
1.227628858858842E+00	2.319502742633049E+02
1.229030250250234E+00	2.322207544828420E+02
1.230431641641625E+00	2.324915123003650E+02
1.231833033033016E+00	2.327625504803091E+02
1.233234424424408E+00	2.330338717142622E+02
1.234635815815799E+00	2.333054786200698E+02
1.236037207207190E+00	2.335773737409386E+02
1.237438598598581E+00	2.338495595638285E+02
1.238839989989973E+00	2.341220398105511E+02
1.240241381381364E+00	2.343948157369518E+02
1.241642772772755E+00	2.346678895854764E+02
1.243044164164147E+00	2.349412646041624E+02
1.244445555555538E+00	2.352149432233766E+02
1.245846946946929E+00	2.354889264604592E+02
1.247248338338320E+00	2.357632190865725E+02
1.248649729729712E+00	2.360378205365164E+02
1.250051121121103E+00	2.363127358295651E+02
1.251452512512494E+00	2.365879649548547E+02
1.252853903903886E+00	2.368635109860777E+02
1.254255295295277E+00	2.371393767053557E+02
1.255656686686668E+00	2.374155630190774E+02
1.257058078078059E+00	2.376920722099890E+02
1.258459469469451E+00	2.379689071419562E+02
1.259860860860842E+00	2.382460696599849E+02
1.261262252252233E+00	2.385235612635925E+02
1.262663643643624E+00	2.388013839774260E+02
1.264065035035016E+00	2.390795397614713E+02
1.265466426426407E+00	2.393580305104012E+02
1.266867817817798E+00	2.396368580529384E+02
1.268269209209190E+00	2.399160241512072E+02
1.269670600600581E+00	2.401955305000961E+02
1.271071991991972E+00	2.404753793828129E+02
1.272473383383363E+00	2.407555726802671E+02
1.273874774774755E+00	2.410361112244568E+02
1.275276166166146E+00	2.413169964413669E+02
1.276677557557537E+00	2.415982311290043E+02
1.278078948948929E+00	2.418798165774413E+02
1.279480340340320E+00	2.421617528985259E+02
1.280881731731711E+00	2.424440444900476E+02
1.282283123123102E+00	2.427266898060670E+02
1.283684514514494E+00	2.430096929153917E+02
1.285085905905885E+00	2.432930526369159E+02
1.286487297297276E+00	2.435767736161445E+02
1.287888688688668E+00	2.438608542512488E+02
1.289290080080059E+00	2.441452973643591E+02
1.290691471471450E+00	2.444301047964047E+02
1.292092862862841E+00	2.447152765014989E+02
1.293494254254233E+00	2.450008139957970E+02
1.294895645645624E+00	2.452867196910793E+02
1.296297037037015E+00	2.455729944446230E+02
1.297698428428407E+00	2.458596389289758E+02
1.299099819819798E+00	2.461466544389857E+02
1.300501211211189E+00	2.464340422144605E+02
1.301902602602580E+00	2.467218034397276E+02
1.303303993993972E+00	2.470099392431994E+02
1.304705385385363E+00	2.472984506969342E+02
1.306106776776754E+00	2.475873388162024E+02
1.307508168168146E+00	2.478766045590521E+02
1.308909559559537E+00	2.481662488258769E+02
1.310310950950928E+00	2.484562733626267E+02
1.311712342342319E+00	2.487466792591304E+02
1.313113733733711E+00	2.490374663802725E+02
1.314515125125102E+00	2.493286353975279E+02
1.315916516516493E+00	2.496201886951110E+02
1.317317907907884E+00	2.499121267504086E+02
1.318719299299276E+00	2.502044487293601E+02
1.320120690690667E+00	2.504971584432449E+02
1.321522082082058E+00	2.507902540467369E+02
1.322923473473450E+00	2.510837378265489E+02
1.324324864864841E+00	2.513776098031392E+02
1.325726256256232E+00	2.516718714475903E+02
1.327127647647623E+00	2.519665221179009E+02
1.328529039039015E+00	2.522615650391599E+02
1.329930430430406E+00	2.525569978702113E+02
1.331331821821797E+00	2.528528235083952E+02
1.332733213213189E+00	2.531490423073201E+02
1.334134604604580E+00	2.534456535904121E+02
1.335535995995971E+00	2.537426582186306E+02
1.336937387387362E+00	2.540400592005465E+02
1.338338778778754E+00	2.543378549199040E+02
1.339740170170145E+00	2.546360460101805E+02
1.341141561561536E+00	2.549346331539848E+02
1.342542952952928E+00	2.552336169898920E+02
1.343944344344319E+00	2.555329981121677E+02
1.345345735735710E+00	2.558327770704859E+02
1.346747127127101E+00	2.561329543696511E+02
1.348148518518493E+00	2.564335304693209E+02
1.349549909909884E+00	2.567345057837313E+02
1.350951301301275E+00	2.570358806814188E+02
1.352352692692667E+00	2.573376554849472E+02
1.353754084084058E+00	2.576398304706331E+02
1.355155475475449E+00	2.579424058682762E+02
1.356556866866840E+00	2.582453818608840E+02
1.357958258258232E+00	2.585487602690782E+02
1.359359649649623E+00	2.588525408503656E+02
1.360761041041014E+00	2.591567226699749E+02
1.362162432432406E+00	2.594613057264889E+02
1.363563823823797E+00	2.597662936318231E+02
1.364965215215188E+00	2.600716834589778E+02
1.366366606606579E+00	2.603774750397681E+02
1.367767997997971E+00	2.606836725696996E+02
1.369169389389362E+00	2.609902714224377E+02
1.370570780780753E+00	2.612972756865452E+02
1.371972172172145E+00	2.616046826503671E+02
1.373373563563536E+00	2.619124948135729E+02
1.374774954954927E+00	2.622207099819477E+02
1.376176346346318E+00	2.625293313241157E+02
1.377577737737710E+00	2.628383549186901E+02
1.378979129129101E+00	2.631477859539377E+02
1.380380520520492E+00	2.634576203973404E+02
1.381781911911883E+00	2.637678587944445E+02
1.383183303303275E+00	2.640785046203200E+02
1.384584694694666E+00	2.643895542970788E+02
1.385986086086057E+00	2.647010081547703E+02
1.387387477477449E+00	2.650128683386010E+02
1.388788868868840E+00	2.653251344030759E+02
1.390190260260231E+00	2.656378051424422E+02
1.391591651651622E+00	2.659508807531547E+02
1.392993043043014E+00	2.662643613989535E+02
1.394394434434405E+00	2.665782472106982E+02
1.395795825825796E+00	2.668925388668943E+02
1.397197217217188E+00	2.672072362732272E+02
1.398598608608579E+00	2.675223387083443E+02
1.399999999999970E+00	2.678378461653776E+02
