# barionic density, pressure
1.000000000000000E-05	1.277896330975636E-06
1.411391391391391E-03	-2.358003364975048E-04
2.812782782782782E-03	-1.100694073670638E-03
4.214174174174174E-03	-2.810749803813906E-03
5.615565565565564E-03	-5.436449840431123E-03
7.016956956956956E-03	-9.009679282257821E-03
8.418348348348348E-03	-1.354419170775145E-02
9.819739739739739E-03	-1.904338922599891E-02
1.122113113113113E-02	-2.142890752259063E-02
1.262252252252252E-02	-2.833774072797723E-02
1.402391391391391E-02	-3.619005061972302E-02
1.542530530530531E-02	-4.497242511467903E-02
1.682669669669670E-02	-5.466957487084301E-02
1.822808808808809E-02	-6.526472893989421E-02
1.962947947947948E-02	-7.673992445927524E-02
2.103087087087087E-02	-8.907622438795215E-02
2.243226226226226E-02	-1.022538847589090E-01
2.383365365365364E-02	-1.162524855954530E-01
2.523504504504503E-02	-1.219559305285998E-01
2.663643643643642E-02	-1.370340066102358E-01
2.803782782782781E-02	-1.528693283045186E-01
2.943921921921920E-02	-1.694396380151488E-01
3.084061061061059E-02	-1.867223627174894E-01
3.224200200200199E-02	-1.931182539597103E-01
3.364339339339338E-02	-2.112615403980840E-01
3.504478478478477E-02	-2.300486986104033E-01
3.644617617617617E-02	-2.494562397085360E-01
3.784756756756756E-02	-2.694605063403515E-01
3.924895895895895E-02	-2.759977405153791E-01
4.065035035035035E-02	-2.966320344979181E-01
4.205174174174174E-02	-3.177919789741850E-01
4.345313313313313E-02	-3.239469035092952E-01
4.485452452452453E-02	-3.455959593887883E-01
4.625591591591592E-02	-3.676986509294125E-01
4.765730730730731E-02	-3.902305552056191E-01
4.905869869869871E-02	-3.957137951902610E-01
5.046009009009010E-02	-4.185440987520792E-01
5.186148148148149E-02	-4.417307295069008E-01
5.326287287287289E-02	-4.463456013359632E-01
5.466426426426428E-02	-4.696867983652169E-01
5.606565565565567E-02	-4.933109849998232E-01
5.746704704704707E-02	-4.968473928464618E-01
5.886843843843846E-02	-5.204816146028293E-01
6.026982982982985E-02	-5.443251479245532E-01
6.167122122122125E-02	-5.465723183003206E-01
6.307261261261264E-02	-5.702808498746208E-01
6.447400400400403E-02	-5.941247520314050E-01
6.587539539539543E-02	-5.948714900341088E-01
6.727678678678682E-02	-6.184349821592150E-01
6.867817817817821E-02	-6.179079537990333E-01
7.007956956956961E-02	-6.410945642347201E-01
7.148096096096100E-02	-6.642931774438239E-01
7.288235235235239E-02	-6.619142209694928E-01
7.428374374374379E-02	-6.845901360906623E-01
7.568513513513518E-02	-6.807046421073437E-01
7.708652652652657E-02	-7.027612059843023E-01
7.848791791791797E-02	-7.247059946918739E-01
7.988930930930936E-02	-7.186170255596949E-01
8.129070070070075E-02	-7.397963608195823E-01
8.269209209209215E-02	-7.319682501478724E-01
8.409348348348354E-02	-7.522853482172991E-01
8.549487487487493E-02	-7.723665315008361E-01
8.689626626626633E-02	-7.619835985803434E-01
8.829765765765772E-02	-7.810561857905327E-01
8.969904904904911E-02	-7.687017796498026E-01
9.110044044044051E-02	-7.866688557762700E-01
9.250183183183190E-02	-7.722505808807796E-01
9.390322322322329E-02	-7.890151815514628E-01
9.530461461461469E-02	-8.053696614829278E-01
9.670600600600608E-02	-7.879058091377260E-01
9.810739739739748E-02	-8.029110416775325E-01
9.950878878878887E-02	-7.831513766688545E-01
1.009101801801803E-01	-7.967102057002080E-01
1.023115715715717E-01	-7.745624974388079E-01
1.037129629629630E-01	-7.865776835521388E-01
1.051143543543544E-01	-7.619497400919499E-01
1.065157457457458E-01	-7.723239478158916E-01
1.079171371371372E-01	-7.820628890597732E-01
1.093185285285286E-01	-7.537593899720036E-01
1.107199199199200E-01	-7.617097677177185E-01
1.121213113113114E-01	-7.306942944065895E-01
1.135227027027028E-01	-7.367584320588207E-01
1.149240940940942E-01	-7.029388102816938E-01
1.163254854854856E-01	-7.070188800189499E-01
1.177268768768770E-01	-6.703029214012872E-01
1.191282682682684E-01	-6.723009263449171E-01
1.205296596596598E-01	-6.734363749559975E-01
1.219310510510512E-01	-6.324141696629226E-01
1.233324424424426E-01	-6.313186529394557E-01
1.247338338338339E-01	-5.871679578509088E-01
1.261352252252253E-01	-5.837429301033694E-01
1.275366166166167E-01	-5.363713518041209E-01
1.289380080080081E-01	-5.305180276183137E-01
1.303393993993995E-01	-5.236231007614833E-01
1.317407907907909E-01	-4.714524202192365E-01
1.331421821821823E-01	-4.619788209735702E-01
1.345435735735737E-01	-4.063541962741510E-01
1.359449649649651E-01	-3.942023968956505E-01
1.373463563563565E-01	-3.808793936097459E-01
1.387477477477479E-01	-3.201011691263602E-01
1.401491391391393E-01	-3.039482458719931E-01
1.415505305305307E-01	-2.865452808227360E-01
1.429519219219220E-01	-2.203987172849224E-01
1.443533133133134E-01	-2.000131581852429E-01
1.457547047047048E-01	-1.300367323105434E-01
1.471560960960962E-01	-1.065675195280278E-01
1.485574874874876E-01	-8.171614646613534E-02
1.499588788788790E-01	-6.013256117114452E-03
1.513602702702704E-01	2.207619275543493E-02
1.527616616616618E-01	6.418313090648553E-02
1.541630530530532E-01	9.532255153698088E-02
1.555644444444446E-01	1.534742768590718E-01
1.569658358358360E-01	2.135531887799402E-01
1.583672272272274E-01	2.497103881423186E-01
1.597686186186188E-01	3.135300989620760E-01
1.611700100100102E-01	3.531029344437115E-01
1.625714014014016E-01	4.207674354672122E-01
1.639727927927929E-01	4.638647514078684E-01
1.653741841841843E-01	5.354786790564958E-01
1.667755755755757E-01	5.822101082121094E-01
1.681769669669671E-01	6.578787764456706E-01
1.695783583583585E-01	7.083547760898909E-01
1.709797497497499E-01	7.881842092389206E-01
1.723811411411413E-01	8.425160977188284E-01
1.737825325325327E-01	8.987294526937148E-01
1.751839239239241E-01	9.849130573833804E-01
1.765853153153155E-01	1.045152293250339E+00
1.779867067067069E-01	1.107360534962197E+00
1.793880980980983E-01	1.171567698077638E+00
1.807894894894897E-01	1.266551513961076E+00
1.821908808808811E-01	1.335015683158019E+00
1.835922722722725E-01	1.405568014821370E+00
1.849936636636638E-01	1.478239040037010E+00
1.863950550550552E-01	1.553059456041240E+00
1.877964464464466E-01	1.630060129155254E+00
1.891978378378380E-01	1.709272097724011E+00
1.905992292292294E-01	1.790726575060376E+00
1.920006206206208E-01	1.874454952391943E+00
1.934020120120122E-01	1.960488801809049E+00
1.948034034034036E-01	2.048859879211761E+00
1.962047947947950E-01	2.139600127255335E+00
1.976061861861864E-01	2.232741678293337E+00
1.990075775775778E-01	2.328316857312757E+00
2.004089689689692E-01	2.426358184863432E+00
2.018103603603606E-01	2.495780568089685E+00
2.032117517517520E-01	2.598707782512633E+00
2.046131431431434E-01	2.704201701385784E+00
2.060145345345347E-01	2.780749137700809E+00
2.074159259259261E-01	2.891337493210131E+00
2.088173173173175E-01	3.004595129671259E+00
2.102187087087089E-01	3.088597762702761E+00
2.116201001001003E-01	3.175071377251186E+00
2.130214914914917E-01	3.296278855407877E+00
2.144228828828831E-01	3.387945213237970E+00
2.158242742742745E-01	3.514681571141750E+00
2.172256656656659E-01	3.611696941903006E+00
2.186270570570573E-01	3.711384968089419E+00
2.200284484484487E-01	3.813787872053240E+00
2.214298398398401E-01	3.918948241620626E+00
2.228312312312315E-01	4.026909034418111E+00
2.242326226226229E-01	4.137713582138929E+00
2.256340140140143E-01	4.251405594749428E+00
2.270354054054056E-01	4.368029164625057E+00
2.284367967967970E-01	4.487628770613640E+00
2.298381881881884E-01	4.610249282018174E+00
2.312395795795798E-01	4.735935962494693E+00
2.326409709709712E-01	4.830914903741302E+00
2.340423623623626E-01	4.962775676468482E+00
2.354437537537540E-01	5.063837114906221E+00
2.368451451451454E-01	5.202068658598250E+00
2.382465365365368E-01	5.309422253419484E+00
2.396479279279282E-01	5.454225019530156E+00
2.410493193193196E-01	5.568084580057757E+00
2.424507107107110E-01	5.685240422675804E+00
2.438521021021024E-01	5.805750689447450E+00
2.452534934934938E-01	5.929674131982949E+00
2.466548848848852E-01	6.057070116094565E+00
2.480562762762765E-01	6.187998626219667E+00
2.494576676676679E-01	6.322520269602819E+00
2.508590590590593E-01	6.460696280221157E+00
2.522604504504507E-01	6.567724793998991E+00
2.536618418418421E-01	6.713345924741816E+00
2.550632332332335E-01	6.827856078412481E+00
2.564646246246249E-01	6.981189279028342E+00
2.578660160160163E-01	7.103465737941235E+00
2.592674074074077E-01	7.229718503681909E+00
2.606687987987991E-01	7.360025125358789E+00
2.620701901901905E-01	7.494464038155400E+00
2.634715815815818E-01	7.633114566246775E+00
2.648729729729732E-01	7.776056925147032E+00
2.662743643643646E-01	7.923372223459978E+00
2.676757557557560E-01	8.039982825145614E+00
2.690771471471474E-01	8.196289743207103E+00
2.704785385385388E-01	8.322070627971243E+00
2.718799299299302E-01	8.452584136828193E+00
2.732813213213216E-01	8.587930474593009E+00
2.746827127127130E-01	8.728211031350099E+00
2.760841041041044E-01	8.873528380339451E+00
2.774854954954958E-01	9.023986274695972E+00
2.788868868868872E-01	9.144702504993802E+00
2.802882782782786E-01	9.270867405321667E+00
2.816896696696700E-01	9.437482915240821E+00
2.830910610610614E-01	9.574856267324549E+00
2.844924524524527E-01	9.718050138590911E+00
2.858938438438441E-01	9.832526205962495E+00
2.872952352352355E-01	9.987831891160340E+00
2.886966266266269E-01	1.011486813283977E+01
2.900980180180183E-01	1.024845574572510E+01
2.914994094094097E-01	1.038875015218815E+01
2.929008008008011E-01	1.053590856871398E+01
2.943021921921925E-01	1.069008997670176E+01
2.957035835835839E-01	1.081757031302453E+01
2.971049749749753E-01	1.095268893039395E+01
2.985063663663667E-01	1.109563382799405E+01
2.999077577577581E-01	1.121319826001076E+01
3.013091491491495E-01	1.137254429092906E+01
3.027105405405409E-01	1.150727689303329E+01
3.041119319319323E-01	1.165101594483269E+01
3.055133233233236E-01	1.177139415176021E+01
3.069147147147150E-01	1.190169336477169E+01
3.083161061061064E-01	1.205019957811953E+01
3.097174974974978E-01	1.218513664131927E+01
3.111188888888892E-01	1.231527024685221E+01
3.125202802802806E-01	1.245695537255546E+01
3.139216716716720E-01	1.259501695002319E+01
3.153230630630634E-01	1.273024741014689E+01
3.167244544544548E-01	1.286348965445001E+01
3.181258458458462E-01	1.299563902348075E+01
3.195272372372376E-01	1.311289642141145E+01
3.209286286286290E-01	1.324597437664619E+01
3.223300200200204E-01	1.338099139086188E+01
3.237314114114118E-01	1.350498956972325E+01
3.251328028028032E-01	1.363373346758550E+01
3.265341941941945E-01	1.376851286714862E+01
3.279355855855859E-01	1.388411056596436E+01
3.293369769769773E-01	1.400970753185396E+01
3.307383683683687E-01	1.413422290521390E+01
3.321397597597601E-01	1.426032172110746E+01
3.335411511511515E-01	1.437890113542124E+01
3.349425425425429E-01	1.450573704169796E+01
3.363439339339343E-01	1.462186119235486E+01
3.377453253253257E-01	1.473349696590532E+01
3.391467167167171E-01	1.485763317752424E+01
3.405481081081085E-01	1.497117028268053E+01
3.419494994994999E-01	1.507654734464990E+01
3.433508908908913E-01	1.519682526520040E+01
3.447522822822827E-01	1.530047572405726E+01
3.461536736736741E-01	1.541115563855720E+01
3.475550650650654E-01	1.551959192029011E+01
3.489564564564568E-01	1.562553779144980E+01
3.503578478478482E-01	1.572893397084709E+01
3.517592392392396E-01	1.648334265549369E+01
3.531606306306310E-01	1.754965547111652E+01
3.545620220220224E-01	1.861978391165229E+01
3.559634134134138E-01	1.969372741913503E+01
3.573648048048052E-01	2.077148543926194E+01
3.587661961961966E-01	2.185305742135591E+01
3.601675875875880E-01	2.293844281832668E+01
3.615689789789794E-01	2.402764108663439E+01
3.629703703703708E-01	2.512065168625287E+01
3.643717617617622E-01	2.621747408063277E+01
3.657731531531536E-01	2.731810773666660E+01
3.671745445445450E-01	2.842255212465290E+01
3.685759359359363E-01	2.953080671826240E+01
3.699773273273277E-01	3.064287099450274E+01
3.713787187187191E-01	3.175874443368588E+01
3.727801101101105E-01	3.287842651939366E+01
3.741815015015019E-01	3.400191673844597E+01
3.755828928928933E-01	3.512921458086788E+01
3.769842842842847E-01	3.626031953985819E+01
3.783856756756761E-01	3.739523111175691E+01
3.797870670670675E-01	3.853394879601535E+01
3.811884584584589E-01	3.967647209516525E+01
3.825898498498503E-01	4.082280051478807E+01
3.839912412412417E-01	4.197293356348575E+01
3.853926326326331E-01	4.312687075285061E+01
3.867940240240245E-01	4.428461159743711E+01
3.881954154154159E-01	4.544615561473273E+01
3.895968068068072E-01	4.661150232512983E+01
3.909981981981986E-01	4.778065125189795E+01
3.923995895895900E-01	4.895360192115589E+01
3.938009809809814E-01	5.013035386184498E+01
3.952023723723728E-01	5.131090660570209E+01
3.966037637637642E-01	5.249525968723287E+01
3.980051551551556E-01	5.368341264368672E+01
3.994065465465470E-01	5.487536501502916E+01
4.008079379379384E-01	5.607111634391856E+01
4.022093293293298E-01	5.727066617567920E+01
4.036107207207212E-01	5.847401405827765E+01
4.050121121121126E-01	5.968115954229785E+01
4.064135035035040E-01	6.089210218091665E+01
4.078148948948954E-01	6.210684152988057E+01
4.092162862862868E-01	6.332537714748213E+01
4.106176776776782E-01	6.454770859453595E+01
4.120190690690695E-01	6.577383543435650E+01
4.134204604604609E-01	6.700375723273504E+01
4.148218518518523E-01	6.823747355791750E+01
4.162232432432437E-01	6.947498398058195E+01
4.176246346346351E-01	7.071628807381711E+01
4.190260260260265E-01	7.196138541310091E+01
4.204274174174179E-01	7.321027557627821E+01
4.218288088088093E-01	7.446295814354113E+01
4.232302002002007E-01	7.571943269740723E+01
4.246315915915921E-01	7.697969882269928E+01
4.260329829829835E-01	7.824375610652515E+01
4.274343743743749E-01	7.951160413825727E+01
4.288357657657663E-01	8.078324250951340E+01
4.302371571571577E-01	8.205867081413675E+01
4.316385485485491E-01	8.333788864817649E+01
4.330399399399404E-01	8.462089560986874E+01
4.344413313313318E-01	8.590769129961842E+01
4.358427227227232E-01	8.719827531997913E+01
4.372441141141146E-01	8.849264727563570E+01
4.386455055055060E-01	8.979080677338629E+01
4.400468968968974E-01	9.109275342212334E+01
4.414482882882888E-01	9.239848683281645E+01
4.428496796796802E-01	9.370800661849449E+01
4.442510710710716E-01	9.502131239422835E+01
4.456524624624630E-01	9.633840377711448E+01
4.470538538538544E-01	9.765928038625606E+01
4.484552452452458E-01	9.898394184274838E+01
4.498566366366372E-01	1.003123877696602E+02
4.512580280280286E-01	1.016446177920191E+02
4.526594194194200E-01	1.029806315367943E+02
4.540608108108113E-01	1.043204286328803E+02
4.554622022022027E-01	1.056640087110825E+02
4.568635935935941E-01	1.070113714040996E+02
4.582649849849855E-01	1.083625163465094E+02
4.596663763763769E-01	1.097174431747534E+02
4.610677677677683E-01	1.110761515271208E+02
4.624691591591597E-01	1.124386410437345E+02
4.638705505505511E-01	1.138049113665360E+02
4.652719419419425E-01	1.151749621392700E+02
4.666733333333339E-01	1.165487930074708E+02
4.680747247247253E-01	1.179264036184476E+02
4.694761161161167E-01	1.193077936212709E+02
4.708775075075081E-01	1.206929626667573E+02
4.722788988988995E-01	1.220819104074564E+02
4.736802902902909E-01	1.234746364976372E+02
4.750816816816822E-01	1.248711405932739E+02
4.764830730730736E-01	1.262714223520334E+02
4.778844644644650E-01	1.276754814332614E+02
4.792858558558564E-01	1.290833174979689E+02
4.806872472472478E-01	1.304949302088203E+02
4.820886386386392E-01	1.319103192301193E+02
4.834900300300306E-01	1.333294842277975E+02
4.848914214214220E-01	1.347524248694002E+02
4.862928128128134E-01	1.361791408240757E+02
4.876942042042048E-01	1.376096317625618E+02
4.890955955955962E-01	1.390438973571742E+02
4.904969869869876E-01	1.404819372817935E+02
4.918983783783790E-01	1.419237512118548E+02
4.932997697697704E-01	1.433693388243345E+02
4.947011611611618E-01	1.448186997977393E+02
4.961025525525531E-01	1.462718338120952E+02
4.975039439439445E-01	1.477287405489337E+02
4.989053353353359E-01	1.491894196912839E+02
5.003067267267273E-01	1.506538709236582E+02
5.017081181181187E-01	1.521220939320438E+02
5.031095095095101E-01	1.535940884038889E+02
5.045109009009014E-01	1.550698540280951E+02
5.059122922922928E-01	1.565493904950035E+02
5.073136836836842E-01	1.580326974963860E+02
5.087150750750756E-01	1.595197747254346E+02
5.101164664664670E-01	1.610106218767497E+02
5.115178578578584E-01	1.625052386463315E+02
5.129192492492498E-01	1.640036247315689E+02
5.143206406406412E-01	1.655057798312287E+02
5.157220320320326E-01	1.670117036454469E+02
5.171234234234240E-01	1.685213958757180E+02
5.185248148148154E-01	1.700348562248856E+02
5.199262062062068E-01	1.715520843971319E+02
5.213275975975982E-01	1.730730800979692E+02
5.227289889889896E-01	1.745978430342291E+02
5.241303803803810E-01	1.761263729140543E+02
5.255317717717723E-01	1.776586694468886E+02
5.269331631631637E-01	1.791947323434674E+02
5.283345545545551E-01	1.807345613158088E+02
5.297359459459465E-01	1.822781560772050E+02
5.311373373373379E-01	1.838255163422131E+02
5.325387287287293E-01	1.853766418266448E+02
5.339401201201207E-01	1.869315322475600E+02
5.353415115115121E-01	1.884901873232561E+02
5.367429029029035E-01	1.900526067732608E+02
5.381442942942949E-01	1.916187903183217E+02
5.395456856856863E-01	1.931887376804000E+02
5.409470770770777E-01	1.947624485826607E+02
5.423484684684691E-01	1.963399227494643E+02
5.437498598598605E-01	1.979211599063593E+02
5.451512512512519E-01	1.995061597800732E+02
5.465526426426432E-01	2.010949220985054E+02
5.479540340340346E-01	2.026874465907179E+02
5.493554254254260E-01	2.042837329869287E+02
5.507568168168174E-01	2.058837810185029E+02
5.521582082082088E-01	2.074875904179453E+02
5.535595995996002E-01	2.090951609188929E+02
5.549609909909916E-01	2.107064922561074E+02
5.563623823823830E-01	2.123215841654659E+02
5.577637737737744E-01	2.139404363839566E+02
5.591651651651658E-01	2.155630486496685E+02
5.605665565565572E-01	2.171894207017849E+02
5.619679479479486E-01	2.188195522805772E+02
5.633693393393400E-01	2.204534431273956E+02
5.647707307307314E-01	2.220910929846639E+02
5.661721221221228E-01	2.237325015958712E+02
5.675735135135141E-01	2.253776687055654E+02
5.689749049049055E-01	2.270265940593458E+02
5.703762962962969E-01	2.286792774038572E+02
5.717776876876883E-01	2.303357184867812E+02
5.731790790790797E-01	2.319959170568312E+02
5.745804704704711E-01	2.336598728637448E+02
5.759818618618625E-01	2.353275856582775E+02
5.773832532532539E-01	2.369990551921961E+02
5.787846446446453E-01	2.386742812182709E+02
5.801860360360367E-01	2.403532634902719E+02
5.815874274274281E-01	2.420360017629594E+02
5.829888188188195E-01	2.437224957920794E+02
5.843902102102109E-01	2.454127453343575E+02
5.857916016016023E-01	2.471067501474908E+02
5.871929929929937E-01	2.488045099901440E+02
5.885943843843850E-01	2.505060246219414E+02
5.899957757757764E-01	2.522112938034623E+02
5.913971671671678E-01	2.539203172962329E+02
5.927985585585592E-01	2.556330948627230E+02
5.941999499499506E-01	2.573496262663380E+02
5.956013413413420E-01	2.590699112714134E+02
5.970027327327334E-01	2.607939496432096E+02
5.984041241241248E-01	2.625217411479060E+02
5.998055155155162E-01	2.642532855525943E+02
6.012069069069076E-01	2.659885826252740E+02
6.026082982982990E-01	2.677276321348461E+02
6.040096896896904E-01	2.694704338511077E+02
6.054110810810818E-01	2.712169875447462E+02
6.068124724724732E-01	2.729672929873350E+02
6.082138638638646E-01	2.747213499513255E+02
6.096152552552560E-01	2.764791582100441E+02
6.110166466466473E-01	2.782407175376864E+02
6.124180380380387E-01	2.800060277093110E+02
6.138194294294301E-01	2.817750885008343E+02
6.152208208208215E-01	2.835478996890266E+02
6.166222122122129E-01	2.853244610515056E+02
6.180236036036043E-01	2.871047723667312E+02
6.194249949949957E-01	2.888888334140018E+02
6.208263863863871E-01	2.906766439734473E+02
6.222277777777785E-01	2.924682038260262E+02
6.236291691691699E-01	2.942635127535186E+02
6.250305605605613E-01	2.960625705385224E+02
6.264319519519527E-01	2.978653769644482E+02
6.278333433433441E-01	2.996719318155154E+02
6.292347347347355E-01	3.014822348767449E+02
6.306361261261269E-01	3.032962859339571E+02
6.320375175175182E-01	3.051140847737653E+02
6.334389089089096E-01	3.069356311835715E+02
6.348403003003010E-01	3.087609249515627E+02
6.362416916916924E-01	3.105899658667045E+02
6.376430830830838E-01	3.124227537187383E+02
6.390444744744752E-01	3.142592882981756E+02
6.404458658658666E-01	3.160995693962936E+02
6.418472572572580E-01	3.179435968051316E+02
6.432486486486494E-01	3.197913703174852E+02
6.446500400400408E-01	3.216428897269037E+02
6.460514314314322E-01	3.234981548276834E+02
6.474528228228236E-01	3.253571654148651E+02
6.488542142142150E-01	3.272199212842295E+02
6.502556056056064E-01	3.290864222322924E+02
6.516569969969978E-01	3.309566680563008E+02
6.530583883883891E-01	3.328306585542289E+02
6.544597797797805E-01	3.347083935247736E+02
6.558611711711719E-01	3.365898727673501E+02
6.572625625625633E-01	3.384750960820882E+02
6.586639539539547E-01	3.403640632698290E+02
6.600653453453461E-01	3.422567741321192E+02
6.614667367367375E-01	3.441532284712083E+02
6.628681281281289E-01	3.460534260900449E+02
6.642695195195203E-01	3.479573667922710E+02
6.656709109109117E-01	3.498650503822199E+02
6.670723023023031E-01	3.517764766649114E+02
6.684736936936945E-01	3.536916454460493E+02
6.698750850850859E-01	3.556105565320152E+02
6.712764764764773E-01	3.575332097298668E+02
6.726778678678687E-01	3.594596048473323E+02
6.740792592592600E-01	3.613897416928094E+02
6.754806506506514E-01	3.633236200753586E+02
6.768820420420428E-01	3.652612398047015E+02
6.782834334334342E-01	3.672026006912163E+02
6.796848248248256E-01	3.691477025459338E+02
6.810862162162170E-01	3.710965451805358E+02
6.824876076076084E-01	3.730491284073487E+02
6.838889989989998E-01	3.750054520393422E+02
6.852903903903912E-01	3.769655158901249E+02
6.866917817817826E-01	3.789293197739403E+02
6.880931731731740E-01	3.808968635056654E+02
6.894945645645654E-01	3.828681469008039E+02
6.908959559559568E-01	3.848431697754854E+02
6.922973473473482E-01	3.868219319464620E+02
6.936987387387396E-01	3.888044332311036E+02
6.951001301301309E-01	3.907906734473955E+02
6.965015215215223E-01	3.927806524139340E+02
6.979029129129137E-01	3.947743699499255E+02
6.993043043043051E-01	3.967718258751797E+02
7.007056956956965E-01	3.987730200101103E+02
7.021070870870879E-01	4.007779521757281E+02
7.035084784784793E-01	4.027866221936408E+02
7.049098698698707E-01	4.047990298860482E+02
7.063112612612621E-01	4.068151750757391E+02
7.077126526526535E-01	4.088350575860880E+02
7.091140440440449E-01	4.108586772410541E+02
7.105154354354363E-01	4.128860338651754E+02
7.119168268268277E-01	4.149171272835673E+02
7.133182182182191E-01	4.169519573219189E+02
7.147196096096105E-01	4.189905238064908E+02
7.161210010010018E-01	4.210328265641106E+02
7.175223923923932E-01	4.230788654221718E+02
7.189237837837846E-01	4.251286402086294E+02
7.203251751751760E-01	4.271821507519979E+02
7.217265665665674E-01	4.292393968813479E+02
7.231279579579588E-01	4.313003784263026E+02
7.245293493493502E-01	4.333650952170374E+02
7.259307407407416E-01	4.354335470842737E+02
7.273321321321330E-01	4.375057338592787E+02
7.287335235235244E-01	4.395816553738605E+02
7.301349149149158E-01	4.416613114603682E+02
7.315363063063072E-01	4.437447019516854E+02
7.329376976976986E-01	4.458318266812310E+02
7.343390890890900E-01	4.479226854829540E+02
7.357404804804814E-01	4.500172781913324E+02
7.371418718718727E-01	4.521156046413693E+02
7.385432632632641E-01	4.542176646685910E+02
7.399446546546555E-01	4.563234581090438E+02
7.413460460460469E-01	4.584329847992921E+02
7.427474374374383E-01	4.605462445764156E+02
7.441488288288297E-01	4.626632372780053E+02
7.455502202202211E-01	4.647839627421629E+02
7.469516116116125E-01	4.669084208074988E+02
7.483530030030039E-01	4.690366113131252E+02
7.497543943943953E-01	4.711685340986593E+02
7.511557857857867E-01	4.733041890042167E+02
7.525571771771781E-01	4.754435758704107E+02
7.539585685685695E-01	4.775866945383494E+02
7.553599599599609E-01	4.797335448496330E+02
7.567613513513523E-01	4.818841266463523E+02
7.581627427427436E-01	4.840384397710854E+02
7.595641341341350E-01	4.861964840668945E+02
7.609655255255264E-01	4.883582593773257E+02
7.623669169169178E-01	4.905237655464059E+02
7.637683083083092E-01	4.926930024186381E+02
7.651696996997006E-01	4.948659698390028E+02
7.665710910910920E-01	4.970426676529530E+02
7.679724824824834E-01	4.992230957064124E+02
7.693738738738748E-01	5.014072538457746E+02
7.707752652652662E-01	5.035951419178987E+02
7.721766566566576E-01	5.057867597701081E+02
7.735780480480490E-01	5.079821072501883E+02
7.749794394394404E-01	5.101811842063846E+02
7.763808308308318E-01	5.123839904873996E+02
7.777822222222232E-01	5.145905259423919E+02
7.791836136136145E-01	5.168007904209717E+02
7.805850050050059E-01	5.190147837732020E+02
7.819863963963973E-01	5.212325058495928E+02
7.833877877877887E-01	5.234539565011019E+02
7.847891791791801E-01	5.256791355791318E+02
7.861905705705715E-01	5.279080429355261E+02
7.875919619619629E-01	5.301406784225696E+02
7.889933533533543E-01	5.323770418929857E+02
7.903947447447457E-01	5.346171331999326E+02
7.917961361361371E-01	5.368609521970036E+02
7.931975275275285E-01	5.391084987382237E+02
7.945989189189199E-01	5.413597726780483E+02
7.960003103103113E-01	5.436147738713594E+02
7.974017017017027E-01	5.458735021734662E+02
7.988030930930941E-01	5.481359574401015E+02
8.002044844844854E-01	5.504021395274203E+02
8.016058758758768E-01	5.526720482919975E+02
8.030072672672682E-01	5.549456835908250E+02
8.044086586586596E-01	5.572230452813117E+02
8.058100500500510E-01	5.595041332212818E+02
8.072114414414424E-01	5.617889472689685E+02
8.086128328328338E-01	5.640774872830193E+02
8.100142242242252E-01	5.663697531224866E+02
8.114156156156166E-01	5.686657446468316E+02
8.128170070070080E-01	5.709654617159192E+02
8.142183983983994E-01	5.732689041900171E+02
8.156197897897908E-01	5.755760719297941E+02
8.170211811811822E-01	5.778869647963188E+02
8.184225725725736E-01	5.802015826510558E+02
8.198239639639650E-01	5.825199253558660E+02
8.212253553553563E-01	5.848419927730038E+02
8.226267467467477E-01	5.871677847651156E+02
8.240281381381391E-01	5.894973011952372E+02
8.254295295295305E-01	5.918305419267940E+02
8.268309209209219E-01	5.941675068235968E+02
8.282323123123133E-01	5.965081957498417E+02
8.296337037037047E-01	5.988526085701080E+02
8.310350950950961E-01	6.012007451493557E+02
8.324364864864875E-01	6.035526053529252E+02
8.338378778778789E-01	6.059081890465352E+02
8.352392692692703E-01	6.082674960962793E+02
8.366406606606617E-01	6.106305263686263E+02
8.380420520520531E-01	6.129972797304183E+02
8.394434434434445E-01	6.153677560488684E+02
8.408448348348359E-01	6.177419551915589E+02
8.422462262262272E-01	6.201198770264398E+02
8.436476176176186E-01	6.225015214218288E+02
8.450490090090100E-01	6.248868882464062E+02
8.464504004004014E-01	6.272759773692178E+02
8.478517917917928E-01	6.296687886596687E+02
8.492531831831842E-01	6.320653219875242E+02
8.506545745745756E-01	6.344655772229096E+02
8.520559659659670E-01	6.368695542363050E+02
8.534573573573584E-01	6.392772528985465E+02
8.548587487487498E-01	6.416886730808233E+02
8.562601401401412E-01	6.441038146546769E+02
8.576615315315326E-01	6.465226774919995E+02
8.590629229229240E-01	6.489452614650324E+02
8.604643143143154E-01	6.513715664463637E+02
8.618657057057068E-01	6.538015923089274E+02
8.632670970970981E-01	6.562353389260027E+02
8.646684884884895E-01	6.586728061712115E+02
8.660698798798809E-01	6.611139939185168E+02
8.674712712712723E-01	6.635589020422221E+02
8.688726626626637E-01	6.660075304169682E+02
8.702740540540551E-01	6.684598789177355E+02
8.716754454454465E-01	6.709159474198370E+02
8.730768368368379E-01	6.733757357989221E+02
8.744782282282293E-01	6.758392439309723E+02
8.758796196196207E-01	6.783064716923000E+02
8.772810110110121E-01	6.807774189595477E+02
8.786824024024035E-01	6.832520856096869E+02
8.800837937937949E-01	6.857304715200157E+02
8.814851851851863E-01	6.882125765681583E+02
8.828865765765777E-01	6.906984006320620E+02
8.842879679679690E-01	6.931879435899998E+02
8.856893593593604E-01	6.956812053205633E+02
8.870907507507518E-01	6.981781857026660E+02
8.884921421421432E-01	7.006788846155405E+02
8.898935335335346E-01	7.031833019387359E+02
8.912949249249260E-01	7.056914375521176E+02
8.926963163163174E-01	7.082032913358671E+02
8.940977077077088E-01	7.107188631704780E+02
8.954990990991002E-01	7.132381529367576E+02
8.969004904904916E-01	7.157611605158231E+02
8.983018818818830E-01	7.182878857891014E+02
8.997032732732744E-01	7.208183286383282E+02
9.011046646646658E-01	7.233524889455471E+02
9.025060560560572E-01	7.258903665931055E+02
9.039074474474486E-01	7.284319614636568E+02
9.053088388388399E-01	7.309772734401568E+02
9.067102302302313E-01	7.335263024058647E+02
9.081116216216227E-01	7.360790482443399E+02
9.095130130130141E-01	7.386355108394409E+02
9.109144044044055E-01	7.411956900753241E+02
9.123157957957969E-01	7.437595858364446E+02
9.137171871871883E-01	7.463271980075517E+02
9.151185785785797E-01	7.488985264736914E+02
9.165199699699711E-01	7.514735711202004E+02
9.179213613613625E-01	7.540523318327098E+02
9.193227527527539E-01	7.566348084971416E+02
9.207241441441453E-01	7.592210009997070E+02
9.221255355355367E-01	7.618109092269062E+02
9.235269269269281E-01	7.644045330655272E+02
9.249283183183195E-01	7.670018724026443E+02
9.263297097097108E-01	7.696029271256166E+02
9.277311011011022E-01	7.722076971220874E+02
9.291324924924936E-01	7.748161822799834E+02
9.305338838838850E-01	7.774283824875135E+02
9.319352752752764E-01	7.800442976331653E+02
9.333366666666678E-01	7.826639276057087E+02
9.347380580580592E-01	7.852872722941897E+02
9.361394494494506E-01	7.879143315879326E+02
9.375408408408420E-01	7.905451053765373E+02
9.389422322322334E-01	7.931795935498803E+02
9.403436236236248E-01	7.958177959981110E+02
9.417450150150162E-01	7.984597126116512E+02
9.431464064064076E-01	8.011053432811957E+02
9.445477977977990E-01	8.037546878977091E+02
9.459491891891904E-01	8.064077463524266E+02
9.473505805805817E-01	8.090645185368510E+02
9.487519719719731E-01	8.117250043427534E+02
9.501533633633645E-01	8.143892036621717E+02
9.515547547547559E-01	8.170571163874074E+02
9.529561461461473E-01	8.197287424110295E+02
9.543575375375387E-01	8.224040816258673E+02
9.557589289289301E-01	8.250831339250142E+02
9.571603203203215E-01	8.277658992018253E+02
9.585617117117129E-01	8.304523773499134E+02
9.599631031031043E-01	8.331425682631543E+02
9.613644944944957E-01	8.358364718356795E+02
9.627658858858871E-01	8.385340879618775E+02
9.641672772772785E-01	8.412354165363952E+02
9.655686686686699E-01	8.439404574541329E+02
9.669700600600613E-01	8.466492106102471E+02
9.683714514514526E-01	8.493616759001445E+02
9.697728428428440E-01	8.520778532194868E+02
9.711742342342354E-01	8.547977424641867E+02
9.725756256256268E-01	8.575213435304070E+02
9.739770170170182E-01	8.602486563145592E+02
9.753784084084096E-01	8.629796807133039E+02
9.767797997998010E-01	8.657144166235491E+02
9.781811911911924E-01	8.684528639424500E+02
9.795825825825838E-01	8.711950225674066E+02
9.809839739739752E-01	8.739408923960634E+02
9.823853653653666E-01	8.766904733263098E+02
9.837867567567580E-01	8.794437652562772E+02
9.851881481481494E-01	8.822007680843383E+02
9.865895395395408E-01	8.849614817091092E+02
9.879909309309322E-01	8.877259060294421E+02
9.893923223223235E-01	8.904940409444330E+02
9.907937137137149E-01	8.932658863534127E+02
9.921951051051063E-01	8.960414421559501E+02
9.935964964964977E-01	8.988207082518522E+02
9.949978878878891E-01	9.016036845411593E+02
9.963992792792805E-01	9.043903709241486E+02
9.978006706706719E-01	9.071807673013288E+02
9.992020620620633E-01	9.099748735734436E+02
1.000603453453455E+00	9.127726896414674E+02
1.002004844844846E+00	9.155742154066058E+02
1.003406236236237E+00	9.183794507702964E+02
1.004807627627629E+00	9.211883956342047E+02
1.006209019019020E+00	9.240010499002253E+02
1.007610410410411E+00	9.268174134704802E+02
1.009011801801802E+00	9.296374862473197E+02
1.010413193193194E+00	9.324612681333183E+02
1.011814584584585E+00	9.352887590312760E+02
1.013215975975976E+00	9.381199588442194E+02
1.014617367367368E+00	9.409548674753960E+02
1.016018758758759E+00	9.437934848282775E+02
1.017420150150150E+00	9.466358108065576E+02
1.018821541541541E+00	9.494818453141504E+02
1.020222932932933E+00	9.523315882551913E+02
1.021624324324324E+00	9.551850395340341E+02
1.023025715715715E+00	9.580421990552520E+02
1.024427107107106E+00	9.609030667236357E+02
1.025828498498498E+00	9.637676424441945E+02
1.027229889889889E+00	9.666359261221517E+02
1.028631281281280E+00	9.695079176629472E+02
1.030032672672672E+00	9.723836169722360E+02
1.031434064064063E+00	9.752630239558882E+02
1.032835455455454E+00	9.781461385199839E+02
1.034236846846845E+00	9.810329605708182E+02
1.035638238238237E+00	9.839234900148974E+02
1.037039629629628E+00	9.868177267589372E+02
1.038441021021019E+00	9.897156707098668E+02
1.039842412412411E+00	9.926173217748208E+02
1.041243803803802E+00	9.955226798611450E+02
1.042645195195193E+00	9.984317448763929E+02
1.044046586586584E+00	1.001344516728324E+03
1.045447977977976E+00	1.004260995324904E+03
1.046849369369367E+00	1.007181180574307E+03
1.048250760760758E+00	1.010105072384909E+03
1.049652152152150E+00	1.013032670665292E+03
1.051053543543541E+00	1.015963975324239E+03
1.052454934934932E+00	1.018898986270739E+03
1.053856326326323E+00	1.021837703413983E+03
1.055257717717715E+00	1.024780126663358E+03
1.056659109109106E+00	1.027726255928459E+03
1.058060500500497E+00	1.030676091119075E+03
1.059461891891889E+00	1.033629632145198E+03
1.060863283283280E+00	1.036586878917017E+03
1.062264674674671E+00	1.039547831344917E+03
1.063666066066062E+00	1.042512489339483E+03
1.065067457457454E+00	1.045480852811497E+03
1.066468848848845E+00	1.048452921671931E+03
1.067870240240236E+00	1.051428695831960E+03
1.069271631631628E+00	1.054408175202946E+03
1.070673023023019E+00	1.057391359696449E+03
1.072074414414410E+00	1.060378249224223E+03
1.073475805805801E+00	1.063368843698209E+03
1.074877197197193E+00	1.066363143030545E+03
1.076278588588584E+00	1.069361147133557E+03
1.077679979979975E+00	1.072362855919762E+03
1.079081371371367E+00	1.075368269301867E+03
1.080482762762758E+00	1.078377387192767E+03
1.081884154154149E+00	1.081390209505547E+03
1.083285545545540E+00	1.084406736153479E+03
1.084686936936932E+00	1.087426967050020E+03
1.086088328328323E+00	1.090450902108817E+03
1.087489719719714E+00	1.093478541243701E+03
1.088891111111105E+00	1.096509884368686E+03
1.090292502502497E+00	1.099544931397974E+03
1.091693893893888E+00	1.102583682245949E+03
1.093095285285279E+00	1.105626136827179E+03
1.094496676676671E+00	1.108672295056414E+03
1.095898068068062E+00	1.111722156848586E+03
1.097299459459453E+00	1.114775722118807E+03
1.098700850850844E+00	1.117832990782374E+03
1.100102242242236E+00	1.120893962754758E+03
1.101503633633627E+00	1.123958637951617E+03
1.102905025025018E+00	1.127027016288780E+03
1.104306416416410E+00	1.130099097682258E+03
1.105707807807801E+00	1.133174882048242E+03
1.107109199199192E+00	1.136254369303095E+03
1.108510590590583E+00	1.139337559363362E+03
1.109911981981975E+00	1.142424452145760E+03
1.111313373373366E+00	1.145515047567180E+03
1.112714764764757E+00	1.148609345544694E+03
1.114116156156149E+00	1.151707345995541E+03
1.115517547547540E+00	1.154809048837138E+03
1.116918938938931E+00	1.157914453987074E+03
1.118320330330322E+00	1.161023561363109E+03
1.119721721721714E+00	1.164136370883176E+03
1.121123113113105E+00	1.167252882465380E+03
1.122524504504496E+00	1.170373096027995E+03
1.123925895895888E+00	1.173497011489466E+03
1.125327287287279E+00	1.176624628768408E+03
1.126728678678670E+00	1.179755947783601E+03
1.128130070070061E+00	1.182890968454001E+03
1.129531461461453E+00	1.186029690698724E+03
1.130932852852844E+00	1.189172114437058E+03
1.132334244244235E+00	1.192318239588458E+03
1.133735635635627E+00	1.195468066072542E+03
1.135137027027018E+00	1.198621593809095E+03
1.136538418418409E+00	1.201778822718069E+03
1.137939809809800E+00	1.204939752719577E+03
1.139341201201192E+00	1.208104383733899E+03
1.140742592592583E+00	1.211272715681477E+03
1.142143983983974E+00	1.214444748482916E+03
1.143545375375365E+00	1.217620482058986E+03
1.144946766766757E+00	1.220799916330612E+03
1.146348158158148E+00	1.223983051218889E+03
1.147749549549539E+00	1.227169886645066E+03
1.149150940940931E+00	1.230360422530558E+03
1.150552332332322E+00	1.233554658796934E+03
1.151953723723713E+00	1.236752595365926E+03
1.153355115115104E+00	1.239954232159423E+03
1.154756506506496E+00	1.243159569099474E+03
1.156157897897887E+00	1.246368606108284E+03
1.157559289289278E+00	1.249581343108217E+03
1.158960680680670E+00	1.252797780021790E+03
1.160362072072061E+00	1.256017916771681E+03
1.161763463463452E+00	1.259241753280720E+03
1.163164854854843E+00	1.262469289471894E+03
1.164566246246235E+00	1.265700525268345E+03
1.165967637637626E+00	1.268935460593367E+03
1.167369029029017E+00	1.272174095370409E+03
1.168770420420409E+00	1.275416429523076E+03
1.170171811811800E+00	1.278662462975118E+03
1.171573203203191E+00	1.281912195650447E+03
1.172974594594582E+00	1.285165627473119E+03
1.174375985985974E+00	1.288422758367346E+03
1.175777377377365E+00	1.291683588257488E+03
1.177178768768756E+00	1.294948117068055E+03
1.178580160160148E+00	1.298216344723709E+03
1.179981551551539E+00	1.301488271149263E+03
1.181382942942930E+00	1.304763896269671E+03
1.182784334334321E+00	1.308043220010044E+03
1.184185725725713E+00	1.311326242295637E+03
1.185587117117104E+00	1.314612963051853E+03
1.186988508508495E+00	1.317903382204242E+03
1.188389899899887E+00	1.321197499678500E+03
1.189791291291278E+00	1.324495315400469E+03
1.191192682682669E+00	1.327796829296139E+03
1.192594074074060E+00	1.331102041291641E+03
1.193995465465452E+00	1.334410951313255E+03
1.195396856856843E+00	1.337723559287402E+03
1.196798248248234E+00	1.341039865140647E+03
1.198199639639626E+00	1.344359868799703E+03
1.199601031031017E+00	1.347683570191418E+03
1.201002422422408E+00	1.351010969242790E+03
1.202403813813799E+00	1.354342065880954E+03
1.203805205205191E+00	1.357676860033189E+03
1.205206596596582E+00	1.361015351626914E+03
1.206607987987973E+00	1.364357540589689E+03
1.208009379379364E+00	1.367703426849214E+03
1.209410770770756E+00	1.371053010333330E+03
1.210812162162147E+00	1.374406290970016E+03
1.212213553553538E+00	1.377763268687390E+03
1.213614944944930E+00	1.381123943413710E+03
1.215016336336321E+00	1.384488315077371E+03
1.216417727727712E+00	1.387856383606905E+03
1.217819119119103E+00	1.391228148930983E+03
1.219220510510495E+00	1.394603610978412E+03
1.220621901901886E+00	1.397982769678132E+03
1.222023293293277E+00	1.401365624959227E+03
1.223424684684669E+00	1.404752176750910E+03
1.224826076076060E+00	1.408142424982530E+03
1.226227467467451E+00	1.411536369583573E+03
1.227628858858842E+00	1.414934010483657E+03
1.229030250250234E+00	1.418335347612536E+03
1.230431641641625E+00	1.421740380900096E+03
1.231833033033016E+00	1.425149110276357E+03
1.233234424424408E+00	1.428561535671472E+03
1.234635815815799E+00	1.431977657015723E+03
1.236037207207190E+00	1.435397474239529E+03
1.237438598598581E+00	1.438820987273439E+03
1.238839989989973E+00	1.442248196048129E+03
1.240241381381364E+00	1.445679100494412E+03
1.241642772772755E+00	1.449113700543227E+03
1.243044164164147E+00	1.452551996125644E+03
1.244445555555538E+00	1.455993987172863E+03
1.245846946946929E+00	1.459439673616212E+03
1.247248338338320E+00	1.462889055387151E+03
1.248649729729712E+00	1.466342132417263E+03
1.250051121121103E+00	1.469798904638265E+03
1.251452512512494E+00	1.473259371981997E+03
1.252853903903886E+00	1.476723534380428E+03
1.254255295295277E+00	1.480191391765654E+03
1.255656686686668E+00	1.483662944069898E+03
1.257058078078059E+00	1.487138191225506E+03
1.258459469469451E+00	1.490617133164954E+03
1.259860860860842E+00	1.494099769820840E+03
1.261262252252233E+00	1.497586101125890E+03
1.262663643643624E+00	1.501076127012952E+03
1.264065035035016E+00	1.504569847414999E+03
1.265466426426407E+00	1.508067262265129E+03
1.266867817817798E+00	1.511568371496561E+03
1.268269209209190E+00	1.515073175042641E+03
1.269670600600581E+00	1.518581672836834E+03
1.271071991991972E+00	1.522093864812728E+03
1.272473383383363E+00	1.525609750904036E+03
1.273874774774755E+00	1.529129331044589E+03
1.275276166166146E+00	1.532652605168341E+03
1.276677557557537E+00	1.536179573209369E+03
1.278078948948929E+00	1.539710235101866E+03
1.279480340340320E+00	1.543244590780150E+03
1.280881731731711E+00	1.546782640178657E+03
1.282283123123102E+00	1.550324383231940E+03
1.283684514514494E+00	1.553869819874675E+03
1.285085905905885E+00	1.557418950041656E+03
1.286487297297276E+00	1.560971773667794E+03
1.287888688688668E+00	1.564528290688121E+03
1.289290080080059E+00	1.568088501037782E+03
1.290691471471450E+00	1.571652404652046E+03
1.292092862862841E+00	1.575220001466294E+03
1.293494254254233E+00	1.578791291416024E+03
1.294895645645624E+00	1.582366274436856E+03
1.296297037037015E+00	1.585944950464519E+03
1.297698428428407E+00	1.589527319434863E+03
1.299099819819798E+00	1.593113381283850E+03
1.300501211211189E+00	1.596703135947558E+03
1.301902602602580E+00	1.600296583362183E+03
1.303303993993972E+00	1.603893723464031E+03
1.304705385385363E+00	1.607494556189526E+03
1.306106776776754E+00	1.611099081475202E+03
1.307508168168146E+00	1.614707299257710E+03
1.308909559559537E+00	1.618319209473811E+03
1.310310950950928E+00	1.621934812060382E+03
1.311712342342319E+00	1.625554106954411E+03
1.313113733733711E+00	1.629177094092998E+03
1.314515125125102E+00	1.632803773413355E+03
1.315916516516493E+00	1.636434144852805E+03
1.317317907907884E+00	1.640068208348785E+03
1.318719299299276E+00	1.643705963838839E+03
1.320120690690667E+00	1.647347411260626E+03
1.321522082082058E+00	1.650992550551911E+03
1.322923473473450E+00	1.654641381650571E+03
1.324324864864841E+00	1.658293904494593E+03
1.325726256256232E+00	1.661950119022074E+03
1.327127647647623E+00	1.665610025171218E+03
1.328529039039015E+00	1.669273622880340E+03
1.329930430430406E+00	1.672940912087861E+03
1.331331821821797E+00	1.676611892732312E+03
1.332733213213189E+00	1.680286564752332E+03
1.334134604604580E+00	1.683964928086667E+03
1.335535995995971E+00	1.687646982674169E+03
1.336937387387362E+00	1.691332728453799E+03
1.338338778778754E+00	1.695022165364623E+03
1.339740170170145E+00	1.698715293345816E+03
1.341141561561536E+00	1.702412112336656E+03
1.342542952952928E+00	1.706112622276528E+03
1.343944344344319E+00	1.709816823104923E+03
1.345345735735710E+00	1.713524714761436E+03
1.346747127127101E+00	1.717236297185768E+03
1.348148518518493E+00	1.720951570317725E+03
1.349549909909884E+00	1.724670534097213E+03
1.350951301301275E+00	1.728393188464249E+03
1.352352692692667E+00	1.732119533358950E+03
1.353754084084058E+00	1.735849568721535E+03
1.355155475475449E+00	1.739583294492328E+03
1.356556866866840E+00	1.743320710611757E+03
1.357958258258232E+00	1.747061817020351E+03
1.359359649649623E+00	1.750806613658740E+03
1.360761041041014E+00	1.754555100467658E+03
1.362162432432406E+00	1.758307277387941E+03
1.363563823823797E+00	1.762063144360528E+03
1.364965215215188E+00	1.765822701326453E+03
1.366366606606579E+00	1.769585948226856E+03
1.367767997997971E+00	1.773352885002978E+03
1.369169389389362E+00	1.777123511596157E+03
1.370570780780753E+00	1.780897827947834E+03
1.371972172172145E+00	1.784675833999550E+03
1.373373563563536E+00	1.788457529692941E+03
1.374774954954927E+00	1.792242914969749E+03
1.376176346346318E+00	1.796031989771808E+03
1.377577737737710E+00	1.799824754041059E+03
1.378979129129101E+00	1.803621207719533E+03
1.380380520520492E+00	1.807421350749364E+03
1.381781911911883E+00	1.811225183072783E+03
1.383183303303275E+00	1.815032704632120E+03
1.384584694694666E+00	1.818843915369798E+03
1.385986086086057E+00	1.822658815228343E+03
1.387387477477449E+00	1.826477404150374E+03
1.388788868868840E+00	1.830299682078606E+03
1.390190260260231E+00	1.834125648955853E+03
1.391591651651622E+00	1.837955304725025E+03
1.392993043043014E+00	1.841788649329126E+03
1.394394434434405E+00	1.845625682711257E+03
1.395795825825796E+00	1.849466404814613E+03
1.397197217217188E+00	1.853310815582486E+03
1.398598608608579E+00	1.857158914958260E+03
1.399999999999970E+00	1.861010702885417E+03
