# barionic density, pressure
1.000000000000000E-05	2.007834609685233E-08
1.411391391391391E-03	1.421482326122714E-04
2.812782782782782E-03	-5.745163632582262E-04
4.214174174174174E-03	-2.374974695271703E-03
5.615565565565564E-03	-3.292146708872679E-03
7.016956956956956E-03	-6.951429968580669E-03
8.418348348348348E-03	-1.184248067954741E-02
9.819739739739739E-03	-1.441208642427227E-02
1.122113113113113E-02	-2.128851430632039E-02
1.262252252252252E-02	-2.941896564152557E-02
1.402391391391391E-02	-3.372401802675995E-02
1.542530530530531E-02	-4.384646178516505E-02
1.682669669669670E-02	-4.913655687323626E-02
1.822808808808809E-02	-6.123016191497754E-02
1.962947947947948E-02	-6.748085422316308E-02
2.103087087087087E-02	-8.151339116886902E-02
2.243226226226226E-02	-9.675368703267395E-02
2.383365365365364E-02	-1.046225633464246E-01
2.523504504504503E-02	-1.217393267202169E-01
2.663643643643642E-02	-1.304723828974375E-01
2.803782782782781E-02	-1.494184041254130E-01
2.943921921921920E-02	-1.589691242787694E-01
3.084061061061059E-02	-1.686691721362195E-01
3.224200200200199E-02	-1.900128211766514E-01
3.364339339339338E-02	-2.004561165878158E-01
3.504478478478477E-02	-2.234987941275222E-01
3.644617617617617E-02	-2.346327715301868E-01
3.784756756756756E-02	-2.593187547812477E-01
3.924895895895895E-02	-2.710893505582135E-01
4.065035035035035E-02	-2.829185488411667E-01
4.205174174174174E-02	-3.097136148627442E-01
4.345313313313313E-02	-3.220968110682634E-01
4.485452452452453E-02	-3.344976499854511E-01
4.625591591591592E-02	-3.632721086531774E-01
4.765730730730731E-02	-3.761425045869373E-01
4.905869869869871E-02	-3.889888195169533E-01
5.046009009009010E-02	-4.196107952833472E-01
5.186148148148149E-02	-4.328409982966832E-01
5.326287287287289E-02	-4.460048859567678E-01
5.466426426426428E-02	-4.783410691875360E-01
5.606565565565567E-02	-4.918023805781786E-01
5.746704704704707E-02	-5.051548193006283E-01
5.886843843843846E-02	-5.183843289065635E-01
6.026982982982985E-02	-5.314768357199000E-01
6.167122122122125E-02	-5.660452654085475E-01
6.307261261261264E-02	-5.792908780211974E-01
6.447400400400403E-02	-5.923566874372455E-01
6.587539539539543E-02	-6.052285917514837E-01
6.727678678678682E-02	-6.178924894230704E-01
6.867817817817821E-02	-6.543225254382605E-01
7.007956956956961E-02	-6.669949195068057E-01
7.148096096096100E-02	-6.794165281257847E-01
7.288235235235239E-02	-6.915732797315286E-01
7.428374374374379E-02	-7.034511152689902E-01
7.568513513513518E-02	-7.150359901653474E-01
7.708652652652657E-02	-7.263138761760501E-01
7.848791791791797E-02	-7.372707631081994E-01
7.988930930930936E-02	-7.478926604472917E-01
8.129070070070075E-02	-7.581655988676630E-01
8.269209209209215E-02	-7.680756316784709E-01
8.409348348348354E-02	-7.776088361587199E-01
8.549487487487493E-02	-7.867513148279386E-01
8.689626626626633E-02	-8.255262851187126E-01
8.829765765765772E-02	-8.343061227457156E-01
8.969904904904911E-02	-8.426532301563157E-01
9.110044044044051E-02	-8.191369702141174E-01
9.250183183183190E-02	-8.261183209705223E-01
9.390322322322329E-02	-8.326261534778041E-01
9.530461461461469E-02	-8.386467768965531E-01
9.670600600600608E-02	-8.441665335291191E-01
9.810739739739748E-02	-8.491717995758563E-01
9.950878878878887E-02	-8.536489858710183E-01
1.009101801801803E-01	-8.575845385638559E-01
1.023115715715717E-01	-8.609649397754993E-01
1.037129629629630E-01	-8.637767082243499E-01
1.051143543543544E-01	-8.660063998094074E-01
1.065157457457458E-01	-8.676406081823416E-01
1.079171371371372E-01	-8.686659652770459E-01
1.093185285285286E-01	-8.317400118013438E-01
1.107199199199200E-01	-8.310546401395413E-01
1.121213113113114E-01	-8.297209912308290E-01
1.135227027027028E-01	-8.277258531821872E-01
1.149240940940942E-01	-8.250560547103305E-01
1.163254854854856E-01	-8.216984655500710E-01
1.177268768768770E-01	-7.776171218182526E-01
1.191282682682684E-01	-7.723942356634552E-01
1.205296596596598E-01	-7.664448501147945E-01
1.219310510510512E-01	-7.597560008578057E-01
1.233324424424426E-01	-7.523147663507643E-01
1.247338338338339E-01	-7.018550711567286E-01
1.261352252252253E-01	-6.924220775598542E-01
1.275366166166167E-01	-6.821986167174146E-01
1.289380080080081E-01	-6.711719393675821E-01
1.303393993993995E-01	-6.153026787052340E-01
1.317407907907909E-01	-6.021847313860462E-01
1.331421821821823E-01	-5.882260014315079E-01
1.345435735735737E-01	-5.280656008786764E-01
1.359449649649651E-01	-5.119420554809722E-01
1.373463563563565E-01	-4.949405544749652E-01
1.387477477477479E-01	-4.303820478436364E-01
1.401491391391393E-01	-4.111429601312011E-01
1.415505305305307E-01	-3.909891426876584E-01
1.429519219219220E-01	-3.219266852801184E-01
1.443533133133134E-01	-2.994632949254310E-01
1.457547047047048E-01	-2.760488045580587E-01
1.471560960960962E-01	-2.023776888964903E-01
1.485574874874876E-01	-1.765824340016025E-01
1.499588788788790E-01	-1.498001170564294E-01
1.513602702702704E-01	-7.141678673917795E-02
1.527616616616618E-01	-4.218331662934816E-02
1.541630530530532E-01	3.953984319139181E-02
1.555644444444446E-01	7.127070356489185E-02
1.569658358358360E-01	1.040475171164417E-01
1.583672272272274E-01	1.906525998936104E-01
1.597686186186188E-01	2.259958420560224E-01
1.611700100100102E-01	3.160523300431350E-01
1.625714014014016E-01	3.540073385205460E-01
1.639727927927929E-01	4.475591494723403E-01
1.653741841841843E-01	4.881709008927828E-01
1.667755755755757E-01	5.852616081535871E-01
1.681769669669671E-01	6.285747165961766E-01
1.695783583583585E-01	7.292475475884430E-01
1.709797497497499E-01	7.753062632194769E-01
1.723811411411413E-01	8.796040980594171E-01
1.737825325325327E-01	9.284523059002368E-01
1.751839239239241E-01	1.036417676127598E+00
1.765853153153155E-01	1.088098894920449E+00
1.779867067067069E-01	1.199773982335842E+00
1.793880980980983E-01	1.254331363512961E+00
1.807894894894897E-01	1.369757999109993E+00
1.821908808808811E-01	1.427234325859672E+00
1.835922722722725E-01	1.546453988855660E+00
1.849936636636638E-01	1.606891675273459E+00
1.863950550550552E-01	1.729945492220509E+00
1.877964464464466E-01	1.855140723663794E+00
1.891978378378380E-01	1.920315326511968E+00
1.905992292292294E-01	2.049405512908152E+00
1.920006206206208E-01	2.117645584283764E+00
1.934020120120122E-01	2.250670971591603E+00
1.948034034034036E-01	2.385887434823644E+00
1.962047947947950E-01	2.459018111035789E+00
1.976061861861864E-01	2.598229263268422E+00
1.990075775775778E-01	2.674527214799923E+00
2.004089689689692E-01	2.817772417356423E+00
2.018103603603606E-01	2.963257285117152E+00
2.032117517517520E-01	3.044596095417546E+00
2.046131431431434E-01	3.194173183208818E+00
2.060145345345347E-01	3.346018543382684E+00
2.074159259259261E-01	3.432486547191616E+00
2.088173173173175E-01	3.588481506640505E+00
2.102187087087089E-01	3.746772960083831E+00
2.116201001001003E-01	3.838457257451751E+00
2.130214914914917E-01	4.000954897672841E+00
2.144228828828831E-01	4.165776867270552E+00
2.158242742742745E-01	4.262763322176852E+00
2.172256656656659E-01	4.431847273268886E+00
2.186270570570573E-01	4.603283002339936E+00
2.200284484484487E-01	4.777079530536980E+00
2.214298398398401E-01	4.881408953281493E+00
2.228312312312315E-01	5.059540504293750E+00
2.242326226226229E-01	5.240059788852022E+00
2.256340140140143E-01	5.349886657313277E+00
2.270354054054056E-01	5.534794910878304E+00
2.284367967967970E-01	5.722117444708488E+00
2.298381881881884E-01	5.911862984281356E+00
2.312395795795798E-01	6.029288156525695E+00
2.326409709709712E-01	6.223493249697981E+00
2.340423623623626E-01	6.420147380187359E+00
2.354437537537540E-01	6.619259104588082E+00
2.368451451451454E-01	6.820836937799299E+00
2.382465365365368E-01	6.948064810369146E+00
2.396479279279282E-01	7.154188380435357E+00
2.410493193193196E-01	7.362803448134741E+00
2.424507107107110E-01	7.573918359343111E+00
2.438521021021024E-01	7.709059214779586E+00
2.452534934934938E-01	7.924787295448368E+00
2.466548848848852E-01	8.143040092808860E+00
2.480562762762765E-01	8.363825783667266E+00
2.494576676676679E-01	8.587152503086259E+00
2.508590590590593E-01	8.813028344382587E+00
2.522604504504507E-01	8.960501896357755E+00
2.536618418418421E-01	9.191089296439372E+00
2.550632332332335E-01	9.424249921300088E+00
2.564646246246249E-01	9.659991695175677E+00
2.578660160160163E-01	9.898322500557470E+00
2.592674074074077E-01	1.013925017818906E+01
2.606687987987991E-01	1.029934977146297E+01
2.620701901901905E-01	1.054508426739096E+01
2.634715815815818E-01	1.079343896853015E+01
2.648729729729732E-01	1.104442154662127E+01
2.662743643643646E-01	1.129803963167626E+01
2.676757557557560E-01	1.155430081197755E+01
2.690771471471474E-01	1.181321263408529E+01
2.704785385385388E-01	1.198847024733709E+01
2.718799299299302E-01	1.225229603756270E+01
2.732813213213216E-01	1.251879490617193E+01
2.746827127127130E-01	1.278797423089588E+01
2.760841041041044E-01	1.305984134777259E+01
2.774854954954958E-01	1.333440355115499E+01
2.788868868868872E-01	1.361166809371878E+01
2.802882782782786E-01	1.389164218646590E+01
2.816896696696700E-01	1.417433299873255E+01
2.830910610610614E-01	1.436974083816233E+01
2.844924524524527E-01	1.465747710422067E+01
2.858938438438441E-01	1.494795137757001E+01
2.872952352352355E-01	1.524117065904943E+01
2.886966266266269E-01	1.553714190788401E+01
2.900980180180183E-01	1.583587204168907E+01
2.914994094094097E-01	1.613736793648343E+01
2.929008008008011E-01	1.644163642669628E+01
2.943021921921925E-01	1.674868430517847E+01
2.957035835835839E-01	1.705851832321491E+01
2.971049749749753E-01	1.737114519053068E+01
2.985063663663667E-01	1.768657157530947E+01
2.999077577577581E-01	1.800480410419220E+01
3.013091491491495E-01	1.823051654051142E+01
3.027105405405409E-01	1.855397209108105E+01
3.041119319319323E-01	1.888025342193623E+01
3.055133233233236E-01	1.920936699187473E+01
3.069147147147150E-01	1.954131921822534E+01
3.083161061061064E-01	1.987611647686049E+01
3.097174974974978E-01	2.021376510220819E+01
3.111188888888892E-01	2.055427138726589E+01
3.125202802802806E-01	2.089764158361515E+01
3.139216716716720E-01	2.124388190143225E+01
3.153230630630634E-01	2.159299850950322E+01
3.167244544544548E-01	2.194499753523633E+01
3.181258458458462E-01	2.229988506467851E+01
3.195272372372376E-01	2.265766714252766E+01
3.209286286286290E-01	2.301834977214469E+01
3.223300200200204E-01	2.338193891557398E+01
3.237314114114118E-01	2.374844049355147E+01
3.251328028028032E-01	2.411786038552430E+01
3.265341941941945E-01	2.449020442966298E+01
3.279355855855859E-01	2.486547842287541E+01
3.293369769769773E-01	2.524368812082730E+01
3.307383683683687E-01	2.562483923795094E+01
3.321397597597601E-01	2.600893744746679E+01
3.335411511511515E-01	2.639598838139284E+01
3.349425425425429E-01	2.678599763056684E+01
3.363439339339343E-01	2.717897074465725E+01
3.377453253253257E-01	2.757491323218198E+01
3.391467167167171E-01	2.797383056052229E+01
3.405481081081085E-01	2.837572815594115E+01
3.419494994994999E-01	2.878061140359989E+01
3.433508908908913E-01	2.918848564757263E+01
3.447522822822827E-01	2.959935619086230E+01
3.461536736736741E-01	3.001322829542300E+01
3.475550650650654E-01	3.043010718216942E+01
3.489564564564568E-01	3.084999803099799E+01
3.503578478478482E-01	3.127290598080322E+01
3.517592392392396E-01	3.169883612949525E+01
3.531606306306310E-01	3.212779353401550E+01
3.545620220220224E-01	3.255978321035434E+01
3.559634134134138E-01	3.299481013357115E+01
3.573648048048052E-01	3.343287923780701E+01
3.587661961961966E-01	3.387399541630703E+01
3.601675875875880E-01	3.431816352143596E+01
3.615689789789794E-01	3.476538836469331E+01
3.629703703703708E-01	3.521567471673643E+01
3.643717617617622E-01	3.566902730739480E+01
3.657731531531536E-01	3.612545082568863E+01
3.671745445445450E-01	3.658494991984583E+01
3.685759359359363E-01	3.704752919732437E+01
3.699773273273277E-01	3.751319322482300E+01
3.713787187187191E-01	3.798194652830887E+01
3.727801101101105E-01	3.845379359302729E+01
3.741815015015019E-01	3.892873886352470E+01
3.755828928928933E-01	3.940678674366484E+01
3.769842842842847E-01	3.988794159665042E+01
3.783856756756761E-01	4.037220774503692E+01
3.797870670670675E-01	4.085958947075585E+01
3.811884584584589E-01	4.135009101513106E+01
3.825898498498503E-01	4.184371657889608E+01
3.839912412412417E-01	4.234047032221565E+01
3.853926326326331E-01	4.284035636470355E+01
3.867940240240245E-01	4.334337878544000E+01
3.881954154154159E-01	4.384954162299152E+01
3.895968068068072E-01	4.435884887543170E+01
3.909981981981986E-01	4.487130450035568E+01
3.923995895895900E-01	4.538691241490437E+01
3.938009809809814E-01	4.590567649577918E+01
3.952023723723728E-01	4.642760057926409E+01
3.966037637637642E-01	4.695268846124100E+01
3.980051551551556E-01	4.748094389721541E+01
3.994065465465470E-01	4.801237060232870E+01
4.008079379379384E-01	4.854697225137966E+01
4.022093293293298E-01	4.908475247884553E+01
4.036107207207212E-01	4.962571487890057E+01
4.050121121121126E-01	5.016986300543363E+01
4.064135035035040E-01	5.071720037206785E+01
4.078148948948954E-01	5.126773045218283E+01
4.092162862862868E-01	5.182145667892996E+01
4.106176776776782E-01	5.237838244525506E+01
4.120190690690695E-01	5.293851110391631E+01
4.134204604604609E-01	5.350184596750216E+01
4.148218518518523E-01	5.406839030845470E+01
4.162232432432437E-01	5.463814735908727E+01
4.176246346346351E-01	5.521112031160180E+01
4.190260260260265E-01	5.578731231811082E+01
4.204274174174179E-01	5.636672649065747E+01
4.218288088088093E-01	5.694936590123302E+01
4.232302002002007E-01	5.753523358179723E+01
4.246315915915921E-01	5.799284939313725E+01
4.260329829829835E-01	5.858476795391641E+01
4.274343743743749E-01	5.917992351303280E+01
4.288357657657663E-01	5.977831894133476E+01
4.302371571571577E-01	6.037995706974334E+01
4.316385485485491E-01	6.098484068927530E+01
4.330399399399404E-01	6.159297255105935E+01
4.344413313313318E-01	6.220435536636012E+01
4.358427227227232E-01	6.281899180659298E+01
4.372441141141146E-01	6.343688450334650E+01
4.386455055055060E-01	6.405803604840310E+01
4.400468968968974E-01	6.468244899375543E+01
4.414482882882888E-01	6.531012585163046E+01
4.428496796796802E-01	6.594106909450602E+01
4.442510710710716E-01	6.657528115513037E+01
4.456524624624630E-01	6.721276442654391E+01
4.470538538538544E-01	6.785352126209921E+01
4.484552452452458E-01	6.849755397547676E+01
4.498566366366372E-01	6.914486484071006E+01
4.512580280280286E-01	6.979545609220304E+01
4.526594194194200E-01	7.044932992474799E+01
4.540608108108113E-01	7.096627541810506E+01
4.554622022022027E-01	7.162630342561079E+01
4.568635935935941E-01	7.228962021012580E+01
4.582649849849855E-01	7.295622780717792E+01
4.596663763763769E-01	7.362612821278697E+01
4.610677677677683E-01	7.429932338349386E+01
4.624691591591597E-01	7.497581523637109E+01
4.638705505505511E-01	7.565560564905138E+01
4.652719419419425E-01	7.633869645973891E+01
4.666733333333339E-01	7.702508946723765E+01
4.680747247247253E-01	7.771478643096316E+01
4.694761161161167E-01	7.826298193550917E+01
4.708775075075081E-01	7.895887290145481E+01
4.722788988988995E-01	7.965807270379355E+01
4.736802902902909E-01	8.036058294365841E+01
4.750816816816822E-01	8.106640518290430E+01
4.764830730730736E-01	8.177554094413097E+01
4.778844644644650E-01	8.248799171069402E+01
4.792858558558564E-01	8.320375892673428E+01
4.806872472472478E-01	8.392284399719290E+01
4.820886386386392E-01	8.449667078742709E+01
4.834900300300306E-01	8.522197519930558E+01
4.848914214214220E-01	8.595060127508589E+01
4.862928128128134E-01	8.668255026223574E+01
4.876942042042048E-01	8.741782336913047E+01
4.890955955955962E-01	8.815642176507197E+01
4.904969869869876E-01	8.889834658030759E+01
4.918983783783790E-01	8.949208231090518E+01
4.932997697697704E-01	9.024024165893422E+01
4.947011611611618E-01	9.099173040642359E+01
4.961025525525531E-01	9.174654952678748E+01
4.975039439439445E-01	9.250469995448771E+01
4.989053353353359E-01	9.311256447828544E+01
5.003067267267273E-01	9.387695783239701E+01
5.017081181181187E-01	9.464468488311036E+01
5.031095095095101E-01	9.541574640851786E+01
5.045109009009014E-01	9.619014314786773E+01
5.059122922922928E-01	9.681215263271861E+01
5.073136836836842E-01	9.759279870964849E+01
5.087150750750756E-01	9.837678180078024E+01
5.101164664664670E-01	9.916410248945203E+01
5.115178578578584E-01	9.995476132026511E+01
5.129192492492498E-01	1.005909269100981E+02
5.143206406406412E-01	1.013878395142118E+02
5.157220320320326E-01	1.021880914736136E+02
5.171234234234240E-01	1.029916831774582E+02
5.185248148148154E-01	1.036390952612234E+02
5.199262062062068E-01	1.044489428117872E+02
5.213275975975982E-01	1.052621308511658E+02
5.227289889889896E-01	1.060786596134363E+02
5.241303803803810E-01	1.067373194426104E+02
5.255317717717723E-01	1.075601048662779E+02
5.269331631631637E-01	1.083862312896839E+02
5.283345545545551E-01	1.092156987922065E+02
5.297359459459465E-01	1.098856050664458E+02
5.311373373373379E-01	1.107213287900281E+02
5.325387287287293E-01	1.115603934032911E+02
5.339401201201207E-01	1.122386281007317E+02
5.353415115115121E-01	1.130839477073075E+02
5.367429029029035E-01	1.139326076647416E+02
5.381442942942949E-01	1.146191674314255E+02
5.395456856856863E-01	1.154740804499993E+02
5.409470770770777E-01	1.163323329319546E+02
5.423484684684691E-01	1.170272133418796E+02
5.437498598598605E-01	1.178917162500533E+02
5.451512512512519E-01	1.187595573862135E+02
5.465526426426432E-01	1.194627529443350E+02
5.479540340340346E-01	1.203368411707180E+02
5.493554254254260E-01	1.212142660425139E+02
5.507568168168174E-01	1.219257701877663E+02
5.521582082082088E-01	1.228094381143939E+02
5.535595995996002E-01	1.236964407574088E+02
5.549609909909916E-01	1.244162458657307E+02
5.563623823823830E-01	1.253094868304719E+02
5.577637737737744E-01	1.260346819890668E+02
5.591651651651658E-01	1.269341576242172E+02
5.605665565565572E-01	1.278369639231897E+02
5.619679479479486E-01	1.285704448935516E+02
5.633693393393400E-01	1.294794799695131E+02
5.647707307307314E-01	1.302183397680081E+02
5.661721221221228E-01	1.311335991957054E+02
5.675735135135141E-01	1.318778327529820E+02
5.689749049049055E-01	1.327993117980585E+02
5.703762962962969E-01	1.335489137309813E+02
5.717776876876883E-01	1.344766073505390E+02
5.731790790790797E-01	1.352315719628585E+02
5.745804704704711E-01	1.361654748060201E+02
5.759818618618625E-01	1.369257960890603E+02
5.773832532532539E-01	1.378659024975324E+02
5.787846446446453E-01	1.388093243837717E+02
5.801860360360367E-01	1.395778781395076E+02
5.815874274274281E-01	1.403488934916790E+02
5.829888188188195E-01	1.413013888290290E+02
5.843902102102109E-01	1.420777409581816E+02
5.857916016016023E-01	1.430364210470785E+02
5.871929929929937E-01	1.438181027016850E+02
5.885943843843850E-01	1.447829606597965E+02
5.899957757757764E-01	1.455699642793380E+02
5.913971671671678E-01	1.465409929197275E+02
5.927985585585592E-01	1.473333106353824E+02
5.941999499499506E-01	1.483105024670814E+02
5.956013413413420E-01	1.491081261024195E+02
5.970027327327334E-01	1.499081896129074E+02
5.984041241241248E-01	1.508943944026649E+02
5.998055155155162E-01	1.516997509009301E+02
6.012069069069076E-01	1.525075405194772E+02
6.026082982982990E-01	1.535027391918762E+02
6.040096896896904E-01	1.543158081752018E+02
6.054110810810818E-01	1.553171366858315E+02
6.068124724724732E-01	1.561354756321940E+02
6.082138638638646E-01	1.569562356870960E+02
6.096152552552560E-01	1.579665241805775E+02
6.110166466466473E-01	1.587925394302962E+02
6.124180380380387E-01	1.596209681116401E+02
6.138194294294301E-01	1.606401947896630E+02
6.152208208208215E-01	1.614738632133352E+02
6.166222122122129E-01	1.623099370483236E+02
6.180236036036043E-01	1.631484135271172E+02
6.194249949949957E-01	1.641793765402541E+02
6.208263863863871E-01	1.650230710324319E+02
6.222277777777785E-01	1.658691596920581E+02
6.236291691691699E-01	1.669090059131501E+02
6.250305605605613E-01	1.677602955464241E+02
6.264319519519527E-01	1.686139705307190E+02
6.278333433433441E-01	1.694700278330298E+02
6.292347347347355E-01	1.703284643825499E+02
6.306361261261269E-01	1.713827674699725E+02
6.320375175175182E-01	1.722463749586512E+02
6.334389089089096E-01	1.731123523138596E+02
6.348403003003010E-01	1.739806963145166E+02
6.362416916916924E-01	1.748514037020406E+02
6.376430830830838E-01	1.759200879762101E+02
6.390444744744752E-01	1.767959344002683E+02
6.404458658658666E-01	1.776741342704212E+02
6.418472572572580E-01	1.785546841789723E+02
6.432486486486494E-01	1.794375806810307E+02
6.446500400400408E-01	1.803228202945712E+02
6.460514314314322E-01	1.812103995004983E+02
6.474528228228236E-01	1.821003147427108E+02
6.488542142142150E-01	1.831915758739900E+02
6.502556056056064E-01	1.840865751300861E+02
6.516569969969978E-01	1.849838995939134E+02
6.530583883883891E-01	1.858835455621589E+02
6.544597797797805E-01	1.867855092948097E+02
6.558611711711719E-01	1.876897870152192E+02
6.572625625625633E-01	1.885963749101635E+02
6.586639539539547E-01	1.895052691299162E+02
6.600653453453461E-01	1.904164657883017E+02
6.614667367367375E-01	1.913299609627701E+02
6.628681281281289E-01	1.922457506944530E+02
6.642695195195203E-01	1.931638309882331E+02
6.656709109109117E-01	1.940841978128041E+02
6.670723023023031E-01	1.950068471007402E+02
6.684736936936945E-01	1.959317747485628E+02
6.698750850850859E-01	1.968589766167996E+02
6.712764764764773E-01	1.977884485300516E+02
6.726778678678687E-01	1.987201862770613E+02
6.740792592592600E-01	1.996541856107777E+02
6.754806506506514E-01	2.005904422484167E+02
6.768820420420428E-01	2.013214714882107E+02
6.782834334334342E-01	2.022618057370884E+02
6.796848248248256E-01	2.032043841647045E+02
6.810862162162170E-01	2.041492023460288E+02
6.824876076076084E-01	2.050962558206378E+02
6.838889989989998E-01	2.060455400927946E+02
6.852903903903912E-01	2.069970506314968E+02
6.866917817817826E-01	2.077403529584668E+02
6.880931731731740E-01	2.086958779372300E+02
6.894945645645654E-01	2.096536153158189E+02
6.908959559559568E-01	2.106135604229663E+02
6.922973473473482E-01	2.115757085524937E+02
6.936987387387396E-01	2.123275229120146E+02
6.951001301301309E-01	2.132936382435174E+02
6.965015215215223E-01	2.142619422077242E+02
6.979029129129137E-01	2.152324299596327E+02
6.993043043043051E-01	2.159908865027222E+02
7.007056956956965E-01	2.169653024112594E+02
7.021070870870879E-01	2.179418873036371E+02
7.035084784784793E-01	2.189206361972086E+02
7.049098698698707E-01	2.196856556171962E+02
7.063112612612621E-01	2.206682925247316E+02
7.077126526526535E-01	2.216530782191518E+02
7.091140440440449E-01	2.224228655180342E+02
7.105154354354363E-01	2.234115083974317E+02
7.119168268268277E-01	2.244022845442131E+02
7.133182182182191E-01	2.251767930660116E+02
7.147196096096105E-01	2.261713949628419E+02
7.161210010010018E-01	2.269488901487495E+02
7.175223923923932E-01	2.279472964946787E+02
7.189237837837846E-01	2.289478095502835E+02
7.203251751751760E-01	2.297299462696081E+02
7.217265665665674E-01	2.307342313406463E+02
7.231279579579588E-01	2.315193008931841E+02
7.245293493493502E-01	2.325273360185128E+02
7.259307407407416E-01	2.333153164498809E+02
7.273321321321330E-01	2.343270794072013E+02
7.287335235235244E-01	2.351179485063675E+02
7.301349149149158E-01	2.361334168137620E+02
7.315363063063072E-01	2.369271521147961E+02
7.329376976976986E-01	2.379463030322837E+02
7.343390890890900E-01	2.387428818161319E+02
7.357404804804814E-01	2.397656923472238E+02
7.371418718718727E-01	2.405650916434894E+02
7.385432632632641E-01	2.415915385367554E+02
7.399446546546555E-01	2.423937351254968E+02
7.413460460460469E-01	2.431971206504617E+02
7.427474374374383E-01	2.442287652896842E+02
7.441488288288297E-01	2.450349129039274E+02
7.455502202202211E-01	2.458422318778045E+02
7.469516116116125E-01	2.468790205350125E+02
7.483530030030039E-01	2.476890658482451E+02
7.497543943943953E-01	2.485002646764398E+02
7.511557857857867E-01	2.495421427919842E+02
7.525571771771781E-01	2.503560316695258E+02
7.539585685685695E-01	2.511710559528304E+02
7.553599599599609E-01	2.522179681443791E+02
7.567613513513523E-01	2.530356456536482E+02
7.581627427427436E-01	2.538544401985506E+02
7.595641341341350E-01	2.546743456496189E+02
7.609655255255264E-01	2.557277406910836E+02
7.623669169169178E-01	2.565502495202064E+02
7.637683083083092E-01	2.573738505441989E+02
7.651696996997006E-01	2.581985375224380E+02
7.665710910910920E-01	2.590243041871912E+02
7.679724824824834E-01	2.598511442437640E+02
7.693738738738748E-01	2.609138597660252E+02
7.707752652652662E-01	2.617432268275237E+02
7.721766566566576E-01	2.625736480721881E+02
7.735780480480490E-01	2.634051170977531E+02
7.749794394394404E-01	2.642376274757738E+02
7.763808308308318E-01	2.650711727517802E+02
7.777822222222232E-01	2.659057464454444E+02
7.791836136136145E-01	2.667413420507427E+02
7.805850050050059E-01	2.675779530361125E+02
7.819863963963973E-01	2.684155728446284E+02
7.833877877877887E-01	2.692541948941606E+02
7.847891791791801E-01	2.700938125775380E+02
7.861905705705715E-01	2.709344192627210E+02
7.875919619619629E-01	2.717760082929664E+02
7.889933533533543E-01	2.726185729869954E+02
7.903947447447457E-01	2.734621066391622E+02
7.917961361361371E-01	2.743066025196273E+02
7.931975275275285E-01	2.751520538745211E+02
7.945989189189199E-01	2.759984539261230E+02
7.960003103103113E-01	2.768457958730288E+02
7.974017017017027E-01	2.776940728903261E+02
7.988030930930941E-01	2.785432781297656E+02
8.002044844844854E-01	2.793934047199351E+02
8.016058758758768E-01	2.800004995775895E+02
8.030072672672682E-01	2.808520530997622E+02
8.044086586586596E-01	2.817045074210315E+02
8.058100500500510E-01	2.825578555809046E+02
8.072114414414424E-01	2.834120905966378E+02
8.086128328328338E-01	2.840213146902430E+02
8.100142242242252E-01	2.848769084530810E+02
8.114156156156166E-01	2.857333682012251E+02
8.128170070070080E-01	2.865906868666435E+02
8.142183983983994E-01	2.872014213491947E+02
8.156197897897908E-01	2.880600436003921E+02
8.170211811811822E-01	2.889195036551602E+02
8.184225725725736E-01	2.895312097206607E+02
8.198239639639650E-01	2.903919317314388E+02
8.212253553553563E-01	2.912534702578104E+02
8.226267467467477E-01	2.918660875593124E+02
8.240281381381391E-01	2.927288460899109E+02
8.254295295295305E-01	2.935923996796108E+02
8.268309209209219E-01	2.942058674535130E+02
8.282323123123133E-01	2.950705987859945E+02
8.296337037037047E-01	2.956844797091954E+02
8.310350950950961E-01	2.965503606451495E+02
8.324364864864875E-01	2.971646279926875E+02
8.338378778778789E-01	2.980316302716725E+02
8.352392692692703E-01	2.986462572234472E+02
8.366406606606617E-01	2.995143524679416E+02
8.380420520520531E-01	3.001293121133366E+02
8.394434434434445E-01	3.009984718328382E+02
8.408448348348359E-01	3.016137371753870E+02
8.422462262262272E-01	3.024839327705587E+02
8.436476176176186E-01	3.030994767326810E+02
8.450490090090100E-01	3.039706794995330E+02
8.464504004004014E-01	3.045864749273063E+02
8.478517917917928E-01	3.052022090763033E+02
8.492531831831842E-01	3.060746757294268E+02
8.506545745745756E-01	3.066906209660718E+02
8.520559659659670E-01	3.073064854707385E+02
8.534573573573584E-01	3.081801519548397E+02
8.548587487487498E-01	3.087961870480959E+02
8.562601401401412E-01	3.094121219183825E+02
8.576615315315326E-01	3.102869239246407E+02
8.590629229229240E-01	3.109029887813450E+02
8.604643143143154E-01	3.115189338959359E+02
8.618657057057068E-01	3.121347529578346E+02
8.632670970970981E-01	3.130108413003423E+02
8.646684884884895E-01	3.136267364347162E+02
8.660698798798809E-01	3.142424859797007E+02
8.674712712712723E-01	3.148580836282464E+02
8.688726626626637E-01	3.154735230764649E+02
8.702740540540551E-01	3.163509639264352E+02
8.716754454454465E-01	3.169664122180358E+02
8.730768368368379E-01	3.175816827800842E+02
8.744782282282293E-01	3.181967693203202E+02
8.758796196196207E-01	3.188116655517682E+02
8.772810110110121E-01	3.194263651931816E+02
8.786824024024035E-01	3.200408619694864E+02
8.800837937937949E-01	3.206551496122355E+02
8.814851851851863E-01	3.212692218600524E+02
8.828865765765777E-01	3.218830724590931E+02
8.842879679679690E-01	3.224966951635034E+02
8.856893593593604E-01	3.231100837358741E+02
8.870907507507518E-01	3.237232319477090E+02
8.884921421421432E-01	3.243361335798894E+02
8.898935335335346E-01	3.249487824231447E+02
8.912949249249260E-01	3.255611722785233E+02
8.926963163163174E-01	3.261732969578680E+02
8.940977077077088E-01	3.267851502842926E+02
8.954990990991002E-01	3.273967260926660E+02
8.969004904904916E-01	3.280080182300939E+02
8.983018818818830E-01	3.286190205564036E+02
8.997032732732744E-01	3.289604761195066E+02
9.011046646646658E-01	3.295705509735175E+02
9.025060560560572E-01	3.301803184426359E+02
9.039074474474486E-01	3.307897724491291E+02
9.053088388388399E-01	3.313989069305313E+02
9.067102302302313E-01	3.317368649540148E+02
9.081116216216227E-01	3.323450168665182E+02
9.095130130130141E-01	3.329528319635411E+02
9.109144044044055E-01	3.335603042557306E+02
9.123157957957969E-01	3.338953205834272E+02
9.137171871871883E-01	3.345017674168472E+02
9.151185785785797E-01	3.351078544165426E+02
9.165199699699711E-01	3.354405462052094E+02
9.179213613613625E-01	3.360455765952912E+02
9.193227527527539E-01	3.366502303430306E+02
9.207241441441453E-01	3.369805587131331E+02
9.221255355355367E-01	3.375841252304439E+02
9.235269269269281E-01	3.379127657829109E+02
9.249283183183195E-01	3.385152256246721E+02
9.263297097097108E-01	3.391172816418879E+02
9.277311011011022E-01	3.394434974559823E+02
9.291324924924936E-01	3.400444171569571E+02
9.305338838838850E-01	3.403689073220868E+02
9.319352752752764E-01	3.409686719791777E+02
9.333366666666678E-01	3.412914225129658E+02
9.347380580580592E-01	3.418900137130255E+02
9.361394494494506E-01	3.422110110360121E+02
9.375408408408420E-01	3.428084106922739E+02
9.389422322322334E-01	3.431276416415175E+02
9.403436236236248E-01	3.434458555876435E+02
9.417450150150162E-01	3.440412838484934E+02
9.431464064064076E-01	3.443577138433267E+02
9.445477977977990E-01	3.449519079708217E+02
9.459491891891904E-01	3.452665419773972E+02
9.473505805805817E-01	3.455801481096388E+02
9.487519719719731E-01	3.461723115911210E+02
9.501533633633645E-01	3.464841059754295E+02
9.515547547547559E-01	3.467948670913341E+02
9.529561461461473E-01	3.471045938164012E+02
9.543575375375387E-01	3.476939017477715E+02
9.557589289289301E-01	3.480017985282167E+02
9.571603203203215E-01	3.483086564247945E+02
9.585617117117129E-01	3.486144746434089E+02
9.599631031031043E-01	3.492008754828004E+02
9.613644944944957E-01	3.495048478471691E+02
9.627658858858871E-01	3.498077769939233E+02
9.641672772772785E-01	3.501096624757512E+02
9.655686686686699E-01	3.504105039389930E+02
9.669700600600613E-01	3.509931348754079E+02
9.683714514514526E-01	3.512921148170359E+02
9.697728428428440E-01	3.515900484796049E+02
9.711742342342354E-01	3.518869358801481E+02
9.725756256256268E-01	3.521827771356258E+02
9.739770170170182E-01	3.524775724642419E+02
9.753784084084096E-01	3.527713221867610E+02
9.767797997998010E-01	3.530640267278426E+02
9.781811911911924E-01	3.533556866173750E+02
9.795825825825838E-01	3.536463024918258E+02
9.809839739739752E-01	3.539358750955931E+02
9.823853653653666E-01	3.542244052823725E+02
9.837867567567580E-01	3.545118940165311E+02
9.851881481481494E-01	3.547983423744851E+02
9.865895395395408E-01	3.550837515460934E+02
9.879909309309322E-01	3.553681228360534E+02
9.893923223223235E-01	3.556514576653136E+02
9.907937137137149E-01	3.559337575724813E+02
9.921951051051063E-01	3.562150242152558E+02
9.935964964964977E-01	3.564952593718557E+02
9.949978878878891E-01	3.567744649424648E+02
9.963992792792805E-01	3.567654339498009E+02
9.978006706706719E-01	3.570424003489258E+02
9.992020620620633E-01	3.573183457710483E+02
1.000603453453455E+00	3.575932726392808E+02
1.002004844844846E+00	3.578671835062224E+02
1.003406236236237E+00	3.581400810554657E+02
1.004807627627629E+00	3.581957870598823E+02
1.006209019019020E+00	3.584665371201082E+02
1.007610410410411E+00	3.585920111003239E+02
1.009011801801802E+00	3.588606750342625E+02
1.010413193193194E+00	3.589839193432507E+02
1.011814584584585E+00	3.592505154548768E+02
1.013215975975976E+00	3.593715541188773E+02
1.014617367367368E+00	3.596361019792674E+02
1.016018758758759E+00	3.597549604048971E+02
1.017420150150150E+00	3.598727083767780E+02
1.018821541541541E+00	3.601341858853958E+02
1.020222932932933E+00	3.602497957856546E+02
1.021624324324324E+00	3.603643192788637E+02
1.023025715715715E+00	3.606227818577398E+02
1.024427107107106E+00	3.607352128069602E+02
1.025828498498498E+00	3.608465831661850E+02
1.027229889889889E+00	3.609569024564333E+02
1.028631281281280E+00	3.612114178683718E+02
1.030032672672672E+00	3.613197117357525E+02
1.031434064064063E+00	3.614269828152825E+02
1.032835455455454E+00	3.615332414867179E+02
1.034236846846845E+00	3.616384983540107E+02
1.035638238238237E+00	3.617427642476288E+02
1.037039629629628E+00	3.618460502268928E+02
1.038441021021019E+00	3.619483675823177E+02
1.039842412412411E+00	3.620497278379675E+02
1.041243803803802E+00	3.621501427538216E+02
1.042645195195193E+00	3.622496243281472E+02
1.044046586586584E+00	3.623481847998861E+02
1.045447977977976E+00	3.624458366510493E+02
1.046849369369367E+00	3.625425926091212E+02
1.048250760760758E+00	3.626384656494746E+02
1.049652152152150E+00	3.627334689977914E+02
1.051053543543541E+00	3.628276161324999E+02
1.052454934934932E+00	3.629209207872083E+02
1.053856326326323E+00	3.630133969531611E+02
1.055257717717715E+00	3.631050588816944E+02
1.056659109109106E+00	3.630500569582551E+02
1.058060500500497E+00	3.631401217073534E+02
1.059461891891889E+00	3.632294184811909E+02
1.060863283283280E+00	3.633179626148686E+02
1.062264674674671E+00	3.632598869366431E+02
1.063666066066062E+00	3.633469683264776E+02
1.065067457457454E+00	3.634333467271989E+02
1.066468848848845E+00	3.635190385988805E+02
1.067870240240236E+00	3.634581921141342E+02
1.069271631631628E+00	3.635425651460693E+02
1.070673023023019E+00	3.636263048158077E+02
1.072074414414410E+00	3.635635983970204E+02
1.073475805805801E+00	3.636461346722073E+02
1.074877197197193E+00	3.637280934883075E+02
1.076278588588584E+00	3.636637212661316E+02
1.077679979979975E+00	3.637445978679119E+02
1.079081371371367E+00	3.636792410705185E+02
1.080482762762758E+00	3.637591210363763E+02
1.081884154154149E+00	3.638385237439212E+02
1.083285545545540E+00	3.637718477437046E+02
1.084686936936932E+00	3.638503849353400E+02
1.086088328328323E+00	3.637829684382228E+02
1.087489719719714E+00	3.638607325357192E+02
1.088891111111105E+00	3.637926793625130E+02
1.090292502502497E+00	3.638697656240935E+02
1.091693893893888E+00	3.638011826493524E+02
1.093095285285279E+00	3.638776892161546E+02
1.094496676676671E+00	3.638086864175831E+02
1.095898068068062E+00	3.638847143600514E+02
1.097299459459453E+00	3.638154048678165E+02
1.098700850850844E+00	3.638910582319887E+02
1.100102242242236E+00	3.638215583778957E+02
1.101503633633627E+00	3.638969442315412E+02
1.102905025025018E+00	3.638273735980243E+02
1.104306416416410E+00	3.639026020765801E+02
1.105707807807801E+00	3.638330835454507E+02
1.107109199199192E+00	3.639082678977212E+02
1.108510590590583E+00	3.638389276986323E+02
1.109911981981975E+00	3.639141843321864E+02
1.111313373373366E+00	3.638451520907519E+02
1.112714764764757E+00	3.639206006169778E+02
1.114116156156149E+00	3.638520094024869E+02
1.115517547547540E+00	3.637837463667491E+02
1.116918938938931E+00	3.638597590539194E+02
1.118320330330322E+00	3.637921463857164E+02
1.119721721721714E+00	3.638686672954615E+02
1.121123113113105E+00	3.638018469371460E+02
1.122524504504496E+00	3.638790072976759E+02
1.123925895895888E+00	3.638131247989287E+02
1.125327287287279E+00	3.638910592398614E+02
1.126728678678670E+00	3.638262638028076E+02
1.128130070070061E+00	3.637621404926764E+02
1.129531461461453E+00	3.638415549208299E+02
1.130932852852844E+00	3.637787528659959E+02
1.132334244244235E+00	3.638592963502209E+02
1.133735635635627E+00	3.637979741374444E+02
1.135137027027018E+00	3.638797935965184E+02
1.136538418418409E+00	3.638201136170306E+02
1.137939809809800E+00	3.639033595548345E+02
1.139341201201192E+00	3.638454880453952E+02
1.140742592592583E+00	3.639303145890723E+02
1.142143983983974E+00	3.638744216719016E+02
1.143545375375365E+00	3.639609866089412E+02
1.144946766766757E+00	3.639072463304489E+02
1.146348158158148E+00	3.639957111445989E+02
1.147749549549539E+00	3.639443015128128E+02
1.149150940940931E+00	3.640348314187514E+02
1.150552332332322E+00	3.639859344393554E+02
1.151953723723713E+00	3.640786984160196E+02
1.153355115115104E+00	3.640325001269099E+02
1.154756506506496E+00	3.641276709494074E+02
1.156157897897887E+00	3.642240190638692E+02
1.157559289289278E+00	3.641821157236553E+02
1.158960680680670E+00	3.642811332146242E+02
1.160362072072061E+00	3.642424073953108E+02
1.161763463463452E+00	3.643442765954184E+02
1.163164854854843E+00	3.644475395349610E+02
1.164566246246235E+00	3.644138357661096E+02
1.165967637637626E+00	3.645202272532496E+02
1.167369029029017E+00	3.646281471689409E+02
1.168770420420409E+00	3.645999174588579E+02
1.170171811811800E+00	3.647112514159752E+02
1.171573203203191E+00	3.648242526974155E+02
1.172974594594582E+00	3.649389672079925E+02
1.174375985985974E+00	3.649186723448908E+02
1.175777377377365E+00	3.650371923437052E+02
1.177178768768756E+00	3.651575700934023E+02
1.178580160160148E+00	3.652798533414667E+02
1.179981551551539E+00	3.654040902906103E+02
1.181382942942930E+00	3.655303295994482E+02
1.182784334334321E+00	3.655233892510061E+02
1.184185725725713E+00	3.656540458882890E+02
1.185587117117104E+00	3.657868578758649E+02
1.186988508508495E+00	3.659218757311647E+02
1.188389899899887E+00	3.660591504298178E+02
1.189791291291278E+00	3.661987334058923E+02
1.191192682682669E+00	3.663406765520591E+02
1.192594074074060E+00	3.664850322196793E+02
1.193995465465452E+00	3.666318532188076E+02
1.195396856856843E+00	3.667811928181223E+02
1.196798248248234E+00	3.669331047447680E+02
1.198199639639626E+00	3.670876431841185E+02
1.199601031031017E+00	3.672448627794480E+02
1.201002422422408E+00	3.675362654008067E+02
1.202403813813799E+00	3.676986903802286E+02
1.203805205205191E+00	3.678639585289776E+02
1.205206596596582E+00	3.680321262877181E+02
1.206607987987973E+00	3.682032505521587E+02
1.208009379379364E+00	3.685072195707900E+02
1.209410770770756E+00	3.686840834067644E+02
1.210812162162147E+00	3.688640723542654E+02
1.212213553553538E+00	3.691760691532326E+02
1.213614944944930E+00	3.693621247082875E+02
1.215016336336321E+00	3.695514778699525E+02
1.216417727727712E+00	3.698719641356951E+02
1.217819119119103E+00	3.700677184427460E+02
1.219220510510495E+00	3.703940153302507E+02
1.220621901901886E+00	3.705963947362374E+02
1.222023293293277E+00	3.709287092385454E+02
1.223424684684669E+00	3.711379409071784E+02
1.224826076076060E+00	3.714764830150067E+02
1.226227467467451E+00	3.716927972942457E+02
1.227628858858842E+00	3.720377799712679E+02
1.229030250250234E+00	3.723858816864116E+02
1.230431641641625E+00	3.726130495197345E+02
1.231833033033016E+00	3.729679120979637E+02
1.233234424424408E+00	3.733260485516481E+02
1.234635815815799E+00	3.736875096598202E+02
1.236037207207190E+00	3.739298147737351E+02
1.237438598598581E+00	3.742984705500377E+02
1.238839989989973E+00	3.746706098728697E+02
1.240241381381364E+00	3.750462848281066E+02
1.241642772772755E+00	3.754255478178271E+02
1.243044164164147E+00	3.758084515580539E+02
1.244445555555538E+00	3.761950490764135E+02
1.245846946946929E+00	3.765853937097123E+02
1.247248338338320E+00	3.769795391014324E+02
1.248649729729712E+00	3.773775391991331E+02
1.250051121121103E+00	3.777794482517794E+02
1.251452512512494E+00	3.781853208069753E+02
1.252853903903886E+00	3.785952117081127E+02
1.254255295295277E+00	3.791262498197278E+02
1.255656686686668E+00	3.795438898803337E+02
1.257058078078059E+00	3.799657097031896E+02
1.258459469469451E+00	3.803917652677729E+02
1.259860860860842E+00	3.809374014695833E+02
1.261262252252233E+00	3.813716251681009E+02
1.262663643643624E+00	3.818102492932563E+02
1.264065035035016E+00	3.823672456426983E+02
1.265466426426407E+00	3.828143552236601E+02
1.266867817817798E+00	3.833790270967596E+02
1.268269209209190E+00	3.838348329742590E+02
1.269670600600581E+00	3.844073736893064E+02
1.271071991991972E+00	3.848720885973183E+02
1.272473383383363E+00	3.854526932358577E+02
1.273874774774755E+00	3.859265317486121E+02
1.275276166166146E+00	3.865153971063697E+02
1.276677557557537E+00	3.871082350467822E+02
1.278078948948929E+00	3.875959001183688E+02
1.279480340340320E+00	3.881972925344863E+02
1.280881731731711E+00	3.888027985765026E+02
1.282283123123102E+00	3.894124641678981E+02
1.283684514514494E+00	3.900263354073737E+02
1.285085905905885E+00	3.906444585658181E+02
1.286487297297276E+00	3.911606569037179E+02
1.287888688688668E+00	3.917879231751864E+02
1.289290080080059E+00	3.924195856144055E+02
1.290691471471450E+00	3.930556911567550E+02
1.292092862862841E+00	3.936962868933889E+02
1.293494254254233E+00	3.944450998884096E+02
1.294895645645624E+00	3.950942958637849E+02
1.296297037037015E+00	3.957481197402986E+02
1.297698428428407E+00	3.964066191921480E+02
1.299099819819798E+00	3.970698420320733E+02
1.300501211211189E+00	3.977378362076632E+02
1.301902602602580E+00	3.985111977134849E+02
1.303303993993972E+00	3.991883303603400E+02
1.304705385385363E+00	3.998703744626742E+02
1.306106776776754E+00	4.006563355827951E+02
1.307508168168146E+00	4.013477863355487E+02
1.308909559559537E+00	4.020442897214049E+02
1.310310950950928E+00	4.028432223582175E+02
1.311712342342319E+00	4.035494025652587E+02
1.313113733733711E+00	4.043570211258549E+02
1.314515125125102E+00	4.050730563879948E+02
1.315916516516493E+00	4.058895227831077E+02
1.317317907907884E+00	4.067102134450430E+02
1.318719299299276E+00	4.074410689174157E+02
1.320120690690667E+00	4.082708475674034E+02
1.321522082082058E+00	4.091049649793741E+02
1.322923473473450E+00	4.098510326589168E+02
1.324324864864841E+00	4.106944796199956E+02
1.325726256256232E+00	4.115423805000690E+02
1.327127647647623E+00	4.123947725315580E+02
1.328529039039015E+00	4.132516930089233E+02
1.329930430430406E+00	4.140235704527455E+02
1.331331821821797E+00	4.148902203905114E+02
1.332733213213189E+00	4.157615148501426E+02
1.334134604604580E+00	4.166594633213168E+02
1.335535995995971E+00	4.175400163769556E+02
1.336937387387362E+00	4.184253256636208E+02
1.338338778778754E+00	4.193154288241643E+02
1.339740170170145E+00	4.202103635390882E+02
1.341141561561536E+00	4.211526763319795E+02
1.342542952952928E+00	4.220570917573576E+02
1.343944344344319E+00	4.229664500641080E+02
1.345345735735710E+00	4.239224246881510E+02
1.346747127127101E+00	4.248414809669949E+02
1.348148518518493E+00	4.258066424079412E+02
1.349549909909884E+00	4.267355405035511E+02
1.350951301301275E+00	4.277100253815789E+02
1.352352692692667E+00	4.286890787543529E+02
1.353754084084058E+00	4.296328543684209E+02
1.355155475475449E+00	4.306214345927625E+02
1.356556866866840E+00	4.316146824291746E+02
1.357958258258232E+00	4.326126303588727E+02
1.359359649649623E+00	4.336153108710433E+02
1.360761041041014E+00	4.346227564601296E+02
1.362162432432406E+00	4.356349996231064E+02
1.363563823823797E+00	4.366520728567108E+02
1.364965215215188E+00	4.377114987681804E+02
1.366366606606579E+00	4.387380233018035E+02
1.367767997997971E+00	4.397694736606605E+02
1.369169389389362E+00	4.408424687888345E+02
1.370570780780753E+00	4.418835568450376E+02
1.371972172172145E+00	4.429656490200108E+02
1.373373563563536E+00	4.440164978428126E+02
1.374774954954927E+00	4.451078035788520E+02
1.376176346346318E+00	4.461685361289871E+02
1.377577737737710E+00	4.472691718497287E+02
1.378979129129101E+00	4.483743659951054E+02
1.380380520520492E+00	4.494841460649860E+02
1.381781911911883E+00	4.505646898788590E+02
1.383183303303275E+00	4.516840292283824E+02
1.384584694694666E+00	4.528080384281340E+02
1.385986086086057E+00	4.539367448997324E+02
1.387387477477449E+00	4.550701760407352E+02
1.388788868868840E+00	4.562406687394686E+02
1.390190260260231E+00	4.573833187468448E+02
1.391591651651622E+00	4.585307739531291E+02
1.392993043043014E+00	4.596830616424583E+02
1.394394434434405E+00	4.608712808634281E+02
1.395795825825796E+00	4.620329967772367E+02
1.397197217217188E+00	4.631996253325398E+02
1.398598608608579E+00	4.644013273256975E+02
1.399999999999970E+00	4.655775397315207E+02
