# barionic density, pressure
1.000000000000000E-05	9.853255278358120E-07
1.411391391391391E-03	-9.636647178012936E-07
2.812782782782782E-03	-1.526952843846630E-04
4.214174174174174E-03	-2.214854762542018E-03
5.615565565565564E-03	-3.699056803156964E-03
7.016956956956956E-03	-5.672912261161400E-03
8.418348348348348E-03	-1.121683308400634E-02
9.819739739739739E-03	-1.472416816034183E-02
1.122113113113113E-02	-1.875373720008611E-02
1.262252252252252E-02	-2.788215957957618E-02
1.402391391391391E-02	-3.345033007752818E-02
1.542530530530531E-02	-3.952671110295114E-02
1.682669669669670E-02	-4.610218246392606E-02
1.822808808808809E-02	-5.975573943828749E-02
1.962947947947948E-02	-6.779526260476132E-02
2.103087087087087E-02	-7.629784319914279E-02
2.243226226226226E-02	-8.524978752302559E-02
2.383365365365364E-02	-1.032274974490974E-01
2.523504504504503E-02	-1.135307825693985E-01
2.663643643643642E-02	-1.242379052665683E-01
2.803782782782781E-02	-1.353329448114664E-01
2.943921921921920E-02	-1.573811652574477E-01
3.084061061061059E-02	-1.696965573417515E-01
3.224200200200199E-02	-1.823493663809472E-01
3.364339339339338E-02	-1.953224322119809E-01
3.504478478478477E-02	-2.085983743728548E-01
3.644617617617617E-02	-2.221596179759899E-01
3.784756756756756E-02	-2.359884161489845E-01
3.924895895895895E-02	-2.640998017905076E-01
4.065035035035035E-02	-2.788988589513792E-01
4.205174174174174E-02	-2.939106847525750E-01
4.345313313313313E-02	-3.091170130821865E-01
4.485452452452453E-02	-3.244994824224250E-01
4.625591591591592E-02	-3.400396463396760E-01
4.765730730730731E-02	-3.557189828519540E-01
4.905869869869871E-02	-3.715189028189911E-01
5.046009009009010E-02	-3.874207574708635E-01
5.186148148148149E-02	-4.034058451941291E-01
5.326287287287289E-02	-4.194554176489191E-01
5.466426426426428E-02	-4.549331236513581E-01
5.606565565565567E-02	-4.715363427450256E-01
5.746704704704707E-02	-4.881468220973488E-01
5.886843843843846E-02	-5.047456711406539E-01
6.026982982982985E-02	-5.213139754837925E-01
6.167122122122125E-02	-5.378328003814659E-01
6.307261261261264E-02	-5.542831938693098E-01
6.447400400400403E-02	-5.706461896576229E-01
6.587539539539543E-02	-5.869028097654336E-01
6.727678678678682E-02	-6.030340669462930E-01
6.867817817817821E-02	-6.190209669050546E-01
7.007956956956961E-02	-6.348445103334370E-01
7.148096096096100E-02	-6.504856947852886E-01
7.288235235235239E-02	-6.659255163975786E-01
7.428374374374379E-02	-6.550980414767764E-01
7.568513513513518E-02	-6.696081435454744E-01
7.708652652652657E-02	-6.838607215096317E-01
7.848791791791797E-02	-6.978367877813980E-01
7.988930930930936E-02	-7.115173601878269E-01
8.129070070070075E-02	-7.248834629961038E-01
8.269209209209215E-02	-7.379161278715856E-01
8.409348348348354E-02	-7.505963947412511E-01
8.549487487487493E-02	-7.629053126003669E-01
8.689626626626633E-02	-7.748239402322952E-01
8.829765765765772E-02	-7.863333468823157E-01
8.969904904904911E-02	-7.974146128592565E-01
9.110044044044051E-02	-8.080488300928437E-01
9.250183183183190E-02	-7.861384362001331E-01
9.390322322322329E-02	-7.953634696397103E-01
9.530461461461469E-02	-8.040857514588424E-01
9.670600600600608E-02	-8.122864333297457E-01
9.810739739739748E-02	-8.199466806963187E-01
9.950878878878887E-02	-8.270476730650671E-01
1.009101801801803E-01	-8.335706042623769E-01
1.023115715715717E-01	-8.394966826481323E-01
1.037129629629630E-01	-8.448071313074479E-01
1.051143543543544E-01	-8.133236664849619E-01
1.065157457457458E-01	-8.168970094562837E-01
1.079171371371372E-01	-8.197995099351374E-01
1.093185285285286E-01	-8.220124609070467E-01
1.107199199199200E-01	-8.235171707269728E-01
1.121213113113114E-01	-8.242949631538750E-01
1.135227027027028E-01	-7.854957394406483E-01
1.149240940940942E-01	-7.843204554542353E-01
1.163254854854856E-01	-7.823634044879100E-01
1.177268768768770E-01	-7.796059821756671E-01
1.191282682682684E-01	-7.760295995459501E-01
1.205296596596598E-01	-7.716156829477541E-01
1.219310510510512E-01	-7.248808790379826E-01
1.233324424424426E-01	-7.182996138297995E-01
1.247338338338339E-01	-7.108263335737774E-01
1.261352252252253E-01	-7.024425357957398E-01
1.275366166166167E-01	-6.931297328478649E-01
1.289380080080081E-01	-6.828694517517420E-01
1.303393993993995E-01	-6.275857742048174E-01
1.317407907907909E-01	-6.149455851096945E-01
1.331421821821823E-01	-6.013038003294469E-01
1.345435735735737E-01	-5.866420153770378E-01
1.359449649649651E-01	-5.709418395829289E-01
1.373463563563565E-01	-5.541848958665696E-01
1.387477477477479E-01	-4.897456531904822E-01
1.401491391391393E-01	-4.703979339453781E-01
1.415505305305307E-01	-4.499396801198827E-01
1.429519219219220E-01	-4.283525789375062E-01
1.443533133133134E-01	-4.056183300848488E-01
1.457547047047048E-01	-3.330227864480548E-01
1.471560960960962E-01	-3.075237330223786E-01
1.485574874874876E-01	-2.808240498292207E-01
1.499588788788790E-01	-2.529054965528985E-01
1.513602702702704E-01	-2.237498440264289E-01
1.527616616616618E-01	-1.425871934849852E-01
1.541630530530532E-01	-1.104938511968498E-01
1.555644444444446E-01	-7.711019719118894E-02
1.569658358358360E-01	-4.241805735421167E-02
1.583672272272274E-01	-6.399267262793273E-03
1.597686186186188E-01	3.096432814982109E-02
1.611700100100102E-01	1.228657113409781E-01
1.625714014014016E-01	1.633735857448073E-01
1.639727927927929E-01	2.052791850798599E-01
1.653741841841843E-01	2.486006160593206E-01
1.667755755755757E-01	2.933559776354855E-01
1.681769669669671E-01	3.395633613624796E-01
1.695783583583585E-01	4.427864030594719E-01
1.709797497497499E-01	4.923432190115591E-01
1.723811411411413E-01	5.434047119949241E-01
1.737825325325327E-01	5.959889324622054E-01
1.751839239239241E-01	6.501139251662948E-01
1.765853153153155E-01	7.057977295384603E-01
1.779867067067069E-01	8.209192680434398E-01
1.793880980980983E-01	8.801563213004897E-01
1.807894894894897E-01	9.410046065299866E-01
1.821908808808811E-01	1.003482129709653E+00
1.835922722722725E-01	1.067606893265634E+00
1.849936636636638E-01	1.133396896459828E+00
1.863950550550552E-01	1.200870135780178E+00
1.877964464464466E-01	1.330533726332760E+00
1.891978378378380E-01	1.401797021021480E+00
1.905992292292294E-01	1.474795746277778E+00
1.920006206206208E-01	1.549547874451150E+00
1.934020120120122E-01	1.626071376933339E+00
1.948034034034036E-01	1.704384224551859E+00
1.962047947947950E-01	1.784504387961533E+00
1.976061861861864E-01	1.882208476204880E+00
1.990075775775778E-01	1.997780989268620E+00
2.004089689689692E-01	2.083697156454946E+00
2.018103603603606E-01	2.171491088391690E+00
2.032117517517520E-01	2.261180747205628E+00
2.046131431431434E-01	2.352784097099118E+00
2.060145345345347E-01	2.446319104745555E+00
2.074159259259261E-01	2.541803739677903E+00
2.088173173173175E-01	2.672171312271871E+00
2.102187087087089E-01	2.771779742082344E+00
2.116201001001003E-01	2.873390704788790E+00
2.130214914914917E-01	2.977022175650006E+00
2.144228828828831E-01	3.082692134635920E+00
2.158242742742745E-01	3.190418566802805E+00
2.172256656656659E-01	3.300219462674477E+00
2.186270570570573E-01	3.412112818613764E+00
2.200284484484487E-01	3.526116637193809E+00
2.214298398398401E-01	3.642248927568062E+00
2.228312312312315E-01	3.760527705832374E+00
2.242326226226229E-01	3.880970995388850E+00
2.256340140140143E-01	4.003596827302317E+00
2.270354054054056E-01	4.128423240653433E+00
2.284367967967970E-01	4.255468282891115E+00
2.298381881881884E-01	4.384750010174855E+00
2.312395795795798E-01	4.516286487716343E+00
2.326409709709712E-01	4.614425908049157E+00
2.340423623623626E-01	4.750374265383414E+00
2.354437537537540E-01	4.888632823673277E+00
2.368451451451454E-01	5.029219698539976E+00
2.382465365365368E-01	5.172153016362415E+00
2.396479279279282E-01	5.281033579438315E+00
2.410493193193196E-01	5.428568503108579E+00
2.424507107107110E-01	5.578505569996992E+00
2.438521021021024E-01	5.730862963805407E+00
2.452534934934938E-01	5.848666250522854E+00
2.466548848848852E-01	6.005778334685942E+00
2.480562762762765E-01	6.165366671873073E+00
2.494576676676679E-01	6.290039225338262E+00
2.508590590590593E-01	6.454498251794462E+00
2.522604504504507E-01	6.583807810313829E+00
2.536618418418421E-01	6.753216049472542E+00
2.550632332332335E-01	6.887246882603733E+00
2.564646246246249E-01	7.061683118816404E+00
2.578660160160163E-01	7.200519867579828E+00
2.592674074074077E-01	7.380063152089974E+00
2.606687987987991E-01	7.523790836251521E+00
2.620701901901905E-01	7.708520492821094E+00
2.634715815815818E-01	7.857224517787643E+00
2.648729729729732E-01	8.008388135901328E+00
2.662743643643646E-01	8.200986311254269E+00
2.676757557557560E-01	8.357256693737725E+00
2.690771471471474E-01	8.516054513609618E+00
2.704785385385388E-01	8.677403063162558E+00
2.718799299299302E-01	8.880741870569750E+00
2.732813213213216E-01	9.047373723319481E+00
2.746827127127130E-01	9.216624929380714E+00
2.760841041041044E-01	9.388519065664525E+00
2.774854954954958E-01	9.563079785445382E+00
2.788868868868872E-01	9.740330818777352E+00
2.802882782782786E-01	9.920295972889107E+00
2.816896696696700E-01	1.010299913255801E+01
2.830910610610614E-01	1.028846426045766E+01
2.844924524524527E-01	1.047671539748399E+01
2.858938438438441E-01	1.066777666305654E+01
2.872952352352355E-01	1.082112418185756E+01
2.886966266266269E-01	1.101778637408273E+01
2.900980180180183E-01	1.121733341845453E+01
2.914994094094097E-01	1.141978976869251E+01
2.929008008008011E-01	1.158427780393083E+01
2.943021921921925E-01	1.179254221310464E+01
2.957035835835839E-01	1.196272579049059E+01
2.971049749749753E-01	1.217690502681853E+01
2.985063663663667E-01	1.235289964736518E+01
2.999077577577581E-01	1.257310134621252E+01
3.013091491491495E-01	1.275502354336953E+01
3.027105405405409E-01	1.298135621001614E+01
3.041119319319323E-01	1.316932355335570E+01
3.055133233233236E-01	1.336032584374004E+01
3.069147147147150E-01	1.355439517836083E+01
3.083161061061064E-01	1.379325569800017E+01
3.097174974974978E-01	1.399361307438357E+01
3.111188888888892E-01	1.419713235713471E+01
3.125202802802806E-01	1.440384627653219E+01
3.139216716716720E-01	1.461378772705814E+01
3.153230630630634E-01	1.482698976728346E+01
3.167244544544548E-01	1.500148841146574E+01
3.181258458458462E-01	1.522126930686761E+01
3.195272372372376E-01	1.544441350990400E+01
3.209286286286290E-01	1.567095475741337E+01
3.223300200200204E-01	1.585878152377649E+01
3.237314114114118E-01	1.609218708756828E+01
3.251328028028032E-01	1.628689373318707E+01
3.265341941941945E-01	1.652731133241957E+01
3.279355855855859E-01	1.672905762575675E+01
3.293369769769773E-01	1.693437678983179E+01
3.307383683683687E-01	1.718558408443977E+01
3.321397597597601E-01	1.739818892897802E+01
3.335411511511515E-01	1.761449524791720E+01
3.349425425425429E-01	1.783454745241613E+01
3.363439339339343E-01	1.805839021857793E+01
3.377453253253257E-01	1.828606848598815E+01
3.391467167167171E-01	1.851762745610557E+01
3.405481081081085E-01	1.871084635717602E+01
3.419494994994999E-01	1.895031712937055E+01
3.433508908908913E-01	1.919380910111784E+01
3.447522822822827E-01	1.939916104790473E+01
3.461536736736741E-01	1.960868266716926E+01
3.475550650650654E-01	1.986457193686681E+01
3.489564564564568E-01	2.008256681277373E+01
3.503578478478482E-01	2.030490145433384E+01
3.517592392392396E-01	2.053163457136355E+01
3.531606306306310E-01	2.076282524706278E+01
3.545620220220224E-01	2.099853293374861E+01
3.559634134134138E-01	2.123881744830010E+01
3.573648048048052E-01	2.144195628532367E+01
3.587661961961966E-01	2.169164253798459E+01
3.601675875875880E-01	2.190445676998206E+01
3.615689789789794E-01	2.216380510880811E+01
3.629703703703708E-01	2.238657415550711E+01
3.643717617617622E-01	2.261447381475693E+01
3.657731531531536E-01	2.284757990159511E+01
3.671745445445450E-01	2.308596870610995E+01
3.685759359359363E-01	2.328866606344593E+01
3.699773273273277E-01	2.353796507873750E+01
3.713787187187191E-01	2.375197683994634E+01
3.727801101101105E-01	2.401251663799871E+01
3.741815015015019E-01	2.423819605918516E+01
3.755828928928933E-01	2.446991642493788E+01
3.769842842842847E-01	2.470777312803580E+01
3.783856756756761E-01	2.495186211823363E+01
3.797870670670675E-01	2.516237157055195E+01
3.811884584584589E-01	2.541938460608895E+01
3.825898498498503E-01	2.564337664287552E+01
3.839912412412417E-01	2.587437228136207E+01
3.853926326326331E-01	2.611248845681837E+01
3.867940240240245E-01	2.631891179586052E+01
3.881954154154159E-01	2.657183718416496E+01
3.895968068068072E-01	2.679376449489268E+01
3.909981981981986E-01	2.702376468762054E+01
3.923995895895900E-01	2.726197847998151E+01
3.938009809809814E-01	2.747083656169292E+01
3.952023723723728E-01	2.771680965723419E+01
3.966037637637642E-01	2.794370625743016E+01
3.980051551551556E-01	2.817997433755477E+01
3.994065465465470E-01	2.840751470531632E+01
4.008079379379384E-01	2.864508073931302E+01
4.022093293293298E-01	2.885699059243711E+01
4.036107207207212E-01	2.909773870550322E+01
4.050121121121126E-01	2.931428673770881E+01
4.064135035035040E-01	2.954272134741075E+01
4.078148948948954E-01	2.976610085674957E+01
4.092162862862868E-01	3.000222959488070E+01
4.106176776776782E-01	3.021787819951049E+01
4.120190690690695E-01	3.044765630464678E+01
4.134204604604609E-01	3.067557561726022E+01
4.148218518518523E-01	3.088664626335446E+01
4.162232432432437E-01	3.111420273506735E+01
4.176246346346351E-01	3.132764898400364E+01
4.190260260260265E-01	3.155935910295437E+01
4.204274174174179E-01	3.177996291555758E+01
4.218288088088093E-01	3.199170170361992E+01
4.232302002002007E-01	3.221116426926307E+01
4.246315915915921E-01	3.242599242243790E+01
4.260329829829835E-01	3.263884950041097E+01
4.274343743743749E-01	3.285256887460406E+01
4.288357657657663E-01	3.307015892696160E+01
4.302371571571577E-01	3.327045750886447E+01
4.316385485485491E-01	3.348309561039912E+01
4.330399399399404E-01	3.370060554771402E+01
4.344413313313318E-01	3.390728430461166E+01
4.358427227227232E-01	3.411260476633686E+01
4.372441141141146E-01	3.431759623220853E+01
4.386455055055060E-01	3.451851504460399E+01
4.400468968968974E-01	3.471940082297726E+01
4.414482882882888E-01	3.492197500555028E+01
4.428496796796802E-01	3.512064240533084E+01
4.442510710710716E-01	3.531868894593504E+01
4.456524624624630E-01	3.551354247236856E+01
4.470538538538544E-01	3.653437407451617E+01
4.484552452452458E-01	3.764854494052753E+01
4.498566366366372E-01	3.876584147918277E+01
4.512580280280286E-01	3.988626331550881E+01
4.526594194194200E-01	4.100981007647499E+01
4.540608108108113E-01	4.213648139097597E+01
4.554622022022027E-01	4.326627688981694E+01
4.568635935935941E-01	4.439919620569697E+01
4.582649849849855E-01	4.553523897319349E+01
4.596663763763769E-01	4.667440482874804E+01
4.610677677677683E-01	4.781669341065020E+01
4.624691591591597E-01	4.896210435902253E+01
4.638705505505511E-01	5.011063731580646E+01
4.652719419419425E-01	5.126229192474682E+01
4.666733333333339E-01	5.241706783137801E+01
4.680747247247253E-01	5.357496468300928E+01
4.694761161161167E-01	5.473598212871070E+01
4.708775075075081E-01	5.590011981929922E+01
4.722788988988995E-01	5.706737740732422E+01
4.736802902902909E-01	5.823775454705492E+01
4.750816816816822E-01	5.941125089446552E+01
4.764830730730736E-01	6.058786610722302E+01
4.778844644644650E-01	6.176759984467276E+01
4.792858558558564E-01	6.295045176782588E+01
4.806872472472478E-01	6.413642153934688E+01
4.820886386386392E-01	6.532550882353968E+01
4.834900300300306E-01	6.651771328633515E+01
4.848914214214220E-01	6.771303459527940E+01
4.862928128128134E-01	6.891147241952024E+01
4.876942042042048E-01	7.011302642979570E+01
4.890955955955962E-01	7.131769629842120E+01
4.904969869869876E-01	7.252548169927775E+01
4.918983783783790E-01	7.373638230780011E+01
4.932997697697704E-01	7.495039780096488E+01
4.947011611611618E-01	7.616752785727874E+01
4.961025525525531E-01	7.738777215676714E+01
4.975039439439445E-01	7.861113038096266E+01
4.989053353353359E-01	7.983760221289344E+01
5.003067267267273E-01	8.106718733707254E+01
5.017081181181187E-01	8.229988543948656E+01
5.031095095095101E-01	8.353569620758424E+01
5.045109009009014E-01	8.477461933026689E+01
5.059122922922928E-01	8.601665449787555E+01
5.073136836836842E-01	8.726180140218264E+01
5.087150750750756E-01	8.851005973637928E+01
5.101164664664670E-01	8.976142919506657E+01
5.115178578578584E-01	9.101590947424449E+01
5.129192492492498E-01	9.227350027130177E+01
5.143206406406412E-01	9.353420128500551E+01
5.157220320320326E-01	9.479801221549167E+01
5.171234234234240E-01	9.606493276425476E+01
5.185248148148154E-01	9.733496263413792E+01
5.199262062062068E-01	9.860810152932402E+01
5.213275975975982E-01	9.988434915532486E+01
5.227289889889896E-01	1.011637052189723E+02
5.241303803803810E-01	1.024461694284090E+02
5.255317717717723E-01	1.037317414930785E+02
5.269331631631637E-01	1.050204211237166E+02
5.283345545545551E-01	1.063122080323416E+02
5.297359459459465E-01	1.076071019322450E+02
5.311373373373379E-01	1.089051025379839E+02
5.325387287287293E-01	1.102062095653706E+02
5.339401201201207E-01	1.115104227314648E+02
5.353415115115121E-01	1.128177417545639E+02
5.367429029029035E-01	1.141281663541954E+02
5.381442942942949E-01	1.154416962511070E+02
5.395456856856863E-01	1.167583311672601E+02
5.409470770770777E-01	1.180780708258193E+02
5.423484684684691E-01	1.194009149511454E+02
5.437498598598605E-01	1.207268632687869E+02
5.451512512512519E-01	1.220559155054713E+02
5.465526426426432E-01	1.233880713890977E+02
5.479540340340346E-01	1.247233306487285E+02
5.493554254254260E-01	1.260616930145816E+02
5.507568168168174E-01	1.274031582180218E+02
5.521582082082088E-01	1.287477259915544E+02
5.535595995996002E-01	1.300953960688158E+02
5.549609909909916E-01	1.314461681845681E+02
5.563623823823830E-01	1.328000420746888E+02
5.577637737737744E-01	1.341570174761652E+02
5.591651651651658E-01	1.355170941270867E+02
5.605665565565572E-01	1.368802717666367E+02
5.619679479479486E-01	1.382465501350865E+02
5.633693393393400E-01	1.396159289737864E+02
5.647707307307314E-01	1.409884080251602E+02
5.661721221221228E-01	1.423639870326967E+02
5.675735135135141E-01	1.437426657409443E+02
5.689749049049055E-01	1.451244438955022E+02
5.703762962962969E-01	1.465093212430145E+02
5.717776876876883E-01	1.478972975311634E+02
5.731790790790797E-01	1.492883725086625E+02
5.745804704704711E-01	1.506825459252492E+02
5.759818618618625E-01	1.520798175316787E+02
5.773832532532539E-01	1.534801870797180E+02
5.787846446446453E-01	1.548836543221377E+02
5.801860360360367E-01	1.562902190127071E+02
5.815874274274281E-01	1.576998809061872E+02
5.829888188188195E-01	1.591126397583239E+02
5.843902102102109E-01	1.605284953258423E+02
5.857916016016023E-01	1.619474473664401E+02
5.871929929929937E-01	1.633694956387816E+02
5.885943843843850E-01	1.647946399024912E+02
5.899957757757764E-01	1.662228799181481E+02
5.913971671671678E-01	1.676542154472789E+02
5.927985585585592E-01	1.690886462523530E+02
5.941999499499506E-01	1.705261720967757E+02
5.956013413413420E-01	1.719667927448830E+02
5.970027327327334E-01	1.734105079619352E+02
5.984041241241248E-01	1.748573175141113E+02
5.998055155155162E-01	1.763072211685031E+02
6.012069069069076E-01	1.777602186931106E+02
6.026082982982990E-01	1.792163098568343E+02
6.040096896896904E-01	1.806754944294712E+02
6.054110810810818E-01	1.821377721817092E+02
6.068124724724732E-01	1.836031428851212E+02
6.082138638638646E-01	1.850716063121589E+02
6.096152552552560E-01	1.865431622361490E+02
6.110166466466473E-01	1.880178104312862E+02
6.124180380380387E-01	1.894955506726297E+02
6.138194294294301E-01	1.909763827360960E+02
6.152208208208215E-01	1.924603063984553E+02
6.166222122122129E-01	1.939473214373248E+02
6.180236036036043E-01	1.954374276311654E+02
6.194249949949957E-01	1.969306247592746E+02
6.208263863863871E-01	1.984269126017826E+02
6.222277777777785E-01	1.999262909396481E+02
6.236291691691699E-01	2.014287595546508E+02
6.250305605605613E-01	2.029343182293892E+02
6.264319519519527E-01	2.044429667472735E+02
6.278333433433441E-01	2.059547048925230E+02
6.292347347347355E-01	2.074695324501587E+02
6.306361261261269E-01	2.089874492060009E+02
6.320375175175182E-01	2.105084549466629E+02
6.334389089089096E-01	2.120325494595473E+02
6.348403003003010E-01	2.135597325328404E+02
6.362416916916924E-01	2.150900039555078E+02
6.376430830830838E-01	2.166233635172915E+02
6.390444744744752E-01	2.181598110087024E+02
6.404458658658666E-01	2.196993462210181E+02
6.418472572572580E-01	2.212419689462778E+02
6.432486486486494E-01	2.227876789772769E+02
6.446500400400408E-01	2.243364761075644E+02
6.460514314314322E-01	2.258883601314374E+02
6.474528228228236E-01	2.274433308439365E+02
6.488542142142150E-01	2.290013880408420E+02
6.502556056056064E-01	2.305625315186703E+02
6.516569969969978E-01	2.321267610746678E+02
6.530583883883891E-01	2.336940765068090E+02
6.544597797797805E-01	2.352644776137905E+02
6.558611711711719E-01	2.368379641950277E+02
6.572625625625633E-01	2.384145360506508E+02
6.586639539539547E-01	2.399941929815002E+02
6.600653453453461E-01	2.415769347891231E+02
6.614667367367375E-01	2.431627612757690E+02
6.628681281281289E-01	2.447516722443858E+02
6.642695195195203E-01	2.463436674986161E+02
6.656709109109117E-01	2.479387468427934E+02
6.670723023023031E-01	2.495369100819377E+02
6.684736936936945E-01	2.511381570217516E+02
6.698750850850859E-01	2.527424874686176E+02
6.712764764764773E-01	2.543499012295930E+02
6.726778678678687E-01	2.559603981124068E+02
6.740792592592600E-01	2.575739779254558E+02
6.754806506506514E-01	2.591906404778007E+02
6.768820420420428E-01	2.608103855791634E+02
6.782834334334342E-01	2.624332130399220E+02
6.796848248248256E-01	2.640591226711072E+02
6.810862162162170E-01	2.656881142844006E+02
6.824876076076084E-01	2.673201876921291E+02
6.838889989989998E-01	2.689553427072622E+02
6.852903903903912E-01	2.705935791434083E+02
6.866917817817826E-01	2.722348968148113E+02
6.880931731731740E-01	2.738792955363475E+02
6.894945645645654E-01	2.755267751235211E+02
6.908959559559568E-01	2.771773353924617E+02
6.922973473473482E-01	2.788309761599213E+02
6.936987387387396E-01	2.804876972432698E+02
6.951001301301309E-01	2.821474984604922E+02
6.965015215215223E-01	2.838103796301859E+02
6.979029129129137E-01	2.854763405715557E+02
6.993043043043051E-01	2.871453811044129E+02
7.007056956956965E-01	2.888175010491699E+02
7.021070870870879E-01	2.904927002268383E+02
7.035084784784793E-01	2.921709784590256E+02
7.049098698698707E-01	2.938523355679313E+02
7.063112612612621E-01	2.955367713763443E+02
7.077126526526535E-01	2.972242857076396E+02
7.091140440440449E-01	2.989148783857760E+02
7.105154354354363E-01	3.006085492352915E+02
7.119168268268277E-01	3.023052980813012E+02
7.133182182182191E-01	3.040051247494949E+02
7.147196096096105E-01	3.057080290661326E+02
7.161210010010018E-01	3.074140108580423E+02
7.175223923923932E-01	3.091230699526174E+02
7.189237837837846E-01	3.108352061778124E+02
7.203251751751760E-01	3.125504193621429E+02
7.217265665665674E-01	3.142687093346781E+02
7.231279579579588E-01	3.159900759250426E+02
7.245293493493502E-01	3.177145189634106E+02
7.259307407407416E-01	3.194420382805043E+02
7.273321321321330E-01	3.211726337075902E+02
7.287335235235244E-01	3.229063050764772E+02
7.301349149149158E-01	3.246430522195138E+02
7.315363063063072E-01	3.263828749695841E+02
7.329376976976986E-01	3.281257731601069E+02
7.343390890890900E-01	3.298717466250311E+02
7.357404804804814E-01	3.316207951988342E+02
7.371418718718727E-01	3.333729187165200E+02
7.385432632632641E-01	3.351281170136144E+02
7.399446546546555E-01	3.368863899261636E+02
7.413460460460469E-01	3.386477372907328E+02
7.427474374374383E-01	3.404121589444006E+02
7.441488288288297E-01	3.421796547247585E+02
7.455502202202211E-01	3.439502244699087E+02
7.469516116116125E-01	3.457238680184608E+02
7.483530030030039E-01	3.475005852095275E+02
7.497543943943953E-01	3.492803758827259E+02
7.511557857857867E-01	3.510632398781713E+02
7.525571771771781E-01	3.528491770364773E+02
7.539585685685695E-01	3.546381871987517E+02
7.553599599599609E-01	3.564302702065953E+02
7.567613513513523E-01	3.582254259020984E+02
7.581627427427436E-01	3.600236541278390E+02
7.595641341341350E-01	3.618249547268798E+02
7.609655255255264E-01	3.636293275427665E+02
7.623669169169178E-01	3.654367724195262E+02
7.637683083083092E-01	3.672472892016619E+02
7.651696996997006E-01	3.690608777341539E+02
7.665710910910920E-01	3.708775378624556E+02
7.679724824824834E-01	3.726972694324903E+02
7.693738738738748E-01	3.745200722906516E+02
7.707752652652662E-01	3.763459462837985E+02
7.721766566566576E-01	3.781748912592551E+02
7.735780480480490E-01	3.800069070648062E+02
7.749794394394404E-01	3.818419935486974E+02
7.763808308308318E-01	3.836801505596314E+02
7.777822222222232E-01	3.855213779467664E+02
7.791836136136145E-01	3.873656755597127E+02
7.805850050050059E-01	3.892130432485334E+02
7.819863963963973E-01	3.910634808637388E+02
7.833877877877887E-01	3.929169882562866E+02
7.847891791791801E-01	3.947735652775784E+02
7.861905705705715E-01	3.966332117794592E+02
7.875919619619629E-01	3.984959276142129E+02
7.889933533533543E-01	4.003617126345632E+02
7.903947447447457E-01	4.022305666936683E+02
7.917961361361371E-01	4.041024896451218E+02
7.931975275275285E-01	4.059774813429477E+02
7.945989189189199E-01	4.078555416416017E+02
7.960003103103113E-01	4.097366703959668E+02
7.974017017017027E-01	4.116208674613515E+02
7.988030930930941E-01	4.135081326934884E+02
8.002044844844854E-01	4.153984659485330E+02
8.016058758758768E-01	4.172918670830594E+02
8.030072672672682E-01	4.191883359540606E+02
8.044086586586596E-01	4.210878724189446E+02
8.058100500500510E-01	4.229904763355358E+02
8.072114414414424E-01	4.248961475620683E+02
8.086128328328338E-01	4.268048859571878E+02
8.100142242242252E-01	4.287166913799484E+02
8.114156156156166E-01	4.306315636898106E+02
8.128170070070080E-01	4.325495027466387E+02
8.142183983983994E-01	4.344705084107017E+02
8.156197897897908E-01	4.363945805426677E+02
8.170211811811822E-01	4.383217190036049E+02
8.184225725725736E-01	4.402519236549786E+02
8.198239639639650E-01	4.421851943586495E+02
8.212253553553563E-01	4.441215309768719E+02
8.226267467467477E-01	4.460609333722920E+02
8.240281381381391E-01	4.480034014079465E+02
8.254295295295305E-01	4.499489349472592E+02
8.268309209209219E-01	4.518975338540421E+02
8.282323123123133E-01	4.538491979924913E+02
8.296337037037047E-01	4.558039272271859E+02
8.310350950950961E-01	4.577617214230858E+02
8.324364864864875E-01	4.597225804455314E+02
8.338378778778789E-01	4.616865041602412E+02
8.352392692692703E-01	4.636534924333090E+02
8.366406606606617E-01	4.656235451312041E+02
8.380420520520531E-01	4.675966621207675E+02
8.394434434434445E-01	4.695728432692130E+02
8.408448348348359E-01	4.715520884441230E+02
8.422462262262272E-01	4.735343975134477E+02
8.436476176176186E-01	4.755197703455038E+02
8.450490090090100E-01	4.775082068089731E+02
8.464504004004014E-01	4.794997067728998E+02
8.478517917917928E-01	4.814942701066898E+02
8.492531831831842E-01	4.834918966801089E+02
8.506545745745756E-01	4.854925863632812E+02
8.520559659659670E-01	4.874963390266875E+02
8.534573573573584E-01	4.895031545411639E+02
8.548587487487498E-01	4.915130327778995E+02
8.562601401401412E-01	4.935259736084361E+02
8.576615315315326E-01	4.955419769046654E+02
8.590629229229240E-01	4.975610425388288E+02
8.604643143143154E-01	4.995831703835145E+02
8.618657057057068E-01	5.016083603116567E+02
8.632670970970981E-01	5.036366121965347E+02
8.646684884884895E-01	5.056679259117697E+02
8.660698798798809E-01	5.077023013313252E+02
8.674712712712723E-01	5.097397383295046E+02
8.688726626626637E-01	5.117802367809492E+02
8.702740540540551E-01	5.138237965606384E+02
8.716754454454465E-01	5.158704175438862E+02
8.730768368368379E-01	5.179200996063414E+02
8.744782282282293E-01	5.199728426239852E+02
8.758796196196207E-01	5.220286464731306E+02
8.772810110110121E-01	5.240875110304205E+02
8.786824024024035E-01	5.261494361728253E+02
8.800837937937949E-01	5.282144217776436E+02
8.814851851851863E-01	5.302824677224993E+02
8.828865765765777E-01	5.323535738853411E+02
8.842879679679690E-01	5.344277401444402E+02
8.856893593593604E-01	5.365049663783892E+02
8.870907507507518E-01	5.385852524661012E+02
8.884921421421432E-01	5.406685982868084E+02
8.898935335335346E-01	5.427550037200609E+02
8.912949249249260E-01	5.448444686457236E+02
8.926963163163174E-01	5.469369929439777E+02
8.940977077077088E-01	5.490325764953178E+02
8.954990990991002E-01	5.511312191805501E+02
8.969004904904916E-01	5.532329208807921E+02
8.983018818818830E-01	5.553376814774715E+02
8.997032732732744E-01	5.574455008523233E+02
9.011046646646658E-01	5.595563788873906E+02
9.025060560560572E-01	5.616703154650212E+02
9.039074474474486E-01	5.637873104678688E+02
9.053088388388399E-01	5.659073637788897E+02
9.067102302302313E-01	5.680304752813421E+02
9.081116216216227E-01	5.701566448587853E+02
9.095130130130141E-01	5.722858723950781E+02
9.109144044044055E-01	5.744181577743775E+02
9.123157957957969E-01	5.765535008811378E+02
9.137171871871883E-01	5.786919016001088E+02
9.151185785785797E-01	5.808333598163362E+02
9.165199699699711E-01	5.829778754151570E+02
9.179213613613625E-01	5.851254482822019E+02
9.193227527527539E-01	5.872760783033935E+02
9.207241441441453E-01	5.894297653649425E+02
9.221255355355367E-01	5.915865093533491E+02
9.235269269269281E-01	5.937463101554016E+02
9.249283183183195E-01	5.959091676581738E+02
9.263297097097108E-01	5.980750817490251E+02
9.277311011011022E-01	6.002440523155997E+02
9.291324924924936E-01	6.024160792458231E+02
9.305338838838850E-01	6.045911624279038E+02
9.319352752752764E-01	6.067693017503307E+02
9.333366666666678E-01	6.089504971018729E+02
9.347380580580592E-01	6.111347483715768E+02
9.361394494494506E-01	6.133220554487663E+02
9.375408408408420E-01	6.155124182230425E+02
9.389422322322334E-01	6.177058365842802E+02
9.403436236236248E-01	6.199023104226292E+02
9.417450150150162E-01	6.221018396285123E+02
9.431464064064076E-01	6.243044240926231E+02
9.445477977977990E-01	6.265100637059269E+02
9.459491891891904E-01	6.287187583596584E+02
9.473505805805817E-01	6.309305079453212E+02
9.487519719719731E-01	6.331453123546855E+02
9.501533633633645E-01	6.353631714797898E+02
9.515547547547559E-01	6.375840852129357E+02
9.529561461461473E-01	6.398080534466916E+02
9.543575375375387E-01	6.420350760738872E+02
9.557589289289301E-01	6.442651529876161E+02
9.571603203203215E-01	6.464982840812326E+02
9.585617117117129E-01	6.487344692483508E+02
9.599631031031043E-01	6.509737083828451E+02
9.613644944944957E-01	6.532160013788474E+02
9.627658858858871E-01	6.554613481307472E+02
9.641672772772785E-01	6.577097485331902E+02
9.655686686686699E-01	6.599612024810773E+02
9.669700600600613E-01	6.622157098695642E+02
9.683714514514526E-01	6.644732705940593E+02
9.697728428428440E-01	6.667338845502228E+02
9.711742342342354E-01	6.689975516339679E+02
9.725756256256268E-01	6.712642717414568E+02
9.739770170170182E-01	6.735340447691020E+02
9.753784084084096E-01	6.758068706135633E+02
9.767797997998010E-01	6.780827491717497E+02
9.781811911911924E-01	6.803616803408150E+02
9.795825825825838E-01	6.826436640181602E+02
9.809839739739752E-01	6.849287001014296E+02
9.823853653653666E-01	6.872167884885122E+02
9.837867567567580E-01	6.895079290775401E+02
9.851881481481494E-01	6.918021217668860E+02
9.865895395395408E-01	6.940993664551642E+02
9.879909309309322E-01	6.963996630412299E+02
9.893923223223235E-01	6.987030114241767E+02
9.907937137137149E-01	7.010094115033363E+02
9.921951051051063E-01	7.033188631782783E+02
9.935964964964977E-01	7.056313663488082E+02
9.949978878878891E-01	7.079469209149671E+02
9.963992792792805E-01	7.102655267770321E+02
9.978006706706719E-01	7.125871838355121E+02
9.992020620620633E-01	7.149118919911504E+02
1.000603453453455E+00	7.172396511449214E+02
1.002004844844846E+00	7.195704611980317E+02
1.003406236236237E+00	7.219043220519180E+02
1.004807627627629E+00	7.242412336082456E+02
1.006209019019020E+00	7.265811957689094E+02
1.007610410410411E+00	7.289242084360318E+02
1.009011801801802E+00	7.312702715119623E+02
1.010413193193194E+00	7.336193848992756E+02
1.011814584584585E+00	7.359715485007729E+02
1.013215975975976E+00	7.383267622194791E+02
1.014617367367368E+00	7.406850259586423E+02
1.016018758758759E+00	7.430463396217348E+02
1.017420150150150E+00	7.454107031124494E+02
1.018821541541541E+00	7.477781163347012E+02
1.020222932932933E+00	7.501485791926244E+02
1.021624324324324E+00	7.525220915905735E+02
1.023025715715715E+00	7.548986534331221E+02
1.024427107107106E+00	7.572782646250608E+02
1.025828498498498E+00	7.596609250713974E+02
1.027229889889889E+00	7.620466346773566E+02
1.028631281281280E+00	7.644353933483786E+02
1.030032672672672E+00	7.668272009901181E+02
1.031434064064063E+00	7.692220575084435E+02
1.032835455455454E+00	7.716199628094374E+02
1.034236846846845E+00	7.740209167993936E+02
1.035638238238237E+00	7.764249193848183E+02
1.037039629629628E+00	7.788319704724282E+02
1.038441021021019E+00	7.812420699691512E+02
1.039842412412411E+00	7.836552177821223E+02
1.041243803803802E+00	7.860714138186889E+02
1.042645195195193E+00	7.884906579864020E+02
1.044046586586584E+00	7.909129501930225E+02
1.045447977977976E+00	7.933382903465164E+02
1.046849369369367E+00	7.957666783550563E+02
1.048250760760758E+00	7.981981141270197E+02
1.049652152152150E+00	8.006325975709873E+02
1.051053543543541E+00	8.030701285957440E+02
1.052454934934932E+00	8.055107071102776E+02
1.053856326326323E+00	8.079543330237763E+02
1.055257717717715E+00	8.104010062456338E+02
1.056659109109106E+00	8.128507266854386E+02
1.058060500500497E+00	8.153034942529840E+02
1.059461891891889E+00	8.177593088582595E+02
1.060863283283280E+00	8.202181704114547E+02
1.062264674674671E+00	8.226800788229556E+02
1.063666066066062E+00	8.251450340033467E+02
1.065067457457454E+00	8.276130358634078E+02
1.066468848848845E+00	8.300840843141156E+02
1.067870240240236E+00	8.325581792666388E+02
1.069271631631628E+00	8.350353206323458E+02
1.070673023023019E+00	8.375155083227941E+02
1.072074414414410E+00	8.399987422497351E+02
1.073475805805801E+00	8.424850223251134E+02
1.074877197197193E+00	8.449743484610652E+02
1.076278588588584E+00	8.474667205699162E+02
1.077679979979975E+00	8.499621385641855E+02
1.079081371371367E+00	8.524606023565776E+02
1.080482762762758E+00	8.549621118599904E+02
1.081884154154149E+00	8.574666669875052E+02
1.083285545545540E+00	8.599742676523960E+02
1.084686936936932E+00	8.624849137681209E+02
1.086088328328323E+00	8.649986052483258E+02
1.087489719719714E+00	8.675153420068399E+02
1.088891111111105E+00	8.700351239576804E+02
1.090292502502497E+00	8.725579510150475E+02
1.091693893893888E+00	8.750838230933260E+02
1.093095285285279E+00	8.776127401070831E+02
1.094496676676671E+00	8.801447019710682E+02
1.095898068068062E+00	8.826797086002151E+02
1.097299459459453E+00	8.852177599096354E+02
1.098700850850844E+00	8.877588558146246E+02
1.100102242242236E+00	8.903029962306570E+02
1.101503633633627E+00	8.928501810733845E+02
1.102905025025018E+00	8.954004102586420E+02
1.104306416416410E+00	8.979536837024394E+02
1.105707807807801E+00	9.005100013209652E+02
1.107109199199192E+00	9.030693630305851E+02
1.108510590590583E+00	9.056317687478421E+02
1.109911981981975E+00	9.081972183894535E+02
1.111313373373366E+00	9.107657118723129E+02
1.112714764764757E+00	9.133372491134877E+02
1.114116156156149E+00	9.159118300302213E+02
1.115517547547540E+00	9.184894545399276E+02
1.116918938938931E+00	9.210701225601971E+02
1.118320330330322E+00	9.236538340087897E+02
1.119721721721714E+00	9.262405888036391E+02
1.121123113113105E+00	9.288303868628485E+02
1.122524504504496E+00	9.314232281046931E+02
1.123925895895888E+00	9.340191124476170E+02
1.125327287287279E+00	9.366180398102352E+02
1.126728678678670E+00	9.392200101113307E+02
1.128130070070061E+00	9.418250232698555E+02
1.129531461461453E+00	9.444330792049280E+02
1.130932852852844E+00	9.470441778358360E+02
1.132334244244235E+00	9.496583190820317E+02
1.133735635635627E+00	9.522755028631371E+02
1.135137027027018E+00	9.548957290989350E+02
1.136538418418409E+00	9.575189977093777E+02
1.137939809809800E+00	9.601453086145781E+02
1.139341201201192E+00	9.627746617348172E+02
1.140742592592583E+00	9.654070569905354E+02
1.142143983983974E+00	9.680424943023392E+02
1.143545375375365E+00	9.706809735909966E+02
1.144946766766757E+00	9.733224947774362E+02
1.146348158158148E+00	9.759670577827493E+02
1.147749549549539E+00	9.786146625281868E+02
1.149150940940931E+00	9.812653089351621E+02
1.150552332332322E+00	9.839189969252465E+02
1.151953723723713E+00	9.865757264201699E+02
1.153355115115104E+00	9.892354973418238E+02
1.154756506506496E+00	9.918983096122548E+02
1.156157897897887E+00	9.945641631536693E+02
1.157559289289278E+00	9.972330578884286E+02
1.158960680680670E+00	9.999049937390542E+02
1.160362072072061E+00	1.002579970628220E+03
1.161763463463452E+00	1.005257988478759E+03
1.163164854854843E+00	1.007939047213657E+03
1.164566246246235E+00	1.010623146756055E+03
1.165967637637626E+00	1.013310287029248E+03
1.167369029029017E+00	1.016000467956686E+03
1.168770420420409E+00	1.018693689461970E+03
1.170171811811800E+00	1.021389951468857E+03
1.171573203203191E+00	1.024089253901252E+03
1.172974594594582E+00	1.026791596683216E+03
1.174375985985974E+00	1.029496979738957E+03
1.175777377377365E+00	1.032205402992838E+03
1.177178768768756E+00	1.034916866369368E+03
1.178580160160148E+00	1.037631369793209E+03
1.179981551551539E+00	1.040348913189172E+03
1.181382942942930E+00	1.043069496482216E+03
1.182784334334321E+00	1.045793119597447E+03
1.184185725725713E+00	1.048519782460122E+03
1.185587117117104E+00	1.051249484995645E+03
1.186988508508495E+00	1.053982227129564E+03
1.188389899899887E+00	1.056718008787576E+03
1.189791291291278E+00	1.059456829895523E+03
1.191192682682669E+00	1.062198690379395E+03
1.192594074074060E+00	1.064943590165323E+03
1.193995465465452E+00	1.067691529179587E+03
1.195396856856843E+00	1.070442507348608E+03
1.196798248248234E+00	1.073196524598951E+03
1.198199639639626E+00	1.075953580857328E+03
1.199601031031017E+00	1.078713676050589E+03
1.201002422422408E+00	1.081476810105731E+03
1.202403813813799E+00	1.084242982949888E+03
1.203805205205191E+00	1.087012194510341E+03
1.205206596596582E+00	1.089784444714507E+03
1.206607987987973E+00	1.092559733489947E+03
1.208009379379364E+00	1.095338060764361E+03
1.209410770770756E+00	1.098119426465590E+03
1.210812162162147E+00	1.100903830521613E+03
1.212213553553538E+00	1.103691272860548E+03
1.213614944944930E+00	1.106481753410654E+03
1.215016336336321E+00	1.109275272100323E+03
1.216417727727712E+00	1.112071828858090E+03
1.217819119119103E+00	1.114871423612625E+03
1.219220510510495E+00	1.117674056292733E+03
1.220621901901886E+00	1.120479726827360E+03
1.222023293293277E+00	1.123288435145583E+03
1.223424684684669E+00	1.126100181176618E+03
1.224826076076060E+00	1.128914964849814E+03
1.226227467467451E+00	1.131732786094657E+03
1.227628858858842E+00	1.134553644840766E+03
1.229030250250234E+00	1.137377541017893E+03
1.230431641641625E+00	1.140204474555925E+03
1.231833033033016E+00	1.143034445384882E+03
1.233234424424408E+00	1.145867453434916E+03
1.234635815815799E+00	1.148703498636312E+03
1.236037207207190E+00	1.151542580919486E+03
1.237438598598581E+00	1.154384700214987E+03
1.238839989989973E+00	1.157229856453494E+03
1.240241381381364E+00	1.160078049565816E+03
1.241642772772755E+00	1.162929279482893E+03
1.243044164164147E+00	1.165783546135798E+03
1.244445555555538E+00	1.168640849455728E+03
1.245846946946929E+00	1.171501189374014E+03
1.247248338338320E+00	1.174364565822111E+03
1.248649729729712E+00	1.177230978731608E+03
1.250051121121103E+00	1.180100428034216E+03
1.251452512512494E+00	1.182972913661780E+03
1.252853903903886E+00	1.185848435546265E+03
1.254255295295277E+00	1.188726993619769E+03
1.255656686686668E+00	1.191608587814516E+03
1.257058078078059E+00	1.194493218062851E+03
1.258459469469451E+00	1.197380884297249E+03
1.259860860860842E+00	1.200271586450310E+03
1.261262252252233E+00	1.203165324454759E+03
1.262663643643624E+00	1.206062098243443E+03
1.264065035035016E+00	1.208961907749337E+03
1.265466426426407E+00	1.211864752905537E+03
1.266867817817798E+00	1.214770633645263E+03
1.268269209209190E+00	1.217679549901862E+03
1.269670600600581E+00	1.220591501608797E+03
1.271071991991972E+00	1.223506488699657E+03
1.272473383383363E+00	1.226424511108153E+03
1.273874774774755E+00	1.229345568768120E+03
1.275276166166146E+00	1.232269661613512E+03
1.276677557557537E+00	1.235196789578401E+03
1.278078948948929E+00	1.238126952596984E+03
1.279480340340320E+00	1.241060150603578E+03
1.280881731731711E+00	1.243996383532618E+03
1.282283123123102E+00	1.246935651318659E+03
1.283684514514494E+00	1.249877953896375E+03
1.285085905905885E+00	1.252823291200561E+03
1.286487297297276E+00	1.255771663166128E+03
1.287888688688668E+00	1.258723069728107E+03
1.289290080080059E+00	1.261677510821647E+03
1.290691471471450E+00	1.264634986382012E+03
1.292092862862841E+00	1.267595496344583E+03
1.293494254254233E+00	1.270559040644864E+03
1.294895645645624E+00	1.273525619218468E+03
1.296297037037015E+00	1.276495232001129E+03
1.297698428428407E+00	1.279467878928692E+03
1.299099819819798E+00	1.282443559937124E+03
1.300501211211189E+00	1.285422274962501E+03
1.301902602602580E+00	1.288404023941019E+03
1.303303993993972E+00	1.291388806808983E+03
1.304705385385363E+00	1.294376623502818E+03
1.306106776776754E+00	1.297367473959058E+03
1.307508168168146E+00	1.300361358114355E+03
1.308909559559537E+00	1.303358275905469E+03
1.310310950950928E+00	1.306358227269275E+03
1.311712342342319E+00	1.309361212142765E+03
1.313113733733711E+00	1.312367230463035E+03
1.314515125125102E+00	1.315376282167299E+03
1.315916516516493E+00	1.318388367192882E+03
1.317317907907884E+00	1.321403485477218E+03
1.318719299299276E+00	1.324421636957852E+03
1.320120690690667E+00	1.327442821572441E+03
1.321522082082058E+00	1.330467039258754E+03
1.322923473473450E+00	1.333494289954665E+03
1.324324864864841E+00	1.336524573598164E+03
1.325726256256232E+00	1.339557890127343E+03
1.327127647647623E+00	1.342594239480411E+03
1.328529039039015E+00	1.345633621595679E+03
1.329930430430406E+00	1.348676036411572E+03
1.331331821821797E+00	1.351721483866618E+03
1.332733213213189E+00	1.354769963899457E+03
1.334134604604580E+00	1.357821476448834E+03
1.335535995995971E+00	1.360876021453603E+03
1.336937387387362E+00	1.363933598852724E+03
1.338338778778754E+00	1.366994208585264E+03
1.339740170170145E+00	1.370057850590395E+03
1.341141561561536E+00	1.373124524807397E+03
1.342542952952928E+00	1.376194231175656E+03
1.343944344344319E+00	1.379266969634661E+03
1.345345735735710E+00	1.382342740124008E+03
1.346747127127101E+00	1.385421542583399E+03
1.348148518518493E+00	1.388503376952636E+03
1.349549909909884E+00	1.391588243171632E+03
1.350951301301275E+00	1.394676141180399E+03
1.352352692692667E+00	1.397767070919052E+03
1.353754084084058E+00	1.400861032327815E+03
1.355155475475449E+00	1.403958025347011E+03
1.356556866866840E+00	1.407058049917065E+03
1.357958258258232E+00	1.410161105978508E+03
1.359359649649623E+00	1.413267193471971E+03
1.360761041041014E+00	1.416376312338188E+03
1.362162432432406E+00	1.419488462517993E+03
1.363563823823797E+00	1.422603643952324E+03
1.364965215215188E+00	1.425721856582218E+03
1.366366606606579E+00	1.428843100348814E+03
1.367767997997971E+00	1.431967375193353E+03
1.369169389389362E+00	1.435094681057174E+03
1.370570780780753E+00	1.438225017881716E+03
1.371972172172145E+00	1.441358385608520E+03
1.373373563563536E+00	1.444494784179225E+03
1.374774954954927E+00	1.447634213535569E+03
1.376176346346318E+00	1.450776673619391E+03
1.377577737737710E+00	1.453922164372625E+03
1.378979129129101E+00	1.457070685737308E+03
1.380380520520492E+00	1.460222237655571E+03
1.381781911911883E+00	1.463376820069647E+03
1.383183303303275E+00	1.466534432921864E+03
1.384584694694666E+00	1.469695076154647E+03
1.385986086086057E+00	1.472858749710520E+03
1.387387477477449E+00	1.476025453532102E+03
1.388788868868840E+00	1.479195187562111E+03
1.390190260260231E+00	1.482367951743358E+03
1.391591651651622E+00	1.485543746018755E+03
1.392993043043014E+00	1.488722570331303E+03
1.394394434434405E+00	1.491904424624107E+03
1.395795825825796E+00	1.495089308840358E+03
1.397197217217188E+00	1.498277222923350E+03
1.398598608608579E+00	1.501468166816468E+03
1.399999999999970E+00	1.504662140463191E+03
