# barionic density, pressure
1.000000000000000E-05	3.607373173508677E-07
1.411391391391391E-03	-9.615597093670658E-05
2.812782782782782E-03	-4.958945627322464E-04
4.214174174174174E-03	-1.431175775451266E-03
5.615565565565564E-03	-2.985379175584058E-03
7.016956956956956E-03	-5.202792263844458E-03
8.418348348348348E-03	-1.116663222330772E-02
9.819739739739739E-03	-1.528076679358037E-02
1.122113113113113E-02	-2.010699671461680E-02
1.262252252252252E-02	-2.564917033942038E-02
1.402391391391391E-02	-3.190776589531197E-02
1.542530530530531E-02	-3.888073051496121E-02
1.682669669669670E-02	-4.656405419689236E-02
1.822808808808809E-02	-5.495217823977327E-02
1.962947947947948E-02	-6.403829530370331E-02
2.103087087087087E-02	-8.139464355360815E-02
2.243226226226226E-02	-9.235009924202586E-02
2.383365365365364E-02	-1.039770672333589E-01
2.523504504504503E-02	-1.162655646040776E-01
2.663643643643642E-02	-1.292050955469222E-01
2.803782782782781E-02	-1.427847242283633E-01
2.943921921921920E-02	-1.569931352154299E-01
3.084061061061059E-02	-1.718186840972749E-01
3.224200200200199E-02	-1.872494402608709E-01
3.364339339339338E-02	-2.032732233346906E-01
3.504478478478477E-02	-2.073463701702849E-01
3.644617617617617E-02	-2.240267557699553E-01
3.784756756756756E-02	-2.412629613727404E-01
3.924895895895895E-02	-2.590420781358489E-01
4.065035035035035E-02	-2.773510679289757E-01
4.205174174174174E-02	-2.961767792306773E-01
4.345313313313313E-02	-3.155059612114428E-01
4.485452452452453E-02	-3.353252762768761E-01
4.625591591591592E-02	-3.556213112834712E-01
4.765730730730731E-02	-3.594559506738051E-01
4.905869869869871E-02	-3.801776414633196E-01
5.046009009009010E-02	-4.013359730096226E-01
5.186148148148149E-02	-4.229173190943811E-01
5.326287287287289E-02	-4.449080193884356E-01
5.466426426426428E-02	-4.479543934293133E-01
5.606565565565567E-02	-4.702379941639947E-01
5.746704704704707E-02	-4.928903305536778E-01
5.886843843843846E-02	-5.158976602222083E-01
6.026982982982985E-02	-5.392462324425651E-01
6.167122122122125E-02	-5.411796724795295E-01
6.307261261261264E-02	-5.646872689447946E-01
6.447400400400403E-02	-5.884953447242651E-01
6.587539539539543E-02	-5.894183094374057E-01
6.727678678678682E-02	-6.133054059482674E-01
6.867817817817821E-02	-6.374522605289030E-01
7.007956956956961E-02	-6.372485184207335E-01
7.148096096096100E-02	-6.613945374116383E-01
7.288235235235239E-02	-6.857597089822320E-01
7.428374374374379E-02	-6.843133151045322E-01
7.568513513513518E-02	-7.085980753727199E-01
7.708652652652657E-02	-7.330615579506912E-01
7.848791791791797E-02	-7.302570366234704E-01
7.988930930930936E-02	-7.545609210735620E-01
8.129070070070075E-02	-7.790033213198058E-01
8.269209209209215E-02	-7.747258153333405E-01
8.409348348348354E-02	-7.989299083651531E-01
8.549487487487493E-02	-7.934540350390762E-01
8.689626626626633E-02	-8.173679681643762E-01
8.829765765765772E-02	-8.106438550045141E-01
8.969904904904911E-02	-8.342160361892184E-01
9.110044044044051E-02	-8.578343197399363E-01
9.250183183183190E-02	-8.493731823053849E-01
9.390322322322329E-02	-8.725723806834367E-01
9.530461461461469E-02	-8.627390419970880E-01
9.670600600600608E-02	-8.854682870322677E-01
9.810739739739748E-02	-8.742138443509475E-01
9.950878878878887E-02	-8.964225800169743E-01
1.009101801801803E-01	-8.836984371619110E-01
1.023115715715717E-01	-9.053364310711913E-01
1.037129629629630E-01	-8.910943095446555E-01
1.051143543543544E-01	-8.758488659706245E-01
1.065157457457458E-01	-8.963036123385564E-01
1.079171371371372E-01	-8.794688140127391E-01
1.093185285285286E-01	-8.992291765465552E-01
1.107199199199200E-01	-8.807575779006811E-01
1.121213113113114E-01	-8.997745300556517E-01
1.135227027027028E-01	-8.796190344421575E-01
1.149240940940942E-01	-8.583791679561728E-01
1.163254854854856E-01	-8.759577796248550E-01
1.177268768768770E-01	-8.529644540291201E-01
1.191282682682684E-01	-8.288527847324758E-01
1.205296596596598E-01	-8.448861594993105E-01
1.219310510510512E-01	-8.189522820456432E-01
1.233324424424426E-01	-8.340507282758836E-01
1.247338338338339E-01	-8.062490009243675E-01
1.261352252252253E-01	-7.772730856619319E-01
1.275366166166167E-01	-7.906505245422295E-01
1.289380080080081E-01	-7.597394093023695E-01
1.303393993993995E-01	-7.276212315704242E-01
1.317407907907909E-01	-6.942852499870469E-01
1.331421821821823E-01	-7.050543365070325E-01
1.345435735735737E-01	-6.696949551230773E-01
1.359449649649651E-01	-6.330854620456421E-01
1.373463563563565E-01	-6.418946441456228E-01
1.387477477477479E-01	-6.031964208342515E-01
1.401491391391393E-01	-5.632162114427501E-01
1.415505305305307E-01	-5.219436070076426E-01
1.429519219219220E-01	-5.278317754451791E-01
1.443533133133134E-01	-4.843849701098861E-01
1.457547047047048E-01	-4.396144796227190E-01
1.471560960960962E-01	-3.935100888526222E-01
1.485574874874876E-01	-3.963032530790542E-01
1.499588788788790E-01	-3.479407811375950E-01
1.513602702702704E-01	-2.982137109589758E-01
1.527616616616618E-01	-2.471120236720026E-01
1.541630530530532E-01	-1.946257493435724E-01
1.555644444444446E-01	-1.931974254729312E-01
1.569658358358360E-01	-1.383506699093004E-01
1.583672272272274E-01	-8.208937747122036E-02
1.597686186186188E-01	-2.440377698667362E-02
1.611700100100102E-01	3.471585321256043E-02
1.625714014014016E-01	9.527918518108436E-02
1.639727927927929E-01	1.022049027274079E-01
1.653741841841843E-01	1.652480996863233E-01
1.667755755755757E-01	2.297640406731034E-01
1.681769669669671E-01	2.957621966451143E-01
1.695783583583585E-01	3.632519885192096E-01
1.709797497497499E-01	4.322427871063610E-01
1.723811411411413E-01	5.027439130324183E-01
1.737825325325327E-01	5.747646366693289E-01
1.751839239239241E-01	5.897288746818958E-01
1.765853153153155E-01	6.643826662774472E-01
1.779867067067069E-01	7.405838755875038E-01
1.793880980980983E-01	8.183415696295242E-01
1.807894894894897E-01	8.976647648856897E-01
1.821908808808811E-01	9.785624272483346E-01
1.835922722722725E-01	1.061043471972880E+00
1.849936636636638E-01	1.145116763635997E+00
1.863950550550552E-01	1.230791116089677E+00
1.877964464464466E-01	1.318075292429057E+00
1.891978378378380E-01	1.406978004946836E+00
1.905992292292294E-01	1.497507915102688E+00
1.920006206206208E-01	1.589673633492225E+00
1.934020120120122E-01	1.683483719814035E+00
1.948034034034036E-01	1.778946682841820E+00
1.962047947947950E-01	1.876070980399959E+00
1.976061861861864E-01	1.974865019335994E+00
1.990075775775778E-01	2.009408143225869E+00
2.004089689689692E-01	2.111138072567201E+00
2.018103603603606E-01	2.214562939851248E+00
2.032117517517520E-01	2.319690946117021E+00
2.046131431431434E-01	2.426530241337332E+00
2.060145345345347E-01	2.535088924402203E+00
2.074159259259261E-01	2.713871511414368E+00
2.088173173173175E-01	2.826320004315221E+00
2.102187087087089E-01	2.940511603227151E+00
2.116201001001003E-01	3.056454204299257E+00
2.130214914914917E-01	3.174155652552258E+00
2.144228828828831E-01	3.293623741870988E+00
2.158242742742745E-01	3.414866215005304E+00
2.172256656656659E-01	3.537890763562814E+00
2.186270570570573E-01	3.662705028011032E+00
2.200284484484487E-01	3.789316597678749E+00
2.214298398398401E-01	3.917733010754546E+00
2.228312312312315E-01	4.047961754290895E+00
2.242326226226229E-01	4.180010264206999E+00
2.256340140140143E-01	4.313885925295722E+00
2.270354054054056E-01	4.449596071229394E+00
2.284367967967970E-01	4.587147984563899E+00
2.298381881881884E-01	4.726548896749364E+00
2.312395795795798E-01	4.867805988138457E+00
2.326409709709712E-01	5.010926387998666E+00
2.340423623623626E-01	5.232471375854061E+00
2.354437537537540E-01	5.379761722728290E+00
2.368451451451454E-01	5.528936219626303E+00
2.382465365365368E-01	5.680001793239853E+00
2.396479279279282E-01	5.832965319234404E+00
2.410493193193196E-01	5.987833622271069E+00
2.424507107107110E-01	6.144613476012637E+00
2.438521021021024E-01	6.303311603151428E+00
2.452534934934938E-01	6.463934675419864E+00
2.466548848848852E-01	6.626489313616162E+00
2.480562762762765E-01	6.871738738527142E+00
2.494576676676679E-01	7.038596076125941E+00
2.508590590590593E-01	7.207404313480083E+00
2.522604504504507E-01	7.378169869467456E+00
2.536618418418421E-01	7.550899112130310E+00
2.550632332332335E-01	7.725598358700609E+00
2.564646246246249E-01	7.902273875616174E+00
2.578660160160163E-01	8.080931878558999E+00
2.592674074074077E-01	8.345680599041316E+00
2.606687987987991E-01	8.528740276050371E+00
2.620701901901905E-01	8.713800571930733E+00
2.634715815815818E-01	8.900867501175867E+00
2.648729729729732E-01	9.089947027648236E+00
2.662743643643646E-01	9.281045064603518E+00
2.676757557557560E-01	9.474167474717774E+00
2.690771471471474E-01	9.756338539905641E+00
2.704785385385388E-01	9.953943995071768E+00
2.718799299299302E-01	1.015359090991467E+01
2.732813213213216E-01	1.035528494669700E+01
2.746827127127130E-01	1.055903171725890E+01
2.760841041041044E-01	1.076483678304135E+01
2.774854954954958E-01	1.106221617344636E+01
2.788868868868872E-01	1.127257015074213E+01
2.802882782782786E-01	1.148499861698701E+01
2.816896696696700E-01	1.169950693395072E+01
2.830910610610614E-01	1.191610041317767E+01
2.844924524524527E-01	1.213478431600822E+01
2.858938438438441E-01	1.244756069243419E+01
2.872952352352355E-01	1.267085584922768E+01
2.886966266266269E-01	1.289625673398541E+01
2.900980180180183E-01	1.312376840919308E+01
2.914994094094097E-01	1.335339588731392E+01
2.929008008008011E-01	1.367920788803588E+01
2.943021921921925E-01	1.391349584798638E+01
2.957035835835839E-01	1.414991417770864E+01
2.971049749749753E-01	1.438846769152281E+01
2.985063663663667E-01	1.462916115392966E+01
2.999077577577581E-01	1.487199927962979E+01
3.013091491491495E-01	1.521352735078904E+01
3.027105405405409E-01	1.546108188007281E+01
3.041119319319323E-01	1.571079475712065E+01
3.055133233233236E-01	1.596267049941025E+01
3.069147147147150E-01	1.621671357483274E+01
3.083161061061064E-01	1.657152873651319E+01
3.097174974974978E-01	1.683033212024770E+01
3.111188888888892E-01	1.709131579022596E+01
3.125202802802806E-01	1.735448401791734E+01
3.139216716716720E-01	1.761984102540634E+01
3.153230630630634E-01	1.798804813952904E+01
3.167244544544548E-01	1.825820695684229E+01
3.181258458458462E-01	1.853056677870222E+01
3.195272372372376E-01	1.880513163160992E+01
3.209286286286290E-01	1.908190549289759E+01
3.223300200200204E-01	1.946360356909804E+01
3.237314114114118E-01	1.974521834833808E+01
3.251328028028032E-01	2.002905363545710E+01
3.265341941941945E-01	2.031511321306868E+01
3.279355855855859E-01	2.060340081484105E+01
3.293369769769773E-01	2.099868303364633E+01
3.307383683683687E-01	2.129184827830875E+01
3.321397597597601E-01	2.158725232460188E+01
3.335411511511515E-01	2.188489871237107E+01
3.349425425425429E-01	2.218479093274300E+01
3.363439339339343E-01	2.259374466956604E+01
3.377453253253257E-01	2.289854888510035E+01
3.391467167167171E-01	2.320560899200484E+01
3.405481081081085E-01	2.351492828850223E+01
3.419494994994999E-01	2.382651002434341E+01
3.433508908908913E-01	2.424921687421215E+01
3.447522822822827E-01	2.456574259566412E+01
3.461536736736741E-01	2.488454009993484E+01
3.475550650650654E-01	2.520561244481553E+01
3.489564564564568E-01	2.552896263986884E+01
3.503578478478482E-01	2.596549844285335E+01
3.517592392392396E-01	2.629382226327346E+01
3.531606306306310E-01	2.662443256555684E+01
3.545620220220224E-01	2.695733216827512E+01
3.559634134134138E-01	2.729252384202630E+01
3.573648048048052E-01	2.763001030947817E+01
3.587661961961966E-01	2.808315130890048E+01
3.601675875875880E-01	2.842564390302164E+01
3.615689789789794E-01	2.877043907227335E+01
3.629703703703708E-01	2.911753934953481E+01
3.643717617617622E-01	2.946694722001541E+01
3.657731531531536E-01	2.993406386603272E+01
3.671745445445450E-01	3.028850236898086E+01
3.685759359359363E-01	3.064525554281556E+01
3.699773273273277E-01	3.100432568397707E+01
3.713787187187191E-01	3.136571504149981E+01
3.727801101101105E-01	3.172942581707036E+01
3.741815015015019E-01	3.221330711130508E+01
3.755828928928933E-01	3.258207488789526E+01
3.769842842842847E-01	3.295317031982177E+01
3.783856756756761E-01	3.332659542125668E+01
3.797870670670675E-01	3.370235215928938E+01
3.811884584584589E-01	3.408044245398526E+01
3.825898498498503E-01	3.446086817844161E+01
3.839912412412417E-01	3.496433183745273E+01
3.853926326326331E-01	3.534984114415295E+01
3.867940240240245E-01	3.573769114385118E+01
3.881954154154159E-01	3.612788352363134E+01
3.895968068068072E-01	3.652041992388979E+01
3.909981981981986E-01	3.691530193838378E+01
3.923995895895900E-01	3.743567628909045E+01
3.938009809809814E-01	3.783566109300114E+01
3.952023723723728E-01	3.823799594628144E+01
3.966037637637642E-01	3.864268225799731E+01
3.980051551551556E-01	3.904972139086397E+01
3.994065465465470E-01	3.945911466130406E+01
4.008079379379384E-01	3.987086333950333E+01
4.022093293293298E-01	4.028496864946896E+01
4.036107207207212E-01	4.082783356200378E+01
4.050121121121126E-01	4.124706219418374E+01
4.064135035035040E-01	4.166865079695287E+01
4.078148948948954E-01	4.209260041143591E+01
4.092162862862868E-01	4.251891203287062E+01
4.106176776776782E-01	4.294758661067090E+01
4.120190690690695E-01	4.337862504848181E+01
4.134204604604609E-01	4.381202820424528E+01
4.148218518518523E-01	4.424779689025638E+01
4.162232432432437E-01	4.468593187322426E+01
4.176246346346351E-01	4.525690272851409E+01
4.190260260260265E-01	4.570017858790152E+01
4.204274174174179E-01	4.614582272691541E+01
4.218288088088093E-01	4.659383573171181E+01
4.232302002002007E-01	4.704421814316311E+01
4.246315915915921E-01	4.749697045691926E+01
4.260329829829835E-01	4.795209312346776E+01
4.274343743743749E-01	4.840958654819838E+01
4.288357657657663E-01	4.886945109146745E+01
4.302371571571577E-01	4.933168706865411E+01
4.316385485485491E-01	4.979629475022898E+01
4.330399399399404E-01	5.026327436181521E+01
4.344413313313318E-01	5.073262608424909E+01
4.358427227227232E-01	5.120435005365016E+01
4.372441141141146E-01	5.167844636147640E+01
4.386455055055060E-01	5.215491505459408E+01
4.400468968968974E-01	5.263375613533788E+01
4.414482882882888E-01	5.311496956158032E+01
4.428496796796802E-01	5.359855524678619E+01
4.442510710710716E-01	5.408451306009226E+01
4.456524624624630E-01	5.457284282635703E+01
4.470538538538544E-01	5.506354432623220E+01
4.484552452452458E-01	5.555661729622796E+01
4.498566366366372E-01	5.605206142878137E+01
4.512580280280286E-01	5.654987637231329E+01
4.526594194194200E-01	5.705006173130050E+01
4.540608108108113E-01	5.755261706634144E+01
4.554622022022027E-01	5.805754189421907E+01
4.568635935935941E-01	5.856483568797103E+01
4.582649849849855E-01	5.907449787695259E+01
4.596663763763769E-01	5.958652784690310E+01
4.610677677677683E-01	6.010092494001856E+01
4.624691591591597E-01	6.061768845501058E+01
4.638705505505511E-01	6.113681764717933E+01
4.652719419419425E-01	6.165831172848004E+01
4.666733333333339E-01	6.218216986758534E+01
4.680747247247253E-01	6.270839118996275E+01
4.694761161161167E-01	6.323697477793291E+01
4.708775075075081E-01	6.376791967074462E+01
4.722788988988995E-01	6.430122486464029E+01
4.736802902902909E-01	6.483688931292193E+01
4.750816816816822E-01	6.537491192602477E+01
4.764830730730736E-01	6.576778941371674E+01
4.778844644644650E-01	6.631011968713563E+01
4.792858558558564E-01	6.685480460112569E+01
4.806872472472478E-01	6.740184289445835E+01
4.820886386386392E-01	6.795123326338864E+01
4.834900300300306E-01	6.850297436172787E+01
4.848914214214220E-01	6.905706480091192E+01
4.862928128128134E-01	6.961350315007564E+01
4.876942042042048E-01	7.017228793611605E+01
4.890955955955962E-01	7.058227765223262E+01
4.904969869869876E-01	7.114534558238392E+01
4.918983783783790E-01	7.171075527082337E+01
4.932997697697704E-01	7.227850507541893E+01
4.947011611611618E-01	7.284859331216546E+01
4.961025525525531E-01	7.342101825526117E+01
4.975039439439445E-01	7.384221710913926E+01
4.989053353353359E-01	7.441890503800403E+01
5.003067267267273E-01	7.499792423451242E+01
5.017081181181187E-01	7.557927280563513E+01
5.031095095095101E-01	7.616294881691590E+01
5.045109009009014E-01	7.659337421190799E+01
5.059122922922928E-01	7.718129409943140E+01
5.073136836836842E-01	7.777153536105607E+01
5.087150750750756E-01	7.836409589663197E+01
5.101164664664670E-01	7.880178817491901E+01
5.115178578578584E-01	7.939857580614682E+01
5.129192492492498E-01	7.999767614729262E+01
5.143206406406412E-01	8.059908693376633E+01
5.157220320320326E-01	8.104401178059436E+01
5.171234234234240E-01	8.164963155076487E+01
5.185248148148154E-01	8.225755470817796E+01
5.199262062062068E-01	8.270778153790855E+01
5.213275975975982E-01	8.331989924543223E+01
5.227289889889896E-01	8.393431291372576E+01
5.241303803803810E-01	8.455101999333510E+01
5.255317717717723E-01	8.500841302382287E+01
5.269331631631637E-01	8.562929423722130E+01
5.283345545545551E-01	8.625246094842612E+01
5.297359459459465E-01	8.671510335485175E+01
5.311373373373379E-01	8.734242804906535E+01
5.325387287287293E-01	8.797202996455985E+01
5.339401201201207E-01	8.843989740629638E+01
5.353415115115121E-01	8.907364042580207E+01
5.367429029029035E-01	8.954484657946182E+01
5.381442942942949E-01	9.018271906751625E+01
5.395456856856863E-01	9.082285417290973E+01
5.409470770770777E-01	9.129924248086741E+01
5.423484684684691E-01	9.194348897241150E+01
5.437498598598605E-01	9.242318661480635E+01
5.451512512512519E-01	9.307153205815700E+01
5.465526426426432E-01	9.372212452262431E+01
5.479540340340346E-01	9.420695842315479E+01
5.493554254254260E-01	9.486163056797466E+01
5.507568168168174E-01	9.534974242657995E+01
5.521582082082088E-01	9.600848102834891E+01
5.535595995996002E-01	9.649985779720532E+01
5.549609909909916E-01	9.716264931945170E+01
5.563623823823830E-01	9.765727763686368E+01
5.577637737737744E-01	9.832410823169300E+01
5.591651651651658E-01	9.882197442393363E+01
5.605665565565572E-01	9.949282993369241E+01
5.619679479479486E-01	9.999392001685862E+01
5.633693393393400E-01	1.006687859758017E+02
5.647707307307314E-01	1.011730856576847E+02
5.661721221221228E-01	1.018519472936678E+02
5.675735135135141E-01	1.023594419756409E+02
5.689749049049055E-01	1.030422842118116E+02
5.703762962962969E-01	1.035529589907303E+02
5.717776876876883E-01	1.040650239947449E+02
5.731790790790797E-01	1.047536061173608E+02
5.745804704704711E-01	1.052688284374436E+02
5.759818618618625E-01	1.059613521680036E+02
5.773832532532539E-01	1.064797161483194E+02
5.787846446446453E-01	1.069994512371899E+02
5.801860360360367E-01	1.076976550439070E+02
5.815874274274281E-01	1.082205078930194E+02
5.829888188188195E-01	1.089226124481686E+02
5.843902102102109E-01	1.094485666615063E+02
5.857916016016023E-01	1.099758719442593E+02
5.871929929929937E-01	1.106835939851439E+02
5.885943843843850E-01	1.112139756323189E+02
5.899957757757764E-01	1.117456959306836E+02
5.913971671671678E-01	1.122787507377158E+02
5.927985585585592E-01	1.129937676244618E+02
5.941999499499506E-01	1.135298645485660E+02
5.956013413413420E-01	1.140672831354617E+02
5.970027327327334E-01	1.147878253947055E+02
5.984041241241248E-01	1.153282595940099E+02
5.998055155155162E-01	1.158700022937247E+02
6.012069069069076E-01	1.164130491065260E+02
6.026082982982990E-01	1.171407599955692E+02
6.040096896896904E-01	1.176867861956733E+02
6.054110810810818E-01	1.182341029312151E+02
6.068124724724732E-01	1.187827056784796E+02
6.082138638638646E-01	1.193325898802331E+02
6.096152552552560E-01	1.198837509458994E+02
6.110166466466473E-01	1.206218716372899E+02
6.124180380380387E-01	1.211759558367680E+02
6.138194294294301E-01	1.217313027143587E+02
6.152208208208215E-01	1.222879075469640E+02
6.166222122122129E-01	1.228457655789788E+02
6.180236036036043E-01	1.234048720224681E+02
6.194249949949957E-01	1.239652220573360E+02
6.208263863863871E-01	1.247151971665883E+02
6.222277777777785E-01	1.252784017107219E+02
6.236291691691699E-01	1.258428349730921E+02
6.250305605605613E-01	1.264084920057580E+02
6.264319519519527E-01	1.269753678294871E+02
6.278333433433441E-01	1.275434574339391E+02
6.292347347347355E-01	1.281127557778437E+02
6.306361261261269E-01	1.286832577891839E+02
6.320375175175182E-01	1.292549583653806E+02
6.334389089089096E-01	1.298278523734749E+02
6.348403003003010E-01	1.304019346503111E+02
6.362416916916924E-01	1.309772000027265E+02
6.376430830830838E-01	1.315536432077364E+02
6.390444744744752E-01	1.321312590127180E+02
6.404458658658666E-01	1.327100421356058E+02
6.418472572572580E-01	1.332899872650768E+02
6.432486486486494E-01	1.338710890607409E+02
6.446500400400408E-01	1.344533421533340E+02
6.460514314314322E-01	1.348415151313210E+02
6.474528228228236E-01	1.354256768387328E+02
6.488542142142150E-01	1.360109738065938E+02
6.502556056056064E-01	1.365974005534532E+02
6.516569969969978E-01	1.371849515699763E+02
6.530583883883891E-01	1.377736213191495E+02
6.544597797797805E-01	1.383634042364766E+02
6.558611711711719E-01	1.389542947301732E+02
6.572625625625633E-01	1.393480699064804E+02
6.586639539539547E-01	1.399407830370519E+02
6.600653453453461E-01	1.405345870617008E+02
6.614667367367375E-01	1.411294762830931E+02
6.628681281281289E-01	1.417254449776501E+02
6.642695195195203E-01	1.421224191797512E+02
6.656709109109117E-01	1.427201553490996E+02
6.670723023023031E-01	1.433189539287670E+02
6.684736936936945E-01	1.439188090939554E+02
6.698750850850859E-01	1.443181768383353E+02
6.712764764764773E-01	1.449197546142469E+02
6.726778678678687E-01	1.455223716217744E+02
6.740792592592600E-01	1.459233913625234E+02
6.754806506506514E-01	1.465276970233998E+02
6.768820420420428E-01	1.471330243525728E+02
6.782834334334342E-01	1.475356477489057E+02
6.796848248248256E-01	1.481426293813693E+02
6.810862162162170E-01	1.487506149159669E+02
6.824876076076084E-01	1.491547931040781E+02
6.838889989989998E-01	1.497643982133044E+02
6.852903903903912E-01	1.501694713056087E+02
6.866917817817826E-01	1.507806728789174E+02
6.880931731731740E-01	1.513928484096385E+02
6.894945645645654E-01	1.517993942623975E+02
6.908959559559568E-01	1.524131309346258E+02
6.922973473473482E-01	1.528205174430590E+02
6.936987387387396E-01	1.534357917727838E+02
6.951001301301309E-01	1.538439972398656E+02
6.965015215215223E-01	1.544607856039476E+02
6.979029129129137E-01	1.548697882214950E+02
6.993043043043051E-01	1.554880668624268E+02
7.007056956956965E-01	1.558978447165035E+02
7.021070870870879E-01	1.565175897472269E+02
7.035084784784793E-01	1.569281208236301E+02
7.049098698698707E-01	1.575493082324058E+02
7.063112612612621E-01	1.579605704222105E+02
7.077126526526535E-01	1.583720229693394E+02
7.091140440440449E-01	1.589951471827247E+02
7.105154354354363E-01	1.594072981075641E+02
7.119168268268277E-01	1.600318045774599E+02
7.133182182182191E-01	1.604446315671706E+02
7.147196096096105E-01	1.608576228634457E+02
7.161210010010018E-01	1.614839765584609E+02
7.175223923923932E-01	1.618976109265692E+02
7.189237837837846E-01	1.623113940424638E+02
7.203251751751760E-01	1.627253209526126E+02
7.217265665665674E-01	1.633539341546759E+02
7.231279579579588E-01	1.637684603826297E+02
7.245293493493502E-01	1.641831148079806E+02
7.259307407407416E-01	1.648134495922474E+02
7.273321321321330E-01	1.652286701020372E+02
7.287335235235244E-01	1.656440031936683E+02
7.301349149149158E-01	1.660594439131382E+02
7.315363063063072E-01	1.664749873099009E+02
7.329376976976986E-01	1.671078338271867E+02
7.343390890890900E-01	1.675238886704501E+02
7.357404804804814E-01	1.679400305819428E+02
7.371418718718727E-01	1.683562546239705E+02
7.385432632632641E-01	1.687725558648095E+02
7.399446546546555E-01	1.691889293792337E+02
7.413460460460469E-01	1.698245236535732E+02
7.427474374374383E-01	1.702413433143610E+02
7.441488288288297E-01	1.706582196975842E+02
7.455502202202211E-01	1.710751479028163E+02
7.469516116116125E-01	1.714921230387357E+02
7.483530030030039E-01	1.719091402236739E+02
7.497543943943953E-01	1.723261945861622E+02
7.511557857857867E-01	1.727432812654848E+02
7.525571771771781E-01	1.731603954122390E+02
7.539585685685695E-01	1.735775321888894E+02
7.553599599599609E-01	1.739946867703387E+02
7.567613513513523E-01	1.744118543444903E+02
7.581627427427436E-01	1.748290301128202E+02
7.595641341341350E-01	1.752462092909525E+02
7.609655255255264E-01	1.756633871092391E+02
7.623669169169178E-01	1.760805588133393E+02
7.637683083083092E-01	1.764977196648065E+02
7.651696996997006E-01	1.769148649416783E+02
7.665710910910920E-01	1.773319899390710E+02
7.679724824824834E-01	1.775240727452868E+02
7.693738738738748E-01	1.779408435516985E+02
7.707752652652662E-01	1.783575810282711E+02
7.721766566566576E-01	1.787742805523629E+02
7.735780480480490E-01	1.791909375215139E+02
7.749794394394404E-01	1.796075473540606E+02
7.763808308308318E-01	1.797973452410690E+02
7.777822222222232E-01	1.802135536541911E+02
7.791836136136145E-01	1.806297023228623E+02
7.805850050050059E-01	1.810457867632807E+02
7.819863963963973E-01	1.814048268943737E+02
7.833877877877887E-01	1.817066090841732E+02
7.847891791791801E-01	1.821222580680496E+02
7.861905705705715E-01	1.824234606609751E+02
7.875919619619629E-01	1.828388000967037E+02
7.889933533533543E-01	1.831394102477309E+02
7.903947447447457E-01	1.834396538984010E+02
7.917961361361371E-01	1.838544302386211E+02
7.931975275275285E-01	1.841540634293766E+02
7.945989189189199E-01	1.844533222957274E+02
7.960003103103113E-01	1.848675043617490E+02
7.974017017017027E-01	1.851661355450830E+02
7.988030930930941E-01	1.854643850147538E+02
8.002044844844854E-01	1.857622506471172E+02
8.016058758758768E-01	1.860597303745884E+02
8.030072672672682E-01	1.864727648951772E+02
8.044086586586596E-01	1.867695910528176E+02
8.058100500500510E-01	1.870660247073566E+02
8.072114414414424E-01	1.873620640186474E+02
8.086128328328338E-01	1.876577072074617E+02
8.100142242242252E-01	1.879529525564996E+02
8.114156156156166E-01	1.882477984113948E+02
8.128170070070080E-01	1.885422431817333E+02
8.142183983983994E-01	1.888362853420749E+02
8.156197897897908E-01	1.891299234329836E+02
8.170211811811822E-01	1.894231560620609E+02
8.184225725725736E-01	1.897159819049871E+02
8.198239639639650E-01	1.900083997065707E+02
8.212253553553563E-01	1.903004082818034E+02
8.226267467467477E-01	1.904743947739669E+02
8.240281381381391E-01	1.907654684216687E+02
8.254295295295305E-01	1.910561305599443E+02
8.268309209209219E-01	1.913463803027513E+02
8.282323123123133E-01	1.916362168396654E+02
8.296337037037047E-01	1.918074829696435E+02
8.310350950950961E-01	1.920963821292038E+02
8.324364864864875E-01	1.923848669957346E+02
8.338378778778789E-01	1.925544698251970E+02
8.352392692692703E-01	1.928420186278723E+02
8.366406606606617E-01	1.931291528194497E+02
8.380420520520531E-01	1.932971027210712E+02
8.394434434434445E-01	1.935833038089339E+02
8.408448348348359E-01	1.937501292766605E+02
8.422462262262272E-01	1.940354008355878E+02
8.436476176176186E-01	1.942011099527313E+02
8.450490090090100E-01	1.944854563641042E+02
8.464504004004014E-01	1.946500581077493E+02
8.478517917917928E-01	1.949334845808099E+02
8.492531831831842E-01	1.950969888446541E+02
8.506545745745756E-01	1.953795014379943E+02
8.520559659659670E-01	1.955419190554462E+02
8.534573573573584E-01	1.957037583965621E+02
8.548587487487498E-01	1.959848674662544E+02
8.562601401401412E-01	1.961456394016616E+02
8.576615315315326E-01	1.963058450465272E+02
8.590629229229240E-01	1.965855725197551E+02
8.604643143143154E-01	1.967447323125831E+02
8.618657057057068E-01	1.969033390286846E+02
8.632670970970981E-01	1.970613977846909E+02
8.646684884884895E-01	1.973392949335420E+02
8.660698798798809E-01	1.974963411568259E+02
8.674712712712723E-01	1.976528543513310E+02
8.688726626626637E-01	1.978088402357449E+02
8.702740540540551E-01	1.979643046867479E+02
8.716754454454465E-01	1.981192537407998E+02
8.730768368368379E-01	1.982736935959350E+02
8.744782282282293E-01	1.985484714004382E+02
8.758796196196207E-01	1.987019700643854E+02
8.772810110110121E-01	1.988549776888478E+02
8.786824024024035E-01	1.990075011227449E+02
8.800837937937949E-01	1.991595473855376E+02
8.814851851851863E-01	1.993111236690695E+02
8.828865765765777E-01	1.994622373394150E+02
8.842879679679690E-01	1.996128959387332E+02
8.856893593593604E-01	1.997631071871289E+02
8.870907507507518E-01	1.999128789845221E+02
8.884921421421432E-01	1.999408646985372E+02
8.898935335335346E-01	2.000897389096532E+02
8.912949249249260E-01	2.002382000300437E+02
8.926963163163174E-01	2.003862567124578E+02
8.940977077077088E-01	2.005339177990262E+02
8.954990990991002E-01	2.006811923231679E+02
8.969004904904916E-01	2.008280895115014E+02
8.983018818818830E-01	2.009746187857637E+02
8.997032732732744E-01	2.009991531494221E+02
9.011046646646658E-01	2.011449455997404E+02
9.025060560560572E-01	2.012904012767489E+02
9.039074474474486E-01	2.014355304177176E+02
9.053088388388399E-01	2.014586157994103E+02
9.067102302302313E-01	2.016031003316443E+02
9.081116216216227E-01	2.017472920276138E+02
9.095130130130141E-01	2.018912019722362E+02
9.109144044044055E-01	2.019130516565731E+02
9.123157957957969E-01	2.020564163862128E+02
9.137171871871883E-01	2.021995357221839E+02
9.151185785785797E-01	2.022206098616556E+02
9.165199699699711E-01	2.023632643624313E+02
9.179213613613625E-01	2.025057118990090E+02
9.193227527527539E-01	2.025261489928712E+02
9.207241441441453E-01	2.026682164349430E+02
9.221255355355367E-01	2.028101174709037E+02
9.235269269269281E-01	2.028300630660531E+02
9.249283183183195E-01	2.029716732267062E+02
9.263297097097108E-01	2.029913839116797E+02
9.277311011011022E-01	2.031327666022611E+02
9.291324924924936E-01	2.032740560406249E+02
9.305338838838850E-01	2.032935362115418E+02
9.319352752752764E-01	2.034346951637427E+02
9.333366666666678E-01	2.034541251441283E+02
9.347380580580592E-01	2.035952223668334E+02
9.361394494494506E-01	2.036146810395798E+02
9.375408408408420E-01	2.037557875083776E+02
9.389422322322334E-01	2.038969143797550E+02
9.403436236236248E-01	2.039165451068401E+02
9.417450150150162E-01	2.040577896564212E+02
9.431464064064076E-01	2.040776544144925E+02
9.445477977977990E-01	2.042190932794717E+02
9.459491891891904E-01	2.042392794908731E+02
9.473505805805817E-01	2.043809916514400E+02
9.487519719719731E-01	2.044015892758438E+02
9.501533633633645E-01	2.045436560903516E+02
9.515547547547559E-01	2.045647576621417E+02
9.529561461461473E-01	2.047072629020136E+02
9.543575375375387E-01	2.047289635673634E+02
9.557589289289301E-01	2.048719934516979E+02
9.571603203203215E-01	2.048943910052939E+02
9.585617117117129E-01	2.050380342351210E+02
9.599631031031043E-01	2.050612291564938E+02
9.613644944944957E-01	2.052055769486516E+02
9.627658858858871E-01	2.052296724380609E+02
9.641672772772785E-01	2.053748185586352E+02
9.655686686686699E-01	2.053999205724717E+02
9.669700600600613E-01	2.055459613697680E+02
9.683714514514526E-01	2.055721786554046E+02
9.697728428428440E-01	2.057192130923935E+02
9.711742342342354E-01	2.057466572224572E+02
9.725756256256268E-01	2.058947869086541E+02
9.739770170170182E-01	2.059235723146442E+02
9.753784084084096E-01	2.060729015373666E+02
9.767797997998010E-01	2.061031455425757E+02
9.781811911911924E-01	2.062537812975330E+02
9.795825825825838E-01	2.064050625579301E+02
9.809839739739752E-01	2.064376561703691E+02
9.823853653653666E-01	2.065904066684690E+02
9.837867567567580E-01	2.066247618597399E+02
9.851881481481494E-01	2.067790954417111E+02
9.865895395395408E-01	2.068153398508838E+02
9.879909309309322E-01	2.069713731718648E+02
9.893923223223235E-01	2.070096374673058E+02
9.907937137137149E-01	2.071674900183114E+02
9.921951051051063E-01	2.073262356239439E+02
9.935964964964977E-01	2.073677020595611E+02
9.949978878878891E-01	2.075284483492935E+02
9.963992792792805E-01	2.075722713450638E+02
9.978006706706719E-01	2.077351449595930E+02
9.992020620620633E-01	2.078990604512968E+02
1.000603453453455E+00	2.079465964463549E+02
1.002004844844846E+00	2.081128314251938E+02
1.003406236236237E+00	2.082802011177654E+02
1.004807627627629E+00	2.083317682903617E+02
1.006209019019020E+00	2.085016561240692E+02
1.007610410410411E+00	2.086727746565489E+02
1.009011801801802E+00	2.088451554893132E+02
1.010413193193194E+00	2.089025434434506E+02
1.011814584584585E+00	2.090777151901228E+02
1.013215975975976E+00	2.092542494412972E+02
1.014617367367368E+00	2.094321791796303E+02
1.016018758758759E+00	2.094959869253681E+02
1.017420150150150E+00	2.096769920027663E+02
1.018821541541541E+00	2.098594970358341E+02
1.020222932932933E+00	2.100435364018249E+02
1.021624324324324E+00	2.102291448222460E+02
1.023025715715715E+00	2.103017985115818E+02
1.024427107107106E+00	2.104908525071245E+02
1.025828498498498E+00	2.106815853871884E+02
1.027229889889889E+00	2.108740332805123E+02
1.028631281281280E+00	2.110682326626298E+02
1.030032672672672E+00	2.112642203562208E+02
1.031434064064063E+00	2.114620335314193E+02
1.032835455455454E+00	2.116617097060679E+02
1.034236846846845E+00	2.118632867459143E+02
1.035638238238237E+00	2.120668028647598E+02
1.037039629629628E+00	2.122722966245482E+02
1.038441021021019E+00	2.124798069353984E+02
1.039842412412411E+00	2.126893730555825E+02
1.041243803803802E+00	2.129010345914438E+02
1.042645195195193E+00	2.131148314972526E+02
1.044046586586584E+00	2.133308040750062E+02
1.045447977977976E+00	2.135489929741659E+02
1.046849369369367E+00	2.138800598266797E+02
1.048250760760758E+00	2.141025383415650E+02
1.049652152152150E+00	2.143273531977462E+02
1.051053543543541E+00	2.145545464067003E+02
1.052454934934932E+00	2.147841603251808E+02
1.053856326326323E+00	2.151255294320290E+02
1.055257717717715E+00	2.153598268839331E+02
1.056659109109106E+00	2.155966700536945E+02
1.058060500500497E+00	2.159445672483208E+02
1.059461891891889E+00	2.161863348544674E+02
1.060863283283280E+00	2.164307761285030E+02
1.062264674674671E+00	2.167855375516893E+02
1.063666066066062E+00	2.170351498257806E+02
1.065067457457454E+00	2.173945883692919E+02
1.066468848848845E+00	2.176495364011329E+02
1.067870240240236E+00	2.180138022328180E+02
1.069271631631628E+00	2.182742532007513E+02
1.070673023023019E+00	2.186434987381455E+02
1.072074414414410E+00	2.189096222230011E+02
1.073475805805801E+00	2.192840021163357E+02
1.074877197197193E+00	2.195559700812141E+02
1.076278588588584E+00	2.199356411945319E+02
1.077679979979975E+00	2.203178654581884E+02
1.079081371371367E+00	2.205987493527999E+02
1.080482762762758E+00	2.209865002547599E+02
1.081884154154149E+00	2.213769173144570E+02
1.083285545545540E+00	2.217700374194807E+02
1.084686936936932E+00	2.220632881483472E+02
1.086088328328323E+00	2.224622534524850E+02
1.087489719719714E+00	2.228640378165134E+02
1.088891111111105E+00	2.232686790961255E+02
1.090292502502497E+00	2.236762153811384E+02
1.091693893893888E+00	2.240866849938863E+02
1.093095285285279E+00	2.245001264875665E+02
1.094496676676671E+00	2.249165786445226E+02
1.095898068068062E+00	2.253360804744759E+02
1.097299459459453E+00	2.257586712127005E+02
1.098700850850844E+00	2.261843903181408E+02
1.100102242242236E+00	2.266132774714710E+02
1.101503633633627E+00	2.270453725730998E+02
1.102905025025018E+00	2.274807157411127E+02
1.104306416416410E+00	2.279193473091617E+02
1.105707807807801E+00	2.283613078242897E+02
1.107109199199192E+00	2.288066380447009E+02
1.108510590590583E+00	2.293518781880986E+02
1.109911981981975E+00	2.298036748254420E+02
1.111313373373366E+00	2.302589605269150E+02
1.112714764764757E+00	2.307177768597127E+02
1.114116156156149E+00	2.312751126716902E+02
1.115517547547540E+00	2.317407032929826E+02
1.116918938938931E+00	2.323041220560780E+02
1.118320330330322E+00	2.327766390896975E+02
1.119721721721714E+00	2.332528890740833E+02
1.121123113113105E+00	2.338258750872411E+02
1.122524504504496E+00	2.343092863439721E+02
1.123925895895888E+00	2.348887047787524E+02
1.125327287287279E+00	2.354712014645481E+02
1.126728678678670E+00	2.359654242421831E+02
1.128130070070061E+00	2.365545608047889E+02
1.129531461461453E+00	2.370563320662864E+02
1.130932852852844E+00	2.376522508096949E+02
1.132334244244235E+00	2.382514144009924E+02
1.133735635635627E+00	2.387645736580653E+02
1.135137027027018E+00	2.393707312279249E+02
1.136538418418409E+00	2.399802345192844E+02
1.137939809809800E+00	2.405931161923897E+02
1.139341201201192E+00	2.412094090294908E+02
1.140742592592583E+00	2.417420012453039E+02
1.142143983983974E+00	2.423656412669073E+02
1.143545375375365E+00	2.429927952033804E+02
1.144946766766757E+00	2.436234963082987E+02
1.146348158158148E+00	2.442577779460420E+02
1.147749549549539E+00	2.448956735894932E+02
1.149150940940931E+00	2.455583439425562E+02
1.150552332332322E+00	2.462034563437279E+02
1.151953723723713E+00	2.468522828672131E+02
1.153355115115104E+00	2.475048573953901E+02
1.154756506506496E+00	2.482025727283304E+02
1.156157897897887E+00	2.488625137218720E+02
1.157559289289278E+00	2.495263030718185E+02
1.158960680680670E+00	2.502346504194121E+02
1.160362072072061E+00	2.509060022334718E+02
1.161763463463452E+00	2.516215199292443E+02
1.163164854854843E+00	2.523005645038276E+02
1.164566246246235E+00	2.530233760081127E+02
1.165967637637626E+00	2.537497673475807E+02
1.167369029029017E+00	2.544404736531102E+02
1.168770420420409E+00	2.551743433680411E+02
1.170171811811800E+00	2.559118829107762E+02
1.171573203203191E+00	2.566531218410590E+02
1.172974594594582E+00	2.573980897818514E+02
1.174375985985974E+00	2.581468164171130E+02
1.175777377377365E+00	2.588993314895537E+02
1.177178768768756E+00	2.596556647983575E+02
1.178580160160148E+00	2.604158461968824E+02
1.179981551551539E+00	2.611799055903276E+02
1.181382942942930E+00	2.619847843502520E+02
1.182784334334321E+00	2.627564419442277E+02
1.184185725725713E+00	2.635320658273318E+02
1.185587117117104E+00	2.643478675805866E+02
1.186988508508495E+00	2.651312616026988E+02
1.188389899899887E+00	2.659544033262356E+02
1.189791291291278E+00	2.667456814143320E+02
1.191192682682669E+00	2.675762706576473E+02
1.192594074074060E+00	2.683755470312191E+02
1.193995465465452E+00	2.692136916317701E+02
1.195396856856843E+00	2.700555324682281E+02
1.196798248248234E+00	2.709010950221956E+02
1.198199639639626E+00	2.717504048046760E+02
1.199601031031017E+00	2.726034873541104E+02
1.201002422422408E+00	2.734603682343969E+02
1.202403813813799E+00	2.743210730328916E+02
1.203805205205191E+00	2.751856273583893E+02
1.205206596596582E+00	2.760540568390901E+02
1.206607987987973E+00	2.769263871205402E+02
1.208009379379364E+00	2.778026438635626E+02
1.209410770770756E+00	2.786828527421650E+02
1.210812162162147E+00	2.795987252843023E+02
1.212213553553538E+00	2.804866531421234E+02
1.213614944944930E+00	2.814097879390382E+02
1.215016336336321E+00	2.823055315640723E+02
1.216417727727712E+00	2.832053527905260E+02
1.217819119119103E+00	2.841396758682339E+02
1.219220510510495E+00	2.850776082594517E+02
1.220621901901886E+00	2.859892740365739E+02
1.222023293293277E+00	2.869347419011418E+02
1.223424684684669E+00	2.878838846372140E+02
1.224826076076060E+00	2.888076086083150E+02
1.226227467467451E+00	2.897644221554139E+02
1.227628858858842E+00	2.907249761600796E+02
1.229030250250234E+00	2.916892920289016E+02
1.230431641641625E+00	2.926573911671102E+02
1.231833033033016E+00	2.936292949768898E+02
1.233234424424408E+00	2.946050248556725E+02
1.234635815815799E+00	2.955846021944293E+02
1.236037207207190E+00	2.965680483759414E+02
1.237438598598581E+00	2.975821393598029E+02
1.238839989989973E+00	2.985731183479924E+02
1.240241381381364E+00	2.995680289345181E+02
1.241642772772755E+00	3.005668924567707E+02
1.243044164164147E+00	3.015954217657253E+02
1.244445555555538E+00	3.026019808929258E+02
1.245846946946929E+00	3.036377182826430E+02
1.247248338338320E+00	3.046520529735961E+02
1.248649729729712E+00	3.056950733290026E+02
1.250051121121103E+00	3.067172634194936E+02
1.251452512512494E+00	3.077676415275481E+02
1.252853903903886E+00	3.087977667048473E+02
1.254255295295277E+00	3.098555772306776E+02
1.255656686686668E+00	3.109170003973912E+02
1.257058078078059E+00	3.119820536325579E+02
1.258459469469451E+00	3.130280005807684E+02
1.259860860860842E+00	3.141006327307654E+02
1.261262252252233E+00	3.151769482954259E+02
1.262663643643624E+00	3.162569646309918E+02
1.264065035035016E+00	3.173406990736679E+02
1.265466426426407E+00	3.184281689382736E+02
1.266867817817798E+00	3.195193915168671E+02
1.268269209209190E+00	3.206143840773756E+02
1.269670600600581E+00	3.217131638622164E+02
1.271071991991972E+00	3.228360616750903E+02
1.272473383383363E+00	3.239421907565228E+02
1.273874774774755E+00	3.250521575155343E+02
1.275276166166146E+00	3.261659790845537E+02
1.276677557557537E+00	3.273028943240305E+02
1.278078948948929E+00	3.284241956537188E+02
1.279480340340320E+00	3.295494019075276E+02
1.280881731731711E+00	3.306969272048381E+02
1.282283123123102E+00	3.318297099502400E+02
1.283684514514494E+00	3.329842969003772E+02
1.285085905905885E+00	3.341247196191804E+02
1.286487297297276E+00	3.352864274685122E+02
1.287888688688668E+00	3.364515847556066E+02
1.289290080080059E+00	3.376034411646953E+02
1.290691471471450E+00	3.387758068180427E+02
1.292092862862841E+00	3.399516640424091E+02
1.293494254254233E+00	3.411310265087367E+02
1.294895645645624E+00	3.422982449716743E+02
1.296297037037015E+00	3.434849309684827E+02
1.297698428428407E+00	3.446751640093586E+02
1.299099819819798E+00	3.458689576539026E+02
1.300501211211189E+00	3.470663254326906E+02
1.301902602602580E+00	3.482672808462452E+02
1.303303993993972E+00	3.494718373640015E+02
1.304705385385363E+00	3.506800084232692E+02
1.306106776776754E+00	3.518918074281925E+02
1.307508168168146E+00	3.531072477487063E+02
1.308909559559537E+00	3.543263427194830E+02
1.310310950950928E+00	3.555617242022344E+02
1.311712342342319E+00	3.567878861627045E+02
1.313113733733711E+00	3.580177416813623E+02
1.314515125125102E+00	3.592513039480253E+02
1.315916516516493E+00	3.605000934086200E+02
1.317317907907884E+00	3.617408229713873E+02
1.318719299299276E+00	3.629852977573036E+02
1.320120690690667E+00	3.642442014111529E+02
1.321522082082058E+00	3.654959175730145E+02
1.322923473473450E+00	3.667615333515827E+02
1.324324864864841E+00	3.680205393637654E+02
1.325726256256232E+00	3.692929123599473E+02
1.327127647647623E+00	3.705592564024390E+02
1.328529039039015E+00	3.718384314582585E+02
1.329930430430406E+00	3.731208891976245E+02
1.331331821821797E+00	3.743981830948297E+02
1.332733213213189E+00	3.756875088915534E+02
1.334134604604580E+00	3.769801490776612E+02
1.335535995995971E+00	3.782761139111470E+02
1.336937387387362E+00	3.795680707760497E+02
1.338338778778754E+00	3.808709902252446E+02
1.339740170170145E+00	3.821772656499335E+02
1.341141561561536E+00	3.834869071841389E+02
1.342542952952928E+00	3.847999249305184E+02
1.343944344344319E+00	3.861163289596310E+02
1.345345735735710E+00	3.874361293091960E+02
1.346747127127101E+00	3.887593359833562E+02
1.348148518518493E+00	3.900859589519313E+02
1.349549909909884E+00	3.914160081496744E+02
1.350951301301275E+00	3.927494934755272E+02
1.352352692692667E+00	3.940864247918684E+02
1.353754084084058E+00	3.954268119237689E+02
1.355155475475449E+00	3.967706646582336E+02
1.356556866866840E+00	3.981179927434495E+02
1.357958258258232E+00	3.994719553294498E+02
1.359359649649623E+00	4.008259783046695E+02
1.360761041041014E+00	4.021835050063286E+02
1.362162432432406E+00	4.035445450269079E+02
1.363563823823797E+00	4.049111368301241E+02
1.364965215215188E+00	4.062789447197875E+02
1.366366606606579E+00	4.076517701969509E+02
1.367767997997971E+00	4.090263814097096E+02
1.369169389389362E+00	4.104045520787307E+02
1.370570780780753E+00	4.117869231682006E+02
1.371972172172145E+00	4.131719504000883E+02
1.373373563563536E+00	4.145606375479764E+02
1.374774954954927E+00	4.159525560714288E+02
1.376176346346318E+00	4.173475915633063E+02
1.377577737737710E+00	4.187456783178885E+02
1.378979129129101E+00	4.201478516703077E+02
1.380380520520492E+00	4.215523341613654E+02
1.381781911911883E+00	4.229614837471464E+02
1.383183303303275E+00	4.243723936172927E+02
1.384584694694666E+00	4.257863926533045E+02
1.385986086086057E+00	4.272034881305916E+02
1.387387477477449E+00	4.286263945187585E+02
1.388788868868840E+00	4.300499787836480E+02
1.390190260260231E+00	4.314766816692203E+02
1.391591651651622E+00	4.329065103342826E+02
1.392993043043014E+00	4.343394719087258E+02
1.394394434434405E+00	4.357755734930269E+02
1.395795825825796E+00	4.372192045695468E+02
1.397197217217188E+00	4.386618845246406E+02
1.398598608608579E+00	4.401077260882679E+02
1.399999999999970E+00	4.415567362319356E+02
