# barionic density, pressure
1.000000000000000E-05	-3.597007207645220E-07
1.411391391391391E-03	3.470974945685157E-05
2.812782782782782E-03	1.479324714637187E-05
4.214174174174174E-03	-1.823041480747634E-03
5.615565565565564E-03	-3.000248932380600E-03
7.016956956956956E-03	-7.141697340784958E-03
8.418348348348348E-03	-9.670702818084465E-03
9.819739739739739E-03	-1.265475043817332E-02
1.122113113113113E-02	-2.016326677301095E-02
1.262252252252252E-02	-2.457273957827510E-02
1.402391391391391E-02	-2.944950743528807E-02
1.542530530530531E-02	-4.035644202076583E-02
1.682669669669670E-02	-4.665167827067762E-02
1.822808808808809E-02	-5.340188787738498E-02
1.962947947947948E-02	-6.766234684528172E-02
2.103087087087087E-02	-7.579057985094551E-02
2.243226226226226E-02	-8.434959203543713E-02
2.383365365365364E-02	-9.332990903180871E-02
2.523504504504503E-02	-1.117614331197956E-01
2.663643643643642E-02	-1.220401104868643E-01
2.803782782782781E-02	-1.327074939599697E-01
2.943921921921920E-02	-1.437520726041157E-01
3.084061061061059E-02	-1.661681447724277E-01
3.224200200200199E-02	-1.784148400819277E-01
3.364339339339338E-02	-1.910014845099113E-01
3.504478478478477E-02	-2.039153766282880E-01
3.644617617617617E-02	-2.171435960907502E-01
3.784756756756756E-02	-2.441144138497293E-01
3.924895895895895E-02	-2.584117260893208E-01
4.065035035035035E-02	-2.729827713336590E-01
4.205174174174174E-02	-2.878139606967807E-01
4.345313313313313E-02	-3.028915780823809E-01
4.485452452452453E-02	-3.182017927249490E-01
4.625591591591592E-02	-3.337306703969034E-01
4.765730730730731E-02	-3.662743937692312E-01
4.905869869869871E-02	-3.826732298078923E-01
5.046009009009010E-02	-3.992476587634428E-01
5.186148148148149E-02	-4.159834229311627E-01
5.326287287287289E-02	-4.328662024271352E-01
5.466426426426428E-02	-4.498816213049395E-01
5.606565565565567E-02	-4.670152531398344E-01
5.746704704704707E-02	-4.842526261326157E-01
5.886843843843846E-02	-5.015792277960145E-01
6.026982982982985E-02	-5.189805092574034E-01
6.167122122122125E-02	-5.364418892265803E-01
6.307261261261264E-02	-5.539487576473903E-01
6.447400400400403E-02	-5.714864790833190E-01
6.587539539539543E-02	-5.890403958402430E-01
6.727678678678682E-02	-6.065958308766994E-01
6.867817817817821E-02	-6.241380904992866E-01
7.007956956956961E-02	-6.416524668694592E-01
7.148096096096100E-02	-6.591242403484330E-01
7.288235235235239E-02	-6.765386816708769E-01
7.428374374374379E-02	-6.938810539990072E-01
7.568513513513518E-02	-7.111366148161551E-01
7.708652652652657E-02	-7.282906177299537E-01
7.848791791791797E-02	-7.453283141405791E-01
7.988930930930936E-02	-7.346939952262801E-01
8.129070070070075E-02	-7.509973972418038E-01
8.269209209209215E-02	-7.671410226124635E-01
8.409348348348354E-02	-7.831101306506980E-01
8.549487487487493E-02	-7.988899855076852E-01
8.689626626626633E-02	-8.144658573362449E-01
8.829765765765772E-02	-8.298230234026960E-01
8.969904904904911E-02	-8.142450055603376E-01
9.110044044044051E-02	-8.286686449462195E-01
9.250183183183190E-02	-8.428302497424056E-01
9.390322322322329E-02	-8.567151376538504E-01
9.530461461461469E-02	-8.703086382371339E-01
9.670600600600608E-02	-8.835960937125265E-01
9.810739739739748E-02	-8.631859130911153E-01
9.950878878878887E-02	-8.753701231040623E-01
1.009101801801803E-01	-8.872051964216325E-01
1.023115715715717E-01	-8.986765353574810E-01
1.037129629629630E-01	-8.746332537075432E-01
1.051143543543544E-01	-8.848893573291434E-01
1.065157457457458E-01	-8.947388391994764E-01
1.079171371371372E-01	-9.041671720004842E-01
1.093185285285286E-01	-8.762769370060823E-01
1.107199199199200E-01	-8.843786521957782E-01
1.121213113113114E-01	-8.920165635587409E-01
1.135227027027028E-01	-8.609979423025607E-01
1.149240940940942E-01	-8.672265459706523E-01
1.163254854854856E-01	-8.729488829025058E-01
1.177268768768770E-01	-8.781505693051486E-01
1.191282682682684E-01	-8.429149061142880E-01
1.205296596596598E-01	-8.465971312972442E-01
1.219310510510512E-01	-8.497165149534567E-01
1.233324424424426E-01	-8.110780410198686E-01
1.247338338338339E-01	-8.125962660011510E-01
1.261352252252253E-01	-7.714888715028110E-01
1.275366166166167E-01	-7.713522784754332E-01
1.289380080080081E-01	-7.705832932109615E-01
1.303393993993995E-01	-7.258807709943085E-01
1.317407907907909E-01	-7.233760518172403E-01
1.331421821821823E-01	-6.760784085876139E-01
1.345435735735737E-01	-6.717848386575724E-01
1.359449649649651E-01	-6.667899771371140E-01
1.373463563563565E-01	-6.157070010031021E-01
1.387477477477479E-01	-6.088431996273584E-01
1.401491391391393E-01	-5.550403550276997E-01
1.415505305305307E-01	-5.462550672392581E-01
1.429519219219220E-01	-4.896831938166315E-01
1.443533133133134E-01	-4.789241093279770E-01
1.457547047047048E-01	-4.673686056806901E-01
1.471560960960962E-01	-4.067493432365836E-01
1.485574874874876E-01	-3.931411764190216E-01
1.499588788788790E-01	-3.296302811538681E-01
1.513602702702704E-01	-3.139177432534552E-01
1.527616616616618E-01	-2.474669365697082E-01
1.541630530530532E-01	-2.295985674996928E-01
1.555644444444446E-01	-1.601598303649325E-01
1.569658358358360E-01	-8.901421175062296E-02
1.583672272272274E-01	-6.760999657774391E-02
1.597686186186188E-01	6.594285672008482E-03
1.611700100100102E-01	3.028101215420520E-02
1.625714014014016E-01	1.075913142450418E-01
1.639727927927929E-01	1.336111194248133E-01
1.653741841841843E-01	2.140745286367292E-01
1.667755755755757E-01	2.424777201511006E-01
1.681769669669671E-01	3.261410524687562E-01
1.695783583583585E-01	4.116132063442137E-01
1.709797497497499E-01	4.438874737751348E-01
1.723811411411413E-01	5.326284513431574E-01
1.737825325325327E-01	5.674098406781241E-01
1.751839239239241E-01	6.594657683352807E-01
1.765853153153155E-01	7.533857671917303E-01
1.779867067067069E-01	7.922203826632312E-01
1.793880980980983E-01	8.895231843249576E-01
1.807894894894897E-01	9.309869697688100E-01
1.821908808808811E-01	1.031717998570798E+00
1.835922722722725E-01	1.134367460157023E+00
1.849936636636638E-01	1.180064048443796E+00
1.863950550550552E-01	1.286208524383710E+00
1.877964464464466E-01	1.394303464595509E+00
1.891978378378380E-01	1.444338815052561E+00
1.905992292292294E-01	1.555994909021024E+00
1.920006206206208E-01	1.669633170985776E+00
1.934020120120122E-01	1.724112287616435E+00
1.948034034034036E-01	1.841377189628702E+00
1.962047947947950E-01	1.960655633069450E+00
1.976061861861864E-01	2.081957745729369E+00
1.990075775775778E-01	2.142652468383858E+00
2.004089689689692E-01	2.267666962269459E+00
2.018103603603606E-01	2.394736054508826E+00
2.032117517517520E-01	2.460114890649834E+00
2.046131431431434E-01	2.590960306271086E+00
2.060145345345347E-01	2.723890913785567E+00
2.074159259259261E-01	2.858916579434776E+00
2.088173173173175E-01	2.930825828803222E+00
2.102187087087089E-01	3.069711481022182E+00
2.116201001001003E-01	3.210722334054708E+00
2.130214914914917E-01	3.353868103091258E+00
2.144228828828831E-01	3.499158465407390E+00
2.158242742742745E-01	3.579572121847036E+00
2.172256656656659E-01	3.728824943625909E+00
2.186270570570573E-01	3.880251932956867E+00
2.200284484484487E-01	4.033862614766576E+00
2.214298398398401E-01	4.121198733243205E+00
2.228312312312315E-01	4.278852820894713E+00
2.242326226226229E-01	4.438719717236495E+00
2.256340140140143E-01	4.600808793891019E+00
2.270354054054056E-01	4.765129384048464E+00
2.284367967967970E-01	4.931690782407372E+00
2.298381881881884E-01	5.029913378175593E+00
2.312395795795798E-01	5.200636475158831E+00
2.326409709709712E-01	5.373628803982342E+00
2.340423623623626E-01	5.548899504746828E+00
2.354437537537540E-01	5.726457678814199E+00
2.368451451451454E-01	5.906312388766423E+00
2.382465365365368E-01	6.015791937050039E+00
2.396479279279282E-01	6.199923861615275E+00
2.410493193193196E-01	6.386380047456328E+00
2.424507107107110E-01	6.575169401391349E+00
2.438521021021024E-01	6.766300791233448E+00
2.452534934934938E-01	6.959783045748395E+00
2.466548848848852E-01	7.155624954616655E+00
2.480562762762765E-01	7.353835268392459E+00
2.494576676676679E-01	7.554422698463782E+00
2.508590590590593E-01	7.681640595946078E+00
2.522604504504507E-01	7.886672418532498E+00
2.536618418418421E-01	8.094108025909122E+00
2.550632332332335E-01	8.303955972183871E+00
2.564646246246249E-01	8.516224772115834E+00
2.578660160160163E-01	8.730922901070585E+00
2.592674074074077E-01	8.948058794995063E+00
2.606687987987991E-01	9.167640850380735E+00
2.620701901901905E-01	9.389677424228239E+00
2.634715815815818E-01	9.614176834018849E+00
2.648729729729732E-01	9.841147357682416E+00
2.662743643643646E-01	1.007059723356610E+01
2.676757557557560E-01	1.030253466040642E+01
2.690771471471474E-01	1.053696779729114E+01
2.704785385385388E-01	1.077390476364360E+01
2.718799299299302E-01	1.101335363918145E+01
2.732813213213216E-01	1.125532246389616E+01
2.746827127127130E-01	1.149981923802204E+01
2.760841041041044E-01	1.174685192201184E+01
2.774854954954958E-01	1.191441041856490E+01
2.788868868868872E-01	1.216621755995197E+01
2.802882782782786E-01	1.242058501816871E+01
2.816896696696700E-01	1.267752059388670E+01
2.830910610610614E-01	1.293703204786016E+01
2.844924524524527E-01	1.319912710090114E+01
2.858938438438441E-01	1.346381343385212E+01
2.872952352352355E-01	1.373109868757081E+01
2.886966266266269E-01	1.408555577041830E+01
2.900980180180183E-01	1.435837660728646E+01
2.914994094094097E-01	1.463381828606907E+01
2.929008008008011E-01	1.491188828789166E+01
2.943021921921925E-01	1.519259405378887E+01
2.957035835835839E-01	1.547594298468255E+01
2.971049749749753E-01	1.576194244136570E+01
2.985063663663667E-01	1.605059974447875E+01
2.999077577577581E-01	1.634192217449299E+01
3.013091491491495E-01	1.663591697168886E+01
3.027105405405409E-01	1.693259133614276E+01
3.041119319319323E-01	1.723195242770328E+01
3.055133233233236E-01	1.753400736597484E+01
3.069147147147150E-01	1.783876323030506E+01
3.083161061061064E-01	1.814622705976046E+01
3.097174974974978E-01	1.845640585311651E+01
3.111188888888892E-01	1.876930656883803E+01
3.125202802802806E-01	1.908493612506379E+01
3.139216716716720E-01	1.940330139959156E+01
3.153230630630634E-01	1.972440922986573E+01
3.167244544544548E-01	2.013897844539565E+01
3.181258458458462E-01	2.046589176801206E+01
3.195272372372376E-01	2.079556716653030E+01
3.209286286286290E-01	2.112801131744209E+01
3.223300200200204E-01	2.146323085682241E+01
3.237314114114118E-01	2.180123238031547E+01
3.251328028028032E-01	2.214202244312526E+01
3.265341941941945E-01	2.248560756000325E+01
3.279355855855859E-01	2.283199420522976E+01
3.293369769769773E-01	2.318118881261353E+01
3.307383683683687E-01	2.353319777547233E+01
3.321397597597601E-01	2.398199196639916E+01
3.335411511511515E-01	2.433994066467267E+01
3.349425425425429E-01	2.470072191350039E+01
3.363439339339343E-01	2.506434194485780E+01
3.377453253253257E-01	2.543080695018546E+01
3.391467167167171E-01	2.580012308038840E+01
3.405481081081085E-01	2.617229644582528E+01
3.419494994994999E-01	2.654733311629809E+01
3.433508908908913E-01	2.702151382751140E+01
3.447522822822827E-01	2.740258144360439E+01
3.461536736736741E-01	2.778652959562010E+01
3.475550650650654E-01	2.817336419184301E+01
3.489564564564568E-01	2.856309109997710E+01
3.503578478478482E-01	2.895571614713299E+01
3.517592392392396E-01	2.935124511983042E+01
3.531606306306310E-01	2.974968376398408E+01
3.545620220220224E-01	3.024957874208280E+01
3.559634134134138E-01	3.065413443671162E+01
3.573648048048052E-01	3.106161606907017E+01
3.587661961961966E-01	3.147202922347401E+01
3.601675875875880E-01	3.188537944362122E+01
3.615689789789794E-01	3.230167223259298E+01
3.629703703703708E-01	3.282112463447663E+01
3.643717617617622E-01	3.324359539296404E+01
3.657731531531536E-01	3.366902426398599E+01
3.671745445445450E-01	3.409741658902180E+01
3.685759359359363E-01	3.452877766892811E+01
3.699773273273277E-01	3.496311276393510E+01
3.713787187187191E-01	3.540042709364695E+01
3.727801101101105E-01	3.594285690566699E+01
3.741815015015019E-01	3.638641686509789E+01
3.755828928928933E-01	3.683297075980215E+01
3.769842842842847E-01	3.728252364784066E+01
3.783856756756761E-01	3.773508054664887E+01
3.797870670670675E-01	3.829412899131114E+01
3.811884584584589E-01	3.875297711856649E+01
3.825898498498503E-01	3.921484335643288E+01
3.839912412412417E-01	3.967973256089260E+01
3.853926326326331E-01	4.014764954732175E+01
3.867940240240245E-01	4.061859909049394E+01
3.881954154154159E-01	4.119766940265356E+01
3.895968068068072E-01	4.167496252108697E+01
3.909981981981986E-01	4.215530157522494E+01
3.923995895895900E-01	4.263869117852721E+01
3.938009809809814E-01	4.312513590387596E+01
3.952023723723728E-01	4.361464028357852E+01
3.966037637637642E-01	4.421387055794582E+01
3.980051551551556E-01	4.470976801066240E+01
3.994065465465470E-01	4.520873777680083E+01
4.008079379379384E-01	4.571078422754715E+01
4.022093293293298E-01	4.621591169354645E+01
4.036107207207212E-01	4.683208504907770E+01
4.050121121121126E-01	4.734364447172186E+01
4.064135035035040E-01	4.785829697038582E+01
4.078148948948954E-01	4.837604671479369E+01
4.092162862862868E-01	4.889689783417396E+01
4.106176776776782E-01	4.953009889555210E+01
4.120190690690695E-01	5.005741888976456E+01
4.134204604604609E-01	5.058785172241630E+01
4.148218518518523E-01	5.112140136205039E+01
4.162232432432437E-01	5.165807173676251E+01
4.176246346346351E-01	5.219786673421800E+01
4.190260260260265E-01	5.285155457029589E+01
4.204274174174179E-01	5.339786037926626E+01
4.218288088088093E-01	5.394730155829347E+01
4.232302002002007E-01	5.449988183467565E+01
4.246315915915921E-01	5.505560489533434E+01
4.260329829829835E-01	5.572649024547889E+01
4.274343743743749E-01	5.628875672411118E+01
4.288357657657663E-01	5.685417613966524E+01
4.302371571571577E-01	5.742275201901066E+01
4.316385485485491E-01	5.799448784871299E+01
4.330399399399404E-01	5.868264013188480E+01
4.344413313313318E-01	5.926095003575165E+01
4.358427227227232E-01	5.984242944936057E+01
4.372441141141146E-01	6.042708169957109E+01
4.386455055055060E-01	6.101491007301900E+01
4.400468968968974E-01	6.160591781613289E+01
4.414482882882888E-01	6.231482515275889E+01
4.428496796796802E-01	6.291244140286096E+01
4.442510710710716E-01	6.351324587118199E+01
4.456524624624630E-01	6.411724164489738E+01
4.470538538538544E-01	6.472443177106857E+01
4.484552452452458E-01	6.545074254302017E+01
4.498566366366372E-01	6.606456755857914E+01
4.512580280280286E-01	6.668159518543973E+01
4.526594194194200E-01	6.730182831183288E+01
4.540608108108113E-01	6.792526978597903E+01
4.554622022022027E-01	6.866903837874736E+01
4.568635935935941E-01	6.929913919398984E+01
4.582649849849855E-01	6.993245602796469E+01
4.596663763763769E-01	7.056899157052942E+01
4.610677677677683E-01	7.120874847163304E+01
4.624691591591597E-01	7.185172934134187E+01
4.638705505505511E-01	7.261646338734079E+01
4.652719419419425E-01	7.326613060126624E+01
4.666733333333339E-01	7.391902875092080E+01
4.680747247247253E-01	7.457516028860675E+01
4.694761161161167E-01	7.523452762686463E+01
4.708775075075081E-01	7.589713313849836E+01
4.722788988988995E-01	7.668289701328933E+01
4.736802902902909E-01	7.735221310589020E+01
4.750816816816822E-01	7.802477363817945E+01
4.764830730730736E-01	7.870058082585354E+01
4.778844644644650E-01	7.937963684500528E+01
4.792858558558564E-01	8.006194383214904E+01
4.806872472472478E-01	8.086879390682179E+01
4.820886386386392E-01	8.155783295908395E+01
4.834900300300306E-01	8.225012854814111E+01
4.848914214214220E-01	8.294568265411920E+01
4.862928128128134E-01	8.364449721771064E+01
4.876942042042048E-01	8.434657414020603E+01
4.890955955955962E-01	8.505191528352145E+01
4.904969869869876E-01	8.588338656414351E+01
4.918983783783790E-01	8.659548153184244E+01
4.932997697697704E-01	8.731084547897967E+01
4.947011611611618E-01	8.802948011198816E+01
4.961025525525531E-01	8.875138709808994E+01
4.975039439439445E-01	8.947656806532677E+01
4.989053353353359E-01	9.020502460259149E+01
5.003067267267273E-01	9.093675825966579E+01
5.017081181181187E-01	9.179639950637375E+01
5.031095095095101E-01	9.253490744002204E+01
5.045109009009014E-01	9.327669633176083E+01
5.059122922922928E-01	9.402176757702398E+01
5.073136836836842E-01	9.477012253230725E+01
5.087150750750756E-01	9.552176251521007E+01
5.101164664664670E-01	9.627668880446720E+01
5.115178578578584E-01	9.703490263998901E+01
5.129192492492498E-01	9.779640522289549E+01
5.143206406406412E-01	9.868777009800283E+01
5.157220320320326E-01	9.945606431768385E+01
5.171234234234240E-01	1.002276500958378E+02
5.185248148148154E-01	1.009707254438838E+02
5.199262062062068E-01	1.017488451641319E+02
5.213275975975982E-01	1.025940761247444E+02
5.227289889889896E-01	1.033788902545508E+02
5.241303803803810E-01	1.041670006607071E+02
5.255317717717723E-01	1.049584081993352E+02
5.269331631631637E-01	1.057531136881753E+02
5.283345545545551E-01	1.065511179066317E+02
5.297359459459465E-01	1.073524215958123E+02
5.311373373373379E-01	1.082215712755395E+02
5.325387287287293E-01	1.090295781662488E+02
5.339401201201207E-01	1.098408862532642E+02
5.353415115115121E-01	1.106554961259216E+02
5.367429029029035E-01	1.114734083354887E+02
5.381442942942949E-01	1.122946233952138E+02
5.395456856856863E-01	1.131191417803701E+02
5.409470770770777E-01	1.139469639283068E+02
5.423484684684691E-01	1.147780902384924E+02
5.437498598598605E-01	1.156125210725666E+02
5.451512512512519E-01	1.164502567543884E+02
5.465526426426432E-01	1.173569605190503E+02
5.479540340340346E-01	1.182014060794469E+02
5.493554254254260E-01	1.190491569754562E+02
5.507568168168174E-01	1.199002133813156E+02
5.521582082082088E-01	1.207545754337378E+02
5.535595995996002E-01	1.216122432319655E+02
5.549609909909916E-01	1.224732168378218E+02
5.563623823823830E-01	1.233374962757686E+02
5.577637737737744E-01	1.242050815329552E+02
5.591651651651658E-01	1.250759725592758E+02
5.605665565565572E-01	1.259501692674248E+02
5.619679479479486E-01	1.268276715329547E+02
5.633693393393400E-01	1.276416406728142E+02
5.647707307307314E-01	1.285256571929351E+02
5.661721221221228E-01	1.294129789201552E+02
5.675735135135141E-01	1.303036055809896E+02
5.689749049049055E-01	1.311975368650959E+02
5.703762962962969E-01	1.320947724253326E+02
5.717776876876883E-01	1.329953118778212E+02
5.731790790790797E-01	1.338991548020058E+02
5.745804704704711E-01	1.348063007407160E+02
5.759818618618625E-01	1.357167492002268E+02
5.773832532532539E-01	1.365627179152709E+02
5.787846446446453E-01	1.374796759319554E+02
5.801860360360367E-01	1.383999350046091E+02
5.815874274274281E-01	1.393234944928718E+02
5.829888188188195E-01	1.402503537201467E+02
5.843902102102109E-01	1.411122729215725E+02
5.857916016016023E-01	1.420456368345458E+02
5.871929929929937E-01	1.429822984698142E+02
5.885943843843850E-01	1.439222570054372E+02
5.899957757757764E-01	1.448655115835734E+02
5.913971671671678E-01	1.457433714644532E+02
5.927985585585592E-01	1.466931240067295E+02
5.941999499499506E-01	1.476461700278395E+02
5.956013413413420E-01	1.486025085259591E+02
5.970027327327334E-01	1.494930946573941E+02
5.984041241241248E-01	1.504559245254145E+02
5.998055155155162E-01	1.514220438722870E+02
6.012069069069076E-01	1.523221476412720E+02
6.026082982982990E-01	1.532947527739407E+02
6.040096896896904E-01	1.542706440629087E+02
6.054110810810818E-01	1.551802586629664E+02
6.068124724724732E-01	1.561626294976136E+02
6.082138638638646E-01	1.570785544395651E+02
6.096152552552560E-01	1.580674004651942E+02
6.110166466466473E-01	1.590595264647229E+02
6.124180380380387E-01	1.599849489827958E+02
6.138194294294301E-01	1.609835428467230E+02
6.152208208208215E-01	1.619152664793604E+02
6.166222122122129E-01	1.629203231291302E+02
6.180236036036043E-01	1.638583437980664E+02
6.194249949949957E-01	1.648698578669722E+02
6.208263863863871E-01	1.658141711988338E+02
6.222277777777785E-01	1.668321370333072E+02
6.236291691691699E-01	1.677827383608794E+02
6.250305605605613E-01	1.688071500218140E+02
6.264319519519527E-01	1.697640343853394E+02
6.278333433433441E-01	1.707240216760226E+02
6.292347347347355E-01	1.717580477979454E+02
6.306361261261269E-01	1.727243104559014E+02
6.320375175175182E-01	1.737647665517649E+02
6.334389089089096E-01	1.747372988899356E+02
6.348403003003010E-01	1.757129280142664E+02
6.362416916916924E-01	1.767629740735691E+02
6.376430830830838E-01	1.777448641204594E+02
6.390444744744752E-01	1.787298469010344E+02
6.404458658658666E-01	1.797894671005416E+02
6.418472572572580E-01	1.807807013979690E+02
6.432486486486494E-01	1.817750240498478E+02
6.446500400400408E-01	1.827724336404826E+02
6.460514314314322E-01	1.838447657389205E+02
6.474528228228236E-01	1.848484135098839E+02
6.488542142142150E-01	1.858551434077775E+02
6.502556056056064E-01	1.868649538723610E+02
6.516569969969978E-01	1.878778433072960E+02
6.530583883883891E-01	1.888938100802533E+02
6.544597797797805E-01	1.899851101415393E+02
6.558611711711719E-01	1.910072932649781E+02
6.572625625625633E-01	1.920325482732909E+02
6.586639539539547E-01	1.930608733920102E+02
6.600653453453461E-01	1.940922668111922E+02
6.614667367367375E-01	1.951267266855232E+02
6.628681281281289E-01	1.961642511344322E+02
6.642695195195203E-01	1.972048382421953E+02
6.656709109109117E-01	1.982484860580521E+02
6.670723023023031E-01	1.992951925963150E+02
6.684736936936945E-01	2.003449558364861E+02
6.698750850850859E-01	2.013977737233705E+02
6.712764764764773E-01	2.024536441671943E+02
6.726778678678687E-01	2.035125650437237E+02
6.740792592592600E-01	2.045745341943847E+02
6.754806506506514E-01	2.055663265334532E+02
6.768820420420428E-01	2.066343239358315E+02
6.782834334334342E-01	2.077053632604888E+02
6.796848248248256E-01	2.087794422118736E+02
6.810862162162170E-01	2.098565584607171E+02
6.824876076076084E-01	2.109367096441557E+02
6.838889989989998E-01	2.119463206804894E+02
6.852903903903912E-01	2.130324748732627E+02
6.866917817817826E-01	2.141216570355631E+02
6.880931731731740E-01	2.151401297078331E+02
6.894945645645654E-01	2.162353017045315E+02
6.908959559559568E-01	2.173334944031988E+02
6.922973473473482E-01	2.183608113963344E+02
6.936987387387396E-01	2.194649801463005E+02
6.951001301301309E-01	2.205721620319197E+02
6.965015215215223E-01	2.216083051082497E+02
6.979029129129137E-01	2.227214486614895E+02
6.993043043043051E-01	2.237634519578286E+02
7.007056956956965E-01	2.248825474999834E+02
7.021070870870879E-01	2.259304028289963E+02
7.035084784784793E-01	2.270554404183791E+02
7.049098698698707E-01	2.281091393257317E+02
7.063112612612621E-01	2.292401087601421E+02
7.077126526526535E-01	2.302996425269986E+02
7.091140440440449E-01	2.313620720844987E+02
7.105154354354363E-01	2.325018929918471E+02
7.119168268268277E-01	2.335701442869123E+02
7.133182182182191E-01	2.346412853587843E+02
7.147196096096105E-01	2.357899344273920E+02
7.161210010010018E-01	2.368668835310556E+02
7.175223923923932E-01	2.379467161056617E+02
7.189237837837846E-01	2.390294301490056E+02
7.203251751751760E-01	2.401150236268385E+02
7.217265665665674E-01	2.412782986984531E+02
7.231279579579588E-01	2.423696766828294E+02
7.245293493493502E-01	2.434639273188210E+02
7.259307407407416E-01	2.445610484462949E+02
7.273321321321330E-01	2.456610378740171E+02
7.287335235235244E-01	2.467638933798549E+02
7.301349149149158E-01	2.478696127109705E+02
7.315363063063072E-01	2.489781935840309E+02
7.329376976976986E-01	2.500896336854097E+02
7.343390890890900E-01	2.512039306713979E+02
7.357404804804814E-01	2.523210821684153E+02
7.371418718718727E-01	2.534410857732263E+02
7.385432632632641E-01	2.545639390531591E+02
7.399446546546555E-01	2.556144591164433E+02
7.413460460460469E-01	2.567429787970688E+02
7.427474374374383E-01	2.578743411645581E+02
7.441488288288297E-01	2.590085436703167E+02
7.455502202202211E-01	2.601455837374518E+02
7.469516116116125E-01	2.612101751333013E+02
7.483530030030039E-01	2.623528594613955E+02
7.497543943943953E-01	2.634983739350454E+02
7.511557857857867E-01	2.645713845709714E+02
7.525571771771781E-01	2.657225297704252E+02
7.539585685685695E-01	2.668011438388593E+02
7.553599599599609E-01	2.679579108203653E+02
7.567613513513523E-01	2.690421215996190E+02
7.581627427427436E-01	2.702045012041834E+02
7.595641341341350E-01	2.712943017582348E+02
7.609655255255264E-01	2.724622846159745E+02
7.623669169169178E-01	2.735576677989310E+02
7.637683083083092E-01	2.746558413891343E+02
7.651696996997006E-01	2.758322027942455E+02
7.665710910910920E-01	2.769359485447209E+02
7.679724824824834E-01	2.780424803329591E+02
7.693738738738748E-01	2.791517968827085E+02
7.707752652652662E-01	2.803392927088693E+02
7.721766566566576E-01	2.814541671924204E+02
7.735780480480490E-01	2.825718217783964E+02
7.749794394394404E-01	2.836922550967266E+02
7.763808308308318E-01	2.848154657547663E+02
7.777822222222232E-01	2.859414523376428E+02
7.791836136136145E-01	2.870702134086101E+02
7.805850050050059E-01	2.882017475094107E+02
7.819863963963973E-01	2.893360531606421E+02
7.833877877877887E-01	2.904731288621248E+02
7.847891791791801E-01	2.916129730932854E+02
7.861905705705715E-01	2.926803106901265E+02
7.875919619619629E-01	2.938257025831734E+02
7.889933533533543E-01	2.949738590157398E+02
7.903947447447457E-01	2.961247783897737E+02
7.917961361361371E-01	2.972032736527416E+02
7.931975275275285E-01	2.983597321592578E+02
7.945989189189199E-01	2.995189493954271E+02
7.960003103103113E-01	3.006058180932495E+02
7.974017017017027E-01	3.017705680682137E+02
7.988030930930941E-01	3.028630317515298E+02
8.002044844844854E-01	3.040333105391654E+02
8.016058758758768E-01	3.051313684461808E+02
8.030072672672682E-01	3.062322468064193E+02
8.044086586586596E-01	3.074108232567404E+02
8.058100500500510E-01	3.085172953569794E+02
8.072114414414424E-01	3.096265889419000E+02
8.086128328328338E-01	3.108134558601251E+02
8.100142242242252E-01	3.119283424801530E+02
8.114156156156166E-01	3.130460515161077E+02
8.128170070070080E-01	3.141665835692378E+02
8.142183983983994E-01	3.152899392324549E+02
8.156197897897908E-01	3.164161190909218E+02
8.170211811811822E-01	3.175451237226556E+02
8.184225725725736E-01	3.186769536991357E+02
8.198239639639650E-01	3.198116095859272E+02
8.212253553553563E-01	3.208748406570827E+02
8.226267467467477E-01	3.220152102677131E+02
8.240281381381391E-01	3.231584083955667E+02
8.254295295295305E-01	3.243044355899830E+02
8.268309209209219E-01	3.253793137301114E+02
8.282323123123133E-01	3.265310648098636E+02
8.296337037037047E-01	3.276118243650538E+02
8.310350950950961E-01	3.287693054054888E+02
8.324364864864875E-01	3.298559567365490E+02
8.338378778778789E-01	3.310191738257062E+02
8.352392692692703E-01	3.321117273230246E+02
8.366406606606617E-01	3.332072843983641E+02
8.380420520520531E-01	3.343791526702993E+02
8.394434434434445E-01	3.354806287240152E+02
8.408448348348359E-01	3.365851185438377E+02
8.422462262262272E-01	3.376926259500696E+02
8.436476176176186E-01	3.388031547755207E+02
8.450490090090100E-01	3.399167088664470E+02
8.464504004004014E-01	3.410332920835157E+02
8.478517917917928E-01	3.421529083027852E+02
8.492531831831842E-01	3.432755614167046E+02
8.506545745745756E-01	3.443288913069788E+02
8.520559659659670E-01	3.454577404886380E+02
8.534573573573584E-01	3.465896395793415E+02
8.548587487487498E-01	3.476525925241266E+02
8.562601401401412E-01	3.487907177223966E+02
8.576615315315326E-01	3.498601649677490E+02
8.590629229229240E-01	3.510045374114324E+02
8.604643143143154E-01	3.520805056964163E+02
8.618657057057068E-01	3.531598191268343E+02
8.632670970970981E-01	3.543136630581452E+02
8.646684884884895E-01	3.553995395636704E+02
8.660698798798809E-01	3.564887846040684E+02
8.674712712712723E-01	3.575814065628628E+02
8.688726626626637E-01	3.586774138659772E+02
8.702740540540551E-01	3.597768149832135E+02
8.716754454454465E-01	3.608093766644782E+02
8.730768368368379E-01	3.619157522716831E+02
8.744782282282293E-01	3.630255489259793E+02
8.758796196196207E-01	3.640690528590025E+02
8.772810110110121E-01	3.651858837087306E+02
8.786824024024035E-01	3.662368057346133E+02
8.800837937937949E-01	3.673607122234779E+02
8.814851851851863E-01	3.684191008388242E+02
8.828865765765777E-01	3.694813432313380E+02
8.842879679679690E-01	3.705474535529742E+02
8.856893593593604E-01	3.716174460311375E+02
8.870907507507518E-01	3.726913349707669E+02
8.884921421421432E-01	3.737691347564611E+02
8.898935335335346E-01	3.748508598546545E+02
8.912949249249260E-01	3.759365248158348E+02
8.926963163163174E-01	3.769588774351749E+02
8.940977077077088E-01	3.780526855441357E+02
8.954990990991002E-01	3.790836865476221E+02
8.969004904904916E-01	3.801191683725896E+02
8.983018818818830E-01	3.812254298465281E+02
8.997032732732744E-01	3.822696759742342E+02
9.011046646646658E-01	3.833184646292663E+02
9.025060560560572E-01	3.843718173566534E+02
9.039074474474486E-01	3.854297558246284E+02
9.053088388388399E-01	3.864273517857677E+02
9.067102302302313E-01	3.874947994944970E+02
9.081116216216227E-01	3.885025322147559E+02
9.095130130130141E-01	3.895795865786382E+02
9.109144044044055E-01	3.905975637276550E+02
9.123157957957969E-01	3.916208621970374E+02
9.137171871871883E-01	3.926495119297834E+02
9.151185785785797E-01	3.936835430375867E+02
9.165199699699711E-01	3.947229858048657E+02
9.179213613613625E-01	3.957678706928940E+02
9.193227527527539E-01	3.967564256286072E+02
9.207241441441453E-01	3.978126194132018E+02
9.221255355355367E-01	3.988132517067105E+02
9.235269269269281E-01	3.998201648791597E+02
9.249283183183195E-01	4.008333988043599E+02
9.263297097097108E-01	4.018529935805656E+02
9.277311011011022E-01	4.028194434768483E+02
9.291324924924936E-01	4.038522677881941E+02
9.305338838838850E-01	4.048475248023368E+02
9.319352752752764E-01	4.058353443862826E+02
9.333366666666678E-01	4.068305638383646E+02
9.347380580580592E-01	4.078332343588212E+02
9.361394494494506E-01	4.088149215806333E+02
9.375408408408420E-01	4.098046167156753E+02
9.389422322322334E-01	4.107743657889265E+02
9.403436236236248E-01	4.117804842555037E+02
9.417450150150162E-01	4.127397363321539E+02
9.431464064064076E-01	4.137082239050795E+02
9.445477977977990E-01	4.146860170054478E+02
9.459491891891904E-01	4.156464574339942E+02
9.473505805805817E-01	4.166168833499586E+02
9.487519719719731E-01	4.175712041746234E+02
9.501533633633645E-01	4.185362326417006E+02
9.515547547547559E-01	4.194864748044678E+02
9.529561461461473E-01	4.204481902612951E+02
9.543575375375387E-01	4.213965113056787E+02
9.557589289289301E-01	4.223324843384795E+02
9.571603203203215E-01	4.232814922273709E+02
9.585617117117129E-01	4.242196851578907E+02
9.599631031031043E-01	4.251482095251951E+02
9.613644944944957E-01	4.260914910182759E+02
9.627658858858871E-01	4.270039245275021E+02
9.641672772772785E-01	4.279328656573492E+02
9.655686686686699E-01	4.288563818201695E+02
9.669700600600613E-01	4.297758221592425E+02
9.683714514514526E-01	4.306713600773288E+02
9.697728428428440E-01	4.315873388016001E+02
9.711742342342354E-01	4.325036087256138E+02
9.725756256256268E-01	4.334018726103828E+02
9.739770170170182E-01	4.342852200461315E+02
9.753784084084096E-01	4.351945623438281E+02
9.767797997998010E-01	4.360752182108293E+02
9.781811911911924E-01	4.369678027440458E+02
9.795825825825838E-01	4.378399942603224E+02
9.809839739739752E-01	4.387305107268002E+02
9.823853653653666E-01	4.395939056204423E+02
9.837867567567580E-01	4.404688334528599E+02
9.851881481481494E-01	4.413309754517535E+02
9.865895395395408E-01	4.421896949965336E+02
9.879909309309322E-01	4.430550312731092E+02
9.893923223223235E-01	4.439020535872079E+02
9.907937137137149E-01	4.447510109572889E+02
9.921951051051063E-01	4.455973633292912E+02
9.935964964964977E-01	4.464374965244969E+02
9.949978878878891E-01	4.472721601053244E+02
9.963992792792805E-01	4.481037718230665E+02
9.978006706706719E-01	4.490386304783661E+02
9.992020620620633E-01	4.509215521714383E+02
1.000603453453455E+00	4.528069048176779E+02
1.002004844844846E+00	4.546946883182908E+02
1.003406236236237E+00	4.565849025747142E+02
1.004807627627629E+00	4.584775474886127E+02
1.006209019019020E+00	4.603726229618820E+02
1.007610410410411E+00	4.622701288966442E+02
1.009011801801802E+00	4.641700651952486E+02
1.010413193193194E+00	4.660724317602702E+02
1.011814584584585E+00	4.679772284945101E+02
1.013215975975976E+00	4.698844553009932E+02
1.014617367367368E+00	4.717941120829681E+02
1.016018758758759E+00	4.737061987439057E+02
1.017420150150150E+00	4.756207151875000E+02
1.018821541541541E+00	4.775376613176660E+02
1.020222932932933E+00	4.794570370385376E+02
1.021624324324324E+00	4.813788422544698E+02
1.023025715715715E+00	4.833030768700347E+02
1.024427107107106E+00	4.852297407900247E+02
1.025828498498498E+00	4.871588339194467E+02
1.027229889889889E+00	4.890903561635256E+02
1.028631281281280E+00	4.910243074277017E+02
1.030032672672672E+00	4.929606876176296E+02
1.031434064064063E+00	4.948994966391778E+02
1.032835455455454E+00	4.968407343984285E+02
1.034236846846845E+00	4.987844008016760E+02
1.035638238238237E+00	5.007304957554260E+02
1.037039629629628E+00	5.026790191663960E+02
1.038441021021019E+00	5.046299709415126E+02
1.039842412412411E+00	5.065833509879129E+02
1.041243803803802E+00	5.085391592129416E+02
1.042645195195193E+00	5.104973955241513E+02
1.044046586586584E+00	5.124580598293031E+02
1.045447977977976E+00	5.144211520363623E+02
1.046849369369367E+00	5.163866720535026E+02
1.048250760760758E+00	5.183546197890997E+02
1.049652152152150E+00	5.203249951517354E+02
1.051053543543541E+00	5.222977980501950E+02
1.052454934934932E+00	5.242730283934651E+02
1.053856326326323E+00	5.262506860907359E+02
1.055257717717715E+00	5.282307710513986E+02
1.056659109109106E+00	5.302132831850430E+02
1.058060500500497E+00	5.321982224014627E+02
1.059461891891889E+00	5.341855886106467E+02
1.060863283283280E+00	5.361753817227844E+02
1.062264674674671E+00	5.381676016482623E+02
1.063666066066062E+00	5.401622482976644E+02
1.065067457457454E+00	5.421593215817715E+02
1.066468848848845E+00	5.441588214115583E+02
1.067870240240236E+00	5.461607476981968E+02
1.069271631631628E+00	5.481651003530520E+02
1.070673023023019E+00	5.501718792876824E+02
1.072074414414410E+00	5.521810844138403E+02
1.073475805805801E+00	5.541927156434700E+02
1.074877197197193E+00	5.562067728887072E+02
1.076278588588584E+00	5.582232560618785E+02
1.077679979979975E+00	5.602421650755012E+02
1.079081371371367E+00	5.622634998422822E+02
1.080482762762758E+00	5.642872602751169E+02
1.081884154154149E+00	5.663134462870893E+02
1.083285545545540E+00	5.683420577914713E+02
1.084686936936932E+00	5.703730947017219E+02
1.086088328328323E+00	5.724065569314856E+02
1.087489719719714E+00	5.744424443945944E+02
1.088891111111105E+00	5.764807570050635E+02
1.090292502502497E+00	5.785214946770933E+02
1.091693893893888E+00	5.805646573250687E+02
1.093095285285279E+00	5.826102448635569E+02
1.094496676676671E+00	5.846582572073079E+02
1.095898068068062E+00	5.867086942712548E+02
1.097299459459453E+00	5.887615559705094E+02
1.098700850850844E+00	5.908168422203665E+02
1.100102242242236E+00	5.928745529363013E+02
1.101503633633627E+00	5.949346880339662E+02
1.102905025025018E+00	5.969972474291948E+02
1.104306416416410E+00	5.990622310379975E+02
1.105707807807801E+00	6.011296387765632E+02
1.107109199199192E+00	6.031994705612577E+02
1.108510590590583E+00	6.052717263086225E+02
1.109911981981975E+00	6.073464059353763E+02
1.111313373373366E+00	6.094235093584128E+02
1.112714764764757E+00	6.115030364947989E+02
1.114116156156149E+00	6.135849872617781E+02
1.115517547547540E+00	6.156693615767648E+02
1.116918938938931E+00	6.177561593573483E+02
1.118320330330322E+00	6.198453805212893E+02
1.119721721721714E+00	6.219370249865216E+02
1.121123113113105E+00	6.240310926711480E+02
1.122524504504496E+00	6.261275834934439E+02
1.123925895895888E+00	6.282264973718533E+02
1.125327287287279E+00	6.303278342249918E+02
1.126728678678670E+00	6.324315939716406E+02
1.128130070070061E+00	6.345377765307538E+02
1.129531461461453E+00	6.366463818214487E+02
1.130932852852844E+00	6.387574097630139E+02
1.132334244244235E+00	6.408708602749019E+02
1.133735635635627E+00	6.429867332767325E+02
1.135137027027018E+00	6.451050286882904E+02
1.136538418418409E+00	6.472257464295266E+02
1.137939809809800E+00	6.493488864205557E+02
1.139341201201192E+00	6.514744485816572E+02
1.140742592592583E+00	6.536024328332722E+02
1.142143983983974E+00	6.557328390960082E+02
1.143545375375365E+00	6.578656672906303E+02
1.144946766766757E+00	6.600009173380698E+02
1.146348158158148E+00	6.621385891594167E+02
1.147749549549539E+00	6.642786826759237E+02
1.149150940940931E+00	6.664211978090010E+02
1.150552332332322E+00	6.685661344802226E+02
1.151953723723713E+00	6.707134926113182E+02
1.153355115115104E+00	6.728632721241771E+02
1.154756506506496E+00	6.750154729408481E+02
1.156157897897887E+00	6.771700949835362E+02
1.157559289289278E+00	6.793271381746043E+02
1.158960680680670E+00	6.814866024365728E+02
1.160362072072061E+00	6.836484876921157E+02
1.161763463463452E+00	6.858127938640658E+02
1.163164854854843E+00	6.879795208754091E+02
1.164566246246235E+00	6.901486686492871E+02
1.165967637637626E+00	6.923202371089943E+02
1.167369029029017E+00	6.944942261779805E+02
1.168770420420409E+00	6.966706357798477E+02
1.170171811811800E+00	6.988494658383512E+02
1.171573203203191E+00	7.010307162773987E+02
1.172974594594582E+00	7.032143870210469E+02
1.174375985985974E+00	7.054004779935088E+02
1.175777377377365E+00	7.075889891191426E+02
1.177178768768756E+00	7.097799203224619E+02
1.178580160160148E+00	7.119732715281260E+02
1.179981551551539E+00	7.141690426609456E+02
1.181382942942930E+00	7.163672336458802E+02
1.182784334334321E+00	7.185678444080382E+02
1.184185725725713E+00	7.207708748726733E+02
1.185587117117104E+00	7.229763249651891E+02
1.186988508508495E+00	7.251841946111366E+02
1.188389899899887E+00	7.273944837362116E+02
1.189791291291278E+00	7.296071922662562E+02
1.191192682682669E+00	7.318223201272589E+02
1.192594074074060E+00	7.340398672453533E+02
1.193995465465452E+00	7.362598335468164E+02
1.195396856856843E+00	7.384822189580713E+02
1.196798248248234E+00	7.407070234056840E+02
1.198199639639626E+00	7.429342468163635E+02
1.199601031031017E+00	7.451638891169620E+02
1.201002422422408E+00	7.473959502344750E+02
1.202403813813799E+00	7.496304300960377E+02
1.203805205205191E+00	7.518673286289298E+02
1.205206596596582E+00	7.541066457605701E+02
1.206607987987973E+00	7.563483814185184E+02
1.208009379379364E+00	7.585925355304761E+02
1.209410770770756E+00	7.608391080242822E+02
1.210812162162147E+00	7.630880988279167E+02
1.212213553553538E+00	7.653395078694974E+02
1.213614944944930E+00	7.675933350772824E+02
1.215016336336321E+00	7.698495803796667E+02
1.216417727727712E+00	7.721082437051817E+02
1.217819119119103E+00	7.743693249824991E+02
1.219220510510495E+00	7.766328241404248E+02
1.220621901901886E+00	7.788987411079023E+02
1.222023293293277E+00	7.811670758140111E+02
1.223424684684669E+00	7.834378281879661E+02
1.224826076076060E+00	7.857109981591162E+02
1.226227467467451E+00	7.879865856569480E+02
1.227628858858842E+00	7.902645906110801E+02
1.229030250250234E+00	7.925450129512636E+02
1.230431641641625E+00	7.948278526073869E+02
1.231833033033016E+00	7.971131095094696E+02
1.233234424424408E+00	7.994007835876636E+02
1.234635815815799E+00	8.016908747722540E+02
1.236037207207190E+00	8.039833829936562E+02
1.237438598598581E+00	8.062783081824199E+02
1.238839989989973E+00	8.085756502692233E+02
1.240241381381364E+00	8.108754091848772E+02
1.241642772772755E+00	8.131775848603214E+02
1.243044164164147E+00	8.154821772266254E+02
1.244445555555538E+00	8.177891862149899E+02
1.245846946946929E+00	8.200986117567442E+02
1.247248338338320E+00	8.224104537833445E+02
1.248649729729712E+00	8.247247122263776E+02
1.250051121121103E+00	8.270413870175574E+02
1.251452512512494E+00	8.293604780887262E+02
1.252853903903886E+00	8.316819853718520E+02
1.254255295295277E+00	8.340059087990311E+02
1.255656686686668E+00	8.363322483024853E+02
1.257058078078059E+00	8.386610038145633E+02
1.258459469469451E+00	8.409921752677386E+02
1.259860860860842E+00	8.433257625946118E+02
1.261262252252233E+00	8.456617657279056E+02
1.262663643643624E+00	8.480001846004706E+02
1.264065035035016E+00	8.503410191452775E+02
1.265466426426407E+00	8.526842692954268E+02
1.266867817817798E+00	8.550299349841360E+02
1.268269209209190E+00	8.573780161447511E+02
1.269670600600581E+00	8.597285127107374E+02
1.271071991991972E+00	8.620814246156827E+02
1.272473383383363E+00	8.644367517933000E+02
1.273874774774755E+00	8.667944941774211E+02
1.275276166166146E+00	8.691546517020005E+02
1.276677557557537E+00	8.715172243011128E+02
1.278078948948929E+00	8.738822119089531E+02
1.279480340340320E+00	8.762496144598380E+02
1.280881731731711E+00	8.786194318882034E+02
1.282283123123102E+00	8.809916641286044E+02
1.283684514514494E+00	8.833663111157156E+02
1.285085905905885E+00	8.857433727843303E+02
1.286487297297276E+00	8.881228490693605E+02
1.287888688688668E+00	8.905047399058368E+02
1.289290080080059E+00	8.928890452289075E+02
1.290691471471450E+00	8.952757649738372E+02
1.292092862862841E+00	8.976648990760103E+02
1.293494254254233E+00	9.000564474709253E+02
1.294895645645624E+00	9.024504100941971E+02
1.296297037037015E+00	9.048467868815604E+02
1.297698428428407E+00	9.072455777688614E+02
1.299099819819798E+00	9.096467826920640E+02
1.300501211211189E+00	9.120504015872476E+02
1.301902602602580E+00	9.144564343906048E+02
1.303303993993972E+00	9.168648810384440E+02
1.304705385385363E+00	9.192757414671877E+02
1.306106776776754E+00	9.216890156133705E+02
1.307508168168146E+00	9.241047034136444E+02
1.308909559559537E+00	9.265228048047683E+02
1.310310950950928E+00	9.289433197236220E+02
1.311712342342319E+00	9.313662481071900E+02
1.313113733733711E+00	9.337915898925756E+02
1.314515125125102E+00	9.362193450169883E+02
1.315916516516493E+00	9.386495134177541E+02
1.317317907907884E+00	9.410820950323067E+02
1.318719299299276E+00	9.435170897981919E+02
1.320120690690667E+00	9.459544976530677E+02
1.321522082082058E+00	9.483943185347006E+02
1.322923473473450E+00	9.508365523809663E+02
1.324324864864841E+00	9.532811991298532E+02
1.325726256256232E+00	9.557282587194560E+02
1.327127647647623E+00	9.581777310879803E+02
1.328529039039015E+00	9.606296161737406E+02
1.329930430430406E+00	9.630839139151580E+02
1.331331821821797E+00	9.655406242507646E+02
1.332733213213189E+00	9.679997471191979E+02
1.334134604604580E+00	9.704612824592026E+02
1.335535995995971E+00	9.729252302096344E+02
1.336937387387362E+00	9.753915903094529E+02
1.338338778778754E+00	9.778603626977236E+02
1.339740170170145E+00	9.803315473136209E+02
1.341141561561536E+00	9.828051440964238E+02
1.342542952952928E+00	9.852811529855161E+02
1.343944344344319E+00	9.877595739203902E+02
1.345345735735710E+00	9.902404068406403E+02
1.346747127127101E+00	9.927236516859679E+02
1.348148518518493E+00	9.952093083961778E+02
1.349549909909884E+00	9.976973769111788E+02
1.350951301301275E+00	1.000187857170985E+03
1.352352692692667E+00	1.002680749115713E+03
1.353754084084058E+00	1.005176052685585E+03
1.355155475475449E+00	1.007673767820923E+03
1.356556866866840E+00	1.010173894462156E+03
1.357958258258232E+00	1.012676432549810E+03
1.359359649649623E+00	1.015181382024519E+03
1.360761041041014E+00	1.017688742827014E+03
1.362162432432406E+00	1.020198514898134E+03
1.363563823823797E+00	1.022710698178814E+03
1.364965215215188E+00	1.025225292610091E+03
1.366366606606579E+00	1.027742298133104E+03
1.367767997997971E+00	1.030261714689094E+03
1.369169389389362E+00	1.032783542219401E+03
1.370570780780753E+00	1.035307780665464E+03
1.371972172172145E+00	1.037834429968822E+03
1.373373563563536E+00	1.040363490071115E+03
1.374774954954927E+00	1.042894960914082E+03
1.376176346346318E+00	1.045428842439561E+03
1.377577737737710E+00	1.047965134589487E+03
1.378979129129101E+00	1.050503837305896E+03
1.380380520520492E+00	1.053044950530920E+03
1.381781911911883E+00	1.055588474206790E+03
1.383183303303275E+00	1.058134408275835E+03
1.384584694694666E+00	1.060682752680480E+03
1.385986086086057E+00	1.063233507363251E+03
1.387387477477449E+00	1.065786672266765E+03
1.388788868868840E+00	1.068342247333739E+03
1.390190260260231E+00	1.070900232506986E+03
1.391591651651622E+00	1.073460627729417E+03
1.392993043043014E+00	1.076023432944035E+03
1.394394434434405E+00	1.078588648093940E+03
1.395795825825796E+00	1.081156273122329E+03
1.397197217217188E+00	1.083726307972493E+03
1.398598608608579E+00	1.086298752587817E+03
1.399999999999970E+00	1.088873606911781E+03
