# barionic density, energy density per particle 
1.000000000000000E-03	1.202627683956528E+03
2.780780780780781E-03	1.206038749360520E+03
4.561561561561562E-03	1.208375406543534E+03
6.342342342342344E-03	1.210204859421100E+03
8.123123123123124E-03	1.211716139490583E+03
9.903903903903905E-03	1.213001885284608E+03
1.168468468468469E-02	1.214116148777957E+03
1.346546546546547E-02	1.215093955627502E+03
1.524624624624625E-02	1.215959600773937E+03
1.702702702702703E-02	1.216730777038128E+03
1.880780780780781E-02	1.217420911922791E+03
2.058858858858859E-02	1.218040466417348E+03
2.236936936936937E-02	1.218597791257842E+03
2.415015015015015E-02	1.219099684841848E+03
2.593093093093093E-02	1.219551787741583E+03
2.771171171171171E-02	1.219958828092117E+03
2.949249249249249E-02	1.220324823573455E+03
3.127327327327327E-02	1.220653224077753E+03
3.305405405405405E-02	1.220947019315650E+03
3.483483483483484E-02	1.221208816339962E+03
3.661561561561562E-02	1.221440915674703E+03
3.839639639639640E-02	1.221645355778453E+03
4.017717717717718E-02	1.221823941438892E+03
4.195795795795797E-02	1.221978305071776E+03
4.373873873873875E-02	1.222109897505275E+03
4.551951951951953E-02	1.222220046755877E+03
4.730030030030032E-02	1.222309949858431E+03
4.908108108108110E-02	1.222380698027366E+03
5.086186186186188E-02	1.222433289507486E+03
5.264264264264266E-02	1.222468640477685E+03
5.442342342342345E-02	1.222487594357873E+03
5.620420420420423E-02	1.222490924244983E+03
5.798498498498501E-02	1.222479353612722E+03
5.976576576576580E-02	1.222453544854042E+03
6.154654654654658E-02	1.222414120663510E+03
6.332732732732736E-02	1.222361656551567E+03
6.510810810810815E-02	1.222296690322831E+03
6.688888888888893E-02	1.222219725538661E+03
6.866966966966971E-02	1.222131234581396E+03
7.045045045045049E-02	1.222031661079968E+03
7.223123123123128E-02	1.221921416832284E+03
7.401201201201206E-02	1.221800898176756E+03
7.579279279279284E-02	1.221670472970473E+03
7.757357357357363E-02	1.221530488883582E+03
7.935435435435441E-02	1.221381275755916E+03
8.113513513513519E-02	1.221223145902586E+03
8.291591591591597E-02	1.221056396434117E+03
8.469669669669676E-02	1.220881307567306E+03
8.647747747747754E-02	1.220698146175492E+03
8.825825825825832E-02	1.220507164928913E+03
9.003903903903911E-02	1.220308606979198E+03
9.181981981981989E-02	1.220102702613680E+03
9.360060060060067E-02	1.219889670872801E+03
9.538138138138146E-02	1.219669721590194E+03
9.716216216216224E-02	1.219443056715189E+03
9.894294294294302E-02	1.219209867901194E+03
1.007237237237238E-01	1.218970337810789E+03
1.025045045045046E-01	1.218724643381345E+03
1.042852852852854E-01	1.218472953281723E+03
1.060660660660662E-01	1.218215431231884E+03
1.078468468468469E-01	1.217952231256628E+03
1.096276276276277E-01	1.217683504636395E+03
1.114084084084085E-01	1.217409394793977E+03
1.131891891891893E-01	1.217130040523683E+03
1.149699699699701E-01	1.216845576235389E+03
1.167507507507509E-01	1.216556129615225E+03
1.185315315315316E-01	1.216261826506049E+03
1.203123123123124E-01	1.215962785932884E+03
1.220930930930932E-01	1.215659123598173E+03
1.238738738738740E-01	1.215350952043447E+03
1.256546546546548E-01	1.215038380801530E+03
1.274354354354355E-01	1.214721512347790E+03
1.292162162162163E-01	1.214400450091196E+03
1.309969969969971E-01	1.214075292090491E+03
1.327777777777779E-01	1.213746133835586E+03
1.345585585585587E-01	1.213413066544113E+03
1.363393393393394E-01	1.213076181570043E+03
1.381201201201202E-01	1.212735565443207E+03
1.399009009009010E-01	1.212391302818861E+03
1.416816816816818E-01	1.212043475942269E+03
1.434624624624626E-01	1.211692165135866E+03
1.452432432432434E-01	1.211337447871581E+03
1.470240240240241E-01	1.210979400335506E+03
1.488048048048049E-01	1.210618096158415E+03
1.505855855855857E-01	1.210253607394589E+03
1.523663663663665E-01	1.209886004303058E+03
1.541471471471473E-01	1.209515355105835E+03
1.559279279279281E-01	1.209141726615971E+03
1.577087087087088E-01	1.208765184284596E+03
1.594894894894896E-01	1.208385791786986E+03
1.612702702702704E-01	1.208003611301363E+03
1.630510510510512E-01	1.207618703835223E+03
1.648318318318320E-01	1.207231129017527E+03
1.666126126126128E-01	1.206840945149878E+03
1.683933933933935E-01	1.206448209464823E+03
1.701741741741743E-01	1.206052977987795E+03
1.719549549549551E-01	1.205655305559166E+03
1.737357357357359E-01	1.205255246133783E+03
1.755165165165167E-01	1.204852852593843E+03
1.772972972972975E-01	1.204448176706987E+03
1.790780780780782E-01	1.204041269756270E+03
1.808588588588590E-01	1.203632181662730E+03
1.826396396396398E-01	1.203220961988719E+03
1.844204204204206E-01	1.202807659023883E+03
1.862012012012014E-01	1.202392320606858E+03
1.879819819819822E-01	1.201974993969889E+03
1.897627627627629E-01	1.201555725455972E+03
1.915435435435437E-01	1.201134560770309E+03
1.933243243243245E-01	1.200711545139854E+03
1.951051051051053E-01	1.200286723221176E+03
1.968858858858861E-01	1.199860138862946E+03
1.986666666666669E-01	1.199431835751353E+03
2.004474474474476E-01	1.199001856897158E+03
2.022282282282284E-01	1.198570244978420E+03
2.040090090090092E-01	1.198137042252130E+03
2.057897897897900E-01	1.197702290300779E+03
2.075705705705708E-01	1.197266030814189E+03
2.093513513513516E-01	1.196828304912773E+03
2.111321321321323E-01	1.196389153211469E+03
2.129129129129131E-01	1.195948616473471E+03
2.146936936936939E-01	1.195506734979617E+03
2.164744744744747E-01	1.195063548685200E+03
2.182552552552555E-01	1.194619097623545E+03
2.200360360360362E-01	1.194173421452749E+03
2.218168168168170E-01	1.193726559842992E+03
2.235975975975978E-01	1.193278552106035E+03
2.253783783783786E-01	1.192829437783985E+03
2.271591591591594E-01	1.192379256196936E+03
2.289399399399402E-01	1.191928046555686E+03
2.307207207207209E-01	1.191475848288239E+03
2.325015015015017E-01	1.191022700607044E+03
2.342822822822825E-01	1.190568642871158E+03
2.360630630630633E-01	1.190113714597103E+03
2.378438438438441E-01	1.189657955336947E+03
2.396246246246249E-01	1.189201404767191E+03
2.414054054054056E-01	1.188744102683224E+03
2.431861861861864E-01	1.188286089132331E+03
2.449669669669672E-01	1.187827404431317E+03
2.467477477477480E-01	1.187368089012623E+03
2.485285285285288E-01	1.186908183726397E+03
2.503093093093096E-01	1.186447729608426E+03
2.520900900900903E-01	1.185986768077375E+03
2.538708708708711E-01	1.185525340958793E+03
2.556516516516518E-01	1.185063490510634E+03
2.574324324324326E-01	1.184601259297416E+03
2.592132132132133E-01	1.184138690532992E+03
2.609939939939941E-01	1.183675827734337E+03
2.627747747747748E-01	1.183212715127249E+03
2.645555555555556E-01	1.182749397467509E+03
2.663363363363364E-01	1.182285920090399E+03
2.681171171171171E-01	1.181822328983491E+03
2.698978978978979E-01	1.181358670935371E+03
2.716786786786786E-01	1.180894993292344E+03
2.734594594594594E-01	1.180431344354214E+03
2.752402402402401E-01	1.179967773044907E+03
2.770210210210209E-01	1.179504329292213E+03
2.788018018018016E-01	1.179041063881871E+03
2.805825825825824E-01	1.178578028536311E+03
2.823633633633632E-01	1.178115275938415E+03
2.841441441441439E-01	1.177652859828483E+03
2.859249249249247E-01	1.177190835112669E+03
2.877057057057054E-01	1.176729257621485E+03
2.894864864864862E-01	1.176268184587368E+03
2.912672672672669E-01	1.175807674349519E+03
2.930480480480477E-01	1.175347786540089E+03
2.948288288288284E-01	1.174888582142529E+03
2.966096096096092E-01	1.174430123464639E+03
2.983903903903899E-01	1.173972474331434E+03
3.001711711711707E-01	1.173515699921142E+03
3.019519519519515E-01	1.173059867056614E+03
3.037327327327322E-01	1.172605044054734E+03
3.055135135135130E-01	1.172151300948037E+03
3.072942942942937E-01	1.171698709344701E+03
3.090750750750745E-01	1.171247342629302E+03
3.108558558558552E-01	1.170797275915335E+03
3.126366366366360E-01	1.170348586158944E+03
3.144174174174167E-01	1.169901352099867E+03
3.161981981981975E-01	1.169455654411959E+03
3.179789789789783E-01	1.169011575641661E+03
3.197597597597590E-01	1.168569200263341E+03
3.215405405405398E-01	1.168128614722796E+03
3.233213213213205E-01	1.167689907417534E+03
3.251021021021013E-01	1.167253168713464E+03
3.268828828828820E-01	1.166818490959572E+03
3.286636636636628E-01	1.166385968441192E+03
3.304444444444435E-01	1.165955697415647E+03
3.322252252252243E-01	1.165527776022640E+03
3.340060060060051E-01	1.165102304275777E+03
3.357867867867858E-01	1.164679383993698E+03
3.375675675675666E-01	1.164259118758768E+03
3.393483483483473E-01	1.163841613789668E+03
3.411291291291281E-01	1.163426975867198E+03
3.429099099099088E-01	1.163015313238721E+03
3.446906906906896E-01	1.162606735453043E+03
3.464714714714703E-01	1.162201353229798E+03
3.482522522522511E-01	1.161799278303497E+03
3.500330330330318E-01	1.161400623230309E+03
3.518138138138126E-01	1.161005501194133E+03
3.535945945945934E-01	1.160614025788741E+03
3.553753753753741E-01	1.160226310803639E+03
3.571561561561549E-01	1.159842469957516E+03
3.589369369369356E-01	1.159462616659627E+03
3.607177177177164E-01	1.159086863734242E+03
3.624984984984971E-01	1.158715323134404E+03
3.642792792792779E-01	1.158348105672469E+03
3.660600600600586E-01	1.157985320710701E+03
3.678408408408394E-01	1.157627075893467E+03
3.696216216216202E-01	1.157273476819676E+03
3.714024024024009E-01	1.156924626778705E+03
3.731831831831817E-01	1.156580626462307E+03
3.749639639639624E-01	1.156241573683813E+03
3.767447447447432E-01	1.155907563108175E+03
3.785255255255239E-01	1.155578686029022E+03
3.803063063063047E-01	1.155255030105523E+03
3.820870870870854E-01	1.154936679174945E+03
3.838678678678662E-01	1.154623713036272E+03
3.856486486486470E-01	1.154316207310940E+03
3.874294294294277E-01	1.154014233272417E+03
3.892102102102085E-01	1.153717857734983E+03
3.909909909909892E-01	1.153427142958035E+03
3.927717717717700E-01	1.153142146571914E+03
3.945525525525507E-01	1.152862921542245E+03
3.963333333333315E-01	1.152589516130511E+03
3.981141141141122E-01	1.152321973902750E+03
3.998948948948930E-01	1.152060333768866E+03
4.016756756756737E-01	1.151804629998710E+03
4.034564564564545E-01	1.151554892306353E+03
4.052372372372353E-01	1.151311145920262E+03
4.070180180180160E-01	1.151073411682474E+03
4.087987987987968E-01	1.150841706160176E+03
4.105795795795775E-01	1.150616041764496E+03
4.123603603603583E-01	1.150396426883660E+03
4.141411411411390E-01	1.150182866027891E+03
4.159219219219198E-01	1.149975359970327E+03
4.177027027027005E-01	1.149773905904725E+03
4.194834834834813E-01	1.149578497597452E+03
4.212642642642621E-01	1.149389125554243E+03
4.230450450450428E-01	1.149205777171751E+03
4.248258258258236E-01	1.149028436901964E+03
4.266066066066043E-01	1.148857086412768E+03
4.283873873873851E-01	1.148691704743065E+03
4.301681681681658E-01	1.148532268457632E+03
4.319489489489466E-01	1.148378751800948E+03
4.337297297297273E-01	1.148231126843745E+03
4.355105105105081E-01	1.148089363625975E+03
4.372912912912889E-01	1.147953430300223E+03
4.390720720720696E-01	1.147823293260212E+03
4.408528528528504E-01	1.147698917276065E+03
4.426336336336311E-01	1.147580265616116E+03
4.444144144144119E-01	1.147467300163423E+03
4.461951951951926E-01	1.147359981537469E+03
4.479759759759734E-01	1.147258269192040E+03
4.497567567567541E-01	1.147162121528203E+03
4.515375375375349E-01	1.147071495987727E+03
4.533183183183156E-01	1.146986349147166E+03
4.550990990990964E-01	1.146906636805401E+03
4.568798798798772E-01	1.146832314066848E+03
4.586606606606579E-01	1.146763335424053E+03
4.604414414414387E-01	1.146699654827751E+03
4.622222222222194E-01	1.146641225757422E+03
4.640030030030002E-01	1.146588001288554E+03
4.657837837837809E-01	1.146539934153205E+03
4.675645645645617E-01	1.146496976799302E+03
4.693453453453424E-01	1.146459081442122E+03
4.711261261261232E-01	1.146426200121140E+03
4.729069069069040E-01	1.146398284739252E+03
4.746876876876847E-01	1.146375287115587E+03
4.764684684684655E-01	1.146357159020382E+03
4.782492492492462E-01	1.146343852217526E+03
4.800300300300270E-01	1.146335318498614E+03
4.818108108108077E-01	1.146331509717479E+03
4.835915915915885E-01	1.146332377822022E+03
4.853723723723692E-01	1.146337874880680E+03
4.871531531531500E-01	1.146347953110181E+03
4.889339339339308E-01	1.146362564901864E+03
4.907147147147115E-01	1.146381662842027E+03
4.924954954954923E-01	1.146405199734796E+03
4.942762762762730E-01	1.146433128619599E+03
4.960570570570538E-01	1.146465402792151E+03
4.978378378378345E-01	1.146501975816866E+03
4.996186186186153E-01	1.146542801545750E+03
5.013993993993960E-01	1.146587834129154E+03
5.031801801801769E-01	1.146637028028903E+03
5.049609609609577E-01	1.146690338031280E+03
5.067417417417385E-01	1.146747719255111E+03
5.085225225225193E-01	1.146809127162363E+03
5.103033033033001E-01	1.146874517566081E+03
5.120840840840809E-01	1.146943846637164E+03
5.138648648648617E-01	1.147017070913274E+03
5.156456456456425E-01	1.147094147301486E+03
5.174264264264233E-01	1.147175033085904E+03
5.192072072072041E-01	1.147259685931815E+03
5.209879879879850E-01	1.147348063888185E+03
5.227687687687658E-01	1.147440125392449E+03
5.245495495495466E-01	1.147535829272737E+03
5.263303303303274E-01	1.147635134750058E+03
5.281111111111082E-01	1.147738001439950E+03
5.298918918918890E-01	1.147844389354300E+03
5.316726726726698E-01	1.147954258901252E+03
5.334534534534506E-01	1.148067570887801E+03
5.352342342342314E-01	1.148184286517630E+03
5.370150150150123E-01	1.148304367392216E+03
5.387957957957931E-01	1.148427775510702E+03
5.405765765765739E-01	1.148554473268492E+03
5.423573573573547E-01	1.148684423455876E+03
5.441381381381355E-01	1.148817589258767E+03
5.459189189189163E-01	1.148953934255004E+03
5.476996996996971E-01	1.149093422413997E+03
5.494804804804779E-01	1.149236018094682E+03
5.512612612612587E-01	1.149381686043558E+03
5.530420420420395E-01	1.149530391391994E+03
5.548228228228204E-01	1.149682099654854E+03
5.566036036036012E-01	1.149836776727541E+03
5.583843843843820E-01	1.149994388883443E+03
5.601651651651628E-01	1.150154902770910E+03
5.619459459459436E-01	1.150318285411359E+03
5.637267267267244E-01	1.150484504195942E+03
5.655075075075052E-01	1.150653526882528E+03
5.672882882882860E-01	1.150825321593004E+03
5.690690690690668E-01	1.150999856809440E+03
5.708498498498477E-01	1.151177101372088E+03
5.726306306306285E-01	1.151357024474797E+03
5.744114114114093E-01	1.151539595663578E+03
5.761921921921901E-01	1.151724784831392E+03
5.779729729729709E-01	1.151912562216160E+03
5.797537537537517E-01	1.152102898397083E+03
5.815345345345325E-01	1.152295764291198E+03
5.833153153153133E-01	1.152491131149329E+03
5.850960960960941E-01	1.152688970554280E+03
5.868768768768750E-01	1.152889254415626E+03
5.886576576576558E-01	1.153091954967945E+03
5.904384384384366E-01	1.153297044765796E+03
5.922192192192174E-01	1.153504496681725E+03
5.939999999999982E-01	1.153714283901684E+03
5.957807807807790E-01	1.153926379922221E+03
5.975615615615598E-01	1.154140758546946E+03
5.993423423423406E-01	1.154357393883086E+03
6.011231231231214E-01	1.154576260338077E+03
6.029039039039022E-01	1.154797332616227E+03
6.046846846846831E-01	1.155020585715078E+03
6.064654654654639E-01	1.155245994922076E+03
6.082462462462447E-01	1.155473535812410E+03
6.100270270270255E-01	1.155703184243594E+03
6.118078078078063E-01	1.155934916353353E+03
6.135885885885871E-01	1.156168708556961E+03
6.153693693693679E-01	1.156404537542449E+03
6.171501501501487E-01	1.156642380268807E+03
6.189309309309295E-01	1.156882213961619E+03
6.207117117117104E-01	1.157124016110634E+03
6.224924924924912E-01	1.157367764466176E+03
6.242732732732720E-01	1.157613437036562E+03
6.260540540540528E-01	1.157861012084626E+03
6.278348348348336E-01	1.158110468123744E+03
6.296156156156144E-01	1.158361783916762E+03
6.313963963963952E-01	1.158614938471528E+03
6.331771771771760E-01	1.158869911038535E+03
6.349579579579568E-01	1.159126681106470E+03
6.367387387387377E-01	1.159385228402343E+03
6.385195195195185E-01	1.159645532885312E+03
6.403003003002993E-01	1.159907574746341E+03
6.420810810810801E-01	1.160171334403032E+03
6.438618618618609E-01	1.160436792498745E+03
6.456426426426417E-01	1.160703929899565E+03
6.474234234234225E-01	1.160972727690357E+03
6.492042042042033E-01	1.161243167173257E+03
6.509849849849841E-01	1.161515229864199E+03
6.527657657657649E-01	1.161788897490940E+03
6.545465465465458E-01	1.162064151989671E+03
6.563273273273266E-01	1.162340975502983E+03
6.581081081081074E-01	1.162619350377404E+03
6.598888888888882E-01	1.162899259160709E+03
6.616696696696690E-01	1.163180684598576E+03
6.634504504504498E-01	1.163463609633293E+03
6.652312312312306E-01	1.163748017401239E+03
6.670120120120114E-01	1.164033891229757E+03
6.687927927927922E-01	1.164321214635148E+03
6.705735735735731E-01	1.164609971320306E+03
6.723543543543539E-01	1.164900145172406E+03
6.741351351351347E-01	1.165191720260592E+03
6.759159159159155E-01	1.165484680833753E+03
6.776966966966963E-01	1.165779011317803E+03
6.794774774774771E-01	1.166074696314242E+03
6.812582582582579E-01	1.166371720598127E+03
6.830390390390387E-01	1.166670069114641E+03
6.848198198198195E-01	1.166969726978041E+03
6.866006006006004E-01	1.167270679469176E+03
6.883813813813812E-01	1.167572912033673E+03
6.901621621621620E-01	1.167876410279618E+03
6.919429429429428E-01	1.168181159975566E+03
6.937237237237236E-01	1.168487147048735E+03
6.955045045045044E-01	1.168794357582743E+03
6.972852852852852E-01	1.169102777816175E+03
6.990660660660660E-01	1.169412394139896E+03
7.008468468468468E-01	1.169723193095986E+03
7.026276276276276E-01	1.170035161375263E+03
7.044084084084085E-01	1.170348285815619E+03
7.061891891891893E-01	1.170662553400520E+03
7.079699699699701E-01	1.170977951256732E+03
7.097507507507509E-01	1.171294466652661E+03
7.115315315315317E-01	1.171612086996995E+03
7.133123123123125E-01	1.171930799836332E+03
7.150930930930933E-01	1.172250592854169E+03
7.168738738738741E-01	1.172571453868727E+03
7.186546546546549E-01	1.172893370831326E+03
7.204354354354358E-01	1.173216331825158E+03
7.222162162162166E-01	1.173540325063268E+03
7.239969969969974E-01	1.173865338886884E+03
7.257777777777782E-01	1.174191361764448E+03
7.275585585585590E-01	1.174518382289381E+03
7.293393393393398E-01	1.174846389179038E+03
7.311201201201206E-01	1.175175371272659E+03
7.329009009009014E-01	1.175505317530725E+03
7.346816816816822E-01	1.175836217032632E+03
7.364624624624631E-01	1.176168058975713E+03
7.382432432432439E-01	1.176500832673783E+03
7.400240240240247E-01	1.176834527555421E+03
7.418048048048055E-01	1.177169133163103E+03
7.435855855855863E-01	1.177504639151162E+03
7.453663663663671E-01	1.177841035285194E+03
7.471471471471479E-01	1.178178311440086E+03
7.489279279279287E-01	1.178516457598969E+03
7.507087087087095E-01	1.178855463851899E+03
7.524894894894903E-01	1.179195320394575E+03
7.542702702702712E-01	1.179536017527050E+03
7.560510510510520E-01	1.179877545652489E+03
7.578318318318328E-01	1.180219895275927E+03
7.596126126126136E-01	1.180563057003029E+03
7.613933933933944E-01	1.180907021538836E+03
7.631741741741752E-01	1.181251779686881E+03
7.649549549549560E-01	1.181597322347678E+03
7.667357357357368E-01	1.181943640517680E+03
7.685165165165176E-01	1.182290725288161E+03
7.702972972972985E-01	1.182638567844088E+03
7.720780780780793E-01	1.182987159462953E+03
7.738588588588601E-01	1.183336491513668E+03
7.756396396396409E-01	1.183686555455877E+03
7.774204204204217E-01	1.184037342838141E+03
7.792012012012025E-01	1.184388845297696E+03
7.809819819819833E-01	1.184741054558497E+03
7.827627627627641E-01	1.185093962431295E+03
7.845435435435449E-01	1.185447560811785E+03
7.863243243243258E-01	1.185801841679824E+03
7.881051051051066E-01	1.186156797098515E+03
7.898858858858874E-01	1.186512419213453E+03
7.916666666666682E-01	1.186868700251269E+03
7.934474474474490E-01	1.187225632518934E+03
7.952282282282298E-01	1.187583208402958E+03
7.970090090090106E-01	1.187941420368497E+03
7.987897897897914E-01	1.188300260957912E+03
8.005705705705722E-01	1.188659722790618E+03
8.023513513513530E-01	1.189019798561655E+03
8.041321321321339E-01	1.189380481041024E+03
8.059129129129147E-01	1.189741763072735E+03
8.076936936936955E-01	1.190103637574096E+03
8.094744744744763E-01	1.190466097534764E+03
8.112552552552571E-01	1.190829136015915E+03
8.130360360360379E-01	1.191192746149524E+03
8.148168168168187E-01	1.191556921137460E+03
8.165975975975995E-01	1.191921654250602E+03
8.183783783783803E-01	1.192286938828336E+03
8.201591591591612E-01	1.192652768277309E+03
8.219399399399420E-01	1.193019136071276E+03
8.237207207207228E-01	1.193386035749896E+03
8.255015015015036E-01	1.193753460918082E+03
8.272822822822844E-01	1.194121405245328E+03
8.290630630630652E-01	1.194489862464849E+03
8.308438438438460E-01	1.194858826372862E+03
8.326246246246268E-01	1.195228290828386E+03
8.344054054054076E-01	1.195598249751644E+03
8.361861861861885E-01	1.195968697124013E+03
8.379669669669693E-01	1.196339626987375E+03
8.397477477477501E-01	1.196711033442789E+03
8.415285285285309E-01	1.197082910650766E+03
8.433093093093117E-01	1.197455252829725E+03
8.450900900900925E-01	1.197828054255853E+03
8.468708708708733E-01	1.198201309262540E+03
8.486516516516541E-01	1.198575012239203E+03
8.504324324324349E-01	1.198949157631355E+03
8.522132132132157E-01	1.199323739939296E+03
8.539939939939966E-01	1.199698753718248E+03
8.557747747747774E-01	1.200074193576801E+03
8.575555555555582E-01	1.200450054177286E+03
8.593363363363390E-01	1.200826330234790E+03
8.611171171171198E-01	1.201203016516414E+03
8.628978978979006E-01	1.201580107840710E+03
8.646786786786814E-01	1.201957599077306E+03
8.664594594594622E-01	1.202335485146598E+03
8.682402402402430E-01	1.202713761018568E+03
8.700210210210239E-01	1.203092421712526E+03
8.718018018018047E-01	1.203471462296859E+03
8.735825825825855E-01	1.203850877887985E+03
8.753633633633663E-01	1.204230663650044E+03
8.771441441441471E-01	1.204610814794850E+03
8.789249249249279E-01	1.204991326580581E+03
8.807057057057087E-01	1.205372194311617E+03
8.824864864864895E-01	1.205753413338194E+03
8.842672672672703E-01	1.206134979055817E+03
8.860480480480512E-01	1.206516886904747E+03
8.878288288288320E-01	1.206899132369204E+03
8.896096096096128E-01	1.207281710977504E+03
8.913903903903936E-01	1.207664618301383E+03
8.931711711711744E-01	1.208047849954928E+03
8.949519519519552E-01	1.208431401595243E+03
8.967327327327360E-01	1.208815268920935E+03
8.985135135135168E-01	1.209199447672062E+03
9.002942942942976E-01	1.209583933630212E+03
9.020750750750784E-01	1.209968722617227E+03
9.038558558558593E-01	1.210353810494991E+03
9.056366366366401E-01	1.210739193165592E+03
9.074174174174209E-01	1.211124866569939E+03
9.091981981982017E-01	1.211510826688349E+03
9.109789789789825E-01	1.211897069539471E+03
9.127597597597633E-01	1.212283591179686E+03
9.145405405405441E-01	1.212670387703688E+03
9.163213213213249E-01	1.213057455243003E+03
9.181021021021057E-01	1.213444789966410E+03
9.198828828828866E-01	1.213832388079003E+03
9.216636636636674E-01	1.214220245822091E+03
9.234444444444482E-01	1.214608359472575E+03
9.252252252252290E-01	1.214996725343027E+03
9.270060060060098E-01	1.215385339780927E+03
9.287867867867906E-01	1.215774199168477E+03
9.305675675675714E-01	1.216163299921797E+03
9.323483483483522E-01	1.216552638491544E+03
9.341291291291330E-01	1.216942211361666E+03
9.359099099099139E-01	1.217332015049068E+03
9.376906906906947E-01	1.217722046104130E+03
9.394714714714755E-01	1.218112301109274E+03
9.412522522522563E-01	1.218502776679597E+03
9.430330330330371E-01	1.218893469461630E+03
9.448138138138179E-01	1.219284376133856E+03
9.465945945945987E-01	1.219675493405699E+03
9.483753753753795E-01	1.220066818017764E+03
9.501561561561603E-01	1.220458346740988E+03
9.519369369369411E-01	1.220850076376862E+03
9.537177177177220E-01	1.221242003756542E+03
9.554984984985028E-01	1.221634125741206E+03
9.572792792792836E-01	1.222026439221118E+03
9.590600600600644E-01	1.222418941115832E+03
9.608408408408452E-01	1.222811628373541E+03
9.626216216216260E-01	1.223204497970910E+03
9.644024024024068E-01	1.223597546912874E+03
9.661831831831876E-01	1.223990772232092E+03
9.679639639639684E-01	1.224384170989368E+03
9.697447447447493E-01	1.224777740272182E+03
9.715255255255301E-01	1.225171477195391E+03
9.733063063063109E-01	1.225565378900948E+03
9.750870870870917E-01	1.225959442556756E+03
9.768678678678725E-01	1.226353665357522E+03
9.786486486486533E-01	1.226748044523386E+03
9.804294294294341E-01	1.227142577300936E+03
9.822102102102149E-01	1.227537260961644E+03
9.839909909909957E-01	1.227932092802484E+03
9.857717717717766E-01	1.228327070145424E+03
9.875525525525574E-01	1.228722190337050E+03
9.893333333333382E-01	1.229117450748388E+03
9.911141141141190E-01	1.229512848774963E+03
9.928948948948998E-01	1.229908381836017E+03
9.946756756756806E-01	1.230304047374765E+03
9.964564564564614E-01	1.230699842857859E+03
9.982372372372422E-01	1.231095765775183E+03
1.000018018018023E+00	1.231491813639864E+03
1.001798798798804E+00	1.231887983987588E+03
1.003579579579585E+00	1.232284274376878E+03
1.005360360360365E+00	1.232680682388829E+03
1.007141141141146E+00	1.233077205626136E+03
1.008921921921927E+00	1.233473841714021E+03
1.010702702702708E+00	1.233870588298992E+03
1.012483483483489E+00	1.234267443049624E+03
1.014264264264269E+00	1.234664403655187E+03
1.016045045045050E+00	1.235061467826583E+03
1.017825825825831E+00	1.235458633295267E+03
1.019606606606612E+00	1.235855897813571E+03
1.021387387387393E+00	1.236253259154263E+03
1.023168168168173E+00	1.236650715110498E+03
1.024948948948954E+00	1.237048263495511E+03
1.026729729729735E+00	1.237445902142102E+03
1.028510510510516E+00	1.237843628903446E+03
1.030291291291297E+00	1.238241441651710E+03
1.032072072072078E+00	1.238639338278577E+03
1.033852852852858E+00	1.239037316695060E+03
1.035633633633639E+00	1.239435374830596E+03
1.037414414414420E+00	1.239833510634088E+03
1.039195195195201E+00	1.240231722072660E+03
1.040975975975982E+00	1.240630007131973E+03
1.042756756756762E+00	1.241028363815643E+03
1.044537537537543E+00	1.241426790145895E+03
1.046318318318324E+00	1.241825284162495E+03
1.048099099099105E+00	1.242223843923038E+03
1.049879879879886E+00	1.242622467502691E+03
1.051660660660666E+00	1.243021152993878E+03
1.053441441441447E+00	1.243419898506455E+03
1.055222222222228E+00	1.243818702167319E+03
1.057003003003009E+00	1.244217562120247E+03
1.058783783783790E+00	1.244616476525447E+03
1.060564564564570E+00	1.245015443560384E+03
1.062345345345351E+00	1.245414461418401E+03
1.064126126126132E+00	1.245813528309227E+03
1.065906906906913E+00	1.246212642458848E+03
1.067687687687694E+00	1.246611802109312E+03
1.069468468468475E+00	1.247011005517962E+03
1.071249249249255E+00	1.247410250958453E+03
1.073030030030036E+00	1.247809536719663E+03
1.074810810810817E+00	1.248208861105926E+03
1.076591591591598E+00	1.248608222436446E+03
1.078372372372379E+00	1.249007619046266E+03
1.080153153153159E+00	1.249407049284767E+03
1.081933933933940E+00	1.249806511516242E+03
1.083714714714721E+00	1.250206004119779E+03
1.085495495495502E+00	1.250605525489122E+03
1.087276276276283E+00	1.251005074032177E+03
1.089057057057063E+00	1.251404648171305E+03
1.090837837837844E+00	1.251804246342788E+03
1.092618618618625E+00	1.252203866997025E+03
1.094399399399406E+00	1.252603508598403E+03
1.096180180180187E+00	1.253003169625100E+03
1.097960960960968E+00	1.253402848568451E+03
1.099741741741748E+00	1.253802543933856E+03
1.101522522522529E+00	1.254202254239835E+03
1.103303303303310E+00	1.254601978018196E+03
1.105084084084091E+00	1.255001713813734E+03
1.106864864864872E+00	1.255401460184451E+03
1.108645645645652E+00	1.255801215701126E+03
1.110426426426433E+00	1.256200978947416E+03
1.112207207207214E+00	1.256600748519494E+03
1.113987987987995E+00	1.257000523026161E+03
1.115768768768776E+00	1.257400301088622E+03
1.117549549549556E+00	1.257800081340337E+03
1.119330330330337E+00	1.258199862427035E+03
1.121111111111118E+00	1.258599643006545E+03
1.122891891891899E+00	1.258999421748604E+03
1.124672672672680E+00	1.259399197334871E+03
1.126453453453460E+00	1.259798968458721E+03
1.128234234234241E+00	1.260198733825236E+03
1.130015015015022E+00	1.260598492151024E+03
1.131795795795803E+00	1.260998242164098E+03
1.133576576576584E+00	1.261397982603889E+03
1.135357357357365E+00	1.261797712221012E+03
1.137138138138145E+00	1.262197429777242E+03
1.138918918918926E+00	1.262597134045385E+03
1.140699699699707E+00	1.262996823809151E+03
1.142480480480488E+00	1.263396497863168E+03
1.144261261261269E+00	1.263796155012747E+03
1.146042042042049E+00	1.264195794073873E+03
1.147822822822830E+00	1.264595413873085E+03
1.149603603603611E+00	1.264995013247305E+03
1.151384384384392E+00	1.265394591043944E+03
1.153165165165173E+00	1.265794146120600E+03
1.154945945945953E+00	1.266193677345076E+03
1.156726726726734E+00	1.266593183595256E+03
1.158507507507515E+00	1.266992663759003E+03
1.160288288288296E+00	1.267392116734103E+03
1.162069069069077E+00	1.267791541428261E+03
1.163849849849858E+00	1.268190936758732E+03
1.165630630630638E+00	1.268590301652560E+03
1.167411411411419E+00	1.268989635046291E+03
1.169192192192200E+00	1.269388935886012E+03
1.170972972972981E+00	1.269788203127132E+03
1.172753753753762E+00	1.270187435734401E+03
1.174534534534542E+00	1.270586632681836E+03
1.176315315315323E+00	1.270985792952512E+03
1.178096096096104E+00	1.271384915538667E+03
1.179876876876885E+00	1.271783999441449E+03
1.181657657657666E+00	1.272183043671012E+03
1.183438438438446E+00	1.272582047246233E+03
1.185219219219227E+00	1.272981009194835E+03
1.187000000000008E+00	1.273379928553163E+03
1.188780780780789E+00	1.273778804366154E+03
1.190561561561570E+00	1.274177635687323E+03
1.192342342342350E+00	1.274576421578614E+03
1.194123123123131E+00	1.274975161110351E+03
1.195903903903912E+00	1.275373853361094E+03
1.197684684684693E+00	1.275772497417760E+03
1.199465465465474E+00	1.276171092375358E+03
1.201246246246255E+00	1.276569637337009E+03
1.203027027027035E+00	1.276968131413761E+03
1.204807807807816E+00	1.277366573724777E+03
1.206588588588597E+00	1.277764963396977E+03
1.208369369369378E+00	1.278163299565148E+03
1.210150150150159E+00	1.278561581371798E+03
1.211930930930939E+00	1.278959807967144E+03
1.213711711711720E+00	1.279357978508947E+03
1.215492492492501E+00	1.279756092162564E+03
1.217273273273282E+00	1.280154148100876E+03
1.219054054054063E+00	1.280552145504119E+03
1.220834834834843E+00	1.280950083559904E+03
1.222615615615624E+00	1.281347961463114E+03
1.224396396396405E+00	1.281745778415902E+03
1.226177177177186E+00	1.282143533627509E+03
1.227957957957967E+00	1.282541226314385E+03
1.229738738738748E+00	1.282938855699931E+03
1.231519519519528E+00	1.283336421014572E+03
1.233300300300309E+00	1.283733921495704E+03
1.235081081081090E+00	1.284131356387427E+03
1.236861861861871E+00	1.284528724940847E+03
1.238642642642652E+00	1.284926026413707E+03
1.240423423423432E+00	1.285323260070468E+03
1.242204204204213E+00	1.285720425182147E+03
1.243984984984994E+00	1.286117521026487E+03
1.245765765765775E+00	1.286514546887638E+03
1.247546546546556E+00	1.286911502056244E+03
1.249327327327336E+00	1.287308385829396E+03
1.251108108108117E+00	1.287705197510440E+03
1.252888888888898E+00	1.288101936409162E+03
1.254669669669679E+00	1.288498601841495E+03
1.256450450450460E+00	1.288895193129601E+03
1.258231231231240E+00	1.289291709601819E+03
1.260012012012021E+00	1.289688150592484E+03
1.261792792792802E+00	1.290084515442099E+03
1.263573573573583E+00	1.290480803497060E+03
1.265354354354364E+00	1.290877014109735E+03
1.267135135135145E+00	1.291273146638415E+03
1.268915915915925E+00	1.291669200447132E+03
1.270696696696706E+00	1.292065174905841E+03
1.272477477477487E+00	1.292461069390137E+03
1.274258258258268E+00	1.292856883281339E+03
1.276039039039049E+00	1.293252615966449E+03
1.277819819819829E+00	1.293648266838007E+03
1.279600600600610E+00	1.294043835294176E+03
1.281381381381391E+00	1.294439320738522E+03
1.283162162162172E+00	1.294834722580167E+03
1.284942942942953E+00	1.295230040233585E+03
1.286723723723733E+00	1.295625273118707E+03
1.288504504504514E+00	1.296020420660666E+03
1.290285285285295E+00	1.296415482289980E+03
1.292066066066076E+00	1.296810457442340E+03
1.293846846846857E+00	1.297205345558650E+03
1.295627627627638E+00	1.297600146084997E+03
1.297408408408418E+00	1.297994858472450E+03
1.299189189189199E+00	1.298389482177329E+03
1.300969969969980E+00	1.298784016660843E+03
1.302750750750761E+00	1.299178461389202E+03
1.304531531531542E+00	1.299572815833587E+03
1.306312312312322E+00	1.299967079470104E+03
1.308093093093103E+00	1.300361251779575E+03
1.309873873873884E+00	1.300755332247834E+03
1.311654654654665E+00	1.301149320365368E+03
1.313435435435446E+00	1.301543215627428E+03
1.315216216216226E+00	1.301937017533990E+03
1.316996996997007E+00	1.302330725589662E+03
1.318777777777788E+00	1.302724339303678E+03
1.320558558558569E+00	1.303117858189858E+03
1.322339339339350E+00	1.303511281766601E+03
1.324120120120130E+00	1.303904609556784E+03
1.325900900900911E+00	1.304297841087778E+03
1.327681681681692E+00	1.304690975891290E+03
1.329462462462473E+00	1.305084013503638E+03
1.331243243243254E+00	1.305476953465275E+03
1.333024024024035E+00	1.305869795321127E+03
1.334804804804815E+00	1.306262538620381E+03
1.336585585585596E+00	1.306655182916445E+03
1.338366366366377E+00	1.307047727766964E+03
1.340147147147158E+00	1.307440172733846E+03
1.341927927927939E+00	1.307832517383014E+03
1.343708708708719E+00	1.308224761284617E+03
1.345489489489500E+00	1.308616904012872E+03
1.347270270270281E+00	1.309008945146043E+03
1.349051051051062E+00	1.309400884266358E+03
1.350831831831843E+00	1.309792720960138E+03
1.352612612612623E+00	1.310184454817575E+03
1.354393393393404E+00	1.310576085432847E+03
1.356174174174185E+00	1.310967612403962E+03
1.357954954954966E+00	1.311359035332812E+03
1.359735735735747E+00	1.311750353825136E+03
1.361516516516527E+00	1.312141567490485E+03
1.363297297297308E+00	1.312532675942083E+03
1.365078078078089E+00	1.312923678797038E+03
1.366858858858870E+00	1.313314575676016E+03
1.368639639639651E+00	1.313705366203446E+03
1.370420420420432E+00	1.314096050007409E+03
1.372201201201212E+00	1.314486626719514E+03
1.373981981981993E+00	1.314877095975090E+03
1.375762762762774E+00	1.315267457412948E+03
1.377543543543555E+00	1.315657710675425E+03
1.379324324324336E+00	1.316047855408351E+03
1.381105105105116E+00	1.316437891261089E+03
1.382885885885897E+00	1.316827817886410E+03
1.384666666666678E+00	1.317217634940511E+03
1.386447447447459E+00	1.317607342082905E+03
1.388228228228240E+00	1.317996938976648E+03
1.390009009009020E+00	1.318386425287921E+03
1.391789789789801E+00	1.318775800686389E+03
1.393570570570582E+00	1.319165064844907E+03
1.395351351351363E+00	1.319554217439598E+03
1.397132132132144E+00	1.319943258149832E+03
1.398912912912925E+00	1.320332186658203E+03
1.400693693693705E+00	1.320721002650411E+03
1.402474474474486E+00	1.321109705815416E+03
1.404255255255267E+00	1.321498295845188E+03
1.406036036036048E+00	1.321886772434918E+03
1.407816816816829E+00	1.322275135282809E+03
1.409597597597609E+00	1.322663384090127E+03
1.411378378378390E+00	1.323051518561188E+03
1.413159159159171E+00	1.323439538403289E+03
1.414939939939952E+00	1.323827443326692E+03
1.416720720720733E+00	1.324215233044705E+03
1.418501501501513E+00	1.324602907273497E+03
1.420282282282294E+00	1.324990465732116E+03
1.422063063063075E+00	1.325377908142601E+03
1.423843843843856E+00	1.325765234229799E+03
1.425624624624637E+00	1.326152443721369E+03
1.427405405405417E+00	1.326539536347849E+03
1.429186186186198E+00	1.326926511842603E+03
1.430966966966979E+00	1.327313369941610E+03
1.432747747747760E+00	1.327700110383808E+03
1.434528528528541E+00	1.328086732910750E+03
1.436309309309322E+00	1.328473237266710E+03
1.438090090090102E+00	1.328859623198661E+03
1.439870870870883E+00	1.329245890456254E+03
1.441651651651664E+00	1.329632038791803E+03
1.443432432432445E+00	1.330018067960190E+03
1.445213213213226E+00	1.330403977718958E+03
1.446993993994006E+00	1.330789767828194E+03
1.448774774774787E+00	1.331175438050603E+03
1.450555555555568E+00	1.331560988151384E+03
1.452336336336349E+00	1.331946417898267E+03
1.454117117117130E+00	1.332331727061497E+03
1.455897897897910E+00	1.332716915413818E+03
1.457678678678691E+00	1.333101982730450E+03
1.459459459459472E+00	1.333486928788943E+03
1.461240240240253E+00	1.333871753369484E+03
1.463021021021034E+00	1.334256456254422E+03
1.464801801801815E+00	1.334641037228700E+03
1.466582582582595E+00	1.335025496079538E+03
1.468363363363376E+00	1.335409832596510E+03
1.470144144144157E+00	1.335794046571536E+03
1.471924924924938E+00	1.336178137798858E+03
1.473705705705719E+00	1.336562106074955E+03
1.475486486486499E+00	1.336945951198675E+03
1.477267267267280E+00	1.337329672971070E+03
1.479048048048061E+00	1.337713271195481E+03
1.480828828828842E+00	1.338096745677355E+03
1.482609609609623E+00	1.338480096224503E+03
1.484390390390403E+00	1.338863322646847E+03
1.486171171171184E+00	1.339246424756490E+03
1.487951951951965E+00	1.339629402367703E+03
1.489732732732746E+00	1.340012255296813E+03
1.491513513513527E+00	1.340394983362440E+03
1.493294294294307E+00	1.340777586385166E+03
1.495075075075088E+00	1.341160064187737E+03
1.496855855855869E+00	1.341542416594890E+03
1.498636636636650E+00	1.341924643433531E+03
1.500417417417431E+00	1.342306744532537E+03
1.502198198198212E+00	1.342688719722824E+03
1.503978978978992E+00	1.343070568837315E+03
1.505759759759773E+00	1.343452291710950E+03
1.507540540540554E+00	1.343833888180595E+03
1.509321321321335E+00	1.344215358085115E+03
1.511102102102116E+00	1.344596701265367E+03
1.512882882882896E+00	1.344977917564038E+03
1.514663663663677E+00	1.345359006825810E+03
1.516444444444458E+00	1.345739968897262E+03
1.518225225225239E+00	1.346120803626835E+03
1.520006006006020E+00	1.346501510864847E+03
1.521786786786800E+00	1.346882090463481E+03
1.523567567567581E+00	1.347262542276780E+03
1.525348348348362E+00	1.347642866160618E+03
1.527129129129143E+00	1.348023061972590E+03
1.528909909909924E+00	1.348403129572268E+03
1.530690690690705E+00	1.348783068820837E+03
1.532471471471485E+00	1.349162879581407E+03
1.534252252252266E+00	1.349542561718733E+03
1.536033033033047E+00	1.349922115099340E+03
1.537813813813828E+00	1.350301539591540E+03
1.539594594594609E+00	1.350680835065328E+03
1.541375375375389E+00	1.351060001392411E+03
1.543156156156170E+00	1.351439038446129E+03
1.544936936936951E+00	1.351817946101620E+03
1.546717717717732E+00	1.352196724235645E+03
1.548498498498513E+00	1.352575372726502E+03
1.550279279279293E+00	1.352953891454341E+03
1.552060060060074E+00	1.353332280300762E+03
1.553840840840855E+00	1.353710539149047E+03
1.555621621621636E+00	1.354088667884115E+03
1.557402402402417E+00	1.354466666392429E+03
1.559183183183197E+00	1.354844534562046E+03
1.560963963963978E+00	1.355222272282590E+03
1.562744744744759E+00	1.355599879445251E+03
1.564525525525540E+00	1.355977355942703E+03
1.566306306306321E+00	1.356354701669226E+03
1.568087087087102E+00	1.356731916520623E+03
1.569867867867882E+00	1.357109000394095E+03
1.571648648648663E+00	1.357485953188475E+03
1.573429429429444E+00	1.357862774804022E+03
1.575210210210225E+00	1.358239465142416E+03
1.576990990991006E+00	1.358616024106865E+03
1.578771771771786E+00	1.358992451602021E+03
1.580552552552567E+00	1.359368747533965E+03
1.582333333333348E+00	1.359744911810188E+03
1.584114114114129E+00	1.360120944339587E+03
1.585894894894910E+00	1.360496845032538E+03
1.587675675675690E+00	1.360872613800772E+03
1.589456456456471E+00	1.361248250557309E+03
1.591237237237252E+00	1.361623755216736E+03
1.593018018018033E+00	1.361999127694814E+03
1.594798798798814E+00	1.362374367908766E+03
1.596579579579595E+00	1.362749475777145E+03
1.598360360360375E+00	1.363124451219809E+03
1.600141141141156E+00	1.363499294157935E+03
1.601921921921937E+00	1.363874004514026E+03
1.603702702702718E+00	1.364248582211887E+03
1.605483483483499E+00	1.364623027176619E+03
1.607264264264279E+00	1.364997339334610E+03
1.609045045045060E+00	1.365371518613442E+03
1.610825825825841E+00	1.365745564942083E+03
1.612606606606622E+00	1.366119478250667E+03
1.614387387387403E+00	1.366493258470608E+03
1.616168168168183E+00	1.366866905534495E+03
1.617948948948964E+00	1.367240419376240E+03
1.619729729729745E+00	1.367613799930896E+03
1.621510510510526E+00	1.367987047134724E+03
1.623291291291307E+00	1.368360160925186E+03
1.625072072072087E+00	1.368733141240937E+03
1.626852852852868E+00	1.369105988021812E+03
1.628633633633649E+00	1.369478701208816E+03
1.630414414414430E+00	1.369851280744122E+03
1.632195195195211E+00	1.370223726571018E+03
1.633975975975992E+00	1.370596038633920E+03
1.635756756756772E+00	1.370968216878486E+03
1.637537537537553E+00	1.371340261251321E+03
1.639318318318334E+00	1.371712171700317E+03
1.641099099099115E+00	1.372083948174399E+03
1.642879879879896E+00	1.372455590623522E+03
1.644660660660676E+00	1.372827098998842E+03
1.646441441441457E+00	1.373198473252551E+03
1.648222222222238E+00	1.373569713337912E+03
1.650003003003019E+00	1.373940819209252E+03
1.651783783783800E+00	1.374311790821962E+03
1.653564564564580E+00	1.374682628132434E+03
1.655345345345361E+00	1.375053331098164E+03
1.657126126126142E+00	1.375423899677691E+03
1.658906906906923E+00	1.375794333830484E+03
1.660687687687704E+00	1.376164633517130E+03
1.662468468468485E+00	1.376534798699145E+03
1.664249249249265E+00	1.376904829339138E+03
1.666030030030046E+00	1.377274725400563E+03
1.667810810810827E+00	1.377644486848014E+03
1.669591591591608E+00	1.378014113646992E+03
1.671372372372389E+00	1.378383605763968E+03
1.673153153153169E+00	1.378752963166376E+03
1.674933933933950E+00	1.379122185822608E+03
1.676714714714731E+00	1.379491273702010E+03
1.678495495495512E+00	1.379860226774873E+03
1.680276276276293E+00	1.380229045012421E+03
1.682057057057073E+00	1.380597728386726E+03
1.683837837837854E+00	1.380966276870920E+03
1.685618618618635E+00	1.381334690438968E+03
1.687399399399416E+00	1.381702969065701E+03
1.689180180180197E+00	1.382071112726938E+03
1.690960960960977E+00	1.382439121399339E+03
1.692741741741758E+00	1.382806995060397E+03
1.694522522522539E+00	1.383174733688599E+03
1.696303303303320E+00	1.383542337263225E+03
1.698084084084101E+00	1.383909805764428E+03
1.699864864864882E+00	1.384277139173217E+03
1.701645645645662E+00	1.384644337471455E+03
1.703426426426443E+00	1.385011400641855E+03
1.705207207207224E+00	1.385378328667965E+03
1.706987987988005E+00	1.385745121534176E+03
1.708768768768786E+00	1.386111779225688E+03
1.710549549549566E+00	1.386478301728451E+03
1.712330330330347E+00	1.386844689029391E+03
1.714111111111128E+00	1.387210941116078E+03
1.715891891891909E+00	1.387577057976989E+03
1.717672672672690E+00	1.387943039601299E+03
1.719453453453470E+00	1.388308885979090E+03
1.721234234234251E+00	1.388674597101089E+03
1.723015015015032E+00	1.389040172958882E+03
1.724795795795813E+00	1.389405613544824E+03
1.726576576576594E+00	1.389770918852009E+03
1.728357357357375E+00	1.390136088874284E+03
1.730138138138155E+00	1.390501123606256E+03
1.731918918918936E+00	1.390866023043276E+03
1.733699699699717E+00	1.391230787181438E+03
1.735480480480498E+00	1.391595416017573E+03
1.737261261261279E+00	1.391959909549202E+03
1.739042042042059E+00	1.392324267774595E+03
1.740822822822840E+00	1.392688490692796E+03
1.742603603603621E+00	1.393052578303435E+03
1.744384384384402E+00	1.393416530606970E+03
1.746165165165183E+00	1.393780347604464E+03
1.747945945945963E+00	1.394144029297776E+03
1.749726726726744E+00	1.394507575689289E+03
1.751507507507525E+00	1.394870986782261E+03
1.753288288288306E+00	1.395234262580532E+03
1.755069069069087E+00	1.395597403088608E+03
1.756849849849867E+00	1.395960408311657E+03
1.758630630630648E+00	1.396323278255543E+03
1.760411411411429E+00	1.396686012926787E+03
1.762192192192210E+00	1.397048612332542E+03
1.763972972972991E+00	1.397411076480591E+03
1.765753753753772E+00	1.397773405379406E+03
1.767534534534552E+00	1.398135599038083E+03
1.769315315315333E+00	1.398497657466349E+03
1.771096096096114E+00	1.398859580674494E+03
1.772876876876895E+00	1.399221368673520E+03
1.774657657657676E+00	1.399583021475033E+03
1.776438438438456E+00	1.399944539091159E+03
1.778219219219237E+00	1.400305921534771E+03
1.780000000000018E+00	1.400667168819239E+03
