0.000000000000000E+00	                 NAN
1.001001001001001E+00	1.339938300193644E+02
2.002002002002002E+00	1.339873908341083E+02
3.003003003003003E+00	1.339766591732173E+02
4.004004004004004E+00	1.339616355086059E+02
5.005005005005005E+00	1.339423205011858E+02
6.006006006006006E+00	1.339187150010857E+02
7.007007007007006E+00	1.338908200479432E+02
8.008008008008007E+00	1.338586368712727E+02
9.009009009009008E+00	1.338221668908768E+02
1.001001001001001E+01	1.337814117173398E+02
1.101101101101101E+01	1.337363731525870E+02
1.201201201201201E+01	1.336870531905065E+02
1.301301301301301E+01	1.336334540176367E+02
1.401401401401401E+01	1.335755780139325E+02
1.501501501501501E+01	1.335134277535926E+02
1.601601601601601E+01	1.334470060059575E+02
1.701701701701701E+01	1.333763157364838E+02
1.801801801801802E+01	1.333013601077787E+02
1.901901901901902E+01	1.332221424807321E+02
2.002002002002002E+01	1.331386664156880E+02
2.102102102102102E+01	1.330509356737271E+02
2.202202202202202E+01	1.329589542179997E+02
2.302302302302302E+01	1.328627262151554E+02
2.402402402402402E+01	1.327622560368359E+02
2.502502502502502E+01	1.326575482612702E+02
2.602602602602602E+01	1.325486076749339E+02
2.702702702702702E+01	1.324354392743076E+02
2.802802802802802E+01	1.323180482677117E+02
2.902902902902902E+01	1.321964400772476E+02
3.003003003003002E+01	1.320706203408117E+02
3.103103103103102E+01	1.319405949142206E+02
3.203203203203203E+01	1.318063698734222E+02
3.303303303303303E+01	1.316679515168134E+02
3.403403403403403E+01	1.315253463676659E+02
3.503503503503503E+01	1.313785611766434E+02
3.603603603603603E+01	1.312276029244499E+02
3.703703703703703E+01	1.310724788245739E+02
3.803803803803803E+01	1.309131963261643E+02
3.903903903903903E+01	1.307497631170190E+02
4.004004004004003E+01	1.305821871267117E+02
4.104104104104103E+01	1.304104765298348E+02
4.204204204204203E+01	1.302346397494002E+02
4.304304304304303E+01	1.300546854603681E+02
4.404404404404404E+01	1.298706225933302E+02
4.504504504504504E+01	1.296824603383511E+02
4.604604604604604E+01	1.294902081489709E+02
4.704704704704704E+01	1.292938757463789E+02
4.804804804804804E+01	1.290934731237617E+02
4.904904904904904E+01	1.288890105508531E+02
5.005005005005004E+01	1.286804985786662E+02
5.105105105105104E+01	1.284679480444461E+02
5.205205205205204E+01	1.282513700768263E+02
5.305305305305304E+01	1.280307761012396E+02
5.405405405405404E+01	1.278061778455540E+02
5.505505505505504E+01	1.275775873459752E+02
5.605605605605604E+01	1.273450169532334E+02
5.705705705705704E+01	1.271084793390410E+02
5.805805805805804E+01	1.268679875028974E+02
5.905905905905905E+01	1.266235547791853E+02
6.006006006006005E+01	1.263751948446584E+02
6.106106106106105E+01	1.261229217262899E+02
6.206206206206205E+01	1.258667498095383E+02
6.306306306306305E+01	1.256066938470512E+02
6.406406406406406E+01	1.253427689678483E+02
6.506506506506506E+01	1.250749906870110E+02
6.606606606606606E+01	1.248033749159372E+02
6.706706706706706E+01	1.245279379731910E+02
6.806806806806806E+01	1.242486965960247E+02
6.906906906906906E+01	1.239656679526074E+02
7.007007007007006E+01	1.236788696550507E+02
7.107107107107106E+01	1.233883197733080E+02
7.207207207207206E+01	1.230940368500219E+02
7.307307307307306E+01	1.227960399164417E+02
7.407407407407406E+01	1.224943485095191E+02
7.507507507507506E+01	1.221889826903348E+02
7.607607607607606E+01	1.218799630639905E+02
7.707707707707706E+01	1.215673108011902E+02
7.807807807807806E+01	1.212510476617008E+02
7.907907907907907E+01	1.209311960199902E+02
8.008008008008007E+01	1.206077788933271E+02
8.108108108108107E+01	1.202808199727724E+02
8.208208208208207E+01	1.199503436574660E+02
8.308308308308307E+01	1.196163750928713E+02
8.408408408408407E+01	1.192789402136054E+02
8.508508508508507E+01	1.189380657918455E+02
8.608608608608607E+01	1.185937794924057E+02
8.708708708708707E+01	1.182461099360194E+02
8.808808808808807E+01	1.178950867728095E+02
8.908908908908907E+01	1.175407407686052E+02
9.009009009009007E+01	1.171831039077856E+02
9.109109109109107E+01	1.168222095178676E+02
9.209209209209207E+01	1.164580924234065E+02
9.309309309309307E+01	1.160907891407369E+02
9.409409409409407E+01	1.157203381317895E+02
9.509509509509508E+01	1.153467801476309E+02
9.609609609609608E+01	1.149701587172558E+02
9.709709709709708E+01	1.145905208927743E+02
9.809809809809808E+01	1.142079185091611E+02
9.909909909909908E+01	1.138224107242818E+02
1.001001001001001E+02	1.134340721268431E+02
1.011011011011011E+02	1.130430086845968E+02
1.021021021021021E+02	1.126492714439605E+02
1.031031031031031E+02	1.122528887220246E+02
1.041041041041041E+02	1.118538888918752E+02
1.051051051051051E+02	1.114523003807403E+02
1.061061061061061E+02	1.110481516681616E+02
1.071071071071071E+02	1.106414712841915E+02
1.081081081081081E+02	1.102322878076066E+02
1.091091091091091E+02	1.098206298641676E+02
1.101101101101101E+02	1.094065261248752E+02
1.111111111111111E+02	1.089900053042725E+02
1.121121121121121E+02	1.085710961587711E+02
1.131131131131131E+02	1.081498274849728E+02
1.141141141141141E+02	1.077262281180615E+02
1.151151151151151E+02	1.073003269301648E+02
1.161161161161161E+02	1.068721528287801E+02
1.171171171171171E+02	1.064417347552067E+02
1.181181181181181E+02	1.060091016829861E+02
1.191191191191191E+02	1.055742826163942E+02
1.201201201201201E+02	1.051373065889215E+02
1.211211211211211E+02	1.046982026618025E+02
1.221221221221221E+02	1.042569999225384E+02
1.231231231231231E+02	1.038137274834708E+02
1.241241241241241E+02	1.033684144803387E+02
1.251251251251251E+02	1.029210900708922E+02
1.261261261261261E+02	1.024717834334911E+02
1.271271271271271E+02	1.020205237657565E+02
1.281281281281281E+02	1.015673402832035E+02
1.291291291291291E+02	1.011122622179296E+02
1.301301301301301E+02	1.006553188172911E+02
1.311311311311312E+02	1.001965393426153E+02
1.321321321321322E+02	9.973595306792276E+01
1.331331331331332E+02	9.927358927867090E+01
1.341341341341342E+02	9.880947727051216E+01
1.351351351351352E+02	9.834364634806388E+01
1.361361361361362E+02	9.787612582370866E+01
1.371371371371372E+02	9.740694501639791E+01
1.381381381381383E+02	9.693613325047681E+01
1.391391391391393E+02	9.646371985452924E+01
1.401401401401403E+02	9.598973416022409E+01
1.411411411411413E+02	9.551420550120201E+01
1.421421421421423E+02	9.503716321194679E+01
1.431431431431433E+02	9.455863662670026E+01
1.441441441441443E+02	9.407865507837369E+01
1.451451451451454E+02	9.359724789748270E+01
1.461461461461464E+02	9.311444441108870E+01
1.471471471471474E+02	9.263027394176834E+01
1.481481481481484E+02	9.214476580658265E+01
1.491491491491494E+02	9.165794931607024E+01
1.501501501501504E+02	9.116985377324590E+01
1.511511511511515E+02	9.068050847262293E+01
1.521521521521525E+02	9.018994269924133E+01
1.531531531531535E+02	8.969818572771146E+01
1.541541541541545E+02	8.920526682126729E+01
1.551551551551555E+02	8.871121523084821E+01
1.561561561561565E+02	8.821606019416959E+01
1.571571571571575E+02	8.771983093482095E+01
1.581581581581586E+02	8.722255666138290E+01
1.591591591591596E+02	8.672426656653806E+01
1.601601601601606E+02	8.622498982620664E+01
1.611611611611616E+02	8.572475559869326E+01
1.621621621621626E+02	8.522359302384257E+01
1.631631631631636E+02	8.472153122221107E+01
1.641641641641646E+02	8.421859929424045E+01
1.651651651651657E+02	8.371482631945855E+01
1.661661661661667E+02	8.321024135568041E+01
1.671671671671677E+02	8.270487343821651E+01
1.681681681681687E+02	8.219875157910656E+01
1.691691691691697E+02	8.169190476635458E+01
1.701701701701707E+02	8.118436196317771E+01
1.711711711711717E+02	8.067615210725990E+01
1.721721721721728E+02	8.016730411002845E+01
1.731731731731738E+02	7.965784685592780E+01
1.741741741741748E+02	7.914780920171688E+01
1.751751751751758E+02	7.863721997575885E+01
1.761761761761768E+02	7.812610797734533E+01
1.771771771771778E+02	7.761450197600607E+01
1.781781781781789E+02	7.710243071084960E+01
1.791791791791799E+02	7.658992288989157E+01
1.801801801801809E+02	7.607700718941942E+01
1.811811811811819E+02	7.556371225334260E+01
1.821821821821829E+02	7.505006669256545E+01
1.831831831831839E+02	7.453609908436374E+01
1.841841841841849E+02	7.402183797177986E+01
1.851851851851860E+02	7.350731186301209E+01
1.861861861861870E+02	7.299254923082390E+01
1.871871871871880E+02	7.247757851196593E+01
1.881881881881890E+02	7.196242810658941E+01
1.891891891891900E+02	7.144712637768589E+01
1.901901901901910E+02	7.093170165053061E+01
1.911911911911920E+02	7.041618221213321E+01
1.921921921921931E+02	6.990059631068880E+01
1.931931931931941E+02	6.938497215505640E+01
1.941941941941951E+02	6.886933791422734E+01
1.951951951951961E+02	6.835372171681365E+01
1.961961961961971E+02	6.783815165054011E+01
1.971971971971981E+02	6.732265576173904E+01
1.981981981981992E+02	6.680726205486917E+01
1.991991991992002E+02	6.629199849202087E+01
2.002002002002012E+02	6.577689299244503E+01
2.012012012012022E+02	6.526197343208878E+01
2.022022022022032E+02	6.474726764313027E+01
2.032032032032042E+02	6.423280341352302E+01
2.042042042042052E+02	6.371860848655842E+01
2.052052052052063E+02	6.320471056041788E+01
2.062062062062073E+02	6.269113728775210E+01
2.072072072072083E+02	6.217791627524912E+01
2.082082082082093E+02	6.166507508322229E+01
2.092092092092103E+02	6.115264122520011E+01
2.102102102102113E+02	6.064064216752149E+01
2.112112112112123E+02	6.012910532894512E+01
2.122122122122134E+02	5.961805808025565E+01
2.132132132132144E+02	5.910752774388448E+01
2.142142142142154E+02	5.859754159353815E+01
2.152152152152164E+02	5.808812685382009E+01
2.162162162162174E+02	5.757931069987535E+01
2.172172172172184E+02	5.707112025704191E+01
2.182182182182194E+02	5.656358260048455E+01
2.192192192192205E+02	5.605672475486608E+01
2.202202202202215E+02	5.555057369400856E+01
2.212212212212225E+02	5.504515634055770E+01
2.222222222222235E+02	5.454049956566314E+01
2.232232232232245E+02	5.403663018866018E+01
2.242242242242255E+02	5.353357497675779E+01
2.252252252252266E+02	5.303136064473347E+01
2.262262262262276E+02	5.253001385462630E+01
2.272272272272286E+02	5.202956121545549E+01
2.282282282282296E+02	5.153002928291926E+01
2.292292292292306E+02	5.103144455911843E+01
2.302302302302316E+02	5.053383349227806E+01
2.312312312312326E+02	5.003722247648193E+01
2.322322322322337E+02	4.954163785138871E+01
2.332332332332347E+02	4.904710590199102E+01
2.342342342342357E+02	4.855365285835387E+01
2.352352352352367E+02	4.806130489535462E+01
2.362362362362377E+02	4.757008813245557E+01
2.372372372372387E+02	4.708002863345064E+01
2.382382382382397E+02	4.659115240623851E+01
2.392392392392408E+02	4.610348540259020E+01
2.402402402402418E+02	4.561705351792716E+01
2.412412412412428E+02	4.513188259109847E+01
2.422422422422438E+02	4.464799840417299E+01
2.432432432432448E+02	4.416542668222201E+01
2.442442442442458E+02	4.368419309312367E+01
2.452452452452468E+02	4.320432324735702E+01
2.462462462462479E+02	4.272584269780737E+01
2.472472472472489E+02	4.224877693958115E+01
2.482482482482499E+02	4.177315140981364E+01
2.492492492492509E+02	4.129899148749246E+01
2.502502502502519E+02	4.082632249328026E+01
2.512512512512529E+02	4.035516968934235E+01
2.522522522522540E+02	3.988555827917480E+01
2.532532532532550E+02	3.941751340745122E+01
2.542542542542560E+02	3.895106015985675E+01
2.552552552552570E+02	3.848622356292981E+01
2.562562562562580E+02	3.802302858392204E+01
2.572572572572590E+02	3.756150013064189E+01
2.582582582582600E+02	3.710166305132407E+01
2.592592592592609E+02	3.664354213447905E+01
2.602602602602619E+02	3.618716210876482E+01
2.612612612612629E+02	3.573254764285912E+01
2.622622622622639E+02	3.527972334533024E+01
2.632632632632649E+02	3.482871376451794E+01
2.642642642642659E+02	3.437954338840791E+01
2.652652652652669E+02	3.393223664453171E+01
2.662662662662678E+02	3.348681789983630E+01
2.672672672672688E+02	3.304331146059485E+01
2.682682682682698E+02	3.260174157229676E+01
2.692692692692708E+02	3.216213241954665E+01
2.702702702702718E+02	3.172450812596617E+01
2.712712712712728E+02	3.128889275411348E+01
2.722722722722738E+02	3.085531030537732E+01
2.732732732732748E+02	3.042378471990469E+01
2.742742742742757E+02	2.999433987651719E+01
2.752752752752767E+02	2.956699959262733E+01
2.762762762762777E+02	2.914178762416122E+01
2.772772772772787E+02	2.871872766550359E+01
2.782782782782797E+02	2.829784334940268E+01
2.792792792792807E+02	2.787915824693164E+01
2.802802802802817E+02	2.746269586740891E+01
2.812812812812826E+02	2.704847965834460E+01
2.822822822822836E+02	2.663653300538454E+01
2.832832832832846E+02	2.622687923225885E+01
2.842842842842856E+02	2.581954160073064E+01
2.852852852852866E+02	2.541454331055093E+01
2.862862862862876E+02	2.501190749941406E+01
2.872872872872886E+02	2.461165724291686E+01
2.882882882882896E+02	2.421381555451580E+01
2.892892892892905E+02	2.381840538550659E+01
2.902902902902915E+02	2.342544962497914E+01
2.912912912912925E+02	2.303497109978798E+01
2.922922922922935E+02	2.264699257453549E+01
2.932932932932945E+02	2.226153675154274E+01
2.942942942942955E+02	2.187862627082086E+01
2.952952952952965E+02	2.149828371006924E+01
2.962962962962974E+02	2.112053158464869E+01
2.972972972972984E+02	2.074539234756367E+01
2.982982982982994E+02	2.037288838947052E+01
2.992992992993004E+02	2.000304203864789E+01
3.003003003003014E+02	1.963587556100583E+01
3.013013013013024E+02	1.927141116007533E+01
3.023023023023034E+02	1.890967097701241E+01
3.033033033033043E+02	1.855067709059995E+01
3.043043043043053E+02	1.819445151724585E+01
3.053053053053063E+02	1.784101621099762E+01
3.063063063063073E+02	1.749039306354871E+01
3.073073073073083E+02	1.714260390424397E+01
3.083083083083093E+02	1.679767050010469E+01
3.093093093093103E+02	1.645561455583538E+01
3.103103103103113E+02	1.611645771384065E+01
3.113113113113122E+02	1.578022155425515E+01
3.123123123123132E+02	1.544692759495820E+01
3.133133133133142E+02	1.511659729159646E+01
3.143143143143152E+02	1.478925203762310E+01
3.153153153153162E+02	1.446491316430729E+01
3.163163163163172E+02	1.414360194077835E+01
3.173173173173182E+02	1.382533957406167E+01
3.183183183183191E+02	1.351014720909734E+01
3.193193193193201E+02	1.319804592879382E+01
3.203203203203211E+02	1.288905675405795E+01
3.213213213213221E+02	1.258320064383315E+01
3.223223223223231E+02	1.228049849514946E+01
3.233233233233241E+02	1.198097114316579E+01
3.243243243243251E+02	1.168463936120543E+01
3.253253253253260E+02	1.139152386082287E+01
3.263263263263270E+02	1.110164529183703E+01
3.273273273273280E+02	1.081502424239170E+01
3.283283283283290E+02	1.053168123900605E+01
3.293293293293300E+02	1.025163674663054E+01
3.303303303303310E+02	9.974911168696963E+00
3.313313313313320E+02	9.701524847191649E+00
3.323323323323330E+02	9.431498062697756E+00
3.333333333333339E+02	9.164851034471667E+00
3.343343343343349E+02	8.901603920493017E+00
3.353353353353359E+02	8.641776817543359E+00
3.363363363363369E+02	8.385389761259376E+00
3.373373373373379E+02	8.132462726210633E+00
3.383383383383389E+02	7.883015625957341E+00
3.393393393393399E+02	7.637068313138116E+00
3.403403403403408E+02	7.394640579526367E+00
3.413413413413418E+02	7.155752156110793E+00
3.423423423423428E+02	6.920422713169955E+00
3.433433433433438E+02	6.688671860349586E+00
3.443443443443448E+02	6.460519146736260E+00
3.453453453453458E+02	6.235984060944702E+00
3.463463463463468E+02	6.015086031189639E+00
3.473473473473477E+02	5.797844425370386E+00
3.483483483483487E+02	5.584278551157695E+00
3.493493493493497E+02	5.374407656075164E+00
3.503503503503507E+02	5.168250927581084E+00
3.513513513513517E+02	4.965827493164852E+00
3.523523523523527E+02	4.767156420425636E+00
3.533533533533537E+02	4.572256717170148E+00
3.543543543543547E+02	4.381147331493594E+00
3.553553553553556E+02	4.193847151877435E+00
3.563563563563566E+02	4.010375007285802E+00
3.573573573573576E+02	3.830749667247346E+00
3.583583583583586E+02	3.654989841962561E+00
3.593593593593596E+02	3.483114182397003E+00
3.603603603603606E+02	3.315141280367243E+00
3.613613613613616E+02	3.151089668660006E+00
3.623623623623625E+02	2.990977821111301E+00
3.633633633633635E+02	2.834824152717374E+00
3.643643643643645E+02	2.682647019734304E+00
3.653653653653655E+02	2.534464719779407E+00
3.663663663663665E+02	2.390295491935831E+00
3.673673673673675E+02	2.250157516849868E+00
3.683683683683685E+02	2.114068916849646E+00
3.693693693693695E+02	1.982047756040629E+00
3.703703703703704E+02	1.854112040408836E+00
3.713713713713714E+02	1.730279717942722E+00
3.723723723723724E+02	1.610568678730033E+00
3.733733733733734E+02	1.494996755071952E+00
3.743743743743744E+02	1.383581721590872E+00
3.753753753753754E+02	1.276341295347720E+00
3.763763763763764E+02	1.173293135943368E+00
3.773773773773773E+02	1.074454845644141E+00
3.783783783783783E+02	9.798439694832268E-01
3.793793793793793E+02	8.894779953825491E-01
3.803803803803803E+02	8.033743542655429E-01
3.813813813813813E+02	7.215504201731164E-01
3.823823823823823E+02	6.440235103773375E-01
3.833833833833833E+02	5.708108855060345E-01
3.843843843843842E+02	5.019297496510262E-01
3.853853853853852E+02	4.373972504963604E-01
3.863863863863862E+02	3.772304794256343E-01
3.873873873873872E+02	3.214464716584189E-01
3.883883883883882E+02	2.700622063512128E-01
3.893893893893892E+02	2.230946067320474E-01
3.903903903903902E+02	1.805605402255424E-01
3.913913913913912E+02	1.424768185543144E-01
3.923923923923921E+02	1.088601978872248E-01
3.933933933933931E+02	7.972737894669990E-02
3.943943943943941E+02	5.509500714060778E-02
3.953953953953951E+02	3.497967267549029E-02
3.963963963963961E+02	1.939791070162755E-02
3.973973973973971E+02	8.366201416265540E-03
3.983983983983981E+02	1.900970202768804E-03
3.993993993993990E+02	1.858776158769615E-05
4.004004004004000E+02	2.735370220761979E-03
4.014014014014010E+02	1.006757927643775E-02
4.024024024024020E+02	2.203142232247046E-02
4.034034034034030E+02	3.864305256502121E-02
4.044044044044040E+02	5.991856916944016E-02
4.054054054054050E+02	8.587401737440814E-02
4.064064064064059E+02	1.165253886279061E-01
4.074074074074069E+02	1.518886207231844E-01
4.084084084084079E+02	1.919795979138144E-01
4.094094094094089E+02	2.368141510660280E-01
4.104104104104099E+02	2.864080577664936E-01
4.114114114114109E+02	3.407770424755654E-01
4.124124124124119E+02	3.999367766414252E-01
4.134134134134129E+02	4.639028788478754E-01
4.144144144144138E+02	5.326909149353014E-01
4.154154154154148E+02	6.063163981380058E-01
4.164164164164158E+02	6.847947892165394E-01
4.174174174174168E+02	7.681414965963995E-01
4.184184184184178E+02	8.563718764962687E-01
4.194194194194188E+02	9.495012330639838E-01
4.204204204204198E+02	1.047544818507504E+00
4.214214214214207E+02	1.150517833240428E+00
4.224224224224217E+02	1.258435426002961E+00
4.234234234234227E+02	1.371312694006519E+00
4.244244244244237E+02	1.489164683069248E+00
4.254254254254247E+02	1.612006387745623E+00
4.264264264264257E+02	1.739852751461513E+00
4.274274274274267E+02	1.872718666668789E+00
4.284284284284277E+02	2.010618974956287E+00
4.294294294294286E+02	2.153568467196692E+00
4.304304304304296E+02	2.301581883696144E+00
4.314314314314306E+02	2.454673914306113E+00
4.324324324324316E+02	2.612859198579827E+00
4.334334334334326E+02	2.776152325906423E+00
4.344344344344336E+02	2.944567835637827E+00
4.354354354354346E+02	3.118120217242904E+00
4.364364364364355E+02	3.296823910428429E+00
4.374374374374365E+02	3.480693305292334E+00
4.384384384384375E+02	3.669742742446488E+00
4.394394394394385E+02	3.863986513165855E+00
4.404404404404395E+02	4.063438859522648E+00
4.414414414414405E+02	4.268113974525477E+00
4.424424424424415E+02	4.478026002263050E+00
4.434434434434424E+02	4.693189038024684E+00
4.444444444444434E+02	4.913617128460373E+00
4.454454454454444E+02	5.139324271711303E+00
4.464464464464454E+02	5.370324417541269E+00
4.474474474474464E+02	5.606631467484476E+00
4.484484484484474E+02	5.848259274985139E+00
4.494494494494484E+02	6.095221645525726E+00
4.504504504504494E+02	6.347532336778386E+00
4.514514514514503E+02	6.605205058739557E+00
4.524524524524513E+02	6.868253473862296E+00
4.534534534534523E+02	7.136691197199980E+00
4.544544544544533E+02	7.410531796558644E+00
4.554554554554543E+02	7.689788792606123E+00
4.564564564564553E+02	7.974475659042582E+00
4.574574574574563E+02	8.264605822715112E+00
4.584584584584572E+02	8.560192663775524E+00
4.594594594594582E+02	8.861249515803138E+00
4.604604604604592E+02	9.167789665958480E+00
4.614614614614602E+02	9.479826355109253E+00
4.624624624624612E+02	9.797372777980399E+00
4.634634634634622E+02	1.012044208328052E+01
4.644644644644632E+02	1.044904737385696E+01
4.654654654654641E+02	1.078320170681855E+01
4.664664664664651E+02	1.112291809368617E+01
4.674674674674661E+02	1.146820950052324E+01
4.684684684684671E+02	1.181908884807854E+01
4.694694694694681E+02	1.217556901192438E+01
4.704704704704691E+02	1.253766282259494E+01
4.714714714714701E+02	1.290538306572626E+01
4.724724724724711E+02	1.327874248218905E+01
4.734734734734720E+02	1.365775376823194E+01
4.744744744744730E+02	1.404242957561928E+01
4.754754754754740E+02	1.443278251176980E+01
4.764764764764750E+02	1.482882513988443E+01
4.774774774774760E+02	1.523056997910771E+01
4.784784784784770E+02	1.563802950463742E+01
4.794794794794780E+02	1.605121614787731E+01
4.804804804804789E+02	1.647014229658271E+01
4.814814814814799E+02	1.689482029497503E+01
4.824824824824809E+02	1.732526244389373E+01
4.834834834834819E+02	1.776148100093997E+01
4.844844844844829E+02	1.820348818059892E+01
4.854854854854839E+02	1.865129615438082E+01
4.864864864864849E+02	1.910491705096683E+01
4.874874874874859E+02	1.956436295633239E+01
4.884884884884868E+02	2.002964591389082E+01
4.894894894894878E+02	2.050077792462844E+01
4.904904904904888E+02	2.097777094724370E+01
4.914914914914898E+02	2.146063689827588E+01
4.924924924924908E+02	2.194938765224560E+01
4.934934934934918E+02	2.244403504179445E+01
4.944944944944928E+02	2.294459085781227E+01
4.954954954954937E+02	2.345106684957318E+01
4.964964964964947E+02	2.396347472487878E+01
4.974974974974957E+02	2.448182615018641E+01
4.984984984984967E+02	2.500613275074329E+01
4.994994994994977E+02	2.553640611072206E+01
5.005005005004987E+02	2.607265777336033E+01
5.015015015014997E+02	2.661489924108992E+01
5.025025025025006E+02	2.716314197566589E+01
5.035035035035016E+02	2.771739739831173E+01
5.045045045045026E+02	2.827767688984295E+01
5.055055055055036E+02	2.884399179080810E+01
5.065065065065046E+02	2.941635340161611E+01
5.075075075075056E+02	2.999477298266947E+01
5.085085085085066E+02	3.057926175449984E+01
5.095095095095076E+02	3.116983089790210E+01
5.105105105105085E+02	3.176649155405994E+01
5.115115115115095E+02	3.236925482468405E+01
5.125125125125105E+02	3.297813177214221E+01
5.135135135135115E+02	3.359313341959114E+01
5.145145145145125E+02	3.421427075110114E+01
5.155155155155135E+02	3.484155471179747E+01
5.165165165165145E+02	3.547499620798772E+01
5.175175175175154E+02	3.611460610729273E+01
5.185185185185164E+02	3.676039523877216E+01
5.195195195195174E+02	3.741237439305496E+01
5.205205205205184E+02	3.807055432248626E+01
5.215215215215194E+02	3.873494574122560E+01
5.225225225225204E+02	3.940555932541065E+01
5.235235235235214E+02	4.008240571325678E+01
5.245245245245223E+02	4.076549550520667E+01
5.255255255255233E+02	4.145483926404722E+01
5.265265265265243E+02	4.215044751504774E+01
5.275275275275253E+02	4.285233074607322E+01
5.285285285285263E+02	4.356049940773210E+01
5.295295295295273E+02	4.427496391348541E+01
5.305305305305283E+02	4.499573463978140E+01
5.315315315315293E+02	4.572282192619241E+01
5.325325325325302E+02	4.645623607551988E+01
5.335335335335312E+02	4.719598735394038E+01
5.345345345345322E+02	4.794208599112699E+01
5.355355355355332E+02	4.869454218036481E+01
5.365365365365342E+02	4.945336607869558E+01
5.375375375375352E+02	5.021856780702365E+01
5.385385385385362E+02	5.099015745025463E+01
5.395395395395371E+02	5.176814505741004E+01
5.405405405405381E+02	5.255254064176825E+01
5.415415415415391E+02	5.334335418096634E+01
5.425425425425401E+02	5.414059561714703E+01
5.435435435435411E+02	5.494427485706228E+01
5.445445445445421E+02	5.575440177220617E+01
5.455455455455431E+02	5.657098619894532E+01
5.465465465465441E+02	5.739403793862584E+01
5.475475475475450E+02	5.822356675771334E+01
5.485485485485460E+02	5.905958238789117E+01
5.495495495495470E+02	5.990209452621320E+01
5.505505505505480E+02	6.075111283519891E+01
5.515515515515490E+02	6.160664694297111E+01
5.525525525525500E+02	6.246870644337287E+01
5.535535535535510E+02	6.333730089607525E+01
5.545545545545519E+02	6.421243982673059E+01
5.555555555555529E+02	6.509413272705024E+01
5.565565565565539E+02	6.598238905495236E+01
5.575575575575549E+02	6.687721823468746E+01
5.585585585585559E+02	6.777862965692475E+01
5.595595595595569E+02	6.868663267891043E+01
5.605605605605579E+02	6.960123662455408E+01
5.615615615615588E+02	7.052245078457145E+01
5.625625625625598E+02	7.145028441658178E+01
5.635635635635608E+02	7.238474674524605E+01
5.645645645645618E+02	7.332584696236154E+01
5.655655655655628E+02	7.427359422699783E+01
5.665665665665638E+02	7.522799766561002E+01
5.675675675675648E+02	7.618906637215332E+01
5.685685685685658E+02	7.715680940818766E+01
5.695695695695667E+02	7.813123580301999E+01
5.705705705705677E+02	7.911235455379028E+01
5.715715715715687E+02	8.010017462560791E+01
5.725725725725697E+02	8.109470495165715E+01
5.735735735735707E+02	8.209595443331909E+01
5.745745745745717E+02	8.310393194027438E+01
5.755755755755727E+02	8.411864631062872E+01
5.765765765765736E+02	8.514010635102386E+01
5.775775775775746E+02	8.616832083673853E+01
5.785785785785756E+02	8.720329851182305E+01
5.795795795795766E+02	8.824504808919846E+01
5.805805805805776E+02	8.929357825076841E+01
5.815815815815786E+02	9.034889764754007E+01
5.825825825825796E+02	9.141101489972380E+01
5.835835835835805E+02	9.247993859685812E+01
5.845845845845815E+02	9.355567729790164E+01
5.855855855855825E+02	9.463823953137626E+01
5.865865865865835E+02	9.572763379544085E+01
5.875875875875845E+02	9.682386855802179E+01
5.885885885885855E+02	9.792695225693024E+01
5.895895895895865E+02	9.903689329994586E+01
5.905905905905875E+02	1.001537000649523E+02
5.915915915915884E+02	1.012773809000241E+02
5.925925925925894E+02	1.024079441235585E+02
5.935935935935904E+02	1.035453980243651E+02
5.945945945945914E+02	1.046897508617803E+02
5.955955955955924E+02	1.058410108657754E+02
5.965965965965934E+02	1.069991862370625E+02
5.975975975975944E+02	1.081642851472025E+02
5.985985985985953E+02	1.093363157387157E+02
5.995995995995963E+02	1.105152861251790E+02
6.006006006005973E+02	1.117012043913346E+02
6.016016016015983E+02	1.128940785932082E+02
6.026026026025993E+02	1.140939167581992E+02
6.036036036036003E+02	1.153007268851834E+02
6.046046046046013E+02	1.165145169446423E+02
6.056056056056022E+02	1.177352948787338E+02
6.066066066066032E+02	1.189630686014189E+02
6.076076076076042E+02	1.201978459985662E+02
6.086086086086052E+02	1.214396349280341E+02
6.096096096096062E+02	1.226884432198067E+02
6.106106106106072E+02	1.239442786760656E+02
6.116116116116082E+02	1.252071490713088E+02
6.126126126126092E+02	1.264770621524535E+02
6.136136136136101E+02	1.277540256389202E+02
6.146146146146111E+02	1.290380472227680E+02
6.156156156156121E+02	1.303291345687630E+02
6.166166166166131E+02	1.316272953144935E+02
6.176176176176141E+02	1.329325370704701E+02
6.186186186186151E+02	1.342448674202219E+02
6.196196196196161E+02	1.355642939204063E+02
6.206206206206170E+02	1.368908241008958E+02
6.216216216216180E+02	1.382244654648821E+02
6.226226226226190E+02	1.395652254889783E+02
6.236236236236200E+02	1.409131116233229E+02
6.246246246246210E+02	1.422681312916593E+02
6.256256256256220E+02	1.436302918914407E+02
6.266266266266230E+02	1.449996007939526E+02
6.276276276276240E+02	1.463760653443696E+02
6.286286286286249E+02	1.477596928618796E+02
6.296296296296259E+02	1.491504906397818E+02
6.306306306306269E+02	1.505484659455578E+02
6.316316316316279E+02	1.519536260210020E+02
6.326326326326289E+02	1.533659780822859E+02
6.336336336336299E+02	1.547855293200773E+02
6.346346346346309E+02	1.562122868996184E+02
6.356356356356318E+02	1.576462579608315E+02
6.366366366366328E+02	1.590874496184197E+02
6.376376376376338E+02	1.605358689619325E+02
6.386386386386348E+02	1.619915230558863E+02
6.396396396396358E+02	1.634544189398612E+02
6.406406406406368E+02	1.649245636285682E+02
6.416416416416378E+02	1.664019641119594E+02
6.426426426426387E+02	1.678866273553331E+02
6.436436436436397E+02	1.693785602993939E+02
6.446446446446407E+02	1.708777698603708E+02
6.456456456456417E+02	1.723842629300971E+02
6.466466466466427E+02	1.738980463761068E+02
6.476476476476437E+02	1.754191270417232E+02
6.486486486486447E+02	1.769475117461534E+02
6.496496496496457E+02	1.784832072845684E+02
6.506506506506466E+02	1.800262204282080E+02
6.516516516516476E+02	1.815765579244603E+02
6.526526526526486E+02	1.831342264969544E+02
6.536536536536496E+02	1.846992328456472E+02
6.546546546546506E+02	1.862715836469138E+02
6.556556556556516E+02	1.878512855536433E+02
6.566566566566526E+02	1.894383451953131E+02
6.576576576576535E+02	1.910327691780858E+02
6.586586586586545E+02	1.926345640848972E+02
6.596596596596555E+02	1.942437364755374E+02
6.606606606606565E+02	1.958602928867499E+02
6.616616616616575E+02	1.974842398323094E+02
6.626626626626585E+02	1.991155838030954E+02
6.636636636636595E+02	2.007543312672069E+02
6.646646646646604E+02	2.024004886700400E+02
6.656656656656614E+02	2.040540624343384E+02
6.666666666666624E+02	2.057150589603402E+02
6.676676676676634E+02	2.073834846258123E+02
6.686686686686644E+02	2.090593457861510E+02
6.696696696696654E+02	2.107426487744819E+02
6.706706706706664E+02	2.124333999017140E+02
6.716716716716674E+02	2.141316054566546E+02
6.726726726726683E+02	2.158372717060670E+02
6.736736736736693E+02	2.175504048947664E+02
6.746746746746703E+02	2.192710112457025E+02
6.756756756756713E+02	2.209990969600435E+02
6.766766766766723E+02	2.227346682172511E+02
6.776776776776733E+02	2.244777311751636E+02
6.786786786786743E+02	2.262282919700883E+02
6.796796796796752E+02	2.279863567168650E+02
6.806806806806762E+02	2.297519315089717E+02
6.816816816816772E+02	2.315250224185770E+02
6.826826826826782E+02	2.333056354966398E+02
6.836836836836792E+02	2.350937767729874E+02
6.846846846846802E+02	2.368894522563842E+02
6.856856856856812E+02	2.386926679346320E+02
6.866866866866822E+02	2.405034297746251E+02
6.876876876876831E+02	2.423217437224471E+02
6.886886886886841E+02	2.441476157034349E+02
6.896896896896851E+02	2.459810516222810E+02
6.906906906906861E+02	2.478220573630852E+02
6.916916916916871E+02	2.496706387894460E+02
6.926926926926881E+02	2.515268017445369E+02
6.936936936936891E+02	2.533905520511853E+02
6.946946946946900E+02	2.552618955119424E+02
6.956956956956910E+02	2.571408379091699E+02
6.966966966966920E+02	2.590273850051062E+02
6.976976976976930E+02	2.609215425419557E+02
6.986986986986940E+02	2.628233162419474E+02
6.996996996996950E+02	2.647327118074272E+02
7.007007007006960E+02	2.666497349209203E+02
7.017017017016969E+02	2.685743912452158E+02
7.027027027026979E+02	2.705066864234459E+02
7.037037037036989E+02	2.724466260791337E+02
7.047047047046999E+02	2.743942158163009E+02
7.057057057057009E+02	2.763494612195273E+02
7.067067067067019E+02	2.783123678540110E+02
7.077077077077029E+02	2.802829412656706E+02
7.087087087087039E+02	2.822611869811967E+02
7.097097097097048E+02	2.842471105081268E+02
7.107107107107058E+02	2.862407173349275E+02
7.117117117117068E+02	2.882420129310653E+02
7.127127127127078E+02	2.902510027470662E+02
7.137137137137088E+02	2.922676922146065E+02
7.147147147147098E+02	2.942920867465596E+02
7.157157157157108E+02	2.963241917370947E+02
7.167167167167117E+02	2.983640125617349E+02
7.177177177177127E+02	3.004115545774171E+02
7.187187187187137E+02	3.024668231225892E+02
7.197197197197147E+02	3.045298235172486E+02
7.207207207207157E+02	3.066005610630359E+02
7.217217217217167E+02	3.086790410433064E+02
7.227227227227177E+02	3.107652687231684E+02
7.237237237237186E+02	3.128592493495948E+02
7.247247247247196E+02	3.149609881514575E+02
7.257257257257206E+02	3.170704903396181E+02
7.267267267267216E+02	3.191877611069845E+02
7.277277277277226E+02	3.213128056285832E+02
7.287287287287236E+02	3.234456290616272E+02
7.297297297297246E+02	3.255862365455773E+02
7.307307307307256E+02	3.277346332022257E+02
7.317317317317265E+02	3.298908241357481E+02
7.327327327327275E+02	3.320548144327709E+02
7.337337337337285E+02	3.342266091624438E+02
7.347347347347295E+02	3.364062133765074E+02
7.357357357357305E+02	3.385936321093595E+02
7.367367367367315E+02	3.407888703781082E+02
7.377377377377325E+02	3.429919331826527E+02
7.387387387387334E+02	3.452028255057376E+02
7.397397397397344E+02	3.474215523130379E+02
7.407407407407354E+02	3.496481185531889E+02
7.417417417417364E+02	3.518825291578873E+02
7.427427427427374E+02	3.541247890419318E+02
7.437437437437384E+02	3.563749031032994E+02
7.447447447447394E+02	3.586328762231992E+02
7.457457457457404E+02	3.608987132661473E+02
7.467467467467413E+02	3.631724190800192E+02
7.477477477477423E+02	3.654539984961234E+02
7.487487487487433E+02	3.677434563292550E+02
7.497497497497443E+02	3.700407973777687E+02
7.507507507507453E+02	3.723460264236219E+02
7.517517517517463E+02	3.746591482324679E+02
7.527527527527473E+02	3.769801675536851E+02
7.537537537537482E+02	3.793090891204643E+02
7.547547547547492E+02	3.816459176498465E+02
7.557557557557502E+02	3.839906578428117E+02
7.567567567567512E+02	3.863433143843149E+02
7.577577577577522E+02	3.887038919433612E+02
7.587587587587532E+02	3.910723951730602E+02
7.597597597597542E+02	3.934488287106924E+02
7.607607607607551E+02	3.958331971777639E+02
7.617617617617561E+02	3.982255051800648E+02
7.627627627627571E+02	4.006257573077291E+02
7.637637637637581E+02	4.030339581353041E+02
7.647647647647591E+02	4.054501122217998E+02
7.657657657657601E+02	4.078742241107429E+02
7.667667667667611E+02	4.103062983302534E+02
7.677677677677621E+02	4.127463393930834E+02
7.687687687687630E+02	4.151943517966852E+02
7.697697697697640E+02	4.176503400232759E+02
7.707707707707650E+02	4.201143085398785E+02
7.717717717717660E+02	4.225862617983876E+02
7.727727727727670E+02	4.250662042356421E+02
7.737737737737680E+02	4.275541402734439E+02
7.747747747747690E+02	4.300500743186603E+02
7.757757757757699E+02	4.325540107632482E+02
7.767767767767709E+02	4.350659539843168E+02
7.777777777777719E+02	4.375859083442065E+02
7.787787787787729E+02	4.401138781905038E+02
7.797797797797739E+02	4.426498678561352E+02
7.807807807807749E+02	4.451938816593970E+02
7.817817817817759E+02	4.477459239040386E+02
7.827827827827768E+02	4.503059988792784E+02
7.837837837837778E+02	4.528741108598915E+02
7.847847847847788E+02	4.554502641062572E+02
7.857857857857798E+02	4.580344628643998E+02
7.867867867867808E+02	4.606267113660570E+02
7.877877877877818E+02	4.632270138287313E+02
7.887887887887828E+02	4.658353744557371E+02
7.897897897897838E+02	4.684517974362707E+02
7.907907907907847E+02	4.710762869454356E+02
7.917917917917857E+02	4.737088471443276E+02
7.927927927927867E+02	4.763494821800637E+02
7.937937937937877E+02	4.789981961858466E+02
7.947947947947887E+02	4.816549932810144E+02
7.957957957957897E+02	4.843198775710930E+02
7.967967967967907E+02	4.869928531478495E+02
7.977977977977916E+02	4.896739240893348E+02
7.987987987987926E+02	4.923630944599618E+02
7.997997997997936E+02	4.950603683105196E+02
8.008008008007946E+02	4.977657496782558E+02
8.018018018017956E+02	5.004792425869127E+02
8.028028028027966E+02	5.032008510467781E+02
8.038038038037976E+02	5.059305790547446E+02
8.048048048047986E+02	5.086684305943513E+02
8.058058058057995E+02	5.114144096358427E+02
8.068068068068005E+02	5.141685201362066E+02
8.078078078078015E+02	5.169307660392315E+02
8.088088088088025E+02	5.197011512755653E+02
8.098098098098035E+02	5.224796797627496E+02
8.108108108108045E+02	5.252663554052765E+02
8.118118118118055E+02	5.280611820946333E+02
8.128128128128064E+02	5.308641637093615E+02
8.138138138138074E+02	5.336753041150905E+02
8.148148148148084E+02	5.364946071646013E+02
8.158158158158094E+02	5.393220766978675E+02
8.168168168168104E+02	5.421577165420977E+02
8.178178178178114E+02	5.450015305117972E+02
8.188188188188124E+02	5.478535224088059E+02
8.198198198198133E+02	5.507136960223465E+02
8.208208208208143E+02	5.535820551290817E+02
8.218218218218153E+02	5.564586034931431E+02
8.228228228228163E+02	5.593433448661954E+02
8.238238238238173E+02	5.622362829874805E+02
8.248248248248183E+02	5.651374215838468E+02
8.258258258258193E+02	5.680467643698271E+02
8.268268268268203E+02	5.709643150476500E+02
8.278278278278212E+02	5.738900773073210E+02
8.288288288288222E+02	5.768240548266372E+02
8.298298298298232E+02	5.797662512712559E+02
8.308308308308242E+02	5.827166702947161E+02
8.318318318318252E+02	5.856753155385236E+02
8.328328328328262E+02	5.886421906321484E+02
8.338338338338272E+02	5.916172991931071E+02
8.348348348348281E+02	5.946006448269841E+02
8.358358358358291E+02	5.975922311274912E+02
8.368368368368301E+02	6.005920616765029E+02
8.378378378378311E+02	6.036001400441082E+02
8.388388388388321E+02	6.066164697886643E+02
8.398398398398331E+02	6.096410544567934E+02
8.408408408408341E+02	6.126738975834855E+02
8.418418418418350E+02	6.157150026921167E+02
8.428428428428360E+02	6.187643732944907E+02
8.438438438438370E+02	6.218220128908715E+02
8.448448448448380E+02	6.248879249700658E+02
8.458458458458390E+02	6.279621130094079E+02
8.468468468468400E+02	6.310445804748638E+02
8.478478478478410E+02	6.341353308210228E+02
8.488488488488420E+02	6.372343674911681E+02
8.498498498498429E+02	6.403416939173258E+02
8.508508508508439E+02	6.434573135202650E+02
8.518518518518449E+02	6.465812297095986E+02
8.528528528528459E+02	6.497134458837709E+02
8.538538538538469E+02	6.528539654301435E+02
8.548548548548479E+02	6.560027917249972E+02
8.558558558558489E+02	6.591599281336171E+02
8.568568568568498E+02	6.623253780102791E+02
8.578578578578508E+02	6.654991446983345E+02
8.588588588588518E+02	6.686812315302491E+02
8.598598598598528E+02	6.718716418276140E+02
8.608608608608538E+02	6.750703789012205E+02
8.618618618618548E+02	6.782774460510582E+02
8.628628628628558E+02	6.814928465664052E+02
8.638638638638567E+02	6.847165837258426E+02
8.648648648648577E+02	6.879486607972758E+02
8.658658658658587E+02	6.911890810380132E+02
8.668668668668597E+02	6.944378476947745E+02
8.678678678678607E+02	6.976949640037506E+02
8.688688688688617E+02	7.009604331906380E+02
8.698698698698627E+02	7.042342584706412E+02
8.708708708708637E+02	7.075164430486011E+02
8.718718718718646E+02	7.108069901189183E+02
8.728728728728656E+02	7.141059028656850E+02
8.738738738738666E+02	7.174131844626827E+02
8.748748748748676E+02	7.207288380734226E+02
8.758758758758686E+02	7.240528668511897E+02
8.768768768768696E+02	7.273852739390782E+02
8.778778778778706E+02	7.307260624700248E+02
8.788788788788715E+02	7.340752355668646E+02
8.798798798798725E+02	7.374327963423298E+02
8.808808808808735E+02	7.407987478991436E+02
8.818818818818745E+02	7.441730933300087E+02
8.828828828828755E+02	7.475558357176615E+02
8.838838838838765E+02	7.509469781349135E+02
8.848848848848775E+02	7.543465236446855E+02
8.858858858858785E+02	7.577544753000416E+02
8.868868868868794E+02	7.611708361442184E+02
8.878878878878804E+02	7.645956092106890E+02
8.888888888888814E+02	7.680287975231581E+02
8.898898898898824E+02	7.714704040956281E+02
8.908908908908834E+02	7.749204319324435E+02
8.918918918918844E+02	7.783788840282868E+02
8.928928928928854E+02	7.818457633682347E+02
8.938938938938863E+02	7.853210729278194E+02
8.948948948948873E+02	7.888048156730338E+02
8.958958958958883E+02	7.922969945603472E+02
8.968968968968893E+02	7.957976125368014E+02
8.978978978978903E+02	7.993066725400049E+02
8.988988988988913E+02	8.028241774981470E+02
8.998998998998923E+02	8.063501303300791E+02
9.009009009008932E+02	8.098845339453437E+02
9.019019019018942E+02	8.134273912441658E+02
9.029029029028952E+02	8.169787051175185E+02
9.039039039038962E+02	8.205384784471862E+02
9.049049049048972E+02	8.241067141057229E+02
9.059059059058982E+02	8.276834149565598E+02
9.069069069068992E+02	8.312685838539978E+02
9.079079079079002E+02	8.348622236432461E+02
9.089089089089011E+02	8.384643371604725E+02
9.099099099099021E+02	8.420749272328248E+02
9.109109109109031E+02	8.456939966784544E+02
9.119119119119041E+02	8.493215483065637E+02
9.129129129129051E+02	8.529575849174475E+02
9.139139139139061E+02	8.566021093024915E+02
9.149149149149071E+02	8.602551242442532E+02
9.159159159159080E+02	8.639166325164310E+02
9.169169169169090E+02	8.675866368839679E+02
9.179179179179100E+02	8.712651401030412E+02
9.189189189189110E+02	8.749521449210715E+02
9.199199199199120E+02	8.786476540768363E+02
9.209209209209130E+02	8.823516703004211E+02
9.219219219219140E+02	8.860641963132757E+02
9.229229229229149E+02	8.897852348282681E+02
9.239239239239159E+02	8.935147885496890E+02
9.249249249249169E+02	8.972528601733038E+02
9.259259259259179E+02	9.009994523863479E+02
9.269269269269189E+02	9.047545678676170E+02
9.279279279279199E+02	9.085182092874475E+02
9.289289289289209E+02	9.122903793077558E+02
9.299299299299219E+02	9.160710805820900E+02
9.309309309309228E+02	9.198603157556436E+02
9.319319319319238E+02	9.236580874652918E+02
9.329329329329248E+02	9.274643983396172E+02
9.339339339339258E+02	9.312792509989340E+02
9.349349349349268E+02	9.351026480553510E+02
9.359359359359278E+02	9.389345921127569E+02
9.369369369369288E+02	9.427750857668725E+02
9.379379379379297E+02	9.466241316053001E+02
9.389389389389307E+02	9.504817322074960E+02
9.399399399399317E+02	9.543478901448680E+02
9.409409409409327E+02	9.582226079807479E+02
9.419419419419337E+02	9.621058882704683E+02
9.429429429429347E+02	9.659977335613594E+02
9.439439439439357E+02	9.698981463927703E+02
9.449449449449367E+02	9.738071292961449E+02
9.459459459459376E+02	9.777246847950046E+02
9.469469469469386E+02	9.816508154049907E+02
9.479479479479396E+02	9.855855236339103E+02
9.489489489489406E+02	9.895288119817378E+02
9.499499499499416E+02	9.934806829406507E+02
9.509509509509426E+02	9.974411389950737E+02
9.519519519519436E+02	1.001410182621702E+03
9.529529529529445E+02	1.005387816289500E+03
9.539539539539455E+02	1.009374042459779E+03
9.549549549549465E+02	1.013368863586174E+03
9.559559559559475E+02	1.017372282114726E+03
9.569569569569485E+02	1.021384300483838E+03
9.579579579579495E+02	1.025404921124377E+03
9.589589589589505E+02	1.029434146459665E+03
9.599599599599514E+02	1.033471978905491E+03
9.609609609609524E+02	1.037518420870181E+03
9.619619619619534E+02	1.041573474754573E+03
9.629629629629544E+02	1.045637142952091E+03
9.639639639639554E+02	1.049709427848747E+03
9.649649649649564E+02	1.053790331823177E+03
9.659659659659574E+02	1.057879857246660E+03
9.669669669669584E+02	1.061978006483148E+03
9.679679679679593E+02	1.066084781889284E+03
9.689689689689603E+02	1.070200185814456E+03
9.699699699699613E+02	1.074324220600794E+03
9.709709709709623E+02	1.078456888583200E+03
9.719719719719633E+02	1.082598192089383E+03
9.729729729729643E+02	1.086748133439897E+03
9.739739739739653E+02	1.090906714948127E+03
9.749749749749662E+02	1.095073938920350E+03
9.759759759759672E+02	1.099249807655767E+03
9.769769769769682E+02	1.103434323446481E+03
9.779779779779692E+02	1.107627488577576E+03
9.789789789789702E+02	1.111829305327105E+03
9.799799799799712E+02	1.116039775966138E+03
9.809809809809722E+02	1.120258902758775E+03
9.819819819819731E+02	1.124486687962184E+03
9.829829829829741E+02	1.128723133826595E+03
9.839839839839751E+02	1.132968242595364E+03
9.849849849849761E+02	1.137222016504962E+03
9.859859859859771E+02	1.141484457785031E+03
9.869869869869781E+02	1.145755568658397E+03
9.879879879879791E+02	1.150035351341096E+03
9.889889889889801E+02	1.154323808042369E+03
9.899899899899810E+02	1.158620940964730E+03
9.909909909909820E+02	1.162926752303983E+03
9.919919919919830E+02	1.167241244249198E+03
9.929929929929840E+02	1.171564418982808E+03
9.939939939939850E+02	1.175896278680581E+03
9.949949949949860E+02	1.180236825511660E+03
9.959959959959870E+02	1.184586061638569E+03
9.969969969969879E+02	1.188943989217303E+03
9.979979979979889E+02	1.193310610397233E+03
9.989989989989899E+02	1.197685927321264E+03
9.999999999999909E+02	1.202069942125734E+03
