0.000000000000000E+00	                 NAN
1.001001001001001E+00	7.283599222540943E+01
2.002002002002002E+00	7.283018142381070E+01
3.003003003003003E+00	7.282049891277029E+01
4.004004004004004E+00	7.280694761118048E+01
5.005005005005005E+00	7.278953133325149E+01
6.006006006006006E+00	7.276825471786697E+01
7.007007007007006E+00	7.274312317447402E+01
8.008008008008007E+00	7.271414283916556E+01
9.009009009009008E+00	7.268132053767067E+01
1.001001001001001E+01	7.264466375336588E+01
1.101101101101101E+01	7.260418059910717E+01
1.201201201201201E+01	7.255987979207839E+01
1.301301301301301E+01	7.251177063103842E+01
1.401401401401401E+01	7.245986297559148E+01
1.501501501501501E+01	7.240416722711370E+01
1.601601601601601E+01	7.234469431112393E+01
1.701701701701701E+01	7.228145566087414E+01
1.801801801801802E+01	7.221446320201130E+01
1.901901901901902E+01	7.214372933818595E+01
2.002002002002002E+01	7.206926693748392E+01
2.102102102102102E+01	7.199108931960836E+01
2.202202202202202E+01	7.190921024372801E+01
2.302302302302302E+01	7.182364389693157E+01
2.402402402402402E+01	7.173440488321194E+01
2.502502502502502E+01	7.164150821297244E+01
2.602602602602602E+01	7.154496929297557E+01
2.702702702702702E+01	7.144480391670413E+01
2.802802802802802E+01	7.134102825512582E+01
2.902902902902902E+01	7.123365884779969E+01
3.003003003003002E+01	7.112271259432873E+01
3.103103103103102E+01	7.100820674610804E+01
3.203203203203203E+01	7.089015889836810E+01
3.303303303303303E+01	7.076858698248589E+01
3.403403403403403E+01	7.064350925854751E+01
3.503503503503503E+01	7.051494430815592E+01
3.603603603603603E+01	7.038291102744324E+01
3.703703703703703E+01	7.024742862031280E+01
3.803803803803803E+01	7.010851659187983E+01
3.903903903903903E+01	6.996619474207864E+01
4.004004004004003E+01	6.982048315946895E+01
4.104104104104103E+01	6.967140221521322E+01
4.204204204204203E+01	6.951897255719723E+01
4.304304304304303E+01	6.936321510432117E+01
4.404404404404404E+01	6.920415104091944E+01
4.504504504504504E+01	6.904180181133916E+01
4.604604604604604E+01	6.887618911464460E+01
4.704704704704704E+01	6.870733489943586E+01
4.804804804804804E+01	6.853526135880566E+01
4.904904904904904E+01	6.835999092541124E+01
5.005005005005004E+01	6.818154626664909E+01
5.105105105105104E+01	6.799995027994555E+01
5.205205205205204E+01	6.781522608814294E+01
5.305305305305304E+01	6.762739703499847E+01
5.405405405405404E+01	6.743648668076321E+01
5.505505505505504E+01	6.724251879785925E+01
5.605605605605604E+01	6.704551736665917E+01
5.705705705705704E+01	6.684550657131922E+01
5.805805805805804E+01	6.664251079573660E+01
5.905905905905905E+01	6.643655461954177E+01
6.006006006006005E+01	6.622766281421809E+01
6.106106106106105E+01	6.601586033924286E+01
6.206206206206205E+01	6.580117233835017E+01
6.306306306306305E+01	6.558362413582881E+01
6.406406406406406E+01	6.536324123290206E+01
6.506506506506506E+01	6.514004930417332E+01
6.606606606606606E+01	6.491407419413918E+01
6.706706706706706E+01	6.468534191374920E+01
6.806806806806806E+01	6.445387863704582E+01
6.906906906906906E+01	6.421971069785832E+01
7.007007007007006E+01	6.398286458652956E+01
7.107107107107106E+01	6.374336694673775E+01
7.207207207207206E+01	6.350124457234188E+01
7.307307307307306E+01	6.325652440429303E+01
7.407407407407406E+01	6.300923352759310E+01
7.507507507507506E+01	6.275939916830384E+01
7.607607607607606E+01	6.250704869060291E+01
7.707707707707706E+01	6.225220959389162E+01
7.807807807807806E+01	6.199490950994277E+01
7.907907907907907E+01	6.173517620010171E+01
8.008008008008007E+01	6.147303755251414E+01
8.108108108108107E+01	6.120852157943045E+01
8.208208208208207E+01	6.094165641450900E+01
8.308308308308307E+01	6.067247031019042E+01
8.408408408408407E+01	6.040099163511104E+01
8.508508508508507E+01	6.012724887153263E+01
8.608608608608607E+01	5.985127061283447E+01
8.708708708708707E+01	5.957308556103862E+01
8.808808808808807E+01	5.929272252435476E+01
8.908908908908907E+01	5.901021041478089E+01
9.009009009009007E+01	5.872557824573505E+01
9.109109109109107E+01	5.843885512971019E+01
9.209209209209207E+01	5.815007027597221E+01
9.309309309309307E+01	5.785925298829306E+01
9.409409409409407E+01	5.756643266270657E+01
9.509509509509508E+01	5.727163878531428E+01
9.609609609609608E+01	5.697490093008764E+01
9.709709709709708E+01	5.667624875674346E+01
9.809809809809808E+01	5.637571200862112E+01
9.909909909909908E+01	5.607332051059620E+01
1.001001001001001E+02	5.576910416702322E+01
1.011011011011011E+02	5.546309295970559E+01
1.021021021021021E+02	5.515531694589936E+01
1.031031031031031E+02	5.484580625634089E+01
1.041041041041041E+02	5.453459109328651E+01
1.051051051051051E+02	5.422170172860751E+01
1.061061061061061E+02	5.390716850188664E+01
1.071071071071071E+02	5.359102181855360E+01
1.081081081081081E+02	5.327329214803422E+01
1.091091091091091E+02	5.295401002193967E+01
1.101101101101101E+02	5.263320603225884E+01
1.111111111111111E+02	5.231091082959983E+01
1.121121121121121E+02	5.198715512142599E+01
1.131131131131131E+02	5.166196967034875E+01
1.141141141141141E+02	5.133538529240741E+01
1.151151151151151E+02	5.100743285539875E+01
1.161161161161161E+02	5.067814327721271E+01
1.171171171171171E+02	5.034754752419940E+01
1.181181181181181E+02	5.001567660954561E+01
1.191191191191191E+02	4.968256159169096E+01
1.201201201201201E+02	4.934823357274399E+01
1.211211211211211E+02	4.901272369692924E+01
1.221221221221221E+02	4.867606314905697E+01
1.231231231231231E+02	4.833828315300252E+01
1.241241241241241E+02	4.799941497021337E+01
1.251251251251251E+02	4.765948989823801E+01
1.261261261261261E+02	4.731853926925760E+01
1.271271271271271E+02	4.697659444865440E+01
1.281281281281281E+02	4.663368683359204E+01
1.291291291291291E+02	4.628984785161174E+01
1.301301301301301E+02	4.594510895923804E+01
1.311311311311312E+02	4.559950164062775E+01
1.321321321321322E+02	4.525305740620888E+01
1.331331331331332E+02	4.490580779134643E+01
1.341341341341342E+02	4.455778435503680E+01
1.351351351351352E+02	4.420901867859493E+01
1.361361361361362E+02	4.385954236438283E+01
1.371371371371372E+02	4.350938703453039E+01
1.381381381381383E+02	4.315858432969526E+01
1.391391391391393E+02	4.280716590782049E+01
1.401401401401403E+02	4.245516344292173E+01
1.411411411411413E+02	4.210260862387167E+01
1.421421421421423E+02	4.174953315321500E+01
1.431431431431433E+02	4.139596874600511E+01
1.441441441441443E+02	4.104194712862136E+01
1.451451451451454E+02	4.068750003764580E+01
1.461461461461464E+02	4.033265921872180E+01
1.471471471471474E+02	3.997745642543441E+01
1.481481481481484E+02	3.962192341821856E+01
1.491491491491494E+02	3.926609196325444E+01
1.501501501501504E+02	3.890999383140615E+01
1.511511511511515E+02	3.855366079716077E+01
1.521521521521525E+02	3.819712463755968E+01
1.531531531531535E+02	3.784041713118813E+01
1.541541541541545E+02	3.748357005714388E+01
1.551551551551555E+02	3.712661519401991E+01
1.561561561561565E+02	3.676958431891671E+01
1.571571571571575E+02	3.641250920645507E+01
1.581581581581586E+02	3.605542162781285E+01
1.591591591591596E+02	3.569835334974459E+01
1.601601601601606E+02	3.534133613365975E+01
1.611611611611616E+02	3.498440173466770E+01
1.621621621621626E+02	3.462758190066552E+01
1.631631631631636E+02	3.427090837141895E+01
1.641641641641646E+02	3.391441287767384E+01
1.651651651651657E+02	3.355812714024478E+01
1.661661661661667E+02	3.320208286916977E+01
1.671671671671677E+02	3.284631176281528E+01
1.681681681681687E+02	3.249084550703719E+01
1.691691691691697E+02	3.213571577432867E+01
1.701701701701707E+02	3.178095422298975E+01
1.711711711711717E+02	3.142659249631106E+01
1.721721721721728E+02	3.107266222174758E+01
1.731731731731738E+02	3.071919501013508E+01
1.741741741741748E+02	3.036622245487479E+01
1.751751751751758E+02	3.001377613117529E+01
1.761761761761768E+02	2.966188759527495E+01
1.771771771771778E+02	2.931058838367107E+01
1.781781781781789E+02	2.895991001238372E+01
1.791791791791799E+02	2.860988397620031E+01
1.801801801801809E+02	2.826054174795445E+01
1.811811811811819E+02	2.791191477780148E+01
1.821821821821829E+02	2.756403449250638E+01
1.831831831831839E+02	2.721693229473249E+01
1.841841841841849E+02	2.687063956236125E+01
1.851851851851860E+02	2.652518764779916E+01
1.861861861861870E+02	2.618060787730474E+01
1.871871871871880E+02	2.583693155031688E+01
1.881881881881890E+02	2.549418993881045E+01
1.891891891891900E+02	2.515241428662830E+01
1.901901901901910E+02	2.481163580886187E+01
1.911911911911920E+02	2.447188569120271E+01
1.921921921921931E+02	2.413319508932591E+01
1.931931931931941E+02	2.379559512828564E+01
1.941941941941951E+02	2.345911690188404E+01
1.951951951951961E+02	2.312379147210322E+01
1.961961961961971E+02	2.278964986849360E+01
1.971971971971981E+02	2.245672308760049E+01
1.981981981981992E+02	2.212504209239069E+01
1.991991991992002E+02	2.179463781169079E+01
2.002002002002012E+02	2.146554113961702E+01
2.012012012012022E+02	2.113778293503719E+01
2.022022022022032E+02	2.081139402102281E+01
2.032032032032042E+02	2.048640518432057E+01
2.042042042042052E+02	2.016284717481312E+01
2.052052052052063E+02	1.984075070501240E+01
2.062062062062073E+02	1.952014644954215E+01
2.072072072072083E+02	1.920106504462774E+01
2.082082082082093E+02	1.888353708760633E+01
2.092092092092103E+02	1.856759313643488E+01
2.102102102102113E+02	1.825326370920266E+01
2.112112112112123E+02	1.794057928365919E+01
2.122122122122134E+02	1.762957029674180E+01
2.132132132132144E+02	1.732026714411495E+01
2.142142142142154E+02	1.701270017971046E+01
2.152152152152164E+02	1.670689971528918E+01
2.162162162162174E+02	1.640289601998211E+01
2.172172172172184E+02	1.610071931986886E+01
2.182182182182194E+02	1.580039979754110E+01
2.192192192192205E+02	1.550196759168693E+01
2.202202202202215E+02	1.520545279666067E+01
2.212212212212225E+02	1.491088546208994E+01
2.222222222222235E+02	1.461829559246007E+01
2.232232232232245E+02	1.432771314672118E+01
2.242242242242255E+02	1.403916803789889E+01
2.252252252252266E+02	1.375269013269690E+01
2.262262262262276E+02	1.346830925114136E+01
2.272272272272286E+02	1.318605516618345E+01
2.282282282282296E+02	1.290595760334372E+01
2.292292292292306E+02	1.262804624035243E+01
2.302302302302316E+02	1.235235070679300E+01
2.312312312312326E+02	1.207890058374051E+01
2.322322322322337E+02	1.180772540343651E+01
2.332332332332347E+02	1.153885464893847E+01
2.342342342342357E+02	1.127231775378687E+01
2.352352352352367E+02	1.100814410168596E+01
2.362362362362377E+02	1.074636302616682E+01
2.372372372372387E+02	1.048700381029221E+01
2.382382382382397E+02	1.023009568632278E+01
2.392392392392408E+02	9.975667835426975E+00
2.402402402402418E+02	9.723749387377211E+00
2.412412412412428E+02	9.474369420245239E+00
2.422422422422438E+02	9.227556960126549E+00
2.432432432432448E+02	8.983340980847970E+00
2.442442442442458E+02	8.741750403676633E+00
2.452452452452468E+02	8.502814097069859E+00
2.462462462462479E+02	8.266560876378207E+00
2.472472472472489E+02	8.033019503600826E+00
2.482482482482499E+02	7.802218687113054E+00
2.492492492492509E+02	7.574187081417676E+00
2.502502502502519E+02	7.348953286886626E+00
2.512512512512529E+02	7.126545849518607E+00
2.522522522522540E+02	6.906993260702620E+00
2.532532532532550E+02	6.690323956968314E+00
2.542542542542560E+02	6.476566319772701E+00
2.552552552552570E+02	6.265748675250052E+00
2.562562562562580E+02	6.057899294009530E+00
2.572572572572590E+02	5.853046390895997E+00
2.582582582582600E+02	5.651218124791740E+00
2.592592592592609E+02	5.452442598401831E+00
2.602602602602619E+02	5.256747858041308E+00
2.612612612612629E+02	5.064161893441906E+00
2.622622622622639E+02	4.874712637549692E+00
2.632632632632649E+02	4.688427966336349E+00
2.642642642642659E+02	4.505335698604085E+00
2.652652652652669E+02	4.325463595801466E+00
2.662662662662678E+02	4.148839361851060E+00
2.672672672672688E+02	3.975490642958448E+00
2.682682682682698E+02	3.805445027449423E+00
2.692692692692708E+02	3.638730045599459E+00
2.702702702702718E+02	3.475373169465456E+00
2.712712712712728E+02	3.315401812721575E+00
2.722722722722738E+02	3.158843330509626E+00
2.732732732732748E+02	3.005725019277634E+00
2.742742742742757E+02	2.856074116638410E+00
2.752752752752767E+02	2.709917801208576E+00
2.762762762762777E+02	2.567283192483046E+00
2.772772772772787E+02	2.428197350678602E+00
2.782782782782797E+02	2.292687276617471E+00
2.792792792792807E+02	2.160779911573172E+00
2.802802802802817E+02	2.032502137165466E+00
2.812812812812826E+02	1.907880775210742E+00
2.822822822822836E+02	1.786942587616977E+00
2.832832832832846E+02	1.669714276265040E+00
2.842842842842856E+02	1.556222482883641E+00
2.852852852852866E+02	1.446493788945190E+00
2.862862862862876E+02	1.340554715556209E+00
2.872872872872886E+02	1.238431723348640E+00
2.882882882882896E+02	1.140151212384808E+00
2.892892892892905E+02	1.045739522048734E+00
2.902902902902915E+02	9.552229309647373E-01
2.912912912912925E+02	8.686276568823814E-01
2.922922922922935E+02	7.859798566169047E-01
2.932932932932945E+02	7.073056259378063E-01
2.942942942942955E+02	6.326309994965413E-01
2.952952952952965E+02	5.619819507392094E-01
2.962962962962974E+02	4.953843918451639E-01
2.972972972972984E+02	4.328641736283316E-01
2.982982982982994E+02	3.744470854894644E-01
2.992992992993004E+02	3.201588553270085E-01
3.003003003003014E+02	2.700251494879922E-01
3.013013013013024E+02	2.240715726948110E-01
3.023023023023034E+02	1.823236679847469E-01
3.033033033033043E+02	1.448069166613095E-01
3.043043043043053E+02	1.115467382232964E-01
3.053053053053063E+02	8.256849033159597E-02
3.063063063063073E+02	5.789746874870616E-02
3.073073073073083E+02	3.755890728598388E-02
3.083083083083093E+02	2.157797777499582E-02
3.093093093093103E+02	9.979790010675060E-03
3.103103103103113E+02	2.789391726309987E-03
3.113113113113122E+02	3.176853488184861E-05
3.123123123123132E+02	1.731843922243570E-03
3.133133133133142E+02	7.914479199371272E-03
3.143143143143152E+02	1.860447347098670E-02
3.153153153153162E+02	3.382656361054615E-02
3.163163163163172E+02	5.360542424659798E-02
3.173173173173182E+02	7.796566772321967E-02
3.183183183183191E+02	1.069318440886491E-01
3.193193193193201E+02	1.405284410834611E-01
3.203203203203211E+02	1.787798841164658E-01
3.213213213213221E+02	2.217105362478833E-01
3.223223223223231E+02	2.693446981879788E-01
3.233233233233241E+02	3.217066082888778E-01
3.243243243243251E+02	3.788204425236472E-01
3.253253253253260E+02	4.407103145003930E-01
3.263263263263270E+02	5.074002754436151E-01
3.273273273273280E+02	5.789143142083049E-01
3.283283283283290E+02	6.552763572681215E-01
3.293293293293300E+02	7.365102687285798E-01
3.303303303303310E+02	8.226398503265955E-01
3.313313313313320E+02	9.136888414445821E-01
3.323323323323330E+02	1.009680919116363E+00
3.333333333333339E+02	1.110639698037630E+00
3.343343343343349E+02	1.216588730580042E+00
3.353353353353359E+02	1.327551506810778E+00
3.363363363363369E+02	1.443551454505723E+00
3.373373373373379E+02	1.564611939165388E+00
3.383383383383389E+02	1.690756264054471E+00
3.393393393393399E+02	1.822007670191397E+00
3.403403403403408E+02	1.958389336406071E+00
3.413413413413418E+02	2.099924379343975E+00
3.423423423423428E+02	2.246635853509815E+00
3.433433433433438E+02	2.398546751282083E+00
3.443443443443448E+02	2.555680002965346E+00
3.453453453453458E+02	2.718058476800252E+00
3.463463463463468E+02	2.885704979008096E+00
3.473473473473477E+02	3.058642253837206E+00
3.483483483483487E+02	3.236892983586131E+00
3.493493493493497E+02	3.420479788650027E+00
3.503503503503507E+02	3.609425227560678E+00
3.513513513513517E+02	3.803751797032419E+00
3.523523523523527E+02	4.003481932007162E+00
3.533533533533537E+02	4.208638005691228E+00
3.543543543543547E+02	4.419242329612644E+00
3.553553553553556E+02	4.635317153669348E+00
3.563563563563566E+02	4.856884666171027E+00
3.573573573573576E+02	5.083966993900049E+00
3.583583583583586E+02	5.316586202154667E+00
3.593593593593596E+02	5.554764294826782E+00
3.603603603603606E+02	5.798523214425131E+00
3.613613613613616E+02	6.047884842155781E+00
3.623623623623625E+02	6.302870997976243E+00
3.633633633633635E+02	6.563503440651402E+00
3.643643643643645E+02	6.829803867815826E+00
3.653653653653655E+02	7.101793916039696E+00
3.663663663663665E+02	7.379495160893384E+00
3.673673673673675E+02	7.662929117006570E+00
3.683683683683685E+02	7.952117238137362E+00
3.693693693693695E+02	8.247080917247786E+00
3.703703703703704E+02	8.547841486557900E+00
3.713713713713714E+02	8.854420217631741E+00
3.723723723723724E+02	9.166838321435080E+00
3.733733733733734E+02	9.485116948419090E+00
3.743743743743744E+02	9.809277188584019E+00
3.753753753753754E+02	1.013934007156467E+01
3.763763763763764E+02	1.047532656669273E+01
3.773773773773773E+02	1.081725758308949E+01
3.783783783783783E+02	1.116515396972409E+01
3.793793793793793E+02	1.151903651552220E+01
3.803803803803803E+02	1.187892594941331E+01
3.813813813813813E+02	1.224484294043168E+01
3.823823823823823E+02	1.261680809779682E+01
3.833833833833833E+02	1.299484197098809E+01
3.843843843843842E+02	1.337896504983655E+01
3.853853853853852E+02	1.376919776461182E+01
3.863863863863862E+02	1.416556048610528E+01
3.873873873873872E+02	1.456807352570650E+01
3.883883883883882E+02	1.497675713551325E+01
3.893893893893892E+02	1.539163150840204E+01
3.903903903903902E+02	1.581271677812856E+01
3.913913913913912E+02	1.624003301940684E+01
3.923923923923921E+02	1.667360024802520E+01
3.933933933933931E+02	1.711343842089673E+01
3.943943943943941E+02	1.755956743620436E+01
3.953953953953951E+02	1.801200713344770E+01
3.963963963963961E+02	1.847077729357125E+01
3.973973973973971E+02	1.893589763904583E+01
3.983983983983981E+02	1.940738783396455E+01
3.993993993993990E+02	1.988526748414915E+01
4.004004004004000E+02	2.036955613723057E+01
4.014014014014010E+02	2.086027328277305E+01
4.024024024024020E+02	2.135743835235371E+01
4.034034034034030E+02	2.186107071966489E+01
4.044044044044040E+02	2.237118970063239E+01
4.054054054054050E+02	2.288781455349272E+01
4.064064064064059E+02	2.341096447891232E+01
4.074074074074069E+02	2.394065862009074E+01
4.084084084084079E+02	2.447691606285298E+01
4.094094094094089E+02	2.501975583576677E+01
4.104104104104099E+02	2.556919691023631E+01
4.114114114114109E+02	2.612525820062319E+01
4.124124124124119E+02	2.668795856433371E+01
4.134134134134129E+02	2.725731680194622E+01
4.144144144144138E+02	2.783335165729932E+01
4.154154154154148E+02	2.841608181761740E+01
4.164164164164158E+02	2.900552591360611E+01
4.174174174174168E+02	2.960170251956879E+01
4.184184184184178E+02	3.020463015351925E+01
4.194194194194188E+02	3.081432727728225E+01
4.204204204204198E+02	3.143081229661720E+01
4.214214214214207E+02	3.205410356131688E+01
4.224224224224217E+02	3.268421936533150E+01
4.234234234234227E+02	3.332117794687474E+01
4.244244244244237E+02	3.396499748853239E+01
4.254254254254247E+02	3.461569611739242E+01
4.264264264264257E+02	3.527329190514092E+01
4.274274274274267E+02	3.593780286818537E+01
4.284284284284277E+02	3.660924696777511E+01
4.294294294294286E+02	3.728764211009548E+01
4.304304304304296E+02	3.797300614641927E+01
4.314314314314306E+02	3.866535687318446E+01
4.324324324324316E+02	3.936471203214023E+01
4.334334334334326E+02	4.007108931045423E+01
4.344344344344336E+02	4.078450634081946E+01
4.354354354354346E+02	4.150498070159301E+01
4.364364364364355E+02	4.223252991689424E+01
4.374374374374365E+02	4.296717145674302E+01
4.384384384384375E+02	4.370892273716026E+01
4.394394394394385E+02	4.445780112030025E+01
4.404404404404395E+02	4.521382391456609E+01
4.414414414414405E+02	4.597700837473303E+01
4.424424424424415E+02	4.674737170205981E+01
4.434434434434424E+02	4.752493104442283E+01
4.444444444444434E+02	4.830970349642803E+01
4.454454454454444E+02	4.910170609953093E+01
4.464464464464454E+02	4.990095584217306E+01
4.474474474474464E+02	5.070746965988201E+01
4.484484484484474E+02	5.152126443541192E+01
4.494494494494484E+02	5.234235699885630E+01
4.504504504504494E+02	5.317076412778169E+01
4.514514514514503E+02	5.400650254733318E+01
4.524524524524513E+02	5.484958893037765E+01
4.534534534534523E+02	5.570003989760971E+01
4.544544544544533E+02	5.655787201769317E+01
4.554554554554543E+02	5.742310180736695E+01
4.564564564564553E+02	5.829574573158288E+01
4.574574574574563E+02	5.917582020362943E+01
4.584584584584572E+02	6.006334158525078E+01
4.594594594594582E+02	6.095832618676832E+01
4.604604604604592E+02	6.186079026722473E+01
4.614614614614602E+02	6.277075003448681E+01
4.624624624624612E+02	6.368822164538051E+01
4.634634634634622E+02	6.461322120582281E+01
4.644644644644632E+02	6.554576477094224E+01
4.654654654654641E+02	6.648586834519665E+01
4.664664664664651E+02	6.743354788251963E+01
4.674674674674661E+02	6.838881928642422E+01
4.684684684684671E+02	6.935169841014886E+01
4.694694694694681E+02	7.032220105676424E+01
4.704704704704691E+02	7.130034297932525E+01
4.714714714714701E+02	7.228613988097732E+01
4.724724724724711E+02	7.327960741509014E+01
4.734734734734720E+02	7.428076118538229E+01
4.744744744744730E+02	7.528961674606171E+01
4.754754754754740E+02	7.630618960193169E+01
4.764764764764750E+02	7.733049520853365E+01
4.774774774774760E+02	7.836254897227627E+01
4.784784784784770E+02	7.940236625054331E+01
4.794794794794780E+02	8.044996235185135E+01
4.804804804804789E+02	8.150535253595808E+01
4.814814814814799E+02	8.256855201398230E+01
4.824824824824809E+02	8.363957594855947E+01
4.834834834834819E+02	8.471843945394130E+01
4.844844844844829E+02	8.580515759614673E+01
4.854854854854839E+02	8.689974539307468E+01
4.864864864864849E+02	8.800221781463461E+01
4.874874874874859E+02	8.911258978288697E+01
4.884884884884868E+02	9.023087617214924E+01
4.894894894894878E+02	9.135709180914819E+01
4.904904904904888E+02	9.249125147312634E+01
4.914914914914898E+02	9.363336989599566E+01
4.924924924924908E+02	9.478346176243213E+01
4.934934934934918E+02	9.594154171003629E+01
4.944944944944928E+02	9.710762432944512E+01
4.954954954954937E+02	9.828172416446523E+01
4.964964964964947E+02	9.946385571219162E+01
4.974974974974957E+02	1.006540334231554E+02
4.984984984984967E+02	1.018522717014330E+02
4.994994994994977E+02	1.030585849047775E+02
5.005005005004987E+02	1.042729873447634E+02
5.015015015014997E+02	1.054954932868932E+02
5.025025025025006E+02	1.067261169507383E+02
5.035035035035016E+02	1.079648725100669E+02
5.045045045045026E+02	1.092117740929616E+02
5.055055055055036E+02	1.104668357819628E+02
5.065065065065046E+02	1.117300716141804E+02
5.075075075075056E+02	1.130014955814431E+02
5.085085085085066E+02	1.142811216303999E+02
5.095095095095076E+02	1.155689636626694E+02
5.105105105105085E+02	1.168650355349537E+02
5.115115115115095E+02	1.181693510591795E+02
5.125125125125105E+02	1.194819240026159E+02
5.135135135135115E+02	1.208027680879950E+02
5.145145145145125E+02	1.221318969936642E+02
5.155155155155135E+02	1.234693243536849E+02
5.165165165165145E+02	1.248150637579802E+02
5.175175175175154E+02	1.261691287524545E+02
5.185185185185164E+02	1.275315328391152E+02
5.195195195195174E+02	1.289022894762102E+02
5.205205205205184E+02	1.302814120783532E+02
5.215215215215194E+02	1.316689140166354E+02
5.225225225225204E+02	1.330648086187766E+02
5.235235235235214E+02	1.344691091692371E+02
5.245245245245223E+02	1.358818289093374E+02
5.255255255255233E+02	1.373029810374082E+02
5.265265265265243E+02	1.387325787088839E+02
5.275275275275253E+02	1.401706350364639E+02
5.285285285285263E+02	1.416171630902081E+02
5.295295295295273E+02	1.430721758976861E+02
5.305305305305283E+02	1.445356864440869E+02
5.315315315315293E+02	1.460077076723555E+02
5.325325325325302E+02	1.474882524833042E+02
5.335335335335312E+02	1.489773337357578E+02
5.345345345345322E+02	1.504749642466586E+02
5.355355355355332E+02	1.519811567912111E+02
5.365365365365342E+02	1.534959241029833E+02
5.375375375375352E+02	1.550192788740542E+02
5.385385385385362E+02	1.565512337551263E+02
5.395395395395371E+02	1.580918013556579E+02
5.405405405405381E+02	1.596409942439673E+02
5.415415415415391E+02	1.611988249473898E+02
5.425425425425401E+02	1.627653059523682E+02
5.435435435435411E+02	1.643404497045949E+02
5.445445445445421E+02	1.659242686091429E+02
5.455455455455431E+02	1.675167750305627E+02
5.465465465465441E+02	1.691179812930341E+02
5.475475475475450E+02	1.707278996804730E+02
5.485485485485460E+02	1.723465424366477E+02
5.495495495495470E+02	1.739739217653319E+02
5.505505505505480E+02	1.756100498303845E+02
5.515515515515490E+02	1.772549387559084E+02
5.525525525525500E+02	1.789086006263587E+02
5.535535535535510E+02	1.805710474866555E+02
5.545545545545519E+02	1.822422913423252E+02
5.555555555555529E+02	1.839223441596032E+02
5.565565565565539E+02	1.856112178655626E+02
5.575575575575549E+02	1.873089243482500E+02
5.585585585585559E+02	1.890154754567739E+02
5.595595595595569E+02	1.907308830014622E+02
5.605605605605579E+02	1.924551587539481E+02
5.615615615615588E+02	1.941883144473286E+02
5.625625625625598E+02	1.959303617762353E+02
5.635635635635608E+02	1.976813123970055E+02
5.645645645645618E+02	1.994411779277725E+02
5.655655655655628E+02	2.012099699485825E+02
5.665665665665638E+02	2.029877000015372E+02
5.675675675675648E+02	2.047743795908887E+02
5.685685685685658E+02	2.065700201831692E+02
5.695695695695667E+02	2.083746332073156E+02
5.705705705705677E+02	2.101882300547686E+02
5.715715715715687E+02	2.120108220796151E+02
5.725725725725697E+02	2.138424205986885E+02
5.735735735735707E+02	2.156830368916976E+02
5.745745745745717E+02	2.175326822013258E+02
5.755755755755727E+02	2.193913677333767E+02
5.765765765765736E+02	2.212591046568714E+02
5.775775775775746E+02	2.231359041041596E+02
5.785785785785756E+02	2.250217771710672E+02
5.795795795795766E+02	2.269167349169702E+02
5.805805805805776E+02	2.288207883649484E+02
5.815815815815786E+02	2.307339485018751E+02
5.825825825825796E+02	2.326562262785519E+02
5.835835835835805E+02	2.345876326098141E+02
5.845845845845815E+02	2.365281783746323E+02
5.855855855855825E+02	2.384778744162695E+02
5.865865865865835E+02	2.404367315423401E+02
5.875875875875845E+02	2.424047605249812E+02
5.885885885885855E+02	2.443819721009149E+02
5.895895895895865E+02	2.463683769715958E+02
5.905905905905875E+02	2.483639858033198E+02
5.915915915915884E+02	2.503688092273251E+02
5.925925925925894E+02	2.523828578399116E+02
5.935935935935904E+02	2.544061422025670E+02
5.945945945945914E+02	2.564386728420559E+02
5.955955955955924E+02	2.584804602505492E+02
5.965965965965934E+02	2.605315148857312E+02
5.975975975975944E+02	2.625918471709074E+02
5.985985985985953E+02	2.646614674951352E+02
5.995995995995963E+02	2.667403862133037E+02
6.006006006005973E+02	2.688286136462730E+02
6.016016016015983E+02	2.709261600809682E+02
6.026026026025993E+02	2.730330357705011E+02
6.036036036036003E+02	2.751492509342756E+02
6.046046046046013E+02	2.772748157580900E+02
6.056056056056022E+02	2.794097403942692E+02
6.066066066066032E+02	2.815540349617495E+02
6.076076076076042E+02	2.837077095462005E+02
6.086086086086052E+02	2.858707742001366E+02
6.096096096096062E+02	2.880432389430157E+02
6.106106106106072E+02	2.902251137613662E+02
6.116116116116082E+02	2.924164086088645E+02
6.126126126126092E+02	2.946171334064793E+02
6.136136136136101E+02	2.968272980425559E+02
6.146146146146111E+02	2.990469123729263E+02
6.156156156156121E+02	3.012759862210214E+02
6.166166166166131E+02	3.035145293779806E+02
6.176176176176141E+02	3.057625516027551E+02
6.186186186186151E+02	3.080200626222045E+02
6.196196196196161E+02	3.102870721312306E+02
6.206206206206170E+02	3.125635897928491E+02
6.216216216216180E+02	3.148496252383120E+02
6.226226226226190E+02	3.171451880672289E+02
6.236236236236200E+02	3.194502878476428E+02
6.246246246246210E+02	3.217649341161487E+02
6.256256256256220E+02	3.240891363779942E+02
6.266266266266230E+02	3.264229041072081E+02
6.276276276276240E+02	3.287662467466557E+02
6.286286286286249E+02	3.311191737081881E+02
6.296296296296259E+02	3.334816943727324E+02
6.306306306306269E+02	3.358538180903774E+02
6.316316316316279E+02	3.382355541804968E+02
6.326326326326289E+02	3.406269119318476E+02
6.336336336336299E+02	3.430279006026649E+02
6.346346346346309E+02	3.454385294207787E+02
6.356356356356318E+02	3.478588075836938E+02
6.366366366366328E+02	3.502887442587225E+02
6.376376376376338E+02	3.527283485830494E+02
6.386386386386348E+02	3.551776296638595E+02
6.396396396396358E+02	3.576365965784353E+02
6.406406406406368E+02	3.601052583742430E+02
6.416416416416378E+02	3.625836240690487E+02
6.426426426426387E+02	3.650717026510142E+02
6.436436436436397E+02	3.675695030787861E+02
6.446446446446407E+02	3.700770342816163E+02
6.456456456456417E+02	3.725943051594368E+02
6.466466466466427E+02	3.751213245829799E+02
6.476476476476437E+02	3.776581013938612E+02
6.486486486486447E+02	3.802046444046869E+02
6.496496496496457E+02	3.827609623991493E+02
6.506506506506466E+02	3.853270641321214E+02
6.516516516516476E+02	3.879029583297706E+02
6.526526526526486E+02	3.904886536896283E+02
6.536536536536496E+02	3.930841588807066E+02
6.546546546546506E+02	3.956894825435970E+02
6.556556556556516E+02	3.983046332905460E+02
6.566566566566526E+02	4.009296197055810E+02
6.576576576576535E+02	4.035644503445724E+02
6.586586586586545E+02	4.062091337353700E+02
6.596596596596555E+02	4.088636783778566E+02
6.606606606606565E+02	4.115280927440726E+02
6.616616616616575E+02	4.142023852782972E+02
6.626626626626585E+02	4.168865643971444E+02
6.636636636636595E+02	4.195806384896600E+02
6.646646646646604E+02	4.222846159174187E+02
6.656656656656614E+02	4.249985050146088E+02
6.666666666666624E+02	4.277223140881270E+02
6.676676676676634E+02	4.304560514176901E+02
6.686686686686644E+02	4.331997252558931E+02
6.696696696696654E+02	4.359533438283374E+02
6.706706706706664E+02	4.387169153337013E+02
6.716716716716674E+02	4.414904479438314E+02
6.726726726726683E+02	4.442739498038632E+02
6.736736736736693E+02	4.470674290322586E+02
6.746746746746703E+02	4.498708937209508E+02
6.756756756756713E+02	4.526843519354120E+02
6.766766766766723E+02	4.555078117147418E+02
6.776776776776733E+02	4.583412810717577E+02
6.786786786786743E+02	4.611847679930920E+02
6.796796796796752E+02	4.640382804392821E+02
6.806806806806762E+02	4.669018263448593E+02
6.816816816816772E+02	4.697754136184240E+02
6.826826826826782E+02	4.726590501427490E+02
6.836836836836792E+02	4.755527437748756E+02
6.846846846846802E+02	4.784565023461878E+02
6.856856856856812E+02	4.813703336624963E+02
6.866866866866822E+02	4.842942455041511E+02
6.876876876876831E+02	4.872282456260964E+02
6.886886886886841E+02	4.901723417579828E+02
6.896896896896851E+02	4.931265416042488E+02
6.906906906906861E+02	4.960908528442028E+02
6.916916916916871E+02	4.990652831321090E+02
6.926926926926881E+02	5.020498400972874E+02
6.936936936936891E+02	5.050445313441801E+02
6.946946946946900E+02	5.080493644524418E+02
6.956956956956910E+02	5.110643469770484E+02
6.966966966966920E+02	5.140894864483535E+02
6.976976976976930E+02	5.171247903721769E+02
6.986986986986940E+02	5.201702662299108E+02
6.996996996996950E+02	5.232259214785772E+02
7.007007007006960E+02	5.262917635509439E+02
7.017017017016969E+02	5.293677998555636E+02
7.027027027026979E+02	5.324540377769044E+02
7.037037037036989E+02	5.355504846754011E+02
7.047047047046999E+02	5.386571478875589E+02
7.057057057057009E+02	5.417740347260278E+02
7.067067067067019E+02	5.449011524796592E+02
7.077077077077029E+02	5.480385084136560E+02
7.087087087087039E+02	5.511861097695764E+02
7.097097097097048E+02	5.543439637654701E+02
7.107107107107058E+02	5.575120775959358E+02
7.117117117117068E+02	5.606904584322174E+02
7.127127127127078E+02	5.638791134222588E+02
7.137137137137088E+02	5.670780496908210E+02
7.147147147147098E+02	5.702872743395287E+02
7.157157157157108E+02	5.735067944469656E+02
7.167167167167117E+02	5.767366170687733E+02
7.177177177177127E+02	5.799767492376936E+02
7.187187187187137E+02	5.832271979636712E+02
7.197197197197147E+02	5.864879702339299E+02
7.207207207207157E+02	5.897590730130532E+02
7.217217217217167E+02	5.930405132430556E+02
7.227227227227177E+02	5.963322978434617E+02
7.237237237237186E+02	5.996344337113956E+02
7.247247247247196E+02	6.029469277216494E+02
7.257257257257206E+02	6.062697867267721E+02
7.267267267267216E+02	6.096030175571127E+02
7.277277277277226E+02	6.129466270209496E+02
7.287287287287236E+02	6.163006219045255E+02
7.297297297297246E+02	6.196650089721506E+02
7.307307307307256E+02	6.230397949662520E+02
7.317317317317265E+02	6.264249866074806E+02
7.327327327327275E+02	6.298205905947657E+02
7.337337337337285E+02	6.332266136054031E+02
7.347347347347295E+02	6.366430622951148E+02
7.357357357357305E+02	6.400699432981382E+02
7.367367367367315E+02	6.435072632272972E+02
7.377377377377325E+02	6.469550286740850E+02
7.387387387387334E+02	6.504132462087191E+02
7.397397397397344E+02	6.538819223802284E+02
7.407407407407354E+02	6.573610637165330E+02
7.417417417417364E+02	6.608506767245008E+02
7.427427427427374E+02	6.643507678900346E+02
7.437437437437384E+02	6.678613436781470E+02
7.447447447447394E+02	6.713824105330204E+02
7.457457457457404E+02	6.749139748780867E+02
7.467467467467413E+02	6.784560431161058E+02
7.477477477477423E+02	6.820086216292257E+02
7.487487487487433E+02	6.855717167790654E+02
7.497497497497443E+02	6.891453349067851E+02
7.507507507507453E+02	6.927294823331522E+02
7.517517517517463E+02	6.963241653586138E+02
7.527527527527473E+02	6.999293902633631E+02
7.537537537537482E+02	7.035451633074340E+02
7.547547547547492E+02	7.071714907307332E+02
7.557557557557502E+02	7.108083787531509E+02
7.567567567567512E+02	7.144558335745965E+02
7.577577577577522E+02	7.181138613750945E+02
7.587587587587532E+02	7.217824683148337E+02
7.597597597597542E+02	7.254616605342471E+02
7.607607607607551E+02	7.291514441540921E+02
7.617617617617561E+02	7.328518252754857E+02
7.627627627627571E+02	7.365628099800151E+02
7.637637637637581E+02	7.402844043297787E+02
7.647647647647591E+02	7.440166143674496E+02
7.657657657657601E+02	7.477594461163740E+02
7.667667667667611E+02	7.515129055806096E+02
7.677677677677621E+02	7.552769987450019E+02
7.687687687687630E+02	7.590517315752604E+02
7.697697697697640E+02	7.628371100180125E+02
7.707707707707650E+02	7.666331400008867E+02
7.717717717717660E+02	7.704398274325458E+02
7.727727727727670E+02	7.742571782028062E+02
7.737737737737680E+02	7.780851981826477E+02
7.747747747747690E+02	7.819238932243206E+02
7.757757757757699E+02	7.857732691613969E+02
7.767767767767709E+02	7.896333318088264E+02
7.777777777777719E+02	7.935040869630202E+02
7.787787787787729E+02	7.973855404019018E+02
7.797797797797739E+02	8.012776978849683E+02
7.807807807807749E+02	8.051805651533837E+02
7.817817817817759E+02	8.090941479300022E+02
7.827827827827768E+02	8.130184519194645E+02
7.837837837837778E+02	8.169534828082456E+02
7.847847847847788E+02	8.208992462647229E+02
7.857857857857798E+02	8.248557479392357E+02
7.867867867867808E+02	8.288229934641640E+02
7.877877877877818E+02	8.328009884539711E+02
7.887887887887828E+02	8.367897385052752E+02
7.897897897897838E+02	8.407892491969055E+02
7.907907907907847E+02	8.447995260899811E+02
7.917917917917857E+02	8.488205747279676E+02
7.927927927927867E+02	8.528524006367111E+02
7.937937937937877E+02	8.568950093245503E+02
7.947947947947887E+02	8.609484062823271E+02
7.957957957957897E+02	8.650125969834880E+02
7.967967967967907E+02	8.690875868841199E+02
7.977977977977916E+02	8.731733814230224E+02
7.987987987987926E+02	8.772699860217663E+02
7.997997997997936E+02	8.813774060847354E+02
8.008008008007946E+02	8.854956469992512E+02
8.018018018017956E+02	8.896247141355298E+02
8.028028028027966E+02	8.937646128468341E+02
8.038038038037976E+02	8.979153484694762E+02
8.048048048047986E+02	9.020769263229286E+02
8.058058058057995E+02	9.062493517098064E+02
8.068068068068005E+02	9.104326299160130E+02
8.078078078078015E+02	9.146267662107393E+02
8.088088088088025E+02	9.188317658465439E+02
8.098098098098035E+02	9.230476340594068E+02
8.108108108108045E+02	9.272743760687954E+02
8.118118118118055E+02	9.315119970777059E+02
8.128128128128064E+02	9.357605022727312E+02
8.138138138138074E+02	9.400198968241457E+02
8.148148148148084E+02	9.442901858858913E+02
8.158158158158094E+02	9.485713745957109E+02
8.168168168168104E+02	9.528634680751611E+02
8.178178178178114E+02	9.571664714296730E+02
8.188188188188124E+02	9.614803897486427E+02
8.198198198198133E+02	9.658052281054252E+02
8.208208208208143E+02	9.701409915574468E+02
8.218218218218153E+02	9.744876851462468E+02
8.228228228228163E+02	9.788453138975156E+02
8.238238238238173E+02	9.832138828211591E+02
8.248248248248183E+02	9.875933969113594E+02
8.258258258258193E+02	9.919838611466330E+02
8.268268268268203E+02	9.963852804898634E+02
8.278278278278212E+02	1.000797659888397E+03
8.288288288288222E+02	1.005221004274045E+03
8.298298298298232E+02	1.009655318563183E+03
8.308308308308242E+02	1.014100607656780E+03
8.318318318318252E+02	1.018556876440456E+03
8.328328328328262E+02	1.023024129784558E+03
8.338338338338272E+02	1.027502372544159E+03
8.348348348348281E+02	1.031991609559183E+03
8.358358358358291E+02	1.036491845654397E+03
8.368368368368301E+02	1.041003085639514E+03
8.378378378378311E+02	1.045525334309175E+03
8.388388388388321E+02	1.050058596443111E+03
8.398398398398331E+02	1.054602876806084E+03
8.408408408408341E+02	1.059158180147997E+03
8.418418418418350E+02	1.063724511203934E+03
8.428428428428360E+02	1.068301874694231E+03
8.438438438438370E+02	1.072890275324500E+03
8.448448448448380E+02	1.077489717785674E+03
8.458458458458390E+02	1.082100206754091E+03
8.468468468468400E+02	1.086721746891547E+03
8.478478478478410E+02	1.091354342845279E+03
8.488488488488420E+02	1.095997999248111E+03
8.498498498498429E+02	1.100652720718443E+03
8.508508508508439E+02	1.105318511860309E+03
8.518518518518449E+02	1.109995377263444E+03
8.528528528528459E+02	1.114683321503338E+03
8.538538538538469E+02	1.119382349141257E+03
8.548548548548479E+02	1.124092464724285E+03
8.558558558558489E+02	1.128813672785440E+03
8.568568568568498E+02	1.133545977843685E+03
8.578578578578508E+02	1.138289384403922E+03
8.588588588588518E+02	1.143043896957127E+03
8.598598598598528E+02	1.147809519980353E+03
8.608608608608538E+02	1.152586257936814E+03
8.618618618618548E+02	1.157374115275858E+03
8.628628628628558E+02	1.162173096433110E+03
8.638638638638567E+02	1.166983205830446E+03
8.648648648648577E+02	1.171804447876092E+03
8.658658658658587E+02	1.176636826964634E+03
8.668668668668597E+02	1.181480347477087E+03
8.678678678678607E+02	1.186335013780938E+03
8.688688688688617E+02	1.191200830230191E+03
8.698698698698627E+02	1.196077801165400E+03
8.708708708708637E+02	1.200965930913753E+03
8.718718718718646E+02	1.205865223789087E+03
8.728728728728656E+02	1.210775684091940E+03
8.738738738738666E+02	1.215697316109599E+03
8.748748748748676E+02	1.220630124116160E+03
8.758758758758686E+02	1.225574112372543E+03
8.768768768768696E+02	1.230529285126579E+03
8.778778778778706E+02	1.235495646613010E+03
8.788788788788715E+02	1.240473201053570E+03
8.798798798798725E+02	1.245461952657030E+03
8.808808808808735E+02	1.250461905619200E+03
8.818818818818745E+02	1.255473064123022E+03
8.828828828828755E+02	1.260495432338614E+03
8.838838838838765E+02	1.265529014423272E+03
8.848848848848775E+02	1.270573814521546E+03
8.858858858858785E+02	1.275629836765295E+03
8.868868868868794E+02	1.280697085273699E+03
8.878878878878804E+02	1.285775564153331E+03
8.888888888888814E+02	1.290865277498178E+03
8.898898898898824E+02	1.295966229389694E+03
8.908908908908834E+02	1.301078423896861E+03
8.918918918918844E+02	1.306201865076207E+03
8.928928928928854E+02	1.311336556971860E+03
8.938938938938863E+02	1.316482503615582E+03
8.948948948948873E+02	1.321639709026828E+03
8.958958958958883E+02	1.326808177212794E+03
8.968968968968893E+02	1.331987912168409E+03
8.978978978978903E+02	1.337178917876459E+03
8.988988988988913E+02	1.342381198307537E+03
8.998998998998923E+02	1.347594757420183E+03
9.009009009008932E+02	1.352819599160822E+03
9.019019019018942E+02	1.358055727463923E+03
9.029029029028952E+02	1.363303146251906E+03
9.039039039038962E+02	1.368561859435311E+03
9.049049049048972E+02	1.373831870912753E+03
9.059059059058982E+02	1.379113184571017E+03
9.069069069068992E+02	1.384405804285050E+03
9.079079079079002E+02	1.389709733918023E+03
9.089089089089011E+02	1.395024977321414E+03
9.099099099099021E+02	1.400351538334963E+03
9.109109109109031E+02	1.405689420786795E+03
9.119119119119041E+02	1.411038628493408E+03
9.129129129129051E+02	1.416399165259738E+03
9.139139139139061E+02	1.421771034879179E+03
9.149149149149071E+02	1.427154241133654E+03
9.159159159159080E+02	1.432548787793612E+03
9.169169169169090E+02	1.437954678618111E+03
9.179179179179100E+02	1.443371917354829E+03
9.189189189189110E+02	1.448800507740105E+03
9.199199199199120E+02	1.454240453499004E+03
9.209209209209130E+02	1.459691758345312E+03
9.219219219219140E+02	1.465154425981630E+03
9.229229229229149E+02	1.470628460099349E+03
9.239239239239159E+02	1.476113864378738E+03
9.249249249249169E+02	1.481610642488974E+03
9.259259259259179E+02	1.487118798088156E+03
9.269269269269189E+02	1.492638334823371E+03
9.279279279279199E+02	1.498169256330714E+03
9.289289289289209E+02	1.503711566235345E+03
9.299299299299219E+02	1.509265268151490E+03
9.309309309309228E+02	1.514830365682526E+03
9.319319319319238E+02	1.520406862420988E+03
9.329329329329248E+02	1.525994761948605E+03
9.339339339339258E+02	1.531594067836350E+03
9.349349349349268E+02	1.537204783644482E+03
9.359359359359278E+02	1.542826912922557E+03
9.369369369369288E+02	1.548460459209491E+03
9.379379379379297E+02	1.554105426033588E+03
9.389389389389307E+02	1.559761816912571E+03
9.399399399399317E+02	1.565429635353622E+03
9.409409409409327E+02	1.571108884853431E+03
9.419419419419337E+02	1.576799568898185E+03
9.429429429429347E+02	1.582501690963682E+03
9.439439439439357E+02	1.588215254515297E+03
9.449449449449367E+02	1.593940263008050E+03
9.459459459459376E+02	1.599676719886644E+03
9.469469469469386E+02	1.605424628585470E+03
9.479479479479396E+02	1.611183992528678E+03
9.489489489489406E+02	1.616954815130218E+03
9.499499499499416E+02	1.622737099793826E+03
9.509509509509426E+02	1.628530849913084E+03
9.519519519519436E+02	1.634336068871504E+03
9.529529529529445E+02	1.640152760042459E+03
9.539539539539455E+02	1.645980926789318E+03
9.549549549549465E+02	1.651820572465416E+03
9.559559559559475E+02	1.657671700414129E+03
9.569569569569485E+02	1.663534313968879E+03
9.579579579579495E+02	1.669408416453168E+03
9.589589589589505E+02	1.675294011180666E+03
9.599599599599514E+02	1.681191101455132E+03
9.609609609609524E+02	1.687099690570591E+03
9.619619619619534E+02	1.693019781811234E+03
9.629629629629544E+02	1.698951378451535E+03
9.639639639639554E+02	1.704894483756278E+03
9.649649649649564E+02	1.710849100980539E+03
9.659659659659574E+02	1.716815233369781E+03
9.669669669669584E+02	1.722792884159845E+03
9.679679679679593E+02	1.728782056576990E+03
9.689689689689603E+02	1.734782753837930E+03
9.699699699699613E+02	1.740794979149897E+03
9.709709709709623E+02	1.746818735710614E+03
9.719719719719633E+02	1.752854026708367E+03
9.729729729729643E+02	1.758900855322026E+03
9.739739739739653E+02	1.764959224721094E+03
9.749749749749662E+02	1.771029138065700E+03
9.759759759759672E+02	1.777110598506673E+03
9.769769769769682E+02	1.783203609185549E+03
9.779779779779692E+02	1.789308173234609E+03
9.789789789789702E+02	1.795424293776903E+03
9.799799799799712E+02	1.801551973926313E+03
9.809809809809722E+02	1.807691216787526E+03
9.819819819819731E+02	1.813842025456138E+03
9.829829829829741E+02	1.820004403018605E+03
9.839839839839751E+02	1.826178352552341E+03
9.849849849849761E+02	1.832363877125721E+03
9.859859859859771E+02	1.838560979798115E+03
9.869869869869781E+02	1.844769663619902E+03
9.879879879879791E+02	1.850989931632527E+03
9.889889889889801E+02	1.857221786868521E+03
9.899899899899810E+02	1.863465232351525E+03
9.909909909909820E+02	1.869720271096331E+03
9.919919919919830E+02	1.875986906108900E+03
9.929929929929840E+02	1.882265140386387E+03
9.939939939939850E+02	1.888554976917216E+03
9.949949949949860E+02	1.894856418681052E+03
9.959959959959870E+02	1.901169468648834E+03
9.969969969969879E+02	1.907494129782863E+03
9.979979979979889E+02	1.913830405036788E+03
9.989989989989899E+02	1.920178297355598E+03
9.999999999999909E+02	1.926537809675761E+03
