# energy / barionic density = energy by nucleon 
# barionic density, energy / barionic density
1.034034034034034E-02	-3.804281840045407E+04
1.068068068068068E-02	-3.680073001488185E+04
1.102102102102102E-02	-3.563535906985388E+04
1.136136136136136E-02	-3.453981158665515E+04
1.170170170170170E-02	-3.350799482587662E+04
1.204204204204204E-02	-3.253450551249382E+04
1.238238238238239E-02	-3.161453385600172E+04
1.272272272272273E-02	-3.074378519319796E+04
1.306306306306307E-02	-2.991841204732985E+04
1.340340340340341E-02	-2.913495801884204E+04
1.374374374374375E-02	-2.839030885350914E+04
1.408408408408409E-02	-2.768165147149395E+04
1.442442442442443E-02	-2.700643819688900E+04
1.476476476476477E-02	-2.636235629208153E+04
1.510510510510511E-02	-2.574730147239529E+04
1.544544544544545E-02	-2.515935486277506E+04
1.578578578578579E-02	-2.459676317289029E+04
1.612612612612613E-02	-2.405792098582152E+04
1.646646646646647E-02	-2.354135578175376E+04
1.680680680680681E-02	-2.304571411740431E+04
1.714714714714715E-02	-2.256975022506985E+04
1.748748748748749E-02	-2.211231507396133E+04
1.782782782782784E-02	-2.167234763505518E+04
1.816816816816818E-02	-2.124886610855821E+04
1.850850850850852E-02	-2.084096119481203E+04
1.884884884884886E-02	-2.044778897382694E+04
1.918918918918920E-02	-2.006856569680583E+04
1.952952952952954E-02	-1.970256194451494E+04
1.986986986986988E-02	-1.934909857743092E+04
2.021021021021022E-02	-1.900754189932225E+04
2.055055055055056E-02	-1.867730049263946E+04
2.089089089089090E-02	-1.835782118497295E+04
2.123123123123124E-02	-1.804858656073943E+04
2.157157157157158E-02	-1.774911157977006E+04
2.191191191191192E-02	-1.745894160376298E+04
2.225225225225226E-02	-1.717764955395977E+04
2.259259259259261E-02	-1.690483432612444E+04
2.293293293293295E-02	-1.664011840207958E+04
2.327327327327329E-02	-1.638314655351830E+04
2.361361361361363E-02	-1.613358384285925E+04
2.395395395395397E-02	-1.589111453637368E+04
2.429429429429431E-02	-1.565544044532554E+04
2.463463463463465E-02	-1.542627998437480E+04
2.497497497497499E-02	-1.520336681567458E+04
2.531531531531533E-02	-1.498644900049925E+04
2.565565565565567E-02	-1.477528791786323E+04
2.599599599599601E-02	-1.456965746668621E+04
2.633633633633635E-02	-1.436934323729164E+04
2.667667667667669E-02	-1.417414172879953E+04
2.701701701701703E-02	-1.398385975707948E+04
2.735735735735738E-02	-1.379831365792129E+04
2.769769769769772E-02	-1.361732891903985E+04
2.803803803803806E-02	-1.344073934426610E+04
2.837837837837840E-02	-1.326838690031538E+04
2.871871871871874E-02	-1.310012082102425E+04
2.905905905905908E-02	-1.293579766201380E+04
2.939939939939942E-02	-1.277528032707208E+04
2.973973973973976E-02	-1.261843832572671E+04
3.008008008008010E-02	-1.246514670638812E+04
3.042042042042044E-02	-1.231528651331456E+04
3.076076076076078E-02	-1.216874361480776E+04
3.110110110110112E-02	-1.202540934918121E+04
3.144144144144146E-02	-1.188517927393033E+04
3.178178178178180E-02	-1.174795387579537E+04
3.212212212212214E-02	-1.161363745396279E+04
3.246246246246248E-02	-1.148213867502733E+04
3.280280280280282E-02	-1.135336969308467E+04
3.314314314314316E-02	-1.122724652194796E+04
3.348348348348350E-02	-1.110368839035154E+04
3.382382382382385E-02	-1.098261792564836E+04
3.416416416416419E-02	-1.086396074282260E+04
3.450450450450453E-02	-1.074764543459034E+04
3.484484484484487E-02	-1.063360339330121E+04
3.518518518518521E-02	-1.052176860295496E+04
3.552552552552555E-02	-1.041207769337933E+04
3.586586586586589E-02	-1.030446953017676E+04
3.620620620620623E-02	-1.019888550081222E+04
3.654654654654657E-02	-1.009526889893418E+04
3.688688688688691E-02	-9.993565442202642E+03
3.722722722722725E-02	-9.893722464559236E+03
3.756756756756759E-02	-9.795689581978393E+03
3.790790790790793E-02	-9.699417870466128E+03
3.824824824824827E-02	-9.604860447049614E+03
3.858858858858862E-02	-9.511971845189453E+03
3.892892892892896E-02	-9.420708363611837E+03
3.926926926926930E-02	-9.331027703001748E+03
3.960960960960964E-02	-9.242889068546279E+03
3.994994994994998E-02	-9.156253067210335E+03
4.029029029029032E-02	-9.071081562942722E+03
4.063063063063066E-02	-8.987337833939066E+03
4.097097097097100E-02	-8.904986179587537E+03
4.131131131131134E-02	-8.823992337211825E+03
4.165165165165168E-02	-8.744322856079991E+03
4.199199199199202E-02	-8.665945692497067E+03
4.233233233233236E-02	-8.588829528717688E+03
4.267267267267270E-02	-8.512944298786262E+03
4.301301301301304E-02	-8.438260704052473E+03
4.335335335335339E-02	-8.364750481782790E+03
4.369369369369373E-02	-8.292386202210282E+03
4.403403403403407E-02	-8.221141262932300E+03
4.437437437437441E-02	-8.150989966508932E+03
4.471471471471475E-02	-8.081907240884644E+03
4.505505505505509E-02	-8.013868996618819E+03
4.539539539539543E-02	-7.946851592189210E+03
4.573573573573577E-02	-7.880832376989805E+03
4.607607607607611E-02	-7.815789104867237E+03
4.641641641641645E-02	-7.751700390763721E+03
4.675675675675679E-02	-7.688545336284062E+03
4.709709709709713E-02	-7.626303710524945E+03
4.743743743743747E-02	-7.564955872171691E+03
4.777777777777781E-02	-7.504482658225981E+03
4.811811811811816E-02	-7.444865601377285E+03
4.845845845845850E-02	-7.386086536368305E+03
4.879879879879884E-02	-7.328128067037076E+03
4.913913913913918E-02	-7.270973008543583E+03
4.947947947947952E-02	-7.214604871304818E+03
4.981981981981986E-02	-7.159007469805591E+03
5.016016016016020E-02	-7.104165128547403E+03
5.050050050050054E-02	-7.050062599469939E+03
5.084084084084088E-02	-6.996684962465551E+03
5.118118118118122E-02	-6.944017849931369E+03
5.152152152152156E-02	-6.892047059538051E+03
5.186186186186190E-02	-6.840759002189544E+03
5.220220220220224E-02	-6.790140215168042E+03
5.254254254254258E-02	-6.740177755923230E+03
5.288288288288293E-02	-6.690858922095455E+03
5.322322322322327E-02	-6.642171351019945E+03
5.356356356356361E-02	-6.594103057451021E+03
5.390390390390395E-02	-6.546642217780536E+03
5.424424424424429E-02	-6.499777523841924E+03
5.458458458458463E-02	-6.453497691664130E+03
5.492492492492497E-02	-6.407791937953665E+03
5.526526526526531E-02	-6.362649599888859E+03
5.560560560560565E-02	-6.318060342023612E+03
5.594594594594599E-02	-6.274014094275061E+03
5.628628628628633E-02	-6.230500936249001E+03
5.662662662662667E-02	-6.187511359715455E+03
5.696696696696701E-02	-6.145035861910209E+03
5.730730730730735E-02	-6.103065373143815E+03
5.764764764764770E-02	-6.061590885171472E+03
5.798798798798804E-02	-6.020603680977208E+03
5.832832832832838E-02	-5.980095249211404E+03
5.866866866866872E-02	-5.940057192051374E+03
5.900900900900906E-02	-5.900481470927490E+03
5.934934934934940E-02	-5.861360018297418E+03
5.968968968968974E-02	-5.822685145397180E+03
6.003003003003008E-02	-5.784449202571610E+03
6.037037037037042E-02	-5.746644772347207E+03
6.071071071071076E-02	-5.709264627286124E+03
6.105105105105110E-02	-5.672301595090147E+03
6.139139139139144E-02	-5.635748848920459E+03
6.173173173173178E-02	-5.599599488225455E+03
6.207207207207213E-02	-5.563846943623947E+03
6.241241241241247E-02	-5.528484694201437E+03
6.275275275275280E-02	-5.493506370563578E+03
6.309309309309313E-02	-5.458905815228462E+03
6.343343343343347E-02	-5.424676861009125E+03
6.377377377377380E-02	-5.390813647845298E+03
6.411411411411413E-02	-5.357310273707995E+03
6.445445445445447E-02	-5.324161067053568E+03
6.479479479479480E-02	-5.291360455590755E+03
6.513513513513514E-02	-5.258902917716779E+03
6.547547547547547E-02	-5.226783197855474E+03
6.581581581581580E-02	-5.194995951920349E+03
6.615615615615614E-02	-5.163536111143937E+03
6.649649649649647E-02	-5.132398619711571E+03
6.683683683683680E-02	-5.101578532895147E+03
6.717717717717714E-02	-5.071071084700202E+03
6.751751751751747E-02	-5.040871463553297E+03
6.785785785785781E-02	-5.010975112963589E+03
6.819819819819814E-02	-4.981377435513693E+03
6.853853853853847E-02	-4.952073989429902E+03
6.887887887887881E-02	-4.923060444071432E+03
6.921921921921914E-02	-4.894332454719981E+03
6.955955955955948E-02	-4.865885913788158E+03
6.989989989989981E-02	-4.837716633001481E+03
7.024024024024014E-02	-4.809820609468878E+03
7.058058058058048E-02	-4.782193901866188E+03
7.092092092092081E-02	-4.754832575561154E+03
7.126126126126114E-02	-4.727732917052338E+03
7.160160160160148E-02	-4.700891105307272E+03
7.194194194194181E-02	-4.674303520555150E+03
7.228228228228215E-02	-4.647966571587073E+03
7.262262262262248E-02	-4.621876685034945E+03
7.296296296296281E-02	-4.596030492525672E+03
7.330330330330315E-02	-4.570424505878254E+03
7.364364364364348E-02	-4.545055439269604E+03
7.398398398398381E-02	-4.519920018131425E+03
7.432432432432415E-02	-4.495014987768770E+03
7.466466466466448E-02	-4.470337282441858E+03
7.500500500500482E-02	-4.445883717250257E+03
7.534534534534515E-02	-4.421651297256291E+03
7.568568568568548E-02	-4.397637035873172E+03
7.602602602602582E-02	-4.373837957514168E+03
7.636636636636615E-02	-4.350251268892072E+03
7.670670670670648E-02	-4.326874056059039E+03
7.704704704704682E-02	-4.303703579394774E+03
7.738738738738715E-02	-4.280737115698114E+03
7.772772772772749E-02	-4.257971936808137E+03
7.806806806806782E-02	-4.235405486327046E+03
7.840840840840815E-02	-4.213035102439776E+03
7.874874874874849E-02	-4.190858266397164E+03
7.908908908908882E-02	-4.168872497227061E+03
7.942942942942915E-02	-4.147075285217107E+03
7.976976976976949E-02	-4.125464282835026E+03
8.011011011010982E-02	-4.104037060972489E+03
8.045045045045016E-02	-4.082791292336069E+03
8.079079079079049E-02	-4.061724719946640E+03
8.113113113113082E-02	-4.040835026958505E+03
8.147147147147116E-02	-4.020120049960208E+03
8.181181181181149E-02	-3.999577575780059E+03
8.215215215215182E-02	-3.979205442440465E+03
8.249249249249216E-02	-3.959001601206126E+03
8.283283283283249E-02	-3.938963905446744E+03
8.317317317317283E-02	-3.919090353958355E+03
8.351351351351316E-02	-3.899378935001696E+03
8.385385385385349E-02	-3.879827635009070E+03
8.419419419419383E-02	-3.860434580687046E+03
8.453453453453416E-02	-3.841197794683654E+03
8.487487487487450E-02	-3.822115412149936E+03
8.521521521521483E-02	-3.803185610212770E+03
8.555555555555516E-02	-3.784406513645986E+03
8.589589589589550E-02	-3.765776380524260E+03
8.623623623623583E-02	-3.747293417131382E+03
8.657657657657616E-02	-3.728955866889471E+03
8.691691691691650E-02	-3.710762084887258E+03
8.725725725725683E-02	-3.692710317546204E+03
8.759759759759717E-02	-3.674798938154911E+03
8.793793793793750E-02	-3.657026326552345E+03
8.827827827827783E-02	-3.639390833663017E+03
8.861861861861817E-02	-3.621890933050831E+03
8.895895895895850E-02	-3.604525027871631E+03
8.929929929929883E-02	-3.587291575515969E+03
8.963963963963917E-02	-3.570189120606372E+03
8.997997997997950E-02	-3.553216111900015E+03
9.032032032031984E-02	-3.536371115128130E+03
9.066066066066017E-02	-3.519652694869016E+03
9.100100100100050E-02	-3.503059390159883E+03
9.134134134134084E-02	-3.486589853241881E+03
9.168168168168117E-02	-3.470242667717028E+03
9.202202202202150E-02	-3.454016462869940E+03
9.236236236236184E-02	-3.437909957610644E+03
9.270270270270217E-02	-3.421921768754846E+03
9.304304304304251E-02	-3.406050621303165E+03
9.338338338338284E-02	-3.390295250643521E+03
9.372372372372317E-02	-3.374654351751809E+03
9.406406406406351E-02	-3.359126724407453E+03
9.440440440440384E-02	-3.343711119929105E+03
9.474474474474417E-02	-3.328406307130228E+03
9.508508508508451E-02	-3.313211156384406E+03
9.542542542542484E-02	-3.298124434503334E+03
9.576576576576518E-02	-3.283144993909659E+03
9.610610610610551E-02	-3.268271730040498E+03
9.644644644644584E-02	-3.253503466435953E+03
9.678678678678618E-02	-3.238839123920125E+03
9.712712712712651E-02	-3.224277611700322E+03
9.746746746746685E-02	-3.209817817345210E+03
9.780780780780718E-02	-3.195458722778160E+03
9.814814814814751E-02	-3.181199250806528E+03
9.848848848848785E-02	-3.167038349483555E+03
9.882882882882818E-02	-3.152975058400442E+03
9.916916916916851E-02	-3.139008313868558E+03
9.950950950950885E-02	-3.125137132550271E+03
9.984984984984918E-02	-3.111360573997584E+03
1.001901901901895E-01	-3.097677622450014E+03
1.005305305305298E-01	-3.084087350008547E+03
1.008708708708702E-01	-3.070588828594003E+03
1.012112112112105E-01	-3.057181094909488E+03
1.015515515515509E-01	-3.043863270959961E+03
1.018918918918912E-01	-3.030634441124008E+03
1.022322322322315E-01	-3.017493691632427E+03
1.025725725725719E-01	-3.004440191551473E+03
1.029129129129122E-01	-2.991473037855491E+03
1.032532532532525E-01	-2.978591363512316E+03
1.035935935935929E-01	-2.965794381947484E+03
1.039339339339332E-01	-2.953081202912722E+03
1.042742742742735E-01	-2.940451012634791E+03
1.046146146146139E-01	-2.927903038800101E+03
1.049549549549542E-01	-2.915436431686810E+03
1.052952952952945E-01	-2.903050418968275E+03
1.056356356356349E-01	-2.890744240475969E+03
1.059759759759752E-01	-2.878517086939537E+03
1.063163163163155E-01	-2.866368224308230E+03
1.066566566566559E-01	-2.854296904854500E+03
1.069969969969962E-01	-2.842302357420166E+03
1.073373373373365E-01	-2.830383883965393E+03
1.076776776776769E-01	-2.818540749527189E+03
1.080180180180172E-01	-2.806772218829405E+03
1.083583583583575E-01	-2.795077627683872E+03
1.086986986986979E-01	-2.783456254239994E+03
1.090390390390382E-01	-2.771907396976410E+03
1.093793793793785E-01	-2.760430423496941E+03
1.097197197197189E-01	-2.749024625432579E+03
1.100600600600592E-01	-2.737689332986435E+03
1.104004004003995E-01	-2.726423943588592E+03
1.107407407407399E-01	-2.715227762739286E+03
1.110810810810802E-01	-2.704100152922448E+03
1.114214214214205E-01	-2.693040532031892E+03
1.117617617617609E-01	-2.682048227326206E+03
1.121021021021012E-01	-2.671122630895562E+03
1.124424424424415E-01	-2.660263174285131E+03
1.127827827827819E-01	-2.649469211948158E+03
1.131231231231222E-01	-2.638740161418631E+03
1.134634634634625E-01	-2.628075468334785E+03
1.138038038038029E-01	-2.617474512617433E+03
1.141441441441432E-01	-2.606936735572434E+03
1.144844844844835E-01	-2.596461597382644E+03
1.148248248248239E-01	-2.586048501784003E+03
1.151651651651642E-01	-2.575696912254563E+03
1.155055055055045E-01	-2.565406303981498E+03
1.158458458458449E-01	-2.555176102934030E+03
1.161861861861852E-01	-2.545005793231162E+03
1.165265265265255E-01	-2.534894865530574E+03
1.168668668668659E-01	-2.524842766519866E+03
1.172072072072062E-01	-2.514848999492506E+03
1.175475475475465E-01	-2.504913071048004E+03
1.178878878878869E-01	-2.495034447140769E+03
1.182282282282272E-01	-2.485212648833779E+03
1.185685685685675E-01	-2.475447199143366E+03
1.189089089089079E-01	-2.465737581899364E+03
1.192492492492482E-01	-2.456083334587527E+03
1.195895895895885E-01	-2.446483997118590E+03
1.199299299299289E-01	-2.436939069863500E+03
1.202702702702692E-01	-2.427448105439393E+03
1.206106106106095E-01	-2.418010661130387E+03
1.209509509509499E-01	-2.408626252568454E+03
1.212912912912902E-01	-2.399294446263226E+03
1.216316316316305E-01	-2.390014817351711E+03
1.219719719719709E-01	-2.380786895498301E+03
1.223123123123112E-01	-2.371610259916109E+03
1.226526526526515E-01	-2.362484504074187E+03
1.229929929929919E-01	-2.353409170489668E+03
1.233333333333322E-01	-2.344383849937692E+03
1.236736736736725E-01	-2.335408154697132E+03
1.240140140140129E-01	-2.326481639004841E+03
1.243543543543532E-01	-2.317603904101600E+03
1.246946946946935E-01	-2.308774581552075E+03
1.250350350350339E-01	-2.299993236224101E+03
1.253753753753742E-01	-2.291259478770731E+03
1.257157157157145E-01	-2.282572960515723E+03
1.260560560560549E-01	-2.273933255911425E+03
1.263963963963952E-01	-2.265339985549002E+03
1.267367367367356E-01	-2.256792816366533E+03
1.270770770770759E-01	-2.248291336009545E+03
1.274174174174162E-01	-2.239835175600223E+03
1.277577577577566E-01	-2.231424008843465E+03
1.280980980980969E-01	-2.223057444924004E+03
1.284384384384372E-01	-2.214735121914513E+03
1.287787787787776E-01	-2.206456719367929E+03
1.291191191191179E-01	-2.198221868457937E+03
1.294594594594582E-01	-2.190030213293719E+03
1.297997997997986E-01	-2.181881438392416E+03
1.301401401401389E-01	-2.173775197361767E+03
1.304804804804792E-01	-2.165711139467924E+03
1.308208208208196E-01	-2.157688953341440E+03
1.311611611611599E-01	-2.149708315464540E+03
1.315015015015002E-01	-2.141768879413367E+03
1.318418418418406E-01	-2.133870337113012E+03
1.321821821821809E-01	-2.126012388355217E+03
1.325225225225212E-01	-2.118194690210568E+03
1.328628628628616E-01	-2.110416937109996E+03
1.332032032032019E-01	-2.102678852584493E+03
1.335435435435422E-01	-2.094980096413308E+03
1.338838838838826E-01	-2.087320367513533E+03
1.342242242242229E-01	-2.079699405359522E+03
1.345645645645632E-01	-2.072116879901845E+03
1.349049049049036E-01	-2.064572496368825E+03
1.352452452452439E-01	-2.057065994705364E+03
1.355855855855842E-01	-2.049597070194353E+03
1.359259259259246E-01	-2.042165428741044E+03
1.362662662662649E-01	-2.034770810068711E+03
1.366066066066052E-01	-2.027412935192947E+03
1.369469469469456E-01	-2.020091510005530E+03
1.372872872872859E-01	-2.012806273340958E+03
1.376276276276262E-01	-2.005556972341607E+03
1.379679679679666E-01	-1.998343312220079E+03
1.383083083083069E-01	-1.991165030278798E+03
1.386486486486472E-01	-1.984021900174720E+03
1.389889889889876E-01	-1.976913625799161E+03
1.393293293293279E-01	-1.969839950629164E+03
1.396696696696682E-01	-1.962800650236343E+03
1.400100100100086E-01	-1.955795451552505E+03
1.403503503503489E-01	-1.948824097142856E+03
1.406906906906892E-01	-1.941886359351332E+03
1.410310310310296E-01	-1.934981993069533E+03
1.413713713713699E-01	-1.928110737845963E+03
1.417117117117102E-01	-1.921272362230514E+03
1.420520520520506E-01	-1.914466649432097E+03
1.423923923923909E-01	-1.907693335416589E+03
1.427327327327312E-01	-1.900952187363545E+03
1.430730730730716E-01	-1.894243008239356E+03
1.434134134134119E-01	-1.887565538791751E+03
1.437537537537522E-01	-1.880919549802307E+03
1.440940940940926E-01	-1.874304838929108E+03
1.444344344344329E-01	-1.867721176584378E+03
1.447747747747732E-01	-1.861168328451553E+03
1.451151151151136E-01	-1.854646086381098E+03
1.454554554554539E-01	-1.848154250777396E+03
1.457957957957942E-01	-1.841692581726242E+03
1.461361361361346E-01	-1.835260867435813E+03
1.464764764764749E-01	-1.828858930681640E+03
1.468168168168152E-01	-1.822486533411638E+03
1.471571571571556E-01	-1.816143467028339E+03
1.474974974974959E-01	-1.809829547144714E+03
1.478378378378362E-01	-1.803544566953104E+03
1.481781781781766E-01	-1.797288310901153E+03
1.485185185185169E-01	-1.791060586998602E+03
1.488588588588572E-01	-1.784861219980798E+03
1.491991991991976E-01	-1.778689986899213E+03
1.495395395395379E-01	-1.772546694670624E+03
1.498798798798782E-01	-1.766431179058263E+03
1.502202202202186E-01	-1.760343230098346E+03
1.505605605605589E-01	-1.754282652978438E+03
1.509009009008992E-01	-1.748249274644113E+03
1.512412412412396E-01	-1.742242917835673E+03
1.515815815815799E-01	-1.736263379126961E+03
1.519219219219202E-01	-1.730310477312986E+03
1.522622622622606E-01	-1.724384064940092E+03
1.526026026026009E-01	-1.718483932746811E+03
1.529429429429413E-01	-1.712609903282864E+03
1.532832832832816E-01	-1.706761819153405E+03
1.536236236236219E-01	-1.700939504896093E+03
1.539639639639623E-01	-1.695142773319838E+03
1.543043043043026E-01	-1.689371456733100E+03
1.546446446446429E-01	-1.683625413721857E+03
1.549849849849833E-01	-1.677904446997584E+03
1.553253253253236E-01	-1.672208390785391E+03
1.556656656656639E-01	-1.666537100292438E+03
1.560060060060043E-01	-1.660890405458438E+03
1.563463463463446E-01	-1.655268132258082E+03
1.566866866866849E-01	-1.649670124592705E+03
1.570270270270253E-01	-1.644096247461327E+03
1.573673673673656E-01	-1.638546315728091E+03
1.577077077077059E-01	-1.633020173450745E+03
1.580480480480463E-01	-1.627517685582809E+03
1.583883883883866E-01	-1.622038690890623E+03
1.587287287287269E-01	-1.616583025646743E+03
1.590690690690673E-01	-1.611150542564441E+03
1.594094094094076E-01	-1.605741116419749E+03
1.597497497497479E-01	-1.600354571436034E+03
1.600900900900883E-01	-1.594990760786004E+03
1.604304304304286E-01	-1.589649556500797E+03
1.607707707707689E-01	-1.584330809424945E+03
1.611111111111093E-01	-1.579034363447575E+03
1.614514514514496E-01	-1.573760077494200E+03
1.617917917917899E-01	-1.568507839311144E+03
1.621321321321303E-01	-1.563277479868579E+03
1.624724724724706E-01	-1.558068860798411E+03
1.628128128128109E-01	-1.552881858714039E+03
1.631531531531513E-01	-1.547716339623662E+03
1.634934934934916E-01	-1.542572152524803E+03
1.638338338338319E-01	-1.537449163610305E+03
1.641741741741723E-01	-1.532347266166584E+03
1.645145145145126E-01	-1.527266305925985E+03
1.648548548548529E-01	-1.522206148893069E+03
1.651951951951933E-01	-1.517166673929153E+03
1.655355355355336E-01	-1.512147765132227E+03
1.658758758758739E-01	-1.507149274260907E+03
1.662162162162143E-01	-1.502171075047403E+03
1.665565565565546E-01	-1.497213061549329E+03
1.668968968968949E-01	-1.492275099614373E+03
1.672372372372353E-01	-1.487357056523033E+03
1.675775775775756E-01	-1.482458811200035E+03
1.679179179179159E-01	-1.477580268606439E+03
1.682582582582563E-01	-1.472721281064401E+03
1.685985985985966E-01	-1.467881729322426E+03
1.689389389389369E-01	-1.463061506111729E+03
1.692792792792773E-01	-1.458260500072157E+03
1.696196196196176E-01	-1.453478577649541E+03
1.699599599599579E-01	-1.448715623383423E+03
1.703003003002983E-01	-1.443971542935573E+03
1.706406406406386E-01	-1.439246209922827E+03
1.709809809809789E-01	-1.434539504033510E+03
1.713213213213193E-01	-1.429851314708700E+03
1.716616616616596E-01	-1.425181555914615E+03
1.720020020019999E-01	-1.420530091285801E+03
1.723423423423403E-01	-1.415896811641324E+03
1.726826826826806E-01	-1.411281618091531E+03
1.730230230230209E-01	-1.406684411358622E+03
1.733633633633613E-01	-1.402105067050072E+03
1.737037037037016E-01	-1.397543479382027E+03
1.740440440440419E-01	-1.392999560332951E+03
1.743843843843823E-01	-1.388473198586194E+03
1.747247247247226E-01	-1.383964280915832E+03
1.750650650650629E-01	-1.379472704804171E+03
1.754054054054033E-01	-1.374998392323109E+03
1.757457457457436E-01	-1.370541221287812E+03
1.760860860860839E-01	-1.366101088859188E+03
1.764264264264243E-01	-1.361677899553235E+03
1.767667667667646E-01	-1.357271573108778E+03
1.771071071071049E-01	-1.352881989287231E+03
1.774474474474453E-01	-1.348509050989719E+03
1.777877877877856E-01	-1.344152671721407E+03
1.781281281281260E-01	-1.339812761939478E+03
1.784684684684663E-01	-1.335489210679954E+03
1.788088088088066E-01	-1.331181923780054E+03
1.791491491491470E-01	-1.326890823024704E+03
1.794894894894873E-01	-1.322615810675493E+03
1.798298298298276E-01	-1.318356784328680E+03
1.801701701701680E-01	-1.314113652647601E+03
1.805105105105083E-01	-1.309886345010794E+03
1.808508508508486E-01	-1.305674756538812E+03
1.811911911911890E-01	-1.301478792697150E+03
1.815315315315293E-01	-1.297298364870160E+03
1.818718718718696E-01	-1.293133409366282E+03
1.822122122122100E-01	-1.288983815189007E+03
1.825525525525503E-01	-1.284849495004536E+03
1.828928928928906E-01	-1.280730366130613E+03
1.832332332332310E-01	-1.276626361225184E+03
1.835735735735713E-01	-1.272537374107163E+03
1.839139139139116E-01	-1.268463320683915E+03
1.842542542542520E-01	-1.264404124270670E+03
1.845945945945923E-01	-1.260359712773473E+03
1.849349349349326E-01	-1.256329986272041E+03
1.852752752752730E-01	-1.252314863129055E+03
1.856156156156133E-01	-1.248314272048860E+03
1.859559559559536E-01	-1.244328137134498E+03
1.862962962962940E-01	-1.240356364113458E+03
1.866366366366343E-01	-1.236398873714928E+03
1.869769769769746E-01	-1.232455599443816E+03
1.873173173173150E-01	-1.228526462521081E+03
1.876576576576553E-01	-1.224611373728902E+03
1.879979979979956E-01	-1.220710256077969E+03
1.883383383383360E-01	-1.216823047304362E+03
1.886786786786763E-01	-1.212949666640710E+03
1.890190190190166E-01	-1.209090029349984E+03
1.893593593593570E-01	-1.205244060643026E+03
1.896996996996973E-01	-1.201411701936277E+03
1.900400400400376E-01	-1.197592871341206E+03
1.903803803803780E-01	-1.193787488046331E+03
1.907207207207183E-01	-1.189995479384757E+03
1.910610610610586E-01	-1.186216789920421E+03
1.914014014013990E-01	-1.182451337484910E+03
1.917417417417393E-01	-1.178699044655108E+03
1.920820820820796E-01	-1.174959840811741E+03
1.924224224224200E-01	-1.171233673150796E+03
1.927627627627603E-01	-1.167520460040021E+03
1.931031031031006E-01	-1.163820126924919E+03
1.934434434434410E-01	-1.160132605162371E+03
1.937837837837813E-01	-1.156457844081773E+03
1.941241241241216E-01	-1.152795763378480E+03
1.944644644644620E-01	-1.149146290863783E+03
1.948048048048023E-01	-1.145509359802199E+03
1.951451451451426E-01	-1.141884921174265E+03
1.954854854854830E-01	-1.138272896770322E+03
1.958258258258233E-01	-1.134673216281049E+03
1.961661661661636E-01	-1.131085814812899E+03
1.965065065065040E-01	-1.127510644531099E+03
1.968468468468443E-01	-1.123947630064959E+03
1.971871871871846E-01	-1.120396702513996E+03
1.975275275275250E-01	-1.116857798763635E+03
1.978678678678653E-01	-1.113330871712651E+03
1.982082082082056E-01	-1.109815849550446E+03
1.985485485485460E-01	-1.106312664330267E+03
1.988888888888863E-01	-1.102821254656080E+03
1.992292292292266E-01	-1.099341573723955E+03
1.995695695695670E-01	-1.095873553982221E+03
1.999099099099073E-01	-1.092417127997668E+03
2.002502502502476E-01	-1.088972236034822E+03
2.005905905905880E-01	-1.085538831165243E+03
2.009309309309283E-01	-1.082116850773236E+03
2.012712712712686E-01	-1.078706227513459E+03
2.016116116116090E-01	-1.075306903255353E+03
2.019519519519493E-01	-1.071918830538163E+03
2.022922922922896E-01	-1.068541952337970E+03
2.026326326326300E-01	-1.065176200985690E+03
2.029729729729703E-01	-1.061821519902260E+03
2.033133133133107E-01	-1.058477860700385E+03
2.036536536536510E-01	-1.055145172583005E+03
2.039939939939913E-01	-1.051823387159342E+03
2.043343343343317E-01	-1.048512449350526E+03
2.046746746746720E-01	-1.045212309461680E+03
2.050150150150123E-01	-1.041922923537464E+03
2.053553553553527E-01	-1.038644222080701E+03
2.056956956956930E-01	-1.035376151463428E+03
2.060360360360333E-01	-1.032118660314975E+03
2.063763763763737E-01	-1.028871712116797E+03
2.067167167167140E-01	-1.025635235893493E+03
2.070570570570543E-01	-1.022409179420665E+03
2.073973973973947E-01	-1.019193490817470E+03
2.077377377377350E-01	-1.015988137013770E+03
2.080780780780753E-01	-1.012793049760800E+03
2.084184184184157E-01	-1.009608176670817E+03
2.087587587587560E-01	-1.006433467209943E+03
2.090990990990963E-01	-1.003268885710951E+03
2.094394394394367E-01	-1.000114372906987E+03
2.097797797797770E-01	-9.969698740024118E+02
2.101201201201173E-01	-9.938353397669747E+02
2.104604604604577E-01	-9.907107316090780E+02
2.108008008007980E-01	-9.875959997742716E+02
2.111411411411383E-01	-9.844910867283271E+02
2.114814814814787E-01	-9.813959445029574E+02
2.118218218218190E-01	-9.783105312662227E+02
2.121621621621593E-01	-9.752348072887494E+02
2.125025025024997E-01	-9.721687119784032E+02
2.128428428428400E-01	-9.691121985888025E+02
2.131831831831803E-01	-9.660652217426536E+02
2.135235235235207E-01	-9.630277522309733E+02
2.138638638638610E-01	-9.599997260954542E+02
2.142042042042013E-01	-9.569810977730557E+02
2.145445445445417E-01	-9.539718219905831E+02
2.148848848848820E-01	-9.509718687065211E+02
2.152252252252223E-01	-9.479811821301003E+02
2.155655655655627E-01	-9.449997139007691E+02
2.159059059059030E-01	-9.420274198825156E+02
2.162462462462433E-01	-9.390642657120494E+02
2.165865865865837E-01	-9.361102074300454E+02
2.169269269269240E-01	-9.331651925257294E+02
2.172672672672643E-01	-9.302291779648888E+02
2.176076076076047E-01	-9.273021247927536E+02
2.179479479479450E-01	-9.243840013197495E+02
2.182882882882853E-01	-9.214747506120997E+02
2.186286286286257E-01	-9.185743307033047E+02
2.189689689689660E-01	-9.156826998885186E+02
2.193093093093063E-01	-9.127998328664770E+02
2.196496496496467E-01	-9.099256743214539E+02
2.199899899899870E-01	-9.070601812205254E+02
2.203303303303273E-01	-9.042033128857355E+02
2.206706706706677E-01	-9.013550387290238E+02
2.210110110110080E-01	-8.985153168816581E+02
2.213513513513483E-01	-8.956840991852096E+02
2.216916916916887E-01	-8.928613459573122E+02
2.220320320320290E-01	-8.900470210856041E+02
2.223723723723693E-01	-8.872410965339799E+02
2.227127127127097E-01	-8.844435187780995E+02
2.230530530530500E-01	-8.816542491010052E+02
2.233933933933903E-01	-8.788732490224035E+02
2.237337337337307E-01	-8.761004945551309E+02
2.240740740740710E-01	-8.733359367322765E+02
2.244144144144113E-01	-8.705795343882834E+02
2.247547547547517E-01	-8.678312499720705E+02
2.250950950950920E-01	-8.650910533511586E+02
2.254354354354323E-01	-8.623589104445110E+02
2.257757757757727E-01	-8.596347740928883E+02
2.261161161161130E-01	-8.569186076466324E+02
2.264564564564533E-01	-8.542103746771122E+02
2.267967967967937E-01	-8.515100561545639E+02
2.271371371371340E-01	-8.488175988867218E+02
2.274774774774743E-01	-8.461329670414489E+02
2.278178178178147E-01	-8.434561250581893E+02
2.281581581581550E-01	-8.407870471896501E+02
2.284984984984954E-01	-8.381256961001824E+02
2.288388388388357E-01	-8.354720293852616E+02
2.291791791791760E-01	-8.328260123268125E+02
2.295195195195164E-01	-8.301876122714427E+02
2.298598598598567E-01	-8.275568080443435E+02
2.302002002001970E-01	-8.249335504774514E+02
2.305405405405374E-01	-8.223178056704252E+02
2.308808808808777E-01	-8.197095399235170E+02
2.312212212212180E-01	-8.171087303924239E+02
2.315615615615584E-01	-8.145153390838806E+02
2.319019019018987E-01	-8.119293268508553E+02
2.322422422422390E-01	-8.093506607816645E+02
2.325825825825794E-01	-8.067793106180209E+02
2.329229229229197E-01	-8.042152553890312E+02
2.332632632632600E-01	-8.016584486701221E+02
2.336036036036004E-01	-7.991088583148656E+02
2.339439439439407E-01	-7.965664523645884E+02
2.342842842842810E-01	-7.940312095020903E+02
2.346246246246214E-01	-7.915030934896881E+02
2.349649649649617E-01	-7.889820670475393E+02
2.353053053053020E-01	-7.864680989548061E+02
2.356456456456424E-01	-7.839611600147914E+02
2.359859859859827E-01	-7.814612318009127E+02
2.363263263263230E-01	-7.789682692844262E+02
2.366666666666634E-01	-7.764822419612537E+02
2.370070070070037E-01	-7.740031195031875E+02
2.373473473473440E-01	-7.715308808447310E+02
2.376876876876844E-01	-7.690654937422578E+02
2.380280280280247E-01	-7.666069214938784E+02
2.383683683683650E-01	-7.641551344627892E+02
2.387087087087054E-01	-7.617101032785483E+02
2.390490490490457E-01	-7.592718142281414E+02
2.393893893893860E-01	-7.568402224297341E+02
2.397297297297264E-01	-7.544152989184172E+02
2.400700700700667E-01	-7.519970148941934E+02
2.404104104104070E-01	-7.495853483628925E+02
2.407507507507474E-01	-7.471802731472466E+02
2.410910910910877E-01	-7.447817519296875E+02
2.414314314314280E-01	-7.423897565586443E+02
2.417717717717684E-01	-7.400042590417273E+02
2.421121121121087E-01	-7.376252443031328E+02
2.424524524524490E-01	-7.352526745352601E+02
2.427927927927894E-01	-7.328865195226155E+02
2.431331331331297E-01	-7.305267518987382E+02
2.434734734734700E-01	-7.281733476504022E+02
2.438138138138104E-01	-7.258262885808388E+02
2.441541541541507E-01	-7.234855356537098E+02
2.444944944944910E-01	-7.211510621111687E+02
2.448348348348314E-01	-7.188228413447971E+02
2.451751751751717E-01	-7.165008555861777E+02
2.455155155155120E-01	-7.141850762162929E+02
2.458558558558524E-01	-7.118754706201362E+02
2.461961961961927E-01	-7.095720127770452E+02
2.465365365365330E-01	-7.072746768107064E+02
2.468768768768734E-01	-7.049834507852219E+02
2.472172172172137E-01	-7.026982964113271E+02
2.475575575575540E-01	-7.004191870790144E+02
2.478978978978944E-01	-6.981460974797361E+02
2.482382382382347E-01	-6.958790061952694E+02
2.485785785785750E-01	-6.936178954731702E+02
2.489189189189154E-01	-6.913627293298292E+02
2.492592592592557E-01	-6.891134830090390E+02
2.495995995995960E-01	-6.868701318902528E+02
2.499399399399364E-01	-6.846326597890794E+02
2.502802802802767E-01	-6.824010403568312E+02
2.506206206206171E-01	-6.801752430094813E+02
2.509609609609574E-01	-6.779552436602673E+02
2.513013013012978E-01	-6.757410183535469E+02
2.516416416416382E-01	-6.735325557685479E+02
2.519819819819785E-01	-6.713298216362998E+02
2.523223223223189E-01	-6.691327903983603E+02
2.526626626626592E-01	-6.669414386150539E+02
2.530030030029996E-01	-6.647557450188523E+02
2.533433433433400E-01	-6.625756966608967E+02
2.536836836836803E-01	-6.604012581373346E+02
2.540240240240207E-01	-6.582324065106993E+02
2.543643643643611E-01	-6.560691189669276E+02
2.547047047047014E-01	-6.539113785724275E+02
2.550450450450418E-01	-6.517591654076638E+02
2.553853853853821E-01	-6.496124485583965E+02
2.557257257257225E-01	-6.474712056961937E+02
2.560660660660629E-01	-6.453354146119573E+02
2.564064064064032E-01	-6.432050623746921E+02
2.567467467467436E-01	-6.410801226995361E+02
2.570870870870839E-01	-6.389605688269387E+02
2.574274274274243E-01	-6.368463790175325E+02
2.577677677677647E-01	-6.347375316473809E+02
2.581081081081050E-01	-6.326340174703244E+02
2.584484484484454E-01	-6.305358044165930E+02
2.587887887887858E-01	-6.284428695601233E+02
2.591291291291261E-01	-6.263551917314046E+02
2.594694694694665E-01	-6.242727511989973E+02
2.598098098098068E-01	-6.221955381179423E+02
2.601501501501472E-01	-6.201235191688672E+02
2.604904904904876E-01	-6.180566736248905E+02
2.608308308308279E-01	-6.159949808679311E+02
2.611711711711683E-01	-6.139384244077609E+02
2.615115115115086E-01	-6.118869894078434E+02
2.618518518518490E-01	-6.098406459328914E+02
2.621921921921894E-01	-6.077993737931932E+02
2.625325325325297E-01	-6.057631529043358E+02
2.628728728728701E-01	-6.037319697345027E+02
2.632132132132105E-01	-6.017058049720714E+02
2.635535535535508E-01	-5.996846317797549E+02
2.638938938938912E-01	-5.976684304878115E+02
2.642342342342315E-01	-5.956571815284617E+02
2.645745745745719E-01	-5.936508740577210E+02
2.649149149149123E-01	-5.916494847827888E+02
2.652552552552526E-01	-5.896529896906238E+02
2.655955955955930E-01	-5.876613696149410E+02
2.659359359359333E-01	-5.856746054881618E+02
2.662762762762737E-01	-5.836926888954960E+02
2.666166166166141E-01	-5.817155930348918E+02
2.669569569569544E-01	-5.797432964557913E+02
2.672972972972948E-01	-5.777757804794453E+02
2.676376376376352E-01	-5.758130265226994E+02
2.679779779779755E-01	-5.738550283529087E+02
2.683183183183159E-01	-5.719017561092522E+02
2.686586586586562E-01	-5.699531906535640E+02
2.689989989989966E-01	-5.680093137793199E+02
2.693393393393370E-01	-5.660701081474130E+02
2.696796796796773E-01	-5.641355671471248E+02
2.700200200200177E-01	-5.622056606129272E+02
2.703603603603580E-01	-5.602803707054778E+02
2.707007007006984E-01	-5.583596796757429E+02
2.710410410410388E-01	-5.564435720390749E+02
2.713813813813791E-01	-5.545320387067975E+02
2.717217217217195E-01	-5.526250514930165E+02
2.720620620620599E-01	-5.507225930044941E+02
2.724024024024002E-01	-5.488246459354939E+02
2.727427427427406E-01	-5.469311964385439E+02
2.730830830830809E-01	-5.450422333424930E+02
2.734234234234213E-01	-5.431577302209384E+02
2.737637637637617E-01	-5.412776701129761E+02
2.741041041041020E-01	-5.394020361425045E+02
2.744444444444424E-01	-5.375308158924520E+02
2.747847847847827E-01	-5.356639964851450E+02
2.751251251251231E-01	-5.338015530441058E+02
2.754654654654635E-01	-5.319434690274945E+02
2.758058058058038E-01	-5.300897279756833E+02
2.761461461461442E-01	-5.282403187054019E+02
2.764864864864846E-01	-5.263952269894813E+02
2.768268268268249E-01	-5.245544293020283E+02
2.771671671671653E-01	-5.227179095074827E+02
2.775075075075056E-01	-5.208856515500302E+02
2.778478478478460E-01	-5.190576452935246E+02
2.781881881881864E-01	-5.172338754998054E+02
2.785285285285267E-01	-5.154143198042095E+02
2.788688688688671E-01	-5.135989624651783E+02
2.792092092092074E-01	-5.117877878184606E+02
2.795495495495478E-01	-5.099807865980557E+02
2.798898898898882E-01	-5.081779428752717E+02
2.802302302302285E-01	-5.063792352670764E+02
2.805705705705689E-01	-5.045846484140272E+02
2.809109109109093E-01	-5.027941670316766E+02
2.812512512512496E-01	-5.010077825565573E+02
2.815915915915900E-01	-4.992254786723642E+02
2.819319319319303E-01	-4.974472348075359E+02
2.822722722722707E-01	-4.956730359733036E+02
2.826126126126111E-01	-4.939028672536685E+02
2.829529529529514E-01	-4.921367206293082E+02
2.832932932932918E-01	-4.903745796819995E+02
2.836336336336321E-01	-4.886164244907574E+02
2.839739739739725E-01	-4.868622404264555E+02
2.843143143143129E-01	-4.851120129305891E+02
2.846546546546532E-01	-4.833657343784745E+02
2.849949949949936E-01	-4.816233885190362E+02
2.853353353353340E-01	-4.798849559298930E+02
2.856756756756743E-01	-4.781504223309455E+02
2.860160160160147E-01	-4.764197735105988E+02
2.863563563563550E-01	-4.746930020980433E+02
2.866966966966954E-01	-4.729700922620388E+02
2.870370370370358E-01	-4.712510249356522E+02
2.873773773773761E-01	-4.695357861775228E+02
2.877177177177165E-01	-4.678243621128015E+02
2.880580580580568E-01	-4.661167454921995E+02
2.883983983983972E-01	-4.644129211411670E+02
2.887387387387376E-01	-4.627128702135495E+02
2.890790790790779E-01	-4.610165790968198E+02
2.894194194194183E-01	-4.593240342430284E+02
2.897597597597587E-01	-4.576352284003674E+02
2.901001001000990E-01	-4.559501472722784E+02
2.904404404404394E-01	-4.542687721070191E+02
2.907807807807797E-01	-4.525910896113569E+02
2.911211211211201E-01	-4.509170865547493E+02
2.914614614614605E-01	-4.492467555668235E+02
2.918018018018008E-01	-4.475800834352367E+02
2.921421421421412E-01	-4.459170513843951E+02
2.924824824824815E-01	-4.442576464311130E+02
2.928228228228219E-01	-4.426018556531023E+02
2.931631631631623E-01	-4.409496714532314E+02
2.935035035035026E-01	-4.393010818948275E+02
2.938438438438430E-01	-4.376560680680633E+02
2.941841841841834E-01	-4.360146172908968E+02
2.945245245245237E-01	-4.343767169404338E+02
2.948648648648641E-01	-4.327423590922453E+02
2.952052052052044E-01	-4.311115332623801E+02
2.955455455455448E-01	-4.294842203040823E+02
2.958858858858852E-01	-4.278604078278453E+02
2.962262262262255E-01	-4.262400835016296E+02
2.965665665665659E-01	-4.246232389805658E+02
2.969069069069062E-01	-4.230098653965099E+02
2.972472472472466E-01	-4.213999432705368E+02
2.975875875875870E-01	-4.197934604973688E+02
2.979279279279273E-01	-4.181904050275650E+02
2.982682682682677E-01	-4.165907680099558E+02
2.986086086086081E-01	-4.149945423415436E+02
2.989489489489484E-01	-4.134017081233117E+02
2.992892892892888E-01	-4.118122535261854E+02
2.996296296296291E-01	-4.102261667753579E+02
2.999699699699695E-01	-4.086434384345276E+02
3.003103103103099E-01	-4.070640633018868E+02
3.006506506506502E-01	-4.054880209775044E+02
3.009909909909906E-01	-4.039152999007458E+02
3.013313313313309E-01	-4.023458885637225E+02
3.016716716716713E-01	-4.007797768730881E+02
3.020120120120117E-01	-3.992169616512164E+02
3.023523523523520E-01	-3.976574219233718E+02
3.026926926926924E-01	-3.961011463898613E+02
3.030330330330328E-01	-3.945481238022738E+02
3.033733733733731E-01	-3.929983433449894E+02
3.037137137137135E-01	-3.914518039748691E+02
3.040540540540538E-01	-3.899084840752342E+02
3.043943943943942E-01	-3.883683726000859E+02
3.047347347347346E-01	-3.868314585532817E+02
3.050750750750749E-01	-3.852977309882552E+02
3.054154154154153E-01	-3.837671891442653E+02
3.057557557557556E-01	-3.822398126521441E+02
3.060960960960960E-01	-3.807155900625652E+02
3.064364364364364E-01	-3.791945106246990E+02
3.067767767767767E-01	-3.776765636359241E+02
3.071171171171171E-01	-3.761617474221338E+02
3.074574574574575E-01	-3.746500440891144E+02
3.077977977977978E-01	-3.731414413502466E+02
3.081381381381382E-01	-3.716359286932721E+02
3.084784784784785E-01	-3.701334956528347E+02
3.088188188188189E-01	-3.686341395972692E+02
3.091591591591593E-01	-3.671378451776725E+02
3.094994994994996E-01	-3.656445992241469E+02
3.098398398398400E-01	-3.641543914565011E+02
3.101801801801803E-01	-3.626672116401709E+02
3.105205205205207E-01	-3.611830561477798E+02
3.108608608608611E-01	-3.597019122346328E+02
3.112012012012014E-01	-3.582237658076521E+02
3.115415415415418E-01	-3.567486068124097E+02
3.118818818818822E-01	-3.552764252388694E+02
3.122222222222225E-01	-3.538072164316451E+02
3.125625625625629E-01	-3.523409702980333E+02
3.129029029029032E-01	-3.508776717877537E+02
3.132432432432436E-01	-3.494173110660421E+02
3.135835835835840E-01	-3.479598783413397E+02
3.139239239239243E-01	-3.465053679036530E+02
3.142642642642647E-01	-3.450537723491909E+02
3.146046046046050E-01	-3.436050756421978E+02
3.149449449449454E-01	-3.421592681616858E+02
3.152852852852858E-01	-3.407163403286996E+02
3.156256256256261E-01	-3.392762853576114E+02
3.159659659659665E-01	-3.378390985598792E+02
3.163063063063069E-01	-3.364047628916035E+02
3.166466466466472E-01	-3.349732689398456E+02
3.169869869869876E-01	-3.335446073326012E+02
3.173273273273279E-01	-3.321187701929841E+02
3.176676676676683E-01	-3.306957555637204E+02
3.180080080080087E-01	-3.292755453755411E+02
3.183483483483490E-01	-3.278581304180456E+02
3.186886886886894E-01	-3.264435015206681E+02
3.190290290290297E-01	-3.250316497049611E+02
3.193693693693701E-01	-3.236225757508415E+02
3.197097097097105E-01	-3.222162605517835E+02
3.200500500500508E-01	-3.208126950945642E+02
3.203903903903912E-01	-3.194118704047449E+02
3.207307307307316E-01	-3.180137775464555E+02
3.210710710710719E-01	-3.166184165849816E+02
3.214114114114123E-01	-3.152257708177673E+02
3.217517517517526E-01	-3.138358302742753E+02
3.220920920920930E-01	-3.124485861710343E+02
3.224324324324334E-01	-3.110640297621425E+02
3.227727727727737E-01	-3.096821599421939E+02
3.231131131131141E-01	-3.083029628535323E+02
3.234534534534544E-01	-3.069264274157532E+02
3.237937937937948E-01	-3.055525450313733E+02
3.241341341341352E-01	-3.041813071394941E+02
3.244744744744755E-01	-3.028127114703246E+02
3.248148148148159E-01	-3.014467469852629E+02
3.251551551551563E-01	-3.000834014988841E+02
3.254954954954966E-01	-2.987226665948468E+02
3.258358358358370E-01	-2.973645338924590E+02
3.261761761761773E-01	-2.960089999685925E+02
3.265165165165177E-01	-2.946560565687936E+02
3.268568568568581E-01	-2.933056904122266E+02
3.271971971971984E-01	-2.919578932590235E+02
3.275375375375388E-01	-2.906126569040260E+02
3.278778778778791E-01	-2.892699767864343E+02
3.282182182182195E-01	-2.879298473922278E+02
3.285585585585599E-01	-2.865922543594148E+02
3.288988988989002E-01	-2.852571896200567E+02
3.292392392392406E-01	-2.839246451400258E+02
3.295795795795810E-01	-2.825946152410045E+02
3.299199199199213E-01	-2.812670970970793E+02
3.302602602602617E-01	-2.799420752838999E+02
3.306006006006020E-01	-2.786195419010410E+02
3.309409409409424E-01	-2.772994890810430E+02
3.312812812812828E-01	-2.759819100525997E+02
3.316216216216231E-01	-2.746668046172158E+02
3.319619619619635E-01	-2.733541563113681E+02
3.323023023023038E-01	-2.720439573978877E+02
3.326426426426442E-01	-2.707362001717319E+02
3.329829829829846E-01	-2.694308769598296E+02
3.333233233233249E-01	-2.681279896350041E+02
3.336636636636653E-01	-2.668275212092701E+02
3.340040040040057E-01	-2.655294639421716E+02
3.343443443443460E-01	-2.642338102869830E+02
3.346846846846864E-01	-2.629405527281240E+02
3.350250250250267E-01	-2.616496920539846E+02
3.353653653653671E-01	-2.603612138627281E+02
3.357057057057075E-01	-2.590751093802900E+02
3.360460460460478E-01	-2.577913712142605E+02
3.363863863863882E-01	-2.565099920026029E+02
3.367267267267285E-01	-2.552309714876078E+02
3.370670670670689E-01	-2.539542977664037E+02
3.374074074074093E-01	-2.526799610684036E+02
3.377477477477496E-01	-2.514079541516520E+02
3.380880880880900E-01	-2.501382698038060E+02
3.384284284284304E-01	-2.488709067633165E+02
3.387687687687707E-01	-2.476058555315881E+02
3.391091091091111E-01	-2.463431053825424E+02
3.394494494494514E-01	-2.450826492209322E+02
3.397897897897918E-01	-2.438244799803774E+02
3.401301301301322E-01	-2.425685954415469E+02
3.404704704704725E-01	-2.413149884081270E+02
3.408108108108129E-01	-2.400636472434336E+02
3.411511511511532E-01	-2.388145649952666E+02
3.414914914914936E-01	-2.375677347395963E+02
3.418318318318340E-01	-2.363231533491016E+02
3.421721721721743E-01	-2.350808158206189E+02
3.425125125125147E-01	-2.338407096554557E+02
3.428528528528551E-01	-2.326028280409446E+02
3.431931931931954E-01	-2.313671641918893E+02
3.435335335335358E-01	-2.301337141263718E+02
3.438738738738761E-01	-2.289024749183164E+02
3.442142142142165E-01	-2.276734332592814E+02
3.445545545545569E-01	-2.264465824726906E+02
3.448948948948972E-01	-2.252219159087839E+02
3.452352352352376E-01	-2.239994287879605E+02
3.455755755755779E-01	-2.227791201384082E+02
3.459159159159183E-01	-2.215609758977194E+02
3.462562562562587E-01	-2.203449895221075E+02
3.465965965965990E-01	-2.191311544939178E+02
3.469369369369394E-01	-2.179194652962228E+02
3.472772772772798E-01	-2.167099227820582E+02
3.476176176176201E-01	-2.155025121943148E+02
3.479579579579605E-01	-2.142972271187436E+02
3.482982982983008E-01	-2.130940611666004E+02
3.486386386386412E-01	-2.118930081473026E+02
3.489789789789816E-01	-2.106940706029197E+02
3.493193193193219E-01	-2.094972331442458E+02
3.496596596596623E-01	-2.083024894834329E+02
3.500000000000026E-01	-2.071098333575286E+02
3.503403403403430E-01	-2.059192585283478E+02
