# barionic density, pressure
1.299299299299299E-02	4.030504481150689E+02
1.598598598598599E-02	4.030368775707033E+02
1.897897897897898E-02	4.030138083550694E+02
2.197197197197197E-02	4.029939416888686E+02
2.496496496496497E-02	4.029715733930921E+02
2.795795795795796E-02	4.029367631703685E+02
3.095095095095095E-02	4.029086374327835E+02
3.394394394394395E-02	4.028783269777696E+02
3.693693693693694E-02	4.028459497105249E+02
3.992992992992993E-02	4.028116274880063E+02
4.292292292292293E-02	4.027754851589789E+02
4.591591591591592E-02	4.027376498353094E+02
4.890890890890891E-02	4.026982503271919E+02
5.190190190190191E-02	4.026574166975404E+02
5.489489489489490E-02	4.026152799049746E+02
5.788788788788789E-02	4.025719715138873E+02
6.088088088088089E-02	4.025490959447538E+02
6.387387387387389E-02	4.025048658437820E+02
6.686686686686688E-02	4.024598580078718E+02
6.985985985985987E-02	4.024387308372013E+02
7.285285285285287E-02	4.023935819824127E+02
7.584584584584586E-02	4.023745941903276E+02
7.883883883883885E-02	4.023298208140649E+02
8.183183183183185E-02	4.023134784232327E+02
8.482482482482484E-02	4.022695933087733E+02
8.781781781781783E-02	4.022563981587523E+02
9.081081081081083E-02	4.022454583155506E+02
9.380380380380382E-02	4.022368951706640E+02
9.679679679679681E-02	4.021973062282569E+02
9.978978978978981E-02	4.021928736550499E+02
1.027827827827828E-01	4.021911793914057E+02
1.057757757757758E-01	4.021923416530348E+02
1.087687687687688E-01	4.021964777903655E+02
1.117617617617618E-01	4.022037042644204E+02
1.147547547547548E-01	4.022141366250514E+02
1.177477477477478E-01	4.022278894913175E+02
1.207407407407408E-01	4.022450765337072E+02
1.237337337337338E-01	4.022658104580503E+02
1.267267267267267E-01	4.022902029909208E+02
1.297197197197197E-01	4.023183648663721E+02
1.327127127127127E-01	4.023956075479273E+02
1.357057057057057E-01	4.024325971001158E+02
1.386986986986987E-01	4.024736802821093E+02
1.416916916916917E-01	4.025189637606750E+02
1.446846846846847E-01	4.026175732690643E+02
1.476776776776777E-01	4.026725267869406E+02
1.506706706706707E-01	4.027829044551227E+02
1.536636636636637E-01	4.028479350418762E+02
1.566566566566567E-01	4.029176799434257E+02
1.596496496496497E-01	4.030459833808387E+02
1.626426426426427E-01	4.031810776609159E+02
1.656356356356357E-01	4.032674499188070E+02
1.686286286286287E-01	4.034154759972413E+02
1.716216216216216E-01	4.035130958816360E+02
1.746146146146146E-01	4.036744248673276E+02
1.776076076076076E-01	4.038430040887624E+02
1.806006006006006E-01	4.039586600022312E+02
1.835935935935936E-01	4.041410814328713E+02
1.865865865865866E-01	4.043310158544577E+02
1.895795795795796E-01	4.044655134742541E+02
1.925725725725726E-01	4.046698102811009E+02
1.955655655655656E-01	4.048818733184473E+02
1.985585585585586E-01	4.051017844543321E+02
2.015515515515516E-01	4.053296245052045E+02
2.045445445445446E-01	4.055654732349844E+02
2.075375375375376E-01	4.057408767660414E+02
2.105305305305306E-01	4.059920679127022E+02
2.135235235235236E-01	4.062515018922932E+02
2.165165165165165E-01	4.065192542354091E+02
2.195095095095095E-01	4.067953994177682E+02
2.225025025025025E-01	4.070800108601406E+02
2.254954954954955E-01	4.073731609283815E+02
2.284884884884885E-01	4.076749209335851E+02
2.314814814814815E-01	4.079853611323347E+02
2.344744744744745E-01	4.083045507270572E+02
2.374674674674675E-01	4.086325578664713E+02
2.404604604604605E-01	4.089694496461187E+02
2.434534534534535E-01	4.093152921089843E+02
2.464464464464465E-01	4.097504255206638E+02
2.494394394394395E-01	4.101152592054033E+02
2.524324324324325E-01	4.104892344271190E+02
2.554254254254255E-01	4.108724130426929E+02
2.584184184184184E-01	4.112648558606210E+02
2.614114114114114E-01	4.116666226420729E+02
2.644044044044044E-01	4.120777721019920E+02
2.673973973973974E-01	4.125848818124120E+02
2.703903903903904E-01	4.130158582949937E+02
2.733833833833834E-01	4.134563864828671E+02
2.763763763763764E-01	4.139065209342801E+02
2.793693693693694E-01	4.144563824630413E+02
2.823623623623624E-01	4.149267755425714E+02
2.853553553553554E-01	4.154069315387117E+02
2.883483483483484E-01	4.158969008745007E+02
2.913413413413414E-01	4.163967329389444E+02
2.943343343343344E-01	4.170009632566258E+02
2.973273273273274E-01	4.175215478233446E+02
3.003203203203204E-01	4.180521363889889E+02
3.033133133133133E-01	4.186899036183673E+02
3.063063063063063E-01	4.192415161426070E+02
3.092992992992993E-01	4.198032647825763E+02
3.122922922922923E-01	4.203751917662230E+02
3.152852852852853E-01	4.210579844560662E+02
3.182782782782783E-01	4.216512695180967E+02
3.212712712712713E-01	4.222548528925711E+02
3.242642642642643E-01	4.228687727520858E+02
3.272572572572573E-01	4.235972210307172E+02
3.302502502502503E-01	4.242328010171187E+02
3.332432432432433E-01	4.248788253974648E+02
3.362362362362363E-01	4.256421092218479E+02
3.392292292292293E-01	4.263099991559639E+02
3.422222222222223E-01	4.269884324201694E+02
3.452152152152153E-01	4.276774401687014E+02
3.482082082082082E-01	4.284873303962320E+02
3.512012012012012E-01	4.291984502322492E+02
3.541941941941942E-01	4.299202315951341E+02
3.571871871871872E-01	4.307655983679774E+02
3.601801801801802E-01	4.315096559522332E+02
3.631731731731732E-01	4.322644532625715E+02
3.661661661661662E-01	4.330300145371523E+02
3.691591591591592E-01	4.339227478978522E+02
3.721521521521522E-01	4.347107772040896E+02
3.751451451451452E-01	4.355096369597294E+02
3.781381381381382E-01	4.363193474977679E+02
3.811311311311312E-01	4.371399281773492E+02
3.841241241241242E-01	4.380921368046246E+02
3.871171171171172E-01	4.389353819368506E+02
3.901101101101102E-01	4.397895491955770E+02
3.931031031031031E-01	4.406546540815236E+02
3.960960960960961E-01	4.415307111336070E+02
3.990890890890891E-01	4.424177339314276E+02
4.020820820820821E-01	4.433157350977758E+02
4.050750750750751E-01	4.443515530567471E+02
4.080680680680681E-01	4.452724135678507E+02
4.110610610610611E-01	4.462042844150134E+02
4.140540540540541E-01	4.471471744312510E+02
4.170470470470471E-01	4.481010915054426E+02
4.200400400400401E-01	4.490660425849454E+02
4.230330330330331E-01	4.500420336782245E+02
4.260260260260261E-01	4.510290698574972E+02
4.290190190190191E-01	4.520271552613930E+02
4.320120120120121E-01	4.530362930976376E+02
4.350050050050051E-01	4.540564856457466E+02
4.379979979979980E-01	4.550877342597415E+02
4.409909909909910E-01	4.561300393708757E+02
4.439839839839840E-01	4.571834004903853E+02
4.469769769769770E-01	4.582478162122502E+02
4.499699699699700E-01	4.591834433053965E+02
4.529629629629630E-01	4.602690933791998E+02
4.559559559559560E-01	4.613657883802224E+02
4.589489489489490E-01	4.624735232514067E+02
4.619419419419420E-01	4.635922920326531E+02
4.649349349349350E-01	4.645779195343424E+02
4.679279279279280E-01	4.657178679054284E+02
4.709209209209210E-01	4.668688268872839E+02
4.739139139139140E-01	4.680307869272573E+02
4.769069069069070E-01	4.690561103537580E+02
4.798998998999000E-01	4.702391736108457E+02
4.828928928928929E-01	4.712838519936070E+02
4.858858858858859E-01	4.724879695925547E+02
4.888788788788789E-01	4.737030270560886E+02
4.918718718718719E-01	4.747770670903396E+02
4.948648648648649E-01	4.760130922204454E+02
4.978578578578579E-01	4.771063440949815E+02
5.008508508508509E-01	4.782087480650030E+02
5.038438438438440E-01	4.794756644813248E+02
5.068368368368370E-01	4.805971735490210E+02
5.098298298298301E-01	4.818848781210329E+02
5.128228228228231E-01	4.830254122129677E+02
5.158158158158161E-01	4.841749990564574E+02
5.188088088088092E-01	4.854932931132856E+02
5.218018018018022E-01	4.866617721037604E+02
5.247947947947953E-01	4.878392339010159E+02
5.277877877877883E-01	4.890256535817108E+02
5.307807807807814E-01	4.902210053706900E+02
5.337737737737744E-01	4.914252626452826E+02
5.367667667667675E-01	4.926383979396280E+02
5.397597597597605E-01	4.938603829490467E+02
5.427527527527536E-01	4.950911885344352E+02
5.457457457457466E-01	4.963307847267042E+02
5.487387387387397E-01	4.975791407312479E+02
5.517317317317327E-01	4.988362249324497E+02
5.547247247247258E-01	5.001020048982227E+02
5.577177177177188E-01	5.013764473845897E+02
5.607107107107119E-01	5.026595183402901E+02
5.637037037037049E-01	5.037787189656028E+02
5.666966966966980E-01	5.050780912715879E+02
5.696896896896910E-01	5.063859853646265E+02
5.726826826826841E-01	5.075273662224532E+02
5.756756756756771E-01	5.088513422290747E+02
5.786686686686702E-01	5.101837262403965E+02
5.816616616616632E-01	5.113469509858609E+02
5.846546546546563E-01	5.126951834085811E+02
5.876476476476493E-01	5.138724967494936E+02
5.906406406406424E-01	5.150563784314616E+02
5.936336336336354E-01	5.164276524482935E+02
5.966266266266285E-01	5.176253751515962E+02
5.996196196196215E-01	5.188295401226808E+02
6.026126126126146E-01	5.202234698262298E+02
6.056056056056076E-01	5.214412149439789E+02
6.085985985986007E-01	5.226652697083841E+02
6.115915915915937E-01	5.238955887623796E+02
6.145845845845868E-01	5.251321260518090E+02
6.175775775775798E-01	5.263748348325101E+02
6.205705705705729E-01	5.276236676774888E+02
6.235635635635659E-01	5.288785764841547E+02
6.265565565565590E-01	5.301395124816389E+02
6.295495495495520E-01	5.312156567404294E+02
6.325425425425450E-01	5.324876798118363E+02
6.355355355355381E-01	5.337655807147805E+02
6.385285285285311E-01	5.350493080897116E+02
6.415215215215242E-01	5.361447947034468E+02
6.445145145145172E-01	5.374392039795177E+02
6.475075075075103E-01	5.385436625360433E+02
6.505005005005033E-01	5.398485448627347E+02
6.534934934934964E-01	5.409617691121351E+02
6.564864864864894E-01	5.422769109737336E+02
6.594794794794825E-01	5.433986901925637E+02
6.624724724724755E-01	5.445242749088309E+02
6.654654654654686E-01	5.456536123972461E+02
6.684584584584616E-01	5.469878097440301E+02
6.714514514514547E-01	5.481252709804742E+02
6.744444444444477E-01	5.492663222404213E+02
6.774374374374408E-01	5.504109089040975E+02
6.804304304304338E-01	5.515589759123293E+02
6.834234234234269E-01	5.527104677784549E+02
6.864164164164199E-01	5.536595245550141E+02
6.894094094094130E-01	5.548169303313039E+02
6.924024024024060E-01	5.559775939197762E+02
6.953953953953991E-01	5.571414582732385E+02
6.983883883883921E-01	5.580996309438132E+02
7.013813813813852E-01	5.592689644985785E+02
7.043743743743782E-01	5.604413275133650E+02
7.073673673673713E-01	5.614055829287144E+02
7.103603603603643E-01	5.623712740127414E+02
7.133533533533574E-01	5.635508715833064E+02
7.163463463463504E-01	5.645199965097453E+02
7.193393393393435E-01	5.654903988321577E+02
7.223323323323365E-01	5.666767246074519E+02
7.253253253253296E-01	5.676502346184772E+02
7.283183183183226E-01	5.686248626282425E+02
7.313113113113157E-01	5.696005563763306E+02
7.343043043043087E-01	5.705772635839301E+02
7.372972972973018E-01	5.715549319739026E+02
7.402902902902948E-01	5.725335092911135E+02
7.432832832832879E-01	5.735129433230428E+02
7.462762762762809E-01	5.742728997957277E+02
7.492692692692740E-01	5.752532077962975E+02
7.522622622622670E-01	5.762342198404755E+02
7.552552552552600E-01	5.769935997274864E+02
7.582482482482531E-01	5.779751927508490E+02
7.612412412412461E-01	5.787337514362870E+02
7.642342342342392E-01	5.797157350479393E+02
7.672272272272322E-01	5.804733001720285E+02
7.702202202202253E-01	5.812299965118818E+02
7.732132132132183E-01	5.822118889630957E+02
7.762062062062114E-01	5.829673442940995E+02
7.791991991992044E-01	5.837218166730293E+02
7.821921921921975E-01	5.845322540691626E+02
7.851851851851905E-01	5.852848037589251E+02
7.881781781781836E-01	5.860362659697405E+02
7.911711711711766E-01	5.867866078035962E+02
7.941641641641697E-01	5.874206676843394E+02
7.971571571571627E-01	5.881683889802010E+02
8.001501501501558E-01	5.889148991792379E+02
8.031431431431488E-01	5.895442064536720E+02
8.061361361361419E-01	5.901717058513185E+02
8.091291291291349E-01	5.907973797838360E+02
8.121221221221280E-01	5.915379553491758E+02
8.151151151151210E-01	5.921601840428284E+02
8.181081081081141E-01	5.926632924679411E+02
8.211011011011071E-01	5.932815150565569E+02
8.240940940941002E-01	5.938978444399961E+02
8.270870870870932E-01	5.943943114391795E+02
8.300800800800863E-01	5.950065942418021E+02
8.330730730730793E-01	5.954985537193540E+02
8.360660660660724E-01	5.961067823453593E+02
8.390590590590654E-01	5.965942507776816E+02
8.420520520520585E-01	5.970793828892253E+02
8.450450450450515E-01	5.975621933975893E+02
8.480380380380446E-01	5.980426992485222E+02
8.510310310310376E-01	5.985209196772892E+02
8.540240240240307E-01	5.988770751080634E+02
8.570170170170237E-01	5.993506130420834E+02
8.600100100100168E-01	5.997018041915990E+02
8.630030030030098E-01	6.001707869605084E+02
8.659959959960029E-01	6.005171740069496E+02
8.689889889889959E-01	6.008611557632157E+02
8.719819819819890E-01	6.013235173068285E+02
8.749749749749820E-01	6.016629854590392E+02
8.779679679679750E-01	6.020002167964172E+02
8.809609609609681E-01	6.023352762641450E+02
8.839539539539611E-01	6.026682323293307E+02
8.869469469469542E-01	6.028778486004824E+02
8.899399399399472E-01	6.032067223625061E+02
8.929329329329403E-01	6.035337271504229E+02
8.959259259259333E-01	6.037373912611752E+02
8.989189189189264E-01	6.040608391559770E+02
9.019119119119194E-01	6.042610121228556E+02
9.049049049049125E-01	6.045812997919986E+02
9.078978978979055E-01	6.047784272450692E+02
9.108908908908986E-01	6.049741995115105E+02
9.138838838838916E-01	6.052905510549880E+02
9.168768768768847E-01	6.054840249653666E+02
9.198698698698777E-01	6.056765524780794E+02
9.228628628628708E-01	6.058682832631023E+02
9.258558558558638E-01	6.060593724245873E+02
9.288488488488569E-01	6.062499806019767E+02
9.318418418418499E-01	6.064402740710981E+02
9.348348348348430E-01	6.066304248451518E+02
9.378278278278360E-01	6.068206107754943E+02
9.408208208208291E-01	6.070110156521323E+02
9.438138138138221E-01	6.072018293038034E+02
9.468068068068152E-01	6.073932476975681E+02
9.497997997998082E-01	6.075854730377683E+02
9.527927927928013E-01	6.077787138642657E+02
9.557857857857943E-01	6.079731851498170E+02
9.587787787787874E-01	6.080482926300638E+02
9.617717717717804E-01	6.082460499120548E+02
9.647647647647735E-01	6.084457343995510E+02
9.677577577577665E-01	6.086475879796523E+02
9.707507507507596E-01	6.088518594445062E+02
9.737437437437526E-01	6.090588045806662E+02
9.767367367367457E-01	6.092686862565893E+02
9.797297297297387E-01	6.094817745081166E+02
9.827227227227318E-01	6.096983466217723E+02
9.857157157157248E-01	6.099186872156970E+02
9.887087087087179E-01	6.101430883180420E+02
9.917017017017109E-01	6.103718494426362E+02
9.946946946947040E-01	6.106052776617365E+02
9.976876876876970E-01	6.108436876756626E+02
1.000680680680690E+00	6.110874018791174E+02
1.003673673673683E+00	6.113367504239793E+02
1.006666666666676E+00	6.115920712783658E+02
1.009659659659669E+00	6.119700772039517E+02
1.012652652652662E+00	6.122379925592231E+02
1.015645645645655E+00	6.125129250611872E+02
1.018638638638648E+00	6.129104106100624E+02
1.021631631631641E+00	6.133148063661149E+02
1.024624624624634E+00	6.136121150186354E+02
1.027617617617627E+00	6.140317861945066E+02
1.030610610610621E+00	6.144594122617236E+02
1.033603603603614E+00	6.147824295999704E+02
1.036596596596607E+00	6.152275363055544E+02
1.039589589589600E+00	6.156817082694131E+02
1.042582582582593E+00	6.162567170101943E+02
1.045575575575586E+00	6.167296188470191E+02
1.048568568568579E+00	6.172127262042268E+02
1.051561561561572E+00	6.177064392097168E+02
1.054554554554565E+00	6.183203141209137E+02
1.057547547547558E+00	6.188358500692608E+02
1.060540540540551E+00	6.194711563395238E+02
1.063533533533544E+00	6.201174570429509E+02
1.066526526526537E+00	6.207751314292673E+02
1.069519519519530E+00	6.214445648292335E+02
1.072512512512523E+00	6.221261486088030E+02
1.075505505505516E+00	6.228202801174976E+02
1.078498498498509E+00	6.235273626308583E+02
1.081491491491502E+00	6.243511489239828E+02
1.084484484484495E+00	6.250846287259336E+02
1.087477477477488E+00	6.259341845000882E+02
1.090470470470482E+00	6.267968427470980E+02
1.093463463463475E+00	6.276729785062040E+02
1.096456456456468E+00	6.285629716444498E+02
1.099449449449461E+00	6.294672067777203E+02
1.102442442442454E+00	6.303860731863685E+02
1.105435435435447E+00	6.314172987591035E+02
1.108428428428440E+00	6.323657791374937E+02
1.111421421421433E+00	6.334257691056805E+02
1.114414414414426E+00	6.344053987373611E+02
1.117407407407419E+00	6.354956314640528E+02
1.120400400400412E+00	6.366011241508464E+02
1.123393393393405E+00	6.377222395896488E+02
1.126386386386398E+00	6.389507941049418E+02
1.129379379379391E+00	6.401033524511759E+02
1.132372372372384E+00	6.413623080578921E+02
1.135365365365377E+00	6.425477278339420E+02
1.138358358358370E+00	6.438384447616197E+02
1.141351351351363E+00	6.451451030453283E+02
1.144344344344356E+00	6.464680336421169E+02
1.147337337337349E+00	6.478075699275062E+02
1.150330330330342E+00	6.491850812514426E+02
1.153323323323336E+00	6.506001821228593E+02
1.156316316316329E+00	6.519908096912841E+02
1.159309309309322E+00	6.534806012778138E+02
1.162302302302315E+00	6.549465545117384E+02
1.165295295295308E+00	6.564697238900403E+02
1.168288288288301E+00	6.580097903387391E+02
1.171281281281294E+00	6.595670525965679E+02
1.174274274274287E+00	6.611799381774964E+02
1.177267267267280E+00	6.627719719380848E+02
1.180260260260273E+00	6.644191915723395E+02
1.183253253253266E+00	6.660837498739493E+02
1.186246246246259E+00	6.678019940345000E+02
1.189239239239252E+00	6.695015396629460E+02
1.192232232232245E+00	6.712542706117756E+02
1.195225225225238E+00	6.730243820925689E+02
1.198218218218231E+00	6.748460943702412E+02
1.201211211211224E+00	6.766512080374707E+02
1.204204204204217E+00	6.785073624460040E+02
1.207197197197210E+00	6.803808413257261E+02
1.210190190190203E+00	6.822718871754721E+02
1.213183183183197E+00	6.841807427915671E+02
1.216176176176190E+00	6.861383498068069E+02
1.219169169169183E+00	6.881131380613224E+02
1.222162162162176E+00	6.901053308154605E+02
1.225155155155169E+00	6.921151514119531E+02
1.228148148148162E+00	6.941713136707906E+02
1.231141141141155E+00	6.962164868571256E+02
1.234134134134148E+00	6.983073097787214E+02
1.237127127127141E+00	7.004154962558816E+02
1.240120120120134E+00	7.025674937430088E+02
1.243113113113127E+00	7.047104426702135E+02
1.246106106106120E+00	7.068964654878723E+02
1.249099099099113E+00	7.090995047678364E+02
1.252092092092106E+00	7.113197461298685E+02
1.255085085085099E+00	7.135573748603435E+02
1.258078078078092E+00	7.158353981747443E+02
1.261071071071085E+00	7.181077662036098E+02
1.264064064064078E+00	7.204197285385683E+02
1.267057057057071E+00	7.227486302943948E+02
1.270050050050064E+00	7.250946384601575E+02
1.273043043043057E+00	7.274778489903831E+02
1.276036036036051E+00	7.298579749535086E+02
1.279029029029044E+00	7.322744587051272E+02
1.282022022022037E+00	7.347075208267945E+02
1.285015015015030E+00	7.371573108537848E+02
1.288008008008023E+00	7.396239777405619E+02
1.291001001001016E+00	7.421076698073828E+02
1.293993993994009E+00	7.446243609490646E+02
1.296986986987002E+00	7.471571850779719E+02
1.299979979979995E+00	7.497062752497352E+02
1.302972972972988E+00	7.522717639163754E+02
1.305965965965981E+00	7.548537828800995E+02
1.308958958958974E+00	7.574524632467328E+02
1.311951951951967E+00	7.600802278842930E+02
1.314944944944960E+00	7.627120143633572E+02
1.317937937937953E+00	7.653719442487841E+02
1.320930930930946E+00	7.680478414318379E+02
1.323923923923939E+00	7.707398216372337E+02
1.326916916916932E+00	7.734479998776342E+02
1.329909909909925E+00	7.761812201708019E+02
1.332902902902918E+00	7.789215299371886E+02
1.335895895895912E+00	7.816859106611626E+02
1.338888888888905E+00	7.844657341946038E+02
1.341881881881898E+00	7.872611014930328E+02
1.344874874874891E+00	7.900721128243347E+02
1.347867867867884E+00	7.928988677347170E+02
1.350860860860877E+00	7.957414650144676E+02
1.353853853853870E+00	7.986039697510553E+02
1.356846846846863E+00	8.014779354779369E+02
1.359839839839856E+00	8.043708002008163E+02
1.362832832832849E+00	8.072786836710059E+02
1.365825825825842E+00	8.102016720647982E+02
1.368818818818835E+00	8.131398508674754E+02
1.371811811811828E+00	8.160933048446798E+02
1.374804804804821E+00	8.190621180136663E+02
1.377797797797814E+00	8.220455688235841E+02
1.380790790790807E+00	8.250447409147696E+02
1.383783783783800E+00	8.280575157128037E+02
1.386776776776793E+00	8.310847715751459E+02
1.389769769769786E+00	8.341265814393676E+02
1.392762762762779E+00	8.371830175904659E+02
1.395755755755772E+00	8.402541516372532E+02
1.398748748748766E+00	8.433400544886504E+02
1.401741741741759E+00	8.464407963298870E+02
1.404734734734752E+00	8.495502857987947E+02
1.407727727727745E+00	8.526803072574023E+02
1.410720720720738E+00	8.558180193810001E+02
1.413713713713731E+00	8.589775843215186E+02
1.416706706706724E+00	8.621437722859371E+02
1.419699699699717E+00	8.653239957104247E+02
1.422692692692710E+00	8.685183140242618E+02
1.425685685685703E+00	8.717267860146985E+02
1.428678678678696E+00	8.749494698076596E+02
1.431671671671689E+00	8.781749184156527E+02
1.434664664664682E+00	8.814255975787453E+02
1.437657657657675E+00	8.846779729842926E+02
1.440650650650668E+00	8.879568656864824E+02
1.443643643643661E+00	8.912363772706581E+02
1.446636636636654E+00	8.945292416542377E+02
1.449629629629647E+00	8.978505487865332E+02
1.452622622622640E+00	9.011708528963870E+02
1.455615615615633E+00	9.045046567127420E+02
1.458608608608627E+00	9.078520075476154E+02
1.461601601601620E+00	9.111955538107077E+02
1.464594594594613E+00	9.145695458126268E+02
1.467587587587606E+00	9.179572220076655E+02
1.470580580580599E+00	9.213394686794600E+02
1.473573573573592E+00	9.247540516325978E+02
1.476566566566585E+00	9.281621195966011E+02
1.479559559559578E+00	9.316037798168456E+02
1.482552552552571E+00	9.350378331437712E+02
1.485545545545564E+00	9.384846493757939E+02
1.488538538538557E+00	9.419442669217451E+02
1.491531531531550E+00	9.454167236879664E+02
1.494524524524543E+00	9.489020570663772E+02
1.497517517517536E+00	9.524003039225111E+02
1.500510510510529E+00	9.559115005835238E+02
1.503503503503522E+00	9.594356828261709E+02
1.506496496496515E+00	9.629467349076760E+02
1.509489489489508E+00	9.664964073818671E+02
1.512482482482501E+00	9.700318631095649E+02
1.515475475475494E+00	9.736071600069870E+02
1.518468468468487E+00	9.771671489447219E+02
1.521461461461481E+00	9.807682003554785E+02
1.524454454454474E+00	9.843528483365014E+02
1.527447447447467E+00	9.879495858282837E+02
1.530440440440460E+00	9.915584423251141E+02
1.533433433433453E+00	9.951794468932376E+02
1.536426426426446E+00	9.988126281618345E+02
1.539419419419439E+00	1.002458014313975E+03
1.542412412412432E+00	1.006115633077556E+03
1.545405405405425E+00	1.009785511716217E+03
1.548398398398418E+00	1.013467677020236E+03
1.551391391391411E+00	1.017162155297410E+03
1.554384384384404E+00	1.020833627537944E+03
1.557377377377397E+00	1.024552233596906E+03
1.560370370370390E+00	1.028283228584709E+03
1.563363363363383E+00	1.031989580633178E+03
1.566356356356376E+00	1.035707233064491E+03
1.569349349349369E+00	1.039474388632448E+03
1.572342342342362E+00	1.043215272891922E+03
1.575335335335355E+00	1.046967525981968E+03
1.578328328328348E+00	1.050771049366520E+03
1.581321321321342E+00	1.054546668310016E+03
1.584314314314335E+00	1.058333721173682E+03
1.587307307307328E+00	1.062132228863761E+03
1.590300300300321E+00	1.065942211919809E+03
1.593293293293314E+00	1.069763690508081E+03
1.596286286286307E+00	1.073596684414913E+03
1.599279279279300E+00	1.077441213040085E+03
1.602272272272293E+00	1.081297295390177E+03
1.605265265265286E+00	1.085120009411695E+03
1.608258258258279E+00	1.088998693223796E+03
1.611251251251272E+00	1.092888985743164E+03
1.614244244244265E+00	1.096744289576719E+03
1.617237237237258E+00	1.100645498469410E+03
1.620230230230251E+00	1.104546156606569E+03
1.623223223223244E+00	1.108457933681237E+03
1.626216216216237E+00	1.112380846172264E+03
1.629209209209230E+00	1.116314910214430E+03
1.632202202202223E+00	1.120260141592869E+03
1.635195195195216E+00	1.124191306510194E+03
1.638188188188209E+00	1.128158641598366E+03
1.641181181181202E+00	1.132111388206119E+03
1.644174174174196E+00	1.136100886905690E+03
1.647167167167189E+00	1.140075274591207E+03
1.650160160160182E+00	1.144060366965190E+03
1.653153153153175E+00	1.148056178140029E+03
1.656146146146168E+00	1.152062721935976E+03
1.659139139139161E+00	1.156080011876557E+03
1.662132132132154E+00	1.160108061183971E+03
1.665125125125147E+00	1.164146882774476E+03
1.668118118118140E+00	1.168168219756914E+03
1.671111111111133E+00	1.172228350549635E+03
1.674104104104126E+00	1.176299290857812E+03
1.677097097097119E+00	1.180351965621944E+03
1.680090090090112E+00	1.184444287845659E+03
1.683083083083105E+00	1.188517824185358E+03
1.686076076076098E+00	1.192601673114662E+03
1.689069069069091E+00	1.196695846129629E+03
1.692062062062084E+00	1.200800354475887E+03
1.695055055055077E+00	1.204915209144910E+03
1.698048048048070E+00	1.209040420870283E+03
1.701041041041063E+00	1.213176000123967E+03
1.704034034034057E+00	1.217321957112545E+03
1.707027027027050E+00	1.221478301773474E+03
1.710020020020043E+00	1.225645043771323E+03
1.713013013013036E+00	1.229789865659261E+03
1.716006006006029E+00	1.233977162756777E+03
1.718998998999022E+00	1.238142022424770E+03
1.721991991992015E+00	1.242349911845673E+03
1.724984984985008E+00	1.246534847075438E+03
1.727977977978001E+00	1.250729700021762E+03
1.730970970970994E+00	1.254968410699554E+03
1.733963963963987E+00	1.259183392753234E+03
1.736956956956980E+00	1.263408318836050E+03
1.739949949949973E+00	1.267643197396957E+03
1.742942942942966E+00	1.271888036664807E+03
1.745935935935959E+00	1.276142844645377E+03
1.748928928928952E+00	1.280407629118385E+03
1.751921921921945E+00	1.284682397634511E+03
1.754914914914938E+00	1.288931106299288E+03
1.757907907907931E+00	1.293225601786281E+03
1.760900900900924E+00	1.297530103127622E+03
1.763893893893917E+00	1.301807775651299E+03
1.766886886886911E+00	1.306132047120204E+03
1.769879879879904E+00	1.310428977543714E+03
1.772872872872897E+00	1.314773046107073E+03
1.775865865865890E+00	1.319089262528939E+03
1.778858858858883E+00	1.323415000547477E+03
1.781851851851876E+00	1.327750267051142E+03
1.784844844844869E+00	1.332133746016613E+03
1.787837837837862E+00	1.336488350960910E+03
1.790830830830855E+00	1.340852503509073E+03
1.793823823823848E+00	1.345226209815783E+03
1.796816816816841E+00	1.349609475851421E+03
1.799809809809834E+00	1.354002307399762E+03
1.802802802802827E+00	1.358404710055676E+03
1.805795795795820E+00	1.362816689222814E+03
1.808788788788813E+00	1.367197495573245E+03
1.811781781781806E+00	1.371628386159734E+03
1.814774774774799E+00	1.376068868949909E+03
1.817767767767792E+00	1.380477418910837E+03
1.820760760760785E+00	1.384936844634716E+03
1.823753753753778E+00	1.389405876576890E+03
1.826746746746772E+00	1.393842219243757E+03
1.829739739739765E+00	1.398287663071466E+03
1.832732732732758E+00	1.402785032195117E+03
1.835725725725751E+00	1.407248953457578E+03
1.838718718718744E+00	1.411765320182972E+03
1.841711711711737E+00	1.416247737483132E+03
1.844704704704730E+00	1.420739280810728E+03
1.847697697697723E+00	1.425239954890911E+03
1.850690690690716E+00	1.429749764305427E+03
1.853683683683709E+00	1.434268713490898E+03
1.856676676676702E+00	1.438796806737125E+03
1.859669669669695E+00	1.443379161383440E+03
1.862662662662688E+00	1.447880441826642E+03
1.865655655655681E+00	1.452435991499982E+03
1.868648648648674E+00	1.457000700890741E+03
1.871641641641667E+00	1.461574573528860E+03
1.874634634634660E+00	1.466157612787134E+03
1.877627627627653E+00	1.470749821879498E+03
1.880620620620646E+00	1.475304320249413E+03
1.883613613613639E+00	1.479914629182401E+03
1.886606606606632E+00	1.484534117402726E+03
1.889599599599626E+00	1.489115149503941E+03
1.892592592592619E+00	1.493752757259168E+03
1.895585585585612E+00	1.498351411344050E+03
1.898578578578605E+00	1.503007150814375E+03
1.901571571571598E+00	1.507623441105636E+03
1.904564564564591E+00	1.512297323332946E+03
1.907557557557584E+00	1.516931263048042E+03
1.910550550550577E+00	1.521573905313518E+03
1.913543543543570E+00	1.526274899240346E+03
1.916536536536563E+00	1.530935209480926E+03
1.919529529529556E+00	1.535604231919438E+03
1.922522522522549E+00	1.540281969733166E+03
1.925515515515542E+00	1.545019065056384E+03
1.928508508508535E+00	1.549714492506511E+03
1.931501501501528E+00	1.554418643549464E+03
1.934494494494521E+00	1.559131520898475E+03
1.937487487487514E+00	1.563853127151889E+03
1.940480480480507E+00	1.568583464791951E+03
1.943473473473500E+00	1.573322536183586E+03
1.946466466466493E+00	1.578070343573181E+03
1.949459459459487E+00	1.582826889087371E+03
1.952452452452480E+00	1.587539312342350E+03
1.955445445445473E+00	1.592313096674475E+03
1.958438438438466E+00	1.597095625586971E+03
1.961431431431459E+00	1.601886900733152E+03
1.964424424424452E+00	1.606686923640547E+03
1.967417417417445E+00	1.611441609118436E+03
1.970410410410438E+00	1.616258892274740E+03
1.973403403403431E+00	1.621084927903637E+03
1.976396396396424E+00	1.625864898585495E+03
1.979389389389417E+00	1.630708205275884E+03
1.982382382382410E+00	1.635504959894028E+03
1.985375375375403E+00	1.640365544301157E+03
1.988368368368396E+00	1.645179091949877E+03
1.991361361361389E+00	1.650056959865839E+03
1.994354354354382E+00	1.654887308899030E+03
1.997347347347375E+00	1.659782465236045E+03
2.000340340340368E+00	1.664629623251954E+03
2.003333333333361E+00	1.669485064111718E+03
2.006326326326354E+00	1.674406045851517E+03
2.009319319319347E+00	1.679278306364538E+03
2.012312312312341E+00	1.684158855659525E+03
2.015305305305334E+00	1.689047695753964E+03
2.018298298298327E+00	1.694003049611290E+03
2.021291291291320E+00	1.698908721474833E+03
2.024284284284313E+00	1.703822689038063E+03
2.027277277277306E+00	1.708744953985999E+03
2.030270270270299E+00	1.713675517922238E+03
2.033263263263292E+00	1.718614382368151E+03
2.036256256256285E+00	1.723561548762093E+03
2.039249249249278E+00	1.728517018458603E+03
2.042242242242271E+00	1.733480792727603E+03
2.045235235235264E+00	1.738452872753594E+03
2.048228228228257E+00	1.743433259634862E+03
2.051221221221250E+00	1.748421954382669E+03
2.054214214214243E+00	1.753418957920453E+03
2.057207207207236E+00	1.758424271083016E+03
2.060200200200229E+00	1.763437894615721E+03
2.063193193193222E+00	1.768459829173687E+03
2.066186186186215E+00	1.773428033572525E+03
2.069179179179208E+00	1.778466360081658E+03
2.072172172172202E+00	1.783512999962493E+03
2.075165165165195E+00	1.788567953517440E+03
2.078158158158188E+00	1.793568232521678E+03
2.081151151151181E+00	1.798639585780725E+03
2.084144144144174E+00	1.803719254047444E+03
2.087137137137167E+00	1.808743540882825E+03
2.090130130130160E+00	1.813839613440120E+03
2.093123123123153E+00	1.818944001567638E+03
2.096116116116146E+00	1.823992308049311E+03
2.099109109109139E+00	1.829113103632305E+03
2.102102102102132E+00	1.834177345706157E+03
2.105095095095125E+00	1.839314550676786E+03
2.108088088088118E+00	1.844394733136443E+03
2.111081081081111E+00	1.849548348808745E+03
2.114074074074104E+00	1.854644475940648E+03
2.117067067067097E+00	1.859814502999943E+03
2.120060060060090E+00	1.864926578573936E+03
2.123053053053083E+00	1.870046507201494E+03
2.126046046046076E+00	1.875241044326088E+03
2.129039039039069E+00	1.880376926810364E+03
2.132032032032062E+00	1.885520665817906E+03
2.135025025025056E+00	1.890739714107727E+03
2.138018018018049E+00	1.895899411255429E+03
2.141011011011042E+00	1.901066967884134E+03
2.144004004004035E+00	1.906242385083607E+03
2.146996996997028E+00	1.911494044287885E+03
2.149989989990021E+00	1.916685424091440E+03
2.152982982983014E+00	1.921884666732154E+03
2.155975975976007E+00	1.927091773082789E+03
2.158968968969000E+00	1.932306743963838E+03
2.161961961961993E+00	1.937529580143074E+03
2.164954954954986E+00	1.942830047566352E+03
2.167947947947979E+00	1.948068850093212E+03
2.170940940940972E+00	1.953315519121717E+03
2.173933933933965E+00	1.958570055190863E+03
2.176926926926958E+00	1.963832458784524E+03
2.179919919919951E+00	1.969102730330982E+03
2.182912912912944E+00	1.974380870202473E+03
2.185905905905937E+00	1.979666878714706E+03
2.188898898898930E+00	1.984960756126397E+03
2.191891891891923E+00	1.990262502638803E+03
2.194884884884917E+00	1.995572118395246E+03
2.197877877877910E+00	2.000889603480639E+03
2.200870870870903E+00	2.006142443101677E+03
2.203863863863896E+00	2.011475443436068E+03
2.206856856856889E+00	2.016816313940903E+03
2.209849849849882E+00	2.022165054476764E+03
2.212842842842875E+00	2.027521664843536E+03
2.215835835835868E+00	2.032886144779915E+03
2.218828828828861E+00	2.038184611652290E+03
2.221821821821854E+00	2.043564611749462E+03
2.224814814814847E+00	2.048952481285412E+03
2.227807807807840E+00	2.054348219763763E+03
2.230800800800833E+00	2.059677035857290E+03
2.233793793793826E+00	2.065088296324891E+03
2.236786786786819E+00	2.070507424943694E+03
2.239779779779812E+00	2.075934420975102E+03
2.242772772772805E+00	2.081293598337504E+03
2.245765765765798E+00	2.086736116577064E+03
2.248758758758791E+00	2.092186500757243E+03
2.251751751751784E+00	2.097568391975740E+03
2.254744744744777E+00	2.103034297919487E+03
2.257737737737771E+00	2.108431250455328E+03
2.260730730730764E+00	2.113912678013924E+03
2.263723723723757E+00	2.119401968316194E+03
2.266716716716750E+00	2.124821643294761E+03
2.269709709709743E+00	2.130326453256308E+03
2.272702702702736E+00	2.135761195347736E+03
2.275695695695729E+00	2.141281523837793E+03
2.278688688688722E+00	2.146731335079479E+03
2.281681681681715E+00	2.152267180574710E+03
2.284674674674708E+00	2.157732062706835E+03
2.287667667667701E+00	2.163283423285524E+03
2.290660660660694E+00	2.168763377746148E+03
2.293653653653687E+00	2.174250746444766E+03
2.296646646646680E+00	2.179825279002524E+03
2.299639639639673E+00	2.185327722332560E+03
2.302632632632666E+00	2.190917764559063E+03
2.305625625625659E+00	2.196435283204961E+03
2.308618618618652E+00	2.201960219037405E+03
2.311611611611645E+00	2.207573426093069E+03
2.314604604604638E+00	2.213113438448541E+03
2.317597597597632E+00	2.218660869488406E+03
2.320590590590625E+00	2.224297236058798E+03
2.323583583583618E+00	2.229859744164305E+03
2.326576576576611E+00	2.235429672166245E+03
2.329569569569604E+00	2.241089191656924E+03
2.332562562562597E+00	2.246674196587144E+03
2.335555555555590E+00	2.252266622332993E+03
2.338548548548583E+00	2.257866469350610E+03
2.341541541541576E+00	2.263473738069510E+03
2.344534534534569E+00	2.269171711960233E+03
2.347527527527562E+00	2.274794057036809E+03
2.350520520520555E+00	2.280423824251881E+03
2.353513513513548E+00	2.286061013916042E+03
2.356506506506541E+00	2.291705626312125E+03
2.359499499499534E+00	2.297442035110636E+03
2.362492492492527E+00	2.303101721450154E+03
2.365485485485520E+00	2.308768830458041E+03
2.368478478478513E+00	2.314443362293457E+03
2.371471471471506E+00	2.320125317086677E+03
2.374464464464499E+00	2.325814694938858E+03
2.377457457457492E+00	2.331511495921835E+03
2.380450450450486E+00	2.337215720077895E+03
2.383443443443479E+00	2.342927367419558E+03
2.386436436436472E+00	2.348646437929357E+03
2.389429429429465E+00	2.354372931559624E+03
2.392422422422458E+00	2.360106848232258E+03
2.395415415415451E+00	2.365935175325412E+03
2.398408408408444E+00	2.371684155338037E+03
2.401401401401437E+00	2.377440557099534E+03
2.404394394394430E+00	2.383116742707269E+03
2.407387387387423E+00	2.388887772339926E+03
2.410380380380416E+00	2.394666223895050E+03
2.413373373373409E+00	2.400452097075377E+03
2.416366366366402E+00	2.406245391551438E+03
2.419359359359395E+00	2.412046106961344E+03
2.422352352352388E+00	2.417854242910566E+03
2.425345345345381E+00	2.423669798971703E+03
2.428338338338374E+00	2.429492774684269E+03
2.431331331331367E+00	2.435323169554458E+03
2.434324324324360E+00	2.441160983054934E+03
2.437317317317353E+00	2.447006214624588E+03
2.440310310310347E+00	2.452858863668332E+03
2.443303303303340E+00	2.458628495568739E+03
2.446296296296333E+00	2.464495774818592E+03
2.449289289289326E+00	2.470370470605129E+03
2.452282282282319E+00	2.476252582206826E+03
2.455275275275312E+00	2.482142108867092E+03
2.458268268268305E+00	2.487947533705656E+03
2.461261261261298E+00	2.493851690079937E+03
2.464254254254291E+00	2.499763260141204E+03
2.467247247247284E+00	2.505682243002333E+03
2.470240240240277E+00	2.511608637740042E+03
2.473233233233270E+00	2.517449867091314E+03
2.476226226226263E+00	2.523390889776164E+03
2.479219219219256E+00	2.529339322517335E+03
2.482212212212249E+00	2.535295164256880E+03
2.485205205205242E+00	2.541164989308517E+03
2.488198198198235E+00	2.547135456996653E+03
2.491191191191228E+00	2.553113331500348E+03
2.494184184184221E+00	2.559004538974756E+03
2.497177177177214E+00	2.564997037851136E+03
2.500170170170207E+00	2.570996941091022E+03
2.503163163163201E+00	2.577004247396021E+03
2.506156156156194E+00	2.582924059884458E+03
2.509149149149187E+00	2.588945987111596E+03
2.512142142142180E+00	2.594879968893742E+03
2.515135135135173E+00	2.600916515992576E+03
2.518128128128166E+00	2.606960461723189E+03
2.521121121121159E+00	2.612915834465825E+03
2.524114114114152E+00	2.618974397125319E+03
2.527107107107145E+00	2.625040355126899E+03
2.530100100100138E+00	2.631017120733649E+03
2.533093093093131E+00	2.637097692247866E+03
2.536086086086124E+00	2.643088632205326E+03
2.539079079079117E+00	2.649183815410686E+03
2.542072072072110E+00	2.655286388302069E+03
2.545065065065103E+00	2.661298723783095E+03
2.548058058058096E+00	2.667415904162318E+03
2.551051051051089E+00	2.673442416225468E+03
2.554044044044082E+00	2.679574201774159E+03
2.557037037037075E+00	2.685614891286691E+03
2.560030030030068E+00	2.691761279491941E+03
2.563023023023062E+00	2.697816147200038E+03
2.566016016016055E+00	2.703977135352023E+03
2.569009009009048E+00	2.710046181879005E+03
2.572002002002041E+00	2.716221767068645E+03
2.574994994995034E+00	2.722304992913178E+03
2.577987987988027E+00	2.728495172029750E+03
2.580980980981020E+00	2.734592577564047E+03
2.583973973974013E+00	2.740797347292823E+03
2.586966966967006E+00	2.746908932760858E+03
2.589959959959999E+00	2.753128289580712E+03
2.592952952952992E+00	2.759254055096401E+03
2.595945945945985E+00	2.765386783526643E+03
2.598938938938978E+00	2.771627940822841E+03
2.601931931931971E+00	2.777774849857173E+03
2.604924924924964E+00	2.784030585847499E+03
2.607917917917957E+00	2.790191675283826E+03
2.610910910910950E+00	2.796461985728653E+03
2.613903903903943E+00	2.802637255228618E+03
2.616896896896936E+00	2.808819489597548E+03
2.619889889889929E+00	2.815111584758472E+03
2.622882882882922E+00	2.821307999116158E+03
2.625875875875916E+00	2.827511379102199E+03
2.628868868868909E+00	2.833825252257922E+03
2.631861861861902E+00	2.840042811892135E+03
2.634854854854895E+00	2.846267337815079E+03
2.637847847847888E+00	2.852602981640444E+03
2.640840840840881E+00	2.858841686599958E+03
2.643833833833874E+00	2.865087358407331E+03
2.646826826826867E+00	2.871444764963095E+03
2.649819819819860E+00	2.877704614919090E+03
2.652812812812853E+00	2.883971432178551E+03
2.655805805805846E+00	2.890350592901172E+03
2.658798798798839E+00	2.896631587139625E+03
2.661791791791832E+00	2.902919549031370E+03
2.664784784784825E+00	2.909320454722732E+03
2.667777777777818E+00	2.915622592136781E+03
2.670770770770811E+00	2.921931697445894E+03
2.673763763763804E+00	2.928247770861680E+03
2.676756756756797E+00	2.934677617345308E+03
2.679749749749790E+00	2.941007864454110E+03
2.682742742742783E+00	2.947345079771108E+03
2.685735735735777E+00	2.953689263470016E+03
2.688728728728770E+00	2.960148035614176E+03
2.691721721721763E+00	2.966506390690944E+03
2.694714714714756E+00	2.972871714107048E+03
2.697707707707749E+00	2.979244005997174E+03
2.700700700700742E+00	2.985731687259265E+03
2.703693693693735E+00	2.992118147714372E+03
2.706686686686728E+00	2.998511576452969E+03
2.709679679679721E+00	3.004911973569571E+03
2.712672672672714E+00	3.011319339150142E+03
2.715665665665707E+00	3.017843108325401E+03
2.718658658658700E+00	3.024264638720108E+03
2.721651651651693E+00	3.030693137203645E+03
2.724644644644686E+00	3.037128603820389E+03
2.727637637637679E+00	3.043571038605849E+03
2.730630630630672E+00	3.050020441586595E+03
2.733623623623665E+00	3.056587463709847E+03
2.736616616616658E+00	3.063051026387015E+03
2.739609609609651E+00	3.069521556659782E+03
2.742602602602644E+00	3.075999054511456E+03
2.745595595595637E+00	3.082483519916100E+03
2.748588588588631E+00	3.088974952838448E+03
2.751581581581624E+00	3.095473353233871E+03
2.754574574574617E+00	3.101978721048295E+03
2.757567567567610E+00	3.108603327514664E+03
2.760560560560603E+00	3.115122847195164E+03
2.763553553553596E+00	3.121649333390743E+03
2.766546546546589E+00	3.128182786001849E+03
2.769539539539582E+00	3.134723204919167E+03
2.772532532532575E+00	3.141270590023557E+03
2.775525525525568E+00	3.147824941186008E+03
2.778518518518561E+00	3.154386258267553E+03
2.781511511511554E+00	3.160954541119230E+03
2.784504504504547E+00	3.167529789582010E+03
2.787497497497540E+00	3.174112003486743E+03
2.790490490490533E+00	3.180815647414121E+03
2.793483483483526E+00	3.187412000085352E+03
2.796476476476519E+00	3.194015316862135E+03
2.799469469469512E+00	3.200625597526787E+03
2.802462462462505E+00	3.207242841851178E+03
2.805455455455498E+00	3.213867049596663E+03
2.808448448448492E+00	3.220498220514013E+03
2.811441441441485E+00	3.227136354343370E+03
2.814434434434478E+00	3.233781450814173E+03
2.817427427427471E+00	3.240433509645104E+03
2.820420420420464E+00	3.247092530544024E+03
2.823413413413457E+00	3.253758513207906E+03
2.826406406406450E+00	3.260431457322788E+03
2.829399399399443E+00	3.267111362563697E+03
2.832392392392436E+00	3.273798228594597E+03
2.835385385385429E+00	3.280492055068316E+03
2.838378378378422E+00	3.287192841626499E+03
2.841371371371415E+00	3.293900587899535E+03
2.844364364364408E+00	3.300615293506502E+03
2.847357357357401E+00	3.307336958055099E+03
2.850350350350394E+00	3.314065581141587E+03
2.853343343343387E+00	3.320801162350732E+03
2.856336336336380E+00	3.327543701255734E+03
2.859329329329373E+00	3.334293197418167E+03
2.862322322322366E+00	3.341049650387926E+03
2.865315315315359E+00	3.347693631837828E+03
2.868308308308352E+00	3.354463810068435E+03
2.871301301301346E+00	3.361240944646036E+03
2.874294294294339E+00	3.368025035081219E+03
2.877287287287332E+00	3.374816080872589E+03
2.880280280280325E+00	3.381614081506721E+03
2.883273273273318E+00	3.388419036458092E+03
2.886266266266311E+00	3.395230945189019E+03
2.889259259259304E+00	3.402049807149593E+03
2.892252252252297E+00	3.408875621777623E+03
2.895245245245290E+00	3.415708388498569E+03
2.898238238238283E+00	3.422548106725481E+03
2.901231231231276E+00	3.429394775858929E+03
2.904224224224269E+00	3.436126421624575E+03
2.907217217217262E+00	3.442986815894506E+03
2.910210210210255E+00	3.449854160261293E+03
2.913203203203248E+00	3.456728454083371E+03
2.916196196196241E+00	3.463609696706412E+03
2.919189189189234E+00	3.470497887463258E+03
2.922182182182227E+00	3.477393025673859E+03
2.925175175175220E+00	3.484295110645217E+03
2.928168168168213E+00	3.491080598955224E+03
2.931161161161207E+00	3.497996408212725E+03
2.934154154154200E+00	3.504919163202030E+03
2.937147147147193E+00	3.511848863186276E+03
2.940140140140186E+00	3.518785507415353E+03
2.943133133133179E+00	3.525729095125844E+03
2.946126126126172E+00	3.532679625540959E+03
2.949119119119165E+00	3.539512201484951E+03
2.952112112112158E+00	3.546476454851394E+03
2.955105105105151E+00	3.553447649696753E+03
2.958098098098144E+00	3.560425785198874E+03
2.961091091091137E+00	3.567410860521932E+03
2.964084084084130E+00	3.574402874816369E+03
2.967077077077123E+00	3.581275774066032E+03
2.970070070070116E+00	3.588281509799833E+03
2.973063063063109E+00	3.595294183108281E+03
2.976056056056102E+00	3.602313793095172E+03
2.979049049049095E+00	3.609340338850277E+03
2.982042042042088E+00	3.616246789568456E+03
2.985035035035081E+00	3.623287055348535E+03
2.988028028028074E+00	3.630334255357528E+03
2.991021021021067E+00	3.637388388637505E+03
2.994014014014061E+00	3.644449454216206E+03
2.997007007007054E+00	3.651389465311600E+03
3.000000000000047E+00	3.658464249153420E+03
3.002992992993040E+00	3.665545963608629E+03
