# barionic density, scalar density
1.034034034034034E-02	-8.846721297998053E-01
1.068068068068068E-02	-8.843339707244297E-01
1.102102102102102E-02	-8.839496849360402E-01
1.136136136136136E-02	-8.836116198866347E-01
1.170170170170170E-02	-8.832273846680541E-01
1.204204204204204E-02	-8.828894118594228E-01
1.238238238238239E-02	-8.825052255870960E-01
1.272272272272273E-02	-8.821673433747841E-01
1.306306306306307E-02	-8.817832045541504E-01
1.340340340340341E-02	-8.814454114166909E-01
1.374374374374375E-02	-8.810613186662162E-01
1.408408408408409E-02	-8.807236131904269E-01
1.442442442442443E-02	-8.803395652283358E-01
1.476476476476477E-02	-8.800019460969830E-01
1.510510510510511E-02	-8.796179417300826E-01
1.544544544544545E-02	-8.792804077114695E-01
1.578578578578579E-02	-8.788964458256685E-01
1.612612612612613E-02	-8.785589957647543E-01
1.646646646646647E-02	-8.781750753169659E-01
1.680680680680681E-02	-8.778377081277400E-01
1.714714714714715E-02	-8.774538281389147E-01
1.748748748748749E-02	-8.771165427978247E-01
1.782782782782784E-02	-8.767327023468973E-01
1.816816816816818E-02	-8.763954978871140E-01
1.850850850850852E-02	-8.760116961057549E-01
1.884884884884886E-02	-8.756745716121667E-01
1.918918918918920E-02	-8.752908076801680E-01
1.952952952952954E-02	-8.749537622849856E-01
1.986986986986988E-02	-8.745700354261925E-01
2.021021021021022E-02	-8.742330683050638E-01
2.055055055055056E-02	-8.738493777838030E-01
2.089089089089090E-02	-8.735124881523644E-01
2.123123123123124E-02	-8.731288332702343E-01
2.157157157157158E-02	-8.727920203810412E-01
2.191191191191192E-02	-8.724084004740810E-01
2.225225225225226E-02	-8.720716636138709E-01
2.259259259259261E-02	-8.716880780500020E-01
2.293293293293295E-02	-8.713514165372246E-01
2.327327327327329E-02	-8.709678647139764E-01
2.361361361361363E-02	-8.706312778965696E-01
2.395395395395397E-02	-8.702477592390101E-01
2.429429429429431E-02	-8.699112464924060E-01
2.463463463463465E-02	-8.695277604512796E-01
2.497497497497499E-02	-8.691913211765870E-01
2.531531531531533E-02	-8.688078672266152E-01
2.565565565565567E-02	-8.684715008489667E-01
2.599599599599601E-02	-8.680880784873246E-01
2.633633633633635E-02	-8.677517844543867E-01
2.667667667667669E-02	-8.673683931992884E-01
2.701701701701703E-02	-8.670321709798746E-01
2.735735735735738E-02	-8.666488103693079E-01
2.769769769769772E-02	-8.663126594521154E-01
2.803803803803806E-02	-8.659293290426550E-01
2.837837837837840E-02	-8.655932489351443E-01
2.871871871871874E-02	-8.652099483008808E-01
2.905905905905908E-02	-8.648739385281817E-01
2.939939939939942E-02	-8.644906672597302E-01
2.973973973973976E-02	-8.641547273636854E-01
3.008008008008010E-02	-8.637714850672759E-01
3.042042042042044E-02	-8.634356146055261E-01
3.076076076076078E-02	-8.630997769467248E-01
3.110110110110112E-02	-8.627165994473227E-01
3.144144144144146E-02	-8.623808305601744E-01
3.178178178178180E-02	-8.619976811108698E-01
3.212212212212214E-02	-8.616619805891639E-01
3.246246246246248E-02	-8.612788588447179E-01
3.280280280280282E-02	-8.609432262953796E-01
3.314314314314316E-02	-8.605601319228254E-01
3.348348348348350E-02	-8.602245669652752E-01
3.382382382382385E-02	-8.598414996433077E-01
3.416416416416419E-02	-8.595060019088563E-01
3.450450450450453E-02	-8.591229613272980E-01
3.484484484484487E-02	-8.587875304585915E-01
3.518518518518521E-02	-8.584045163178406E-01
3.552552552552555E-02	-8.580691519683425E-01
3.586586586586589E-02	-8.576861639789012E-01
3.620620620620623E-02	-8.573508658123906E-01
3.654654654654657E-02	-8.569679036944011E-01
3.688688688688691E-02	-8.566326713845293E-01
3.722722722722725E-02	-8.562974698813732E-01
3.756756756756759E-02	-8.559145680971949E-01
3.790790790790793E-02	-8.555794319530343E-01
3.824824824824827E-02	-8.551965553806757E-01
3.858858858858862E-02	-8.548614842921083E-01
3.892892892892896E-02	-8.544786326823370E-01
3.926926926926930E-02	-8.541436263544367E-01
3.960960960960964E-02	-8.537607994659269E-01
3.994994994994998E-02	-8.534258576118814E-01
4.029029029029032E-02	-8.530430552108930E-01
4.063063063063066E-02	-8.527081775516911E-01
4.097097097097100E-02	-8.523253994117576E-01
4.131131131131134E-02	-8.519905856758767E-01
4.165165165165168E-02	-8.516558016361065E-01
4.199199199199202E-02	-8.512730815006261E-01
4.233233233233236E-02	-8.509383609652871E-01
4.267267267267270E-02	-8.505556645557707E-01
4.301301301301304E-02	-8.502210072709080E-01
4.335335335335339E-02	-8.498383343842634E-01
4.369369369369373E-02	-8.495037401024534E-01
4.403403403403407E-02	-8.491210905416815E-01
4.437437437437441E-02	-8.487865590217973E-01
4.471471471471475E-02	-8.484039325957643E-01
4.505505505505509E-02	-8.480694636027394E-01
4.539539539539543E-02	-8.477350234857201E-01
4.573573573573577E-02	-8.473524534306029E-01
4.607607607607611E-02	-8.470180754742247E-01
4.641641641641645E-02	-8.466355281017998E-01
4.675675675675679E-02	-8.463012120853164E-01
4.709709709709713E-02	-8.459186872234546E-01
4.743743743743747E-02	-8.455844329314759E-01
4.777777777777781E-02	-8.452019304130436E-01
4.811811811811816E-02	-8.448677376353467E-01
4.845845845845850E-02	-8.445335731280293E-01
4.879879879879884E-02	-8.441511258293968E-01
4.913913913913918E-02	-8.438170225061687E-01
4.947947947947952E-02	-8.434345971555873E-01
4.981981981981986E-02	-8.431005548184818E-01
5.016016016016020E-02	-8.427181512650677E-01
5.050050050050054E-02	-8.423841697207255E-01
5.084084084084088E-02	-8.420017878178785E-01
5.118118118118122E-02	-8.416678668773850E-01
5.152152152152156E-02	-8.413339736530110E-01
5.186186186186190E-02	-8.409516459614270E-01
5.220220220220224E-02	-8.406178130417129E-01
5.254254254254258E-02	-8.402355066540156E-01
5.288288288288293E-02	-8.399017338606475E-01
5.322322322322327E-02	-8.395194486442733E-01
5.356356356356361E-02	-8.391857358029249E-01
5.390390390390395E-02	-8.388034716290298E-01
5.424424424424429E-02	-8.384698185692474E-01
5.458458458458463E-02	-8.381361927157566E-01
5.492492492492497E-02	-8.377539818676790E-01
5.526526526526531E-02	-8.374204155234851E-01
5.560560560560565E-02	-8.370382254134432E-01
5.594594594594599E-02	-8.367047184173247E-01
5.628628628628633E-02	-8.363225489286970E-01
5.662662662662667E-02	-8.359891011229296E-01
5.696696696696701E-02	-8.356556801517235E-01
5.730730730730735E-02	-8.352735633725958E-01
5.764764764764770E-02	-8.349402013380732E-01
5.798798798798804E-02	-8.345581049050759E-01
5.832832832832838E-02	-8.342248016578548E-01
5.866866866866872E-02	-8.338427254654143E-01
5.900900900900906E-02	-8.335094808592701E-01
5.934934934934940E-02	-8.331762627372042E-01
5.968968968968974E-02	-8.327942386965261E-01
6.003003003003008E-02	-8.324610789787193E-01
6.037037037037042E-02	-8.320790749297096E-01
6.071071071071076E-02	-8.317459734775109E-01
6.105105105105110E-02	-8.314128982681305E-01
6.139139139139144E-02	-8.310309460022323E-01
6.173173173173178E-02	-8.306979288327467E-01
6.207207207207213E-02	-8.303159963270091E-01
6.241241241241247E-02	-8.299830370658515E-01
6.275275275275280E-02	-8.296011242313291E-01
6.309309309309313E-02	-8.292682227496059E-01
6.343343343343347E-02	-8.289353471922689E-01
6.377377377377380E-02	-8.285534856713113E-01
6.411411411411413E-02	-8.282206676820444E-01
6.445445445445447E-02	-8.278388256232658E-01
6.479479479479480E-02	-8.275060650796489E-01
6.513513513513514E-02	-8.271242424026536E-01
6.547547547547547E-02	-8.267915391847273E-01
6.581581581581580E-02	-8.264588615892380E-01
6.615615615615614E-02	-8.260770898016213E-01
6.649649649649647E-02	-8.257444693335728E-01
6.683683683683680E-02	-8.253627167392673E-01
6.717717717717714E-02	-8.250301532846186E-01
6.751751751751747E-02	-8.246976152433202E-01
6.785785785785781E-02	-8.243159132580480E-01
6.819819819819814E-02	-8.239834320406233E-01
6.853853853853847E-02	-8.236017490738485E-01
6.887887887887881E-02	-8.232693245718367E-01
6.921921921921914E-02	-8.229369252813905E-01
6.955955955955948E-02	-8.225552926632924E-01
6.989989989989981E-02	-8.222229499069462E-01
7.024024024024014E-02	-8.218413361453993E-01
7.058058058058048E-02	-8.215090498199492E-01
7.092092092092081E-02	-8.211767885111669E-01
7.126126126126114E-02	-8.207952248567995E-01
7.160160160160148E-02	-8.204630198053519E-01
7.194194194194181E-02	-8.200814748577352E-01
7.228228228228215E-02	-8.197493259653779E-01
7.262262262262248E-02	-8.193677996667774E-01
7.296296296296281E-02	-8.190357068371593E-01
7.330330330330315E-02	-8.187036387659270E-01
7.364364364364348E-02	-8.183221622702389E-01
7.398398398398381E-02	-8.179901500983024E-01
7.432432432432415E-02	-8.176086921177254E-01
7.466466466466448E-02	-8.172767357533229E-01
7.500500500500482E-02	-8.169448039674023E-01
7.534534534534515E-02	-8.165633955893424E-01
7.568568568568548E-02	-8.162315194542902E-01
7.602602602602582E-02	-8.158996677888486E-01
7.636636636636615E-02	-8.155183088964852E-01
7.670670670670648E-02	-8.151865127291638E-01
7.704704704704682E-02	-8.148051721606882E-01
7.738738738738715E-02	-8.144734314065798E-01
7.772772772772749E-02	-8.141417149511823E-01
7.806806806806782E-02	-8.137604236926081E-01
7.840840840840815E-02	-8.134287625038936E-01
7.874874874874849E-02	-8.130474894618717E-01
7.908908908908882E-02	-8.127158834589272E-01
7.942942942942915E-02	-8.123843015890386E-01
7.976976976976949E-02	-8.120030776954782E-01
8.011011011010982E-02	-8.116715508707397E-01
8.045045045045016E-02	-8.112903450957011E-01
8.079079079079049E-02	-8.109588732389913E-01
8.113113113113082E-02	-8.106274253546606E-01
8.147147147147116E-02	-8.102462685803008E-01
8.181181181181149E-02	-8.099148755289954E-01
8.215215215215182E-02	-8.095337367839818E-01
8.249249249249216E-02	-8.092023984921893E-01
8.283283283283249E-02	-8.088710840168351E-01
8.317317317317283E-02	-8.084899941377114E-01
8.351351351351316E-02	-8.081587342922123E-01
8.385385385385349E-02	-8.078274981682007E-01
8.419419419419383E-02	-8.074464570759862E-01
8.453453453453416E-02	-8.071152754552720E-01
8.487487487487450E-02	-8.067342522682578E-01
8.521521521521483E-02	-8.064031250827518E-01
8.555555555555516E-02	-8.060720214699361E-01
8.589589589589550E-02	-8.056910469545873E-01
8.623623623623583E-02	-8.053599976553686E-01
8.657657657657616E-02	-8.049790409772060E-01
8.691691691691650E-02	-8.046480459266809E-01
8.725725725725683E-02	-8.043170743042241E-01
8.759759759759717E-02	-8.039361661939777E-01
8.793793793793750E-02	-8.036052487033228E-01
8.827827827827783E-02	-8.032743545523822E-01
8.861861861861817E-02	-8.028934949490207E-01
8.895895895895850E-02	-8.025626548157363E-01
8.929929929929883E-02	-8.021818129573129E-01
8.963963963963917E-02	-8.018510267815798E-01
8.997997997997950E-02	-8.015202638072603E-01
9.032032032031984E-02	-8.011394703693185E-01
9.066066066066017E-02	-8.008087612427907E-01
9.100100100100050E-02	-8.004780752330163E-01
9.134134134134084E-02	-8.000973301645633E-01
9.168168168168117E-02	-7.997666978953714E-01
9.202202202202150E-02	-7.993859704974823E-01
9.236236236236184E-02	-7.990553919132359E-01
9.270270270270217E-02	-7.987248363133244E-01
9.304304304304251E-02	-7.983441572146970E-01
9.338338338338284E-02	-7.980136551966028E-01
9.372372372372317E-02	-7.976831760816281E-01
9.406406406406351E-02	-7.973025452406408E-01
9.440440440440384E-02	-7.969721196067377E-01
9.474474474474417E-02	-7.966417167959704E-01
9.508508508508451E-02	-7.962611341743537E-01
9.542542542542484E-02	-7.959307847462334E-01
9.576576576576518E-02	-7.955502197206745E-01
9.610610610610551E-02	-7.952199236252292E-01
9.644644644644584E-02	-7.948896502279515E-01
9.678678678678618E-02	-7.945091333720639E-01
9.712712712712651E-02	-7.941789132127486E-01
9.746746746746685E-02	-7.938487156747527E-01
9.780780780780718E-02	-7.934682469588206E-01
9.814814814814751E-02	-7.931381025662431E-01
9.848848848848785E-02	-7.928079807192704E-01
9.882882882882818E-02	-7.924275601166337E-01
9.916916916916851E-02	-7.920974913246501E-01
9.950950950950885E-02	-7.917170882724535E-01
9.984984984984918E-02	-7.913870724906524E-01
1.001901901901895E-01	-7.910570791362788E-01
1.005305305305298E-01	-7.906767241664688E-01
1.008708708708702E-01	-7.903467837352444E-01
1.012112112112105E-01	-7.900168656585911E-01
1.015515515515509E-01	-7.896365587523527E-01
1.018918918918912E-01	-7.893066935137963E-01
1.022322322322315E-01	-7.889768505579849E-01
1.025725725725719E-01	-7.885965916993140E-01
1.029129129129122E-01	-7.882668014984845E-01
1.032532532532525E-01	-7.879370335095846E-01
1.035935935935929E-01	-7.875568226852255E-01
1.039339339339332E-01	-7.872271073700842E-01
1.042742742742735E-01	-7.868469140766770E-01
1.046146146146139E-01	-7.865172513964257E-01
1.049549549549542E-01	-7.861876108177627E-01
1.052952952952945E-01	-7.858074655494878E-01
1.056356356356349E-01	-7.854778775275310E-01
1.059759759759752E-01	-7.851483115389095E-01
1.063163163163155E-01	-7.847682142895591E-01
1.066566566566559E-01	-7.844387007812369E-01
1.069969969969962E-01	-7.841092092389218E-01
1.073373373373365E-01	-7.837291600048336E-01
1.076776776776769E-01	-7.833997208681474E-01
1.080180180180172E-01	-7.830703036310486E-01
1.083583583583575E-01	-7.826903024110450E-01
1.086986986986979E-01	-7.823609375066076E-01
1.090390390390382E-01	-7.820315944362229E-01
1.093793793793785E-01	-7.816516412315451E-01
1.097197197197189E-01	-7.813223504225126E-01
1.100600600600592E-01	-7.809930813828689E-01
1.104004004003995E-01	-7.806131761971495E-01
1.107407407407399E-01	-7.802839593491716E-01
1.110810810810802E-01	-7.799040717336725E-01
1.114214214214205E-01	-7.795749070459629E-01
1.117617617617609E-01	-7.792457640271322E-01
1.121021021021012E-01	-7.788659244488667E-01
1.124424424424415E-01	-7.785368335232373E-01
1.127827827827819E-01	-7.782077642040269E-01
1.131231231231222E-01	-7.778279726727566E-01
1.134634634634625E-01	-7.774989553812187E-01
1.138038038038029E-01	-7.771699596344436E-01
1.141441441441432E-01	-7.767902161621304E-01
1.144844844844835E-01	-7.764612723789976E-01
1.148248248248239E-01	-7.761323500797507E-01
1.151651651651642E-01	-7.757526546805334E-01
1.155055055055045E-01	-7.754237842823715E-01
1.158458458458449E-01	-7.750949353079916E-01
1.161861861861852E-01	-7.747152879981217E-01
1.165265265265255E-01	-7.743864908637066E-01
1.168668668668659E-01	-7.740577150937256E-01
1.172072072072062E-01	-7.736781158915411E-01
1.175475475475465E-01	-7.733493919018134E-01
1.178878878878869E-01	-7.730206892178992E-01
1.182282282282272E-01	-7.726411381437849E-01
1.185685685685675E-01	-7.723124871818032E-01
1.189089089089079E-01	-7.719838574677396E-01
1.192492492492482E-01	-7.716043545440757E-01
1.195895895895885E-01	-7.712757764949701E-01
1.199299299299289E-01	-7.709472196365977E-01
1.202702702702692E-01	-7.705677648877444E-01
1.206106106106095E-01	-7.702392596386821E-01
1.209509509509499E-01	-7.699107755238607E-01
1.212912912912902E-01	-7.695313689761004E-01
1.216316316316305E-01	-7.692029364162443E-01
1.219719719719709E-01	-7.688745249348149E-01
1.223123123123112E-01	-7.684951666163305E-01
1.226526526526515E-01	-7.681668066367935E-01
1.229929929929919E-01	-7.678384676805381E-01
1.233333333333322E-01	-7.674591576213754E-01
1.236736736736725E-01	-7.671308701151933E-01
1.240140140140129E-01	-7.668026035777955E-01
1.243543543543532E-01	-7.664233418098310E-01
1.246946946946935E-01	-7.660951266719132E-01
1.250350350350339E-01	-7.657669324489258E-01
1.253753753753742E-01	-7.653877190058322E-01
1.257157157157145E-01	-7.650595761329331E-01
1.260560560560549E-01	-7.647314541217414E-01
1.263963963963952E-01	-7.644033529494885E-01
1.267367367367356E-01	-7.640242183296416E-01
1.270770770770759E-01	-7.636961684294212E-01
1.274174174174162E-01	-7.633681393157492E-01
1.277577577577566E-01	-7.629890530987264E-01
1.280980980980969E-01	-7.626610752104200E-01
1.284384384384372E-01	-7.623331180568751E-01
1.287787787787776E-01	-7.619540802820954E-01
1.291191191191179E-01	-7.616261743083775E-01
1.294594594594582E-01	-7.612982890182152E-01
1.297997997997986E-01	-7.609192997267749E-01
1.301401401401389E-01	-7.605914655720104E-01
1.304804804804792E-01	-7.602636520501811E-01
1.308208208208196E-01	-7.598847112848064E-01
1.311611611611599E-01	-7.595569488550331E-01
1.315015015015002E-01	-7.592292070081390E-01
1.318418418418406E-01	-7.588503148131788E-01
1.321821821821809E-01	-7.585226240160681E-01
1.325225225225212E-01	-7.581949537523394E-01
1.328628628628616E-01	-7.578161101737275E-01
1.332032032032019E-01	-7.574884909185584E-01
1.335435435435422E-01	-7.571608921478195E-01
1.338838838838826E-01	-7.568333138402644E-01
1.342242242242229E-01	-7.564545494306838E-01
1.345645645645632E-01	-7.561270220643311E-01
1.349049049049036E-01	-7.557995151129383E-01
1.352452452452439E-01	-7.554207994252848E-01
1.355855855855842E-01	-7.550933433762527E-01
1.359259259259246E-01	-7.547659076944829E-01
1.362662662662649E-01	-7.543872407797814E-01
1.366066066066052E-01	-7.540598559625168E-01
1.369469469469456E-01	-7.537324914653311E-01
1.372872872872859E-01	-7.533538733760901E-01
1.376276276276262E-01	-7.530265597065264E-01
1.379679679679666E-01	-7.526992663103683E-01
1.383083083083069E-01	-7.523206971005597E-01
1.386486486486472E-01	-7.519934544960928E-01
1.389889889889876E-01	-7.516662321188534E-01
1.393293293293279E-01	-7.513390299485743E-01
1.396696696696682E-01	-7.509605402233435E-01
1.400100100100086E-01	-7.506333887843449E-01
1.403503503503489E-01	-7.503062575067916E-01
1.406906906906892E-01	-7.499278167846802E-01
1.410310310310296E-01	-7.496007362046438E-01
1.413713713713699E-01	-7.492736757410183E-01
1.417117117117102E-01	-7.488952840806843E-01
1.420520520520506E-01	-7.485682742817108E-01
1.423923923923909E-01	-7.482412845545869E-01
1.427327327327312E-01	-7.479143148796105E-01
1.430730730730716E-01	-7.475360029216079E-01
1.434134134134119E-01	-7.472090838549021E-01
1.437537537537522E-01	-7.468821847964080E-01
1.440940940940926E-01	-7.465039220344282E-01
1.444344344344329E-01	-7.461770735533904E-01
1.447747747747732E-01	-7.458502450370738E-01
1.451151151151136E-01	-7.454720315342390E-01
1.454554554554539E-01	-7.451452535654194E-01
1.457957957957942E-01	-7.448184955182775E-01
1.461361361361346E-01	-7.444917573736589E-01
1.464764764764749E-01	-7.441136238102457E-01
1.468168168168152E-01	-7.437869361605471E-01
1.471571571571556E-01	-7.434602683709223E-01
1.474974974974959E-01	-7.430821842109575E-01
1.478378378378362E-01	-7.427555668882290E-01
1.481781781781766E-01	-7.424289693835514E-01
1.485185185185169E-01	-7.420509346944075E-01
1.488588588588572E-01	-7.417243876294125E-01
1.491991991991976E-01	-7.413978603408584E-01
1.495395395395379E-01	-7.410713528101108E-01
1.498798798798782E-01	-7.406933983158818E-01
1.502202202202186E-01	-7.403669411758449E-01
1.505605605605589E-01	-7.400405037525688E-01
1.509009009008992E-01	-7.396625988830603E-01
1.512412412412396E-01	-7.393362118251168E-01
1.515815815815799E-01	-7.390098444432971E-01
1.519219219219202E-01	-7.386834967193059E-01
1.522622622622606E-01	-7.383056722288502E-01
1.526026026026009E-01	-7.379793748236323E-01
1.529429429429413E-01	-7.376530970361448E-01
1.532832832832816E-01	-7.372753223307356E-01
1.536236236236219E-01	-7.369490948384150E-01
1.539639639639623E-01	-7.366228869241143E-01
1.543043043043026E-01	-7.362451620779290E-01
1.546446446446429E-01	-7.359190044359287E-01
1.549849849849833E-01	-7.355928663326213E-01
1.553253253253236E-01	-7.352667477501907E-01
1.556656656656639E-01	-7.348891035678486E-01
1.560060060060043E-01	-7.345630352144479E-01
1.563463463463446E-01	-7.342369863431082E-01
1.566866866866849E-01	-7.338593921892000E-01
1.570270270270253E-01	-7.335333935257058E-01
1.573673673673656E-01	-7.332074143058277E-01
1.577077077077059E-01	-7.328814545120655E-01
1.580480480480463E-01	-7.325039412257909E-01
1.583883883883866E-01	-7.321780315988132E-01
1.587287287287269E-01	-7.318521413599994E-01
1.590690690690673E-01	-7.314746782773415E-01
1.594094094094076E-01	-7.311488381857488E-01
1.597497497497479E-01	-7.308230174447321E-01
1.600900900900883E-01	-7.304972160370921E-01
1.604304304304286E-01	-7.301198340334991E-01
1.607707707707689E-01	-7.297940827341505E-01
1.611111111111093E-01	-7.294683507310650E-01
1.614514514514496E-01	-7.290910191120658E-01
1.617917917917899E-01	-7.287653371992769E-01
1.621321321321303E-01	-7.284396745459779E-01
1.624724724724706E-01	-7.281140311352734E-01
1.628128128128109E-01	-7.277367808141901E-01
1.631531531531513E-01	-7.274111874569078E-01
1.634934934934916E-01	-7.270856133059103E-01
1.638338338338319E-01	-7.267600583444641E-01
1.641741741741723E-01	-7.263828894419666E-01
1.645145145145126E-01	-7.260573844982138E-01
1.648548548548529E-01	-7.257318987081577E-01
1.651951951951933E-01	-7.253547804822439E-01
1.655355355355336E-01	-7.250293446942379E-01
1.658758758758739E-01	-7.247039280243965E-01
1.662162162162143E-01	-7.243785304562688E-01
1.665565565565546E-01	-7.240014938789608E-01
1.668968968968949E-01	-7.236761462791077E-01
1.672372372372353E-01	-7.233508177458716E-01
1.675775775775756E-01	-7.229738320402574E-01
1.679179179179159E-01	-7.226485534610935E-01
1.682582582582563E-01	-7.223232939137638E-01
1.685985985985966E-01	-7.219980533820938E-01
1.689389389389369E-01	-7.216211495619872E-01
1.692792792792773E-01	-7.212959589524983E-01
1.696196196196176E-01	-7.209707873243063E-01
1.699599599599579E-01	-7.206456346613912E-01
1.703003003002983E-01	-7.202688128574171E-01
1.706406406406386E-01	-7.199437100858380E-01
1.709809809809789E-01	-7.196186262455915E-01
1.713213213213193E-01	-7.192418556266280E-01
1.716616616616596E-01	-7.189168216656758E-01
1.720020020019999E-01	-7.185918066024118E-01
1.723423423423403E-01	-7.182668104210662E-01
1.726826826826806E-01	-7.178901220655193E-01
1.730230230230209E-01	-7.175651757344184E-01
1.733633633633613E-01	-7.172402482519911E-01
1.737037037037016E-01	-7.169153396026201E-01
1.740440440440419E-01	-7.165387336468353E-01
1.743843843843823E-01	-7.162138748196537E-01
1.747247247247226E-01	-7.158890347926736E-01
1.750650650650629E-01	-7.155642135504240E-01
1.754054054054033E-01	-7.151876901327585E-01
1.757457457457436E-01	-7.148629186856200E-01
1.760860860860839E-01	-7.145381659907445E-01
1.764264264264243E-01	-7.141616942025930E-01
1.767667667667646E-01	-7.138369912935705E-01
1.771071071071049E-01	-7.135123071046219E-01
1.774474474474453E-01	-7.131876416205160E-01
1.777877877877856E-01	-7.128112526311898E-01
1.781281281281260E-01	-7.124866369075307E-01
1.784684684684663E-01	-7.121620398568994E-01
1.788088088088066E-01	-7.118374614641982E-01
1.791491491491470E-01	-7.114611554174500E-01
1.794894894894873E-01	-7.111366267607251E-01
1.798298298298276E-01	-7.108121167304803E-01
1.801701701701680E-01	-7.104876253117576E-01
1.805105105105083E-01	-7.101114023532380E-01
1.808508508508486E-01	-7.097869606469316E-01
1.811911911911890E-01	-7.094625375210610E-01
1.815315315315293E-01	-7.091381329607953E-01
1.818718718718696E-01	-7.087619932380080E-01
1.822122122122100E-01	-7.084376383675001E-01
1.825525525525503E-01	-7.081133020318637E-01
1.828928928928906E-01	-7.077372145305605E-01
1.832332332332310E-01	-7.074129278786887E-01
1.835735735735713E-01	-7.070886597312090E-01
1.839139139139116E-01	-7.067644100735179E-01
1.842542542542520E-01	-7.063884060846068E-01
1.845945945945923E-01	-7.060642060895524E-01
1.849349349349326E-01	-7.057400245541537E-01
1.852752752752730E-01	-7.054158614639259E-01
1.856156156156133E-01	-7.050399411399498E-01
1.859559559559536E-01	-7.047158276920980E-01
1.862962962962940E-01	-7.043917326596197E-01
1.866366366366343E-01	-7.040676560281592E-01
1.869769769769746E-01	-7.036918195234316E-01
1.873173173173150E-01	-7.033677925149217E-01
1.876576576576553E-01	-7.030437838779648E-01
1.879979979979956E-01	-7.027197935983264E-01
1.883383383383360E-01	-7.023440410688921E-01
1.886786786786763E-01	-7.020201003936104E-01
1.890190190190166E-01	-7.016961780465049E-01
1.893593593593570E-01	-7.013722740134605E-01
1.896996996996973E-01	-7.009966056170891E-01
1.900400400400376E-01	-7.006727511706241E-01
1.903803803803780E-01	-7.003489150093986E-01
1.907207207207183E-01	-7.000250971194184E-01
1.910610610610586E-01	-6.996495130155670E-01
1.914014014013990E-01	-6.993257446951866E-01
1.917417417417393E-01	-6.990019946175453E-01
1.920820820820796E-01	-6.986782627687597E-01
1.924224224224200E-01	-6.983027631185553E-01
1.927627627627603E-01	-6.979790808231792E-01
1.931031031031006E-01	-6.976554167284629E-01
1.934434434434410E-01	-6.973317708206449E-01
1.937837837837813E-01	-6.969563557868589E-01
1.941241241241216E-01	-6.966327594170308E-01
1.944644644644620E-01	-6.963091812062048E-01
1.948048048048023E-01	-6.959856211407288E-01
1.951451451451426E-01	-6.956102908877689E-01
1.954854854854830E-01	-6.952867803456262E-01
1.958258258258233E-01	-6.949632879212417E-01
1.961661661661636E-01	-6.946398136010685E-01
1.965065065065040E-01	-6.942645682949368E-01
1.968468468468443E-01	-6.939411434841932E-01
1.971871871871846E-01	-6.936177367503622E-01
1.975275275275250E-01	-6.932943480800113E-01
1.978678678678653E-01	-6.929191878882985E-01
1.982082082082056E-01	-6.925958487142101E-01
1.985485485485460E-01	-6.922725275765891E-01
1.988888888888863E-01	-6.919492244621127E-01
1.992292292292266E-01	-6.915741495539732E-01
1.995695695695670E-01	-6.912508959233153E-01
1.999099099099073E-01	-6.909276602890727E-01
2.002502502502476E-01	-6.906044426380290E-01
2.005905905905880E-01	-6.902294531841594E-01
2.009309309309283E-01	-6.899062850052037E-01
2.012712712712686E-01	-6.895831347829988E-01
2.016116116116090E-01	-6.892600025044274E-01
2.019519519519493E-01	-6.888850986770584E-01
2.022922922922896E-01	-6.885620158595518E-01
2.026326326326300E-01	-6.882389509595076E-01
2.029729729729703E-01	-6.879159039639120E-01
2.033133133133107E-01	-6.875410859367741E-01
2.036536536536510E-01	-6.872180883919096E-01
2.039939939939913E-01	-6.868951087255936E-01
2.043343343343317E-01	-6.865721469249143E-01
2.046746746746720E-01	-6.861974148732263E-01
2.050150150150123E-01	-6.858745025136256E-01
2.053553553553527E-01	-6.855516079940284E-01
2.056956956956930E-01	-6.852287313016175E-01
2.060360360360333E-01	-6.848540854020773E-01
2.063763763763737E-01	-6.845312581417661E-01
2.067167167167140E-01	-6.842084486832710E-01
2.070570570570543E-01	-6.838856570138773E-01
2.073973973973947E-01	-6.835628831208930E-01
2.077377377377350E-01	-6.831883551990173E-01
2.080780780780753E-01	-6.828656307173917E-01
2.084184184184157E-01	-6.825429239871326E-01
2.087587587587560E-01	-6.822202349956493E-01
2.090990990990963E-01	-6.818457936136203E-01
2.094394394394367E-01	-6.815231540259831E-01
2.097797797797770E-01	-6.812005321523303E-01
2.101201201201173E-01	-6.808779279801617E-01
2.104604604604577E-01	-6.805035733192787E-01
2.108008008007980E-01	-6.801810185440867E-01
2.111411411411383E-01	-6.798584814458402E-01
2.114814814814787E-01	-6.795359620121288E-01
2.118218218218190E-01	-6.791616942550962E-01
2.121621621621593E-01	-6.788392242121188E-01
2.125025025024997E-01	-6.785167718093877E-01
2.128428428428400E-01	-6.781943370345827E-01
2.131831831831803E-01	-6.778201563654819E-01
2.135235235235207E-01	-6.774977709757883E-01
2.138638638638610E-01	-6.771754031899714E-01
2.142042042042013E-01	-6.768530529958059E-01
2.145445445445417E-01	-6.765307203810933E-01
2.148848848848820E-01	-6.761566587860295E-01
2.152252252252223E-01	-6.758343755397990E-01
2.155655655655627E-01	-6.755121098492705E-01
2.159059059059030E-01	-6.751898617023342E-01
2.162462462462433E-01	-6.748158875989243E-01
2.165865865865837E-01	-6.744936888162053E-01
2.169269269269240E-01	-6.741715075535588E-01
2.172672672672643E-01	-6.738493437989677E-01
2.176076076076047E-01	-6.734754573756390E-01
2.179479479479450E-01	-6.731533429815869E-01
2.182882882882853E-01	-6.728312460723018E-01
2.186286286286257E-01	-6.725091666358444E-01
2.189689689689660E-01	-6.721871046603028E-01
2.193093093093063E-01	-6.718133380033383E-01
2.196496496496467E-01	-6.714913253740994E-01
2.199899899899870E-01	-6.711693301827774E-01
2.203303303303273E-01	-6.708473524175432E-01
2.206706706706677E-01	-6.704736738537805E-01
2.210110110110080E-01	-6.701517454324670E-01
2.213513513513483E-01	-6.698298344144676E-01
2.216916916916887E-01	-6.695079407880388E-01
2.220320320320290E-01	-6.691343505100896E-01
2.223723723723693E-01	-6.688125062257652E-01
2.227127127127097E-01	-6.684906793104506E-01
2.230530530530500E-01	-6.681688697524832E-01
2.233933933933903E-01	-6.678470775402259E-01
2.237337337337307E-01	-6.674736077371242E-01
2.240740740740710E-01	-6.671518648550105E-01
2.244144144144113E-01	-6.668301392963221E-01
2.247547547547517E-01	-6.665084310495020E-01
2.250950950950920E-01	-6.661350499544060E-01
2.254354354354323E-01	-6.658133910371490E-01
2.257757757757727E-01	-6.654917494096892E-01
2.261161161161130E-01	-6.651701250605444E-01
2.264564564564533E-01	-6.648485179782653E-01
2.267967967967937E-01	-6.644752578505039E-01
2.271371371371340E-01	-6.641537000873372E-01
2.274774774774743E-01	-6.638321595692277E-01
2.278178178178147E-01	-6.635106362847971E-01
2.281581581581550E-01	-6.631374652932883E-01
2.284984984984954E-01	-6.628159913285909E-01
2.288388388388357E-01	-6.624945345759686E-01
2.291791791791760E-01	-6.621730950241252E-01
2.295195195195164E-01	-6.618000133682431E-01
2.298598598598567E-01	-6.614786231372739E-01
2.302002002001970E-01	-6.611572500856815E-01
2.305405405405374E-01	-6.608358942022440E-01
2.308808808808777E-01	-6.605145554757577E-01
2.312212212212180E-01	-6.601415955216751E-01
2.315615615615584E-01	-6.598203061077218E-01
2.319019019018987E-01	-6.594990338295728E-01
2.322422422422390E-01	-6.591777786761035E-01
2.325825825825794E-01	-6.588049084944658E-01
2.329229229229197E-01	-6.584837026558125E-01
2.332632632632600E-01	-6.581625139208884E-01
2.336036036036004E-01	-6.578413422786424E-01
2.339439439439407E-01	-6.575201877180380E-01
2.342842842842810E-01	-6.571474397480189E-01
2.346246246246214E-01	-6.568263344952902E-01
2.349649649649617E-01	-6.565052463035016E-01
2.353053053053020E-01	-6.561841751616942E-01
2.356456456456424E-01	-6.558115174066749E-01
2.359859859859827E-01	-6.554904955761368E-01
2.363263263263230E-01	-6.551694907750614E-01
2.366666666666634E-01	-6.548485029925664E-01
2.370070070070037E-01	-6.545275322177813E-01
2.373473473473440E-01	-6.541549971909847E-01
2.376876876876844E-01	-6.538340757218878E-01
2.380280280280247E-01	-6.535131712402261E-01
2.383683683683650E-01	-6.531922837351979E-01
2.387087087087054E-01	-6.528198393715607E-01
2.390490490490457E-01	-6.524990011766961E-01
2.393893893893860E-01	-6.521781799383743E-01
2.397297297297264E-01	-6.518573756458695E-01
2.400700700700667E-01	-6.515365882884742E-01
2.404104104104070E-01	-6.511642671762945E-01
2.407507507507474E-01	-6.508435291248000E-01
2.410910910910877E-01	-6.505228079885501E-01
2.414314314314280E-01	-6.502021037569083E-01
2.417717717717684E-01	-6.498814164192567E-01
2.421121121121087E-01	-6.495092188413183E-01
2.424524524524490E-01	-6.491885808060164E-01
2.427927927927894E-01	-6.488679596450696E-01
2.431331331331297E-01	-6.485473553479244E-01
2.434734734734700E-01	-6.481752491337333E-01
2.438138138138104E-01	-6.478546941450258E-01
2.441541541541507E-01	-6.475341560006558E-01
2.444944944944910E-01	-6.472136346901406E-01
2.448348348348314E-01	-6.468931302030161E-01
2.451751751751717E-01	-6.465211480562523E-01
2.455155155155120E-01	-6.462006928752767E-01
2.458558558558524E-01	-6.458802544984472E-01
2.461961961961927E-01	-6.455598329153647E-01
2.465365365365330E-01	-6.452394281156492E-01
2.468768768768734E-01	-6.448675703244169E-01
2.472172172172137E-01	-6.445472148292437E-01
2.475575575575540E-01	-6.442268760984075E-01
2.478978978978944E-01	-6.439065541215977E-01
2.482382382382347E-01	-6.435347884073858E-01
2.485785785785750E-01	-6.432145157427421E-01
2.489189189189154E-01	-6.428942598132626E-01
2.492592592592557E-01	-6.425740206086948E-01
2.495995995995960E-01	-6.422537981188043E-01
2.499399399399364E-01	-6.418821573029314E-01
2.502802802802767E-01	-6.415619841248039E-01
2.506206206206171E-01	-6.412418276427033E-01
2.509609609609574E-01	-6.409216878464580E-01
2.513013013012978E-01	-6.406015647259156E-01
2.516416416416382E-01	-6.402300491016323E-01
2.519819819819785E-01	-6.399099752931010E-01
2.523223223223189E-01	-6.395899181418258E-01
2.526626626626592E-01	-6.392698776377184E-01
2.530030030029996E-01	-6.388984548160168E-01
2.533433433433400E-01	-6.385784636330203E-01
2.536836836836803E-01	-6.382584890789066E-01
2.540240240240207E-01	-6.379385311436409E-01
2.543643643643611E-01	-6.376185898172160E-01
2.547047047047014E-01	-6.372472927392345E-01
2.550450450450418E-01	-6.369274007353194E-01
2.553853853853821E-01	-6.366075253221568E-01
2.557257257257225E-01	-6.362876664897943E-01
2.560660660660629E-01	-6.359678242282938E-01
2.564064064064032E-01	-6.355966531922560E-01
2.567467467467436E-01	-6.352768602552908E-01
2.570870870870839E-01	-6.349570838713016E-01
2.574274274274243E-01	-6.346373240304122E-01
2.577677677677647E-01	-6.343175807227626E-01
2.581081081081050E-01	-6.339465360286130E-01
2.584484484484454E-01	-6.336268420481315E-01
2.587887887887858E-01	-6.333071645831981E-01
2.591291291291261E-01	-6.329875036240088E-01
2.594694694694665E-01	-6.326165527311691E-01
2.598098098098068E-01	-6.322969411101501E-01
2.601501501501472E-01	-6.319773459773319E-01
2.604904904904876E-01	-6.316577673229690E-01
2.608308308308279E-01	-6.313382051373397E-01
2.611711711711683E-01	-6.309673811506699E-01
2.615115115115086E-01	-6.306478683069291E-01
2.618518518518490E-01	-6.303283719145628E-01
2.621921921921894E-01	-6.300088919639012E-01
2.625325325325297E-01	-6.296894284452880E-01
2.628728728728701E-01	-6.293187316694989E-01
2.632132132132105E-01	-6.289993174970866E-01
2.635535535535508E-01	-6.286799197395549E-01
2.638938938938912E-01	-6.283605383873027E-01
2.642342342342315E-01	-6.280411734307506E-01
2.645745745745719E-01	-6.276706041722042E-01
2.649149149149123E-01	-6.273512885667404E-01
2.652552552552526E-01	-6.270319893399869E-01
2.655955955955930E-01	-6.267127064824177E-01
2.659359359359333E-01	-6.263934399845246E-01
2.662762762762737E-01	-6.260229985512030E-01
2.666166166166141E-01	-6.257037814098539E-01
2.669569569569544E-01	-6.253845806113699E-01
2.672972972972948E-01	-6.250653961462961E-01
2.676376376376352E-01	-6.247462280051899E-01
2.679779779779755E-01	-6.243759147066852E-01
2.683183183183159E-01	-6.240567959281441E-01
2.686586586586562E-01	-6.237376934569380E-01
2.689989989989966E-01	-6.234186072836805E-01
2.693393393393370E-01	-6.230483893434939E-01
2.696796796796773E-01	-6.227293525465002E-01
2.700200200200177E-01	-6.224103320309601E-01
2.703603603603580E-01	-6.220913277875348E-01
2.707007007006984E-01	-6.217723398069112E-01
2.710410410410388E-01	-6.214022505833993E-01
2.713813813813791E-01	-6.210833119860548E-01
2.717217217217195E-01	-6.207643896351829E-01
2.720620620620599E-01	-6.204454835215214E-01
2.724024024024002E-01	-6.201265936358166E-01
2.727427427427406E-01	-6.197566334430629E-01
2.730830830830809E-01	-6.194377929481928E-01
2.734234234234213E-01	-6.191189686651202E-01
2.737637637637617E-01	-6.188001605846514E-01
2.741041041041020E-01	-6.184813686975996E-01
2.744444444444424E-01	-6.181115378512501E-01
2.747847847847827E-01	-6.177927953631167E-01
2.751251251251231E-01	-6.174740690524103E-01
2.754654654654635E-01	-6.171553589099976E-01
2.758058058058038E-01	-6.168366649267579E-01
2.761461461461442E-01	-6.164669637439796E-01
2.764864864864846E-01	-6.161483191682675E-01
2.768268268268249E-01	-6.158296907359070E-01
2.771671671671653E-01	-6.155110784378220E-01
2.775075075075056E-01	-6.151924822649633E-01
2.778478478478460E-01	-6.148229110644486E-01
2.781881881881864E-01	-6.145043643082423E-01
2.785285285285267E-01	-6.141858336615975E-01
2.788688688688671E-01	-6.138673191155073E-01
2.792092092092074E-01	-6.135488206609807E-01
2.795495495495478E-01	-6.131793797629250E-01
2.798898898898882E-01	-6.128609307346834E-01
2.802302302302285E-01	-6.125424977825039E-01
2.805705705705689E-01	-6.122240808974410E-01
2.809109109109093E-01	-6.119056800705671E-01
2.812512512512496E-01	-6.115363697966526E-01
2.815915915915900E-01	-6.112180184061983E-01
2.819319319319303E-01	-6.108996830585873E-01
2.822722722722707E-01	-6.105813637449362E-01
2.826126126126111E-01	-6.102630604563795E-01
2.829529529529514E-01	-6.098938811297685E-01
2.832932932932918E-01	-6.095756272882612E-01
2.836336336336321E-01	-6.092573894566582E-01
2.839739739739725E-01	-6.089391676261342E-01
2.843143143143129E-01	-6.086209617878868E-01
2.846546546546532E-01	-6.082519137332006E-01
2.849949949949936E-01	-6.079337573531234E-01
2.853353353353340E-01	-6.076156169502803E-01
2.856756756756743E-01	-6.072974925159150E-01
2.860160160160147E-01	-6.069793840412777E-01
2.863563563563550E-01	-6.066104675845913E-01
2.866966966966954E-01	-6.062924085797241E-01
2.870370370370358E-01	-6.059743655196967E-01
2.873773773773761E-01	-6.056563383958106E-01
2.877177177177165E-01	-6.053383271993786E-01
2.880580580580568E-01	-6.049695426681985E-01
2.883983983983972E-01	-6.046515809536087E-01
2.887387387387376E-01	-6.043336351517312E-01
2.890790790790779E-01	-6.040157052539248E-01
2.894194194194183E-01	-6.036977912515610E-01
2.897597597597587E-01	-6.033291389748254E-01
2.901001001000990E-01	-6.030112744668445E-01
2.904404404404394E-01	-6.026934258397115E-01
2.907807807807797E-01	-6.023755930848437E-01
2.911211211211201E-01	-6.020577761936702E-01
2.914614614614605E-01	-6.016892565017186E-01
2.918018018018008E-01	-6.013714891179293E-01
2.921421421421412E-01	-6.010537375833825E-01
2.924824824824815E-01	-6.007360018895526E-01
2.928228228228219E-01	-6.004182820279259E-01
2.931631631631623E-01	-6.000498952525071E-01
2.935035035035026E-01	-5.997322249117208E-01
2.938438438438430E-01	-5.994145703888309E-01
2.941841841841834E-01	-5.990969316753626E-01
2.945245245245237E-01	-5.987793087628617E-01
2.948648648648641E-01	-5.984110552371106E-01
2.952052052052044E-01	-5.980934818593582E-01
2.955455455455448E-01	-5.977759242684050E-01
2.958858858858852E-01	-5.974583824558304E-01
2.962262262262255E-01	-5.971408564132389E-01
2.965665665665659E-01	-5.967727364716586E-01
2.969069069069062E-01	-5.964552599781657E-01
2.972472472472466E-01	-5.961377992406226E-01
2.975875875875870E-01	-5.958203542506695E-01
2.979279279279273E-01	-5.955029249999563E-01
2.982682682682677E-01	-5.951349389784302E-01
2.986086086086081E-01	-5.948175592916067E-01
2.989489489489484E-01	-5.945001953301288E-01
2.992892892892888E-01	-5.941828470856912E-01
2.996296296296291E-01	-5.938655145500012E-01
2.999699699699695E-01	-5.934976627857562E-01
3.003103103103099E-01	-5.931803798291770E-01
3.006506506506502E-01	-5.928631125675816E-01
3.009909909909906E-01	-5.925458609927213E-01
3.013313313313309E-01	-5.922286250963548E-01
3.016716716716713E-01	-5.918609079279649E-01
3.020120120120117E-01	-5.915437216263535E-01
3.023523523523520E-01	-5.912265509896066E-01
3.026926926926924E-01	-5.909093960095269E-01
3.030330330330328E-01	-5.905922566779264E-01
3.033733733733731E-01	-5.902246744452996E-01
3.037137137137135E-01	-5.899075847245209E-01
3.040540540540538E-01	-5.895905106387214E-01
3.043943943943942E-01	-5.892734521797540E-01
3.047347347347346E-01	-5.889564093394863E-01
3.050750750750749E-01	-5.886393821097919E-01
3.054154154154153E-01	-5.882719691708872E-01
3.057557557557556E-01	-5.879549915632493E-01
3.060960960960960E-01	-5.876380295528438E-01
3.064364364364364E-01	-5.873210831315879E-01
3.067767767767767E-01	-5.870041522914062E-01
3.071171171171171E-01	-5.866368750184283E-01
3.074574574574575E-01	-5.863199938172711E-01
3.077977977977978E-01	-5.860031281839750E-01
3.081381381381382E-01	-5.856862781105060E-01
3.084784784784785E-01	-5.853694435888437E-01
3.088188188188189E-01	-5.850023023258151E-01
3.091591591591593E-01	-5.846855174605481E-01
3.094994994994996E-01	-5.843687481339931E-01
3.098398398398400E-01	-5.840519943381717E-01
3.101801801801803E-01	-5.837352560651108E-01
3.105205205205207E-01	-5.833682511573517E-01
3.108608608608611E-01	-5.830515625584523E-01
3.112012012012014E-01	-5.827348894693462E-01
3.115415415415418E-01	-5.824182318821002E-01
3.118818818818822E-01	-5.821015897887883E-01
3.122222222222225E-01	-5.817347215828950E-01
3.125625625625629E-01	-5.814181291819113E-01
3.129029029029032E-01	-5.811015522620175E-01
3.132432432432436E-01	-5.807849908153275E-01
3.135835835835840E-01	-5.804684448339699E-01
3.139239239239243E-01	-5.801017136778167E-01
3.142642642642647E-01	-5.797852174073352E-01
3.146046046046050E-01	-5.794687365894603E-01
3.149449449449454E-01	-5.791522712163545E-01
3.152852852852858E-01	-5.788358212801908E-01
3.156256256256261E-01	-5.784692275229139E-01
3.159659659659665E-01	-5.781528273165634E-01
3.163063063063069E-01	-5.778364425345479E-01
3.166466466466472E-01	-5.775200731690761E-01
3.169869869869876E-01	-5.772037192123751E-01
3.173273273273279E-01	-5.768372632043655E-01
3.176676676676683E-01	-5.765209589967918E-01
3.180080080080087E-01	-5.762046701854917E-01
3.183483483483490E-01	-5.758883967627276E-01
3.186886886886894E-01	-5.755721387207656E-01
3.190290290290297E-01	-5.752058208136630E-01
3.193693693693701E-01	-5.748896125405212E-01
3.197097097097105E-01	-5.745734196358026E-01
3.200500500500508E-01	-5.742572420918161E-01
3.203903903903912E-01	-5.739410799008741E-01
3.207307307307316E-01	-5.736249330553080E-01
3.210710710710719E-01	-5.732587880454999E-01
3.214114114114123E-01	-5.729426909842192E-01
3.217517517517526E-01	-5.726266092560727E-01
3.220920920920930E-01	-5.723105428534218E-01
3.224324324324334E-01	-5.719944917686388E-01
3.227727727727737E-01	-5.716284856146571E-01
3.231131131131141E-01	-5.713124843346529E-01
3.234534534534544E-01	-5.709964983603890E-01
3.237937937937948E-01	-5.706805276842702E-01
3.241341341341352E-01	-5.703645722987170E-01
3.244744744744755E-01	-5.699987053560546E-01
3.248148148148159E-01	-5.696827997961330E-01
3.251551551551563E-01	-5.693669095147583E-01
3.254954954954966E-01	-5.690510345043804E-01
3.258358358358370E-01	-5.687351747574640E-01
3.261761761761773E-01	-5.683694473828275E-01
3.265165165165177E-01	-5.680536374827501E-01
3.268568568568581E-01	-5.677378428342242E-01
3.271971971971984E-01	-5.674220634297493E-01
3.275375375375388E-01	-5.671062992618263E-01
3.278778778778791E-01	-5.667407118131245E-01
3.282182182182195E-01	-5.664249975136018E-01
3.285585585585599E-01	-5.661092984388317E-01
3.288988988989002E-01	-5.657936145813557E-01
3.292392392392406E-01	-5.654779459337221E-01
3.295795795795810E-01	-5.651124987700664E-01
3.299199199199213E-01	-5.647968800127406E-01
3.302602602602617E-01	-5.644812764535635E-01
3.306006006006020E-01	-5.641656880851150E-01
3.309409409409424E-01	-5.638501148999928E-01
3.312812812812828E-01	-5.634848083816805E-01
3.316216216216231E-01	-5.631692851091168E-01
3.319619619619635E-01	-5.628537770082875E-01
3.323023023023038E-01	-5.625382840718156E-01
3.326426426426442E-01	-5.622228062923400E-01
3.329829829829846E-01	-5.619073436625042E-01
3.333233233233249E-01	-5.615422129365347E-01
3.336636636636653E-01	-5.612268002377175E-01
3.340040040040057E-01	-5.609114026770741E-01
3.343443443443460E-01	-5.605960202472882E-01
3.346846846846864E-01	-5.602806529410407E-01
3.350250250250267E-01	-5.599156636335844E-01
3.353653653653671E-01	-5.596003462813426E-01
3.357057057057075E-01	-5.592850440412809E-01
3.360460460460478E-01	-5.589697569061163E-01
3.363863863863882E-01	-5.586544848685804E-01
3.367267267267285E-01	-5.582896373436192E-01
3.370670670670689E-01	-5.579744152834089E-01
3.374074074074093E-01	-5.576592083095623E-01
3.377477477477496E-01	-5.573440164148401E-01
3.380880880880900E-01	-5.570288395920133E-01
3.384284284284304E-01	-5.566641342146881E-01
3.387687687687707E-01	-5.563490073928345E-01
3.391091091091111E-01	-5.560338956317123E-01
3.394494494494514E-01	-5.557187989241232E-01
3.397897897897918E-01	-5.554037172628807E-01
3.401301301301322E-01	-5.550391543994834E-01
3.404704704704725E-01	-5.547241227631837E-01
3.408108108108129E-01	-5.544091061621620E-01
3.411511511511532E-01	-5.540941045892616E-01
3.414914914914936E-01	-5.537791180373330E-01
3.418318318318340E-01	-5.534146980553131E-01
3.421721721721743E-01	-5.530997615526192E-01
3.425125125125147E-01	-5.527848400599275E-01
3.428528528528551E-01	-5.524699335701233E-01
3.431931931931954E-01	-5.521550420760920E-01
3.435335335335358E-01	-5.517907653440329E-01
3.438738738738761E-01	-5.514759239238447E-01
3.442142142142165E-01	-5.511610974885613E-01
3.445545545545569E-01	-5.508462860310972E-01
3.448948948948972E-01	-5.505314895443912E-01
3.452352352352376E-01	-5.501673564320182E-01
3.455755755755779E-01	-5.498526100440738E-01
3.459159159159183E-01	-5.495378786161034E-01
3.462562562562587E-01	-5.492231621410693E-01
3.465965965965990E-01	-5.489084606119383E-01
3.469369369369394E-01	-5.485444714901070E-01
3.472772772772798E-01	-5.482298200849709E-01
3.476176176176201E-01	-5.479151836150524E-01
3.479579579579605E-01	-5.476005620733495E-01
3.482982982983008E-01	-5.472859554528732E-01
3.486386386386412E-01	-5.469221106935618E-01
3.489789789789816E-01	-5.466075542226174E-01
3.493193193193219E-01	-5.462930126623025E-01
3.496596596596623E-01	-5.459784860056541E-01
3.500000000000026E-01	-5.456639742457190E-01
3.503403403403430E-01	-5.453494773755519E-01
