# density, grand canonical potential per unit volume
1.034034034034034E-02	-7.512684517258149E+02
1.068068068068068E-02	-7.512691330034149E+02
1.102102102102102E-02	-7.512658907721590E+02
1.136136136136136E-02	-7.512666029354261E+02
1.170170170170170E-02	-7.512631470251780E+02
1.204204204204204E-02	-7.512638898871184E+02
1.238238238238239E-02	-7.512602203128071E+02
1.272272272272273E-02	-7.512609937736586E+02
1.306306306306307E-02	-7.512571106297180E+02
1.340340340340341E-02	-7.512579146657652E+02
1.374374374374375E-02	-7.512538181160980E+02
1.408408408408409E-02	-7.512546527703986E+02
1.442442442442443E-02	-7.512503430400267E+02
1.476476476476477E-02	-7.512512084146339E+02
1.510510510510511E-02	-7.512466857826661E+02
1.544544544544545E-02	-7.512475820320569E+02
1.578578578578579E-02	-7.512428468257251E+02
1.612612612612613E-02	-7.512437741511967E+02
1.646646646646647E-02	-7.512388267407509E+02
1.680680680680681E-02	-7.512397853856075E+02
1.714714714714715E-02	-7.512346261799410E+02
1.748748748748749E-02	-7.512356164253379E+02
1.782782782782784E-02	-7.512302458681669E+02
1.816816816816818E-02	-7.512312680294908E+02
1.850850850850852E-02	-7.512256865960539E+02
1.884884884884886E-02	-7.512267410197600E+02
1.918918918918920E-02	-7.512209492138988E+02
1.952952952952954E-02	-7.512220362747291E+02
1.986986986986988E-02	-7.512160346263446E+02
2.021021021021022E-02	-7.512171547248720E+02
2.055055055055056E-02	-7.512109437876516E+02
2.089089089089090E-02	-7.512120973480985E+02
2.123123123123124E-02	-7.512056776975089E+02
2.157157157157158E-02	-7.512068651658043E+02
2.191191191191192E-02	-7.512002373972990E+02
2.225225225225226E-02	-7.512014592393439E+02
2.259259259259261E-02	-7.511946239667498E+02
2.293293293293295E-02	-7.511958806668545E+02
2.327327327327329E-02	-7.511888385209396E+02
2.361361361361363E-02	-7.511901305804192E+02
2.395395395395397E-02	-7.511828822075820E+02
2.429429429429431E-02	-7.511842101434870E+02
2.463463463463465E-02	-7.511767562045872E+02
2.497497497497499E-02	-7.511781205485543E+02
2.531531531531533E-02	-7.511704617178382E+02
2.565565565565567E-02	-7.511718630150428E+02
2.599599599599601E-02	-7.511639999791787E+02
2.633633633633635E-02	-7.511654387873857E+02
2.667667667667669E-02	-7.511573722445758E+02
2.701701701701703E-02	-7.511588491332651E+02
2.735735735735738E-02	-7.511505797924408E+02
2.769769769769772E-02	-7.511520953420090E+02
2.803803803803806E-02	-7.511436239220851E+02
2.837837837837840E-02	-7.511451787231210E+02
2.871871871871874E-02	-7.511365059523193E+02
2.905905905905908E-02	-7.511381006049240E+02
2.939939939939942E-02	-7.511292272201443E+02
2.973973973973976E-02	-7.511308623333148E+02
3.008008008008010E-02	-7.511217890795609E+02
3.042042042042044E-02	-7.511234652706146E+02
3.076076076076078E-02	-7.511252183646573E+02
3.110110110110112E-02	-7.511159107945116E+02
3.144144144144146E-02	-7.511177058729386E+02
3.178178178178180E-02	-7.511082002970647E+02
3.212212212212214E-02	-7.511100379959082E+02
3.246246246246248E-02	-7.511003351838064E+02
3.280280280280282E-02	-7.511022161457263E+02
3.314314314314316E-02	-7.510923168728796E+02
3.348348348348350E-02	-7.510942417467519E+02
3.382382382382385E-02	-7.510841467942569E+02
3.416416416416419E-02	-7.510861162347933E+02
3.450450450450453E-02	-7.510758263890084E+02
3.484484484484487E-02	-7.510778410564020E+02
3.518518518518521E-02	-7.510673571086058E+02
3.552552552552555E-02	-7.510694176681992E+02
3.586586586586589E-02	-7.510587404142866E+02
3.620620620620623E-02	-7.510608475362579E+02
3.654654654654657E-02	-7.510499777764491E+02
3.688688688688691E-02	-7.510521321355253E+02
3.722722722722725E-02	-7.510543661840602E+02
3.756756756756759E-02	-7.510432729492770E+02
3.790790790790793E-02	-7.510455552222425E+02
3.824824824824827E-02	-7.510342714686062E+02
3.858858858858862E-02	-7.510366026510462E+02
3.892892892892896E-02	-7.510251291919398E+02
3.926926926926930E-02	-7.510275099725578E+02
3.960960960960964E-02	-7.510158476245931E+02
3.994994994994998E-02	-7.510182786955261E+02
4.029029029029032E-02	-7.510064282783394E+02
4.063063063063066E-02	-7.510089103349537E+02
4.097097097097100E-02	-7.509968726710049E+02
4.131131131131134E-02	-7.509994064117008E+02
4.165165165165168E-02	-7.510020218667373E+02
4.199199199199202E-02	-7.509897684521221E+02
4.233233233233236E-02	-7.509924366121421E+02
4.267267267267270E-02	-7.509799979877181E+02
4.301301301301304E-02	-7.509827195580115E+02
4.335335335335339E-02	-7.509700965548059E+02
4.369369369369373E-02	-7.509728722430859E+02
4.403403403403407E-02	-7.509600656942100E+02
4.437437437437441E-02	-7.509628962104616E+02
4.471471471471475E-02	-7.509499069509575E+02
4.505505505505509E-02	-7.509527930072907E+02
4.539539539539543E-02	-7.509557625397605E+02
4.573573573573577E-02	-7.509425641845263E+02
4.607607607607611E-02	-7.509455902974952E+02
4.641641641641645E-02	-7.509322112966516E+02
4.675675675675679E-02	-7.509352947070472E+02
4.709709709709713E-02	-7.509217359014359E+02
4.743743743743747E-02	-7.509248773278582E+02
4.777777777777781E-02	-7.509111395597040E+02
4.811811811811816E-02	-7.509143397223096E+02
4.845845845845850E-02	-7.509176248248616E+02
4.879879879879884E-02	-7.509036834555018E+02
4.913913913913918E-02	-7.509070283461240E+02
4.947947947947952E-02	-7.508929100950498E+02
4.981981981981986E-02	-7.508963154974018E+02
5.016016016016020E-02	-7.508820212108851E+02
5.050050050050054E-02	-7.508854878498202E+02
5.084084084084088E-02	-7.508710183750710E+02
5.118118118118122E-02	-7.508745469765395E+02
5.152152152152156E-02	-7.508781619979584E+02
5.186186186186190E-02	-7.508634944525799E+02
5.220220220220224E-02	-7.508671724966842E+02
5.254254254254258E-02	-7.508523318546539E+02
5.288288288288293E-02	-7.508560736498400E+02
5.322322322322327E-02	-7.508410607610089E+02
5.356356356356361E-02	-7.508448670364746E+02
5.390390390390395E-02	-7.508296827512711E+02
5.424424424424429E-02	-7.508335542369425E+02
5.458458458458463E-02	-7.508375136343337E+02
5.492492492492497E-02	-7.508221368327517E+02
5.526526526526531E-02	-7.508261625061612E+02
5.560560560560565E-02	-7.508106164064423E+02
5.594594594594599E-02	-7.508147090873741E+02
5.628628628628633E-02	-7.507989945414384E+02
5.662662662662667E-02	-7.508031549618813E+02
5.696696696696701E-02	-7.508074044576249E+02
5.730730730730735E-02	-7.507915017142959E+02
5.764764764764770E-02	-7.507958200182932E+02
5.798798798798804E-02	-7.507797509298096E+02
5.832832832832838E-02	-7.507841387750593E+02
5.866866866866872E-02	-7.507679041940938E+02
5.900900900900906E-02	-7.507723623138681E+02
5.934934934934940E-02	-7.507769106760878E+02
5.968968968968974E-02	-7.507604922209586E+02
6.003003003003008E-02	-7.507651119282557E+02
6.037037037037042E-02	-7.507485300827835E+02
6.071071071071076E-02	-7.507532218689482E+02
6.105105105105110E-02	-7.507580047296228E+02
6.139139139139144E-02	-7.507412420848076E+02
6.173173173173178E-02	-7.507460980956241E+02
6.207207207207213E-02	-7.507291741624318E+02
6.241241241241247E-02	-7.507341040573849E+02
6.275275275275280E-02	-7.507170196883030E+02
6.309309309309313E-02	-7.507220242013592E+02
6.343343343343347E-02	-7.507271209594123E+02
6.377377377377380E-02	-7.507098601137361E+02
6.411411411411413E-02	-7.507150325613818E+02
6.445445445445447E-02	-7.506976133803687E+02
6.479479479479480E-02	-7.507028622513885E+02
6.513513513513514E-02	-7.506852855866867E+02
6.547547547547547E-02	-7.506906116146909E+02
6.581581581581580E-02	-7.506960310587044E+02
6.615615615615614E-02	-7.506782822360174E+02
6.649649649649647E-02	-7.506837799079412E+02
6.683683683683680E-02	-7.506658756994901E+02
6.717717717717714E-02	-7.506714523324029E+02
6.751751751751747E-02	-7.506771232146380E+02
6.785785785785781E-02	-7.506590499152400E+02
6.819819819819814E-02	-7.506648008285946E+02
6.853853853853847E-02	-7.506465742388243E+02
6.887887887887881E-02	-7.506524059156263E+02
6.921921921921914E-02	-7.506583326746677E+02
6.955955955955948E-02	-7.506399400568840E+02
6.989989989989981E-02	-7.506459486483857E+02
7.024024024024014E-02	-7.506274048325897E+02
7.058058058058048E-02	-7.506334959879251E+02
7.092092092092081E-02	-7.506396830577553E+02
7.126126126126114E-02	-7.506209762720564E+02
7.160160160160148E-02	-7.506272469733213E+02
7.194194194194181E-02	-7.506083910784773E+02
7.228228228228215E-02	-7.506147461414093E+02
7.262262262262248E-02	-7.505957419837623E+02
7.296296296296281E-02	-7.506021821380638E+02
7.330330330330315E-02	-7.506087193744273E+02
7.364364364364348E-02	-7.505895565381186E+02
7.398398398398381E-02	-7.505961799309853E+02
7.432432432432415E-02	-7.505768709151548E+02
7.466466466466448E-02	-7.505835811928515E+02
7.500500500500482E-02	-7.505903893822765E+02
7.534534534534515E-02	-7.505709247316847E+02
7.568568568568548E-02	-7.505778208690460E+02
7.602602602602582E-02	-7.505848154113650E+02
7.636636636636615E-02	-7.505651969298649E+02
7.670670670670648E-02	-7.505722804819420E+02
7.704704704704682E-02	-7.505525191329267E+02
7.738738738738715E-02	-7.505596924205927E+02
7.772772772772749E-02	-7.505669649405772E+02
7.806806806806782E-02	-7.505470527933227E+02
7.840840840840815E-02	-7.505544161083385E+02
7.874874874874849E-02	-7.505343631645917E+02
7.908908908908882E-02	-7.505418179987181E+02
7.942942942942915E-02	-7.505493728908232E+02
7.976976976976949E-02	-7.505291721738349E+02
8.011011011010982E-02	-7.505368196419176E+02
8.045045045045016E-02	-7.505164801941696E+02
8.079079079079049E-02	-7.505242209604294E+02
8.113113113113082E-02	-7.505320626084609E+02
8.147147147147116E-02	-7.505115784043580E+02
8.181181181181149E-02	-7.505195144046752E+02
8.215215215215182E-02	-7.504988935299717E+02
8.249249249249216E-02	-7.505069246027803E+02
8.283283283283249E-02	-7.505150573791340E+02
8.317317317317283E-02	-7.504942947564330E+02
8.351351351351316E-02	-7.505025236564572E+02
8.385385385385349E-02	-7.505108547483604E+02
8.419419419419383E-02	-7.504899521592762E+02
8.453453453453416E-02	-7.504983804242308E+02
8.487487487487450E-02	-7.504773444367045E+02
8.521521521521483E-02	-7.504858705915217E+02
8.555555555555516E-02	-7.504944997565148E+02
8.589589589589550E-02	-7.504733267965413E+02
8.623623623623583E-02	-7.504820548976001E+02
8.657657657657616E-02	-7.504607505836639E+02
8.691691691691650E-02	-7.504695783353395E+02
8.725725725725683E-02	-7.504785099131174E+02
8.759759759759717E-02	-7.504570716112024E+02
8.793793793793750E-02	-7.504661038824794E+02
8.827827827827783E-02	-7.504752404646376E+02
8.861861861861817E-02	-7.504536699416250E+02
8.895895895895850E-02	-7.504629082581450E+02
8.929929929929883E-02	-7.504412096270055E+02
8.963963963963917E-02	-7.504505503886562E+02
8.997997997997950E-02	-7.504599962731251E+02
9.032032032031984E-02	-7.504381683895491E+02
9.066066066066017E-02	-7.504477177564831E+02
9.100100100100050E-02	-7.504573727286040E+02
9.134134134134084E-02	-7.504354173497900E+02
9.168168168168117E-02	-7.504451768395716E+02
9.202202202202150E-02	-7.504230965811605E+02
9.236236236236184E-02	-7.504329612953811E+02
9.270270270270217E-02	-7.504429324224642E+02
9.304304304304251E-02	-7.504207276209390E+02
9.338338338338284E-02	-7.504308050039417E+02
9.372372372372317E-02	-7.504409892796104E+02
9.406406406406351E-02	-7.504186616820564E+02
9.440440440440384E-02	-7.504289532428800E+02
9.474474474474417E-02	-7.504393521751870E+02
9.508508508508451E-02	-7.504169035248037E+02
9.542542542542484E-02	-7.504274107692183E+02
9.576576576576518E-02	-7.504048416414598E+02
9.610610610610551E-02	-7.504154578989857E+02
9.644644644644584E-02	-7.504261823294404E+02
9.678678678678618E-02	-7.504034950771788E+02
9.712712712712651E-02	-7.504143295437563E+02
9.746746746746685E-02	-7.504252726593249E+02
9.780780780780718E-02	-7.504024690151447E+02
9.814814814814751E-02	-7.504135231874709E+02
9.848848848848785E-02	-7.504246864838032E+02
9.882882882882818E-02	-7.504017681762201E+02
9.916916916916851E-02	-7.504130435475371E+02
9.950950950950885E-02	-7.503900091290051E+02
9.984984984984918E-02	-7.504013972702303E+02
1.001901901901895E-01	-7.504128953302716E+02
1.005305305305298E-01	-7.503897491517796E+02
1.008708708708702E-01	-7.504013609958189E+02
1.012112112112105E-01	-7.504130832307661E+02
1.015515515515509E-01	-7.503898270097732E+02
1.018918918918912E-01	-7.504016640403199E+02
1.022322322322315E-01	-7.504136119327569E+02
1.025725725725719E-01	-7.503902473824995E+02
1.029129129129122E-01	-7.504023110796215E+02
1.032532532532525E-01	-7.504144861084931E+02
1.035935935935929E-01	-7.503910149379554E+02
1.039339339339332E-01	-7.504033067780530E+02
1.042742742742735E-01	-7.503797249943569E+02
1.046146146146139E-01	-7.503921343324878E+02
1.049549549549542E-01	-7.504046557882534E+02
1.052952952952945E-01	-7.503809702547021E+02
1.056356356356349E-01	-7.503936102106900E+02
1.059759759759752E-01	-7.504063627510708E+02
1.063163163163155E-01	-7.503825751651000E+02
1.066566566566559E-01	-7.503954472052790E+02
1.069969969969962E-01	-7.504084322954367E+02
1.073373373373365E-01	-7.503845443500943E+02
1.076776776776769E-01	-7.503976499369912E+02
1.080180180180172E-01	-7.504108690382683E+02
1.083583583583575E-01	-7.503868824221844E+02
1.086986986986979E-01	-7.504002230144813E+02
1.090390390390382E-01	-7.504136775843646E+02
1.093793793793785E-01	-7.503895939817127E+02
1.097197197197189E-01	-7.504031710342156E+02
1.100600600600592E-01	-7.504168625263027E+02
1.104004004003995E-01	-7.503926836167749E+02
1.107407407407399E-01	-7.504064985803780E+02
1.110810810810802E-01	-7.503822167933870E+02
1.114214214214205E-01	-7.503961559031166E+02
1.117617617617609E-01	-7.504102102247721E+02
1.121021021021012E-01	-7.503858359519742E+02
1.124424424424415E-01	-7.504000154040489E+02
1.127827827827819E-01	-7.504143105267350E+02
1.131231231231222E-01	-7.503898454357133E+02
1.134634634634625E-01	-7.504042666703562E+02
1.138038038038029E-01	-7.504188040330484E+02
1.141441441441432E-01	-7.503942497867998E+02
1.144844844844835E-01	-7.504089142402097E+02
1.148248248248239E-01	-7.504236952778506E+02
1.151651651651642E-01	-7.503990535347582E+02
1.155055055055045E-01	-7.504139626390843E+02
1.158458458458449E-01	-7.504289887825571E+02
1.161861861861852E-01	-7.504042611963664E+02
1.165265265265255E-01	-7.504194163796795E+02
1.168668668668659E-01	-7.504346890557822E+02
1.172072072072062E-01	-7.504098772755738E+02
1.175475475475465E-01	-7.504252799618420E+02
1.178878878878869E-01	-7.504408005932561E+02
1.182282282282272E-01	-7.504159062634265E+02
1.185685685685675E-01	-7.504315578724880E+02
1.189089089089079E-01	-7.504473278777600E+02
1.192492492492482E-01	-7.504223526379948E+02
1.195895895895885E-01	-7.504382545855336E+02
1.199299299299289E-01	-7.504542753790464E+02
1.202702702702692E-01	-7.504292208643034E+02
1.206106106106095E-01	-7.504453745618255E+02
1.209509509509499E-01	-7.504616475537763E+02
1.212912912912902E-01	-7.504365153942576E+02
1.216316316316305E-01	-7.504529222490683E+02
1.219719719719709E-01	-7.504694488454463E+02
1.223123123123112E-01	-7.504442406665786E+02
1.226526526526515E-01	-7.504609020817599E+02
1.229929929929919E-01	-7.504776836843228E+02
1.233333333333322E-01	-7.504524011067476E+02
1.236736736736725E-01	-7.504693184811376E+02
1.240140140140129E-01	-7.504863564873910E+02
1.243543543543532E-01	-7.504610011269301E+02
1.246946946946935E-01	-7.504781758550997E+02
1.250350350350339E-01	-7.504954716582768E+02
1.253753753753742E-01	-7.504700451259245E+02
1.257157157157145E-01	-7.504874785981599E+02
1.260560560560549E-01	-7.505050335872016E+02
1.263963963963952E-01	-7.505227102354968E+02
1.267367367367356E-01	-7.504972310913829E+02
1.270770770770759E-01	-7.505150466509174E+02
1.274174174174162E-01	-7.505329843097361E+02
1.277577577577566E-01	-7.505074377023304E+02
1.280980980980969E-01	-7.505255152126541E+02
1.284384384384372E-01	-7.505437152609352E+02
1.287787787787776E-01	-7.505181027850058E+02
1.291191191191179E-01	-7.505364436220700E+02
1.294594594594582E-01	-7.505549074343928E+02
1.297997997997986E-01	-7.505292306798065E+02
1.301401401401389E-01	-7.505478362151908E+02
1.304804804804792E-01	-7.505665651617674E+02
1.308208208208196E-01	-7.505408257134627E+02
1.311611611611599E-01	-7.505596973143681E+02
1.315015015015002E-01	-7.505786927610170E+02
1.318418418418406E-01	-7.505528921990049E+02
1.321821821821809E-01	-7.505720312282290E+02
1.325225225225212E-01	-7.505912945363659E+02
1.328628628628616E-01	-7.505654344356965E+02
1.332032032032019E-01	-7.505848422516229E+02
1.335435435435422E-01	-7.506043747782402E+02
1.338838838838826E-01	-7.506240321549190E+02
1.342242242242229E-01	-7.505981346655842E+02
1.345645645645632E-01	-7.506179377632402E+02
1.349049049049036E-01	-7.506378661409110E+02
1.352452452452439E-01	-7.506119127372851E+02
1.355855855855842E-01	-7.506319877540849E+02
1.359259259259246E-01	-7.506521884794529E+02
1.362662662662649E-01	-7.506261807199893E+02
1.366066066066052E-01	-7.506465289995724E+02
1.369469469469456E-01	-7.506670034148701E+02
1.372872872872859E-01	-7.506409428530171E+02
1.376276276276262E-01	-7.506615657345434E+02
1.379679679679666E-01	-7.506823151775201E+02
1.383083083083069E-01	-7.506562033616997E+02
1.386486486486472E-01	-7.506771021798359E+02
1.389889889889876E-01	-7.506981279837433E+02
1.393293293293279E-01	-7.507192809104914E+02
1.396696696696682E-01	-7.506931425422486E+02
1.400100100100086E-01	-7.507144460358269E+02
1.403503503503489E-01	-7.507358770747082E+02
1.406906906906892E-01	-7.507096910145068E+02
1.410310310310296E-01	-7.507312735219742E+02
1.413713713713699E-01	-7.507529839957796E+02
1.417117117117102E-01	-7.507267517752218E+02
1.420520520520506E-01	-7.507486146162588E+02
1.423923923923909E-01	-7.507706058432426E+02
1.427327327327312E-01	-7.507927255917840E+02
1.430730730730716E-01	-7.507664734785981E+02
1.434134134134119E-01	-7.507887467724590E+02
1.437537537537522E-01	-7.508111490056083E+02
1.440940940940926E-01	-7.507848542547155E+02
1.444344344344329E-01	-7.508074109245940E+02
1.447747747747732E-01	-7.508300969500505E+02
1.451151151151136E-01	-7.508037610761100E+02
1.454554554554539E-01	-7.508266024265729E+02
1.457957957957942E-01	-7.508495735474602E+02
1.461361361361346E-01	-7.508726745729160E+02
1.464764764764749E-01	-7.508463253910534E+02
1.468168168168152E-01	-7.508695829059077E+02
1.471571571571556E-01	-7.508929707382831E+02
1.474974974974959E-01	-7.508665839163998E+02
1.478378378378362E-01	-7.508901291191590E+02
1.481781781781766E-01	-7.509138050509424E+02
1.485185185185169E-01	-7.508873820866422E+02
1.488588588588572E-01	-7.509112162666395E+02
1.491991991991976E-01	-7.509351815857074E+02
1.495395395395379E-01	-7.509592781765058E+02
1.498798798798782E-01	-7.509328484134143E+02
1.502202202202186E-01	-7.509571044030253E+02
1.505605605605589E-01	-7.509814920725040E+02
1.509009009008992E-01	-7.509550296101567E+02
1.512412412412396E-01	-7.509795775489376E+02
1.515815815815799E-01	-7.510042575742642E+02
1.519219219219202E-01	-7.510290698177528E+02
1.522622622622606E-01	-7.510026050550575E+02
1.526026026026009E-01	-7.510275787087576E+02
1.529429429429413E-01	-7.510526849853773E+02
1.532832832832816E-01	-7.510261909385526E+02
1.536236236236219E-01	-7.510514594885037E+02
1.539639639639623E-01	-7.510768610646619E+02
1.543043043043026E-01	-7.510503392021103E+02
1.546446446446429E-01	-7.510759039115321E+02
1.549849849849833E-01	-7.511016020489778E+02
1.553253253253236E-01	-7.511274337445602E+02
1.556656656656639E-01	-7.511009159613648E+02
1.560060060060043E-01	-7.511269119171782E+02
1.563463463463446E-01	-7.511530418310145E+02
1.566866866866849E-01	-7.511264996069951E+02
1.570270270270253E-01	-7.511527946335818E+02
1.573673673673656E-01	-7.511792240165983E+02
1.577077077077059E-01	-7.512057878850985E+02
1.580480480480463E-01	-7.511792541479456E+02
1.583883883883866E-01	-7.512059842463846E+02
1.587287287287269E-01	-7.512328492267753E+02
1.590690690690673E-01	-7.512062943954443E+02
1.594094094094076E-01	-7.512333264508555E+02
1.597497497497479E-01	-7.512604937832035E+02
1.600900900900883E-01	-7.512877965204823E+02
1.604304304304286E-01	-7.512612545458924E+02
1.607707707707689E-01	-7.512887254655625E+02
1.611111111111093E-01	-7.513163321832003E+02
1.614514514514496E-01	-7.512897724327444E+02
1.617917917917899E-01	-7.513175481703938E+02
1.621321321321303E-01	-7.513454600975595E+02
1.624724724724706E-01	-7.513735083411694E+02
1.628128128128109E-01	-7.513469657795860E+02
1.631531531531513E-01	-7.513751841407316E+02
1.634934934934916E-01	-7.514035392079162E+02
1.638338338338319E-01	-7.514320311074605E+02
1.641741741741723E-01	-7.514055081752163E+02
1.645145145145126E-01	-7.514341712842102E+02
1.648548548548529E-01	-7.514629716132015E+02
1.651951951951933E-01	-7.514364360488194E+02
1.655355355355336E-01	-7.514654084131301E+02
1.658758758758739E-01	-7.514945183835772E+02
1.662162162162143E-01	-7.515237660854107E+02
1.665565565565546E-01	-7.514972544230354E+02
1.668968968968949E-01	-7.515266752422117E+02
1.672372372372353E-01	-7.515562341769491E+02
1.675775775775756E-01	-7.515297131275559E+02
1.679179179179159E-01	-7.515594459979915E+02
1.682582582582563E-01	-7.515893173666627E+02
1.685985985985966E-01	-7.516193273577426E+02
1.689389389389369E-01	-7.515928344450494E+02
1.692792792792773E-01	-7.516230194439354E+02
1.696196196196176E-01	-7.516533434459334E+02
1.699599599599579E-01	-7.516838065746084E+02
1.703003003002983E-01	-7.516573441833841E+02
1.706406406406386E-01	-7.516879833863222E+02
1.709809809809789E-01	-7.517187620946680E+02
1.713213213213193E-01	-7.516922953448403E+02
1.716616616616596E-01	-7.517232509339782E+02
1.720020020019999E-01	-7.517543464057476E+02
1.723423423423403E-01	-7.517855818826292E+02
1.726826826826806E-01	-7.517591498291681E+02
1.730230230230209E-01	-7.517905632433489E+02
1.733633633633613E-01	-7.518221170378885E+02
1.737037037037016E-01	-7.518538113346517E+02
1.740440440440419E-01	-7.518274163281552E+02
1.743843843843823E-01	-7.518592896130577E+02
1.747247247247226E-01	-7.518913037734501E+02
1.750650650650629E-01	-7.519234589305831E+02
1.754054054054033E-01	-7.518971033092114E+02
1.757457457457436E-01	-7.519294384996501E+02
1.760860860860839E-01	-7.519619150581112E+02
1.764264264264243E-01	-7.519355618125746E+02
1.767667667667646E-01	-7.519682191946957E+02
1.771071071071049E-01	-7.520010183146064E+02
1.774474474474453E-01	-7.520339592924697E+02
1.777877877877856E-01	-7.520076495251722E+02
1.781281281281260E-01	-7.520407723618684E+02
1.784684684684663E-01	-7.520740374242971E+02
1.788088088088066E-01	-7.521074448320022E+02
1.791491491491470E-01	-7.520811808468166E+02
1.794894894894873E-01	-7.521147711428392E+02
1.798298298298276E-01	-7.521485041499279E+02
1.801701701701680E-01	-7.521823799870090E+02
1.805105105105083E-01	-7.521561640753373E+02
1.808508508508486E-01	-7.521902238245252E+02
1.811911911911890E-01	-7.522244267675036E+02
1.815315315315293E-01	-7.522587730225779E+02
1.818718718718696E-01	-7.522326074633377E+02
1.822122122122100E-01	-7.522671386486090E+02
1.825525525525503E-01	-7.523018135077804E+02
1.828928928928906E-01	-7.522756586589960E+02
1.832332332332310E-01	-7.523105192181561E+02
1.835735735735713E-01	-7.523455238114972E+02
1.839139139139116E-01	-7.523806725562320E+02
1.842542542542520E-01	-7.523545720490517E+02
1.845945945945923E-01	-7.523899075018292E+02
1.849349349349326E-01	-7.524253874642837E+02
1.852752752752730E-01	-7.524610120530051E+02
1.856156156156133E-01	-7.524349681319422E+02
1.859559559559536E-01	-7.524707804310508E+02
1.862962962962940E-01	-7.525067377127109E+02
1.866366366366343E-01	-7.525428400928905E+02
1.869769769769746E-01	-7.525168549899498E+02
1.873173173173150E-01	-7.525531460771440E+02
1.876576576576553E-01	-7.525895826171421E+02
1.879979979979956E-01	-7.526261647252882E+02
1.883383383383360E-01	-7.526002406599534E+02
1.886786786786763E-01	-7.526370124660234E+02
1.890190190190166E-01	-7.526739301925227E+02
1.893593593593570E-01	-7.527109939541716E+02
1.896996996996973E-01	-7.526851331334032E+02
1.900400400400376E-01	-7.527223875781642E+02
1.903803803803780E-01	-7.527597884083518E+02
1.907207207207183E-01	-7.527973357380636E+02
1.910610610610586E-01	-7.527715403562936E+02
1.914014014013990E-01	-7.528092793485789E+02
1.917417417417393E-01	-7.528471651886598E+02
1.920820820820796E-01	-7.528851979900073E+02
1.924224224224200E-01	-7.528594702291318E+02
1.927627627627603E-01	-7.528976956667858E+02
1.931031031031006E-01	-7.529360684119728E+02
1.934434434434410E-01	-7.529745885775385E+02
1.937837837837813E-01	-7.529489306069133E+02
1.941241241241216E-01	-7.529876443767872E+02
1.944644644644620E-01	-7.530265059112968E+02
1.948048048048023E-01	-7.530655153226635E+02
1.951451451451426E-01	-7.530399292991033E+02
1.954854854854830E-01	-7.530791332770447E+02
1.958258258258233E-01	-7.531184854740914E+02
1.961661661661636E-01	-7.531579860018359E+02
1.965065065065040E-01	-7.531324740696052E+02
1.968468468468443E-01	-7.531721701204571E+02
1.971871871871846E-01	-7.532120148422449E+02
1.975275275275250E-01	-7.532520083459367E+02
1.978678678678653E-01	-7.532265726367491E+02
1.982082082082056E-01	-7.532667626143399E+02
1.985485485485460E-01	-7.533071017120610E+02
1.988888888888863E-01	-7.533475900402542E+02
1.992292292292266E-01	-7.533222326732674E+02
1.995695695695670E-01	-7.533629184204104E+02
1.999099099099073E-01	-7.534037537342386E+02
2.002502502502476E-01	-7.534447387244653E+02
2.005905905905880E-01	-7.534194618062804E+02
2.009309309309283E-01	-7.534606451547660E+02
2.012712712712686E-01	-7.535019785138509E+02
2.016116116116090E-01	-7.535434619926206E+02
2.019519519519493E-01	-7.535182676172794E+02
2.022922922922896E-01	-7.535599503878736E+02
2.026326326326300E-01	-7.536017836103388E+02
2.029729729729703E-01	-7.536437673931322E+02
2.033133133133107E-01	-7.536186576421130E+02
2.036536536536510E-01	-7.536608416445509E+02
2.039939939939913E-01	-7.537031765374893E+02
2.043343343343317E-01	-7.537456624287568E+02
2.046746746746720E-01	-7.537206393709723E+02
2.050150150150123E-01	-7.537633264039570E+02
2.053553553553527E-01	-7.538061647634279E+02
2.056956956956930E-01	-7.538491545565843E+02
2.060360360360333E-01	-7.538242202483832E+02
2.063763763763737E-01	-7.538674120995815E+02
2.067167167167140E-01	-7.539107557106058E+02
2.070570570570543E-01	-7.539542511880270E+02
2.073973973973947E-01	-7.539978986382642E+02
2.077377377377350E-01	-7.539731061192314E+02
2.080780780780753E-01	-7.540169567557924E+02
2.084184184184157E-01	-7.540609596888149E+02
2.087587587587560E-01	-7.541051150240900E+02
2.090990990990963E-01	-7.540804158050266E+02
2.094394394394367E-01	-7.541247752300640E+02
2.097797797797770E-01	-7.541692873789817E+02
2.101201201201173E-01	-7.542139523569411E+02
2.104604604604577E-01	-7.541893484533877E+02
2.108008008007980E-01	-7.542342184187984E+02
2.111411411411383E-01	-7.542792415328611E+02
2.114814814814787E-01	-7.543244179001058E+02
2.118218218218190E-01	-7.542999113150357E+02
2.121621621621593E-01	-7.543452935616707E+02
2.125025025024997E-01	-7.543908293790801E+02
2.128428428428400E-01	-7.544365188711656E+02
2.131831831831803E-01	-7.544121115949823E+02
2.135235235235207E-01	-7.544580078526444E+02
2.138638638638610E-01	-7.545040581005559E+02
2.142042042042013E-01	-7.545502624419881E+02
2.145445445445417E-01	-7.545966209800608E+02
2.148848848848820E-01	-7.545723684399726E+02
2.152252252252223E-01	-7.546189348344928E+02
2.155655655655627E-01	-7.546656557387291E+02
2.159059059059030E-01	-7.547125312551713E+02
2.162462462462433E-01	-7.546883824261906E+02
2.165865865865837E-01	-7.547354666723762E+02
2.169269269269240E-01	-7.547827058418238E+02
2.172672672672643E-01	-7.548301000363930E+02
2.176076076076047E-01	-7.548060568681201E+02
2.179479479479450E-01	-7.548536606599771E+02
2.182882882882853E-01	-7.549014197859940E+02
2.186286286286257E-01	-7.549493343473968E+02
2.189689689689660E-01	-7.549974044452642E+02
2.193093093093063E-01	-7.549735237973506E+02
2.196496496496467E-01	-7.550218045602411E+02
2.199899899899870E-01	-7.550702411661349E+02
2.203303303303273E-01	-7.551188337154772E+02
2.206706706706677E-01	-7.550950630388336E+02
2.210110110110080E-01	-7.551438671078537E+02
2.213513513513483E-01	-7.551928274248435E+02
2.216916916916887E-01	-7.552419440896174E+02
2.220320320320290E-01	-7.552182852930496E+02
2.223723723723693E-01	-7.552676143264067E+02
2.227127127127097E-01	-7.553171000100476E+02
2.230530530530500E-01	-7.553667424431562E+02
2.233933933933903E-01	-7.554165417247677E+02
2.237337337337307E-01	-7.553930530677600E+02
2.240740740740710E-01	-7.554430657625584E+02
2.244144144144113E-01	-7.554932356058581E+02
2.247547547547517E-01	-7.555435626960630E+02
2.250950950950920E-01	-7.555201901380726E+02
2.254354354354323E-01	-7.555707314774844E+02
2.257757757757727E-01	-7.556214303617816E+02
2.261161161161130E-01	-7.556722868887363E+02
2.264564564564533E-01	-7.557233011559695E+02
2.267967967967937E-01	-7.557001039042364E+02
2.271371371371340E-01	-7.557513334492892E+02
2.274774774774743E-01	-7.558027210301020E+02
2.278178178178147E-01	-7.558542667436635E+02
2.281581581581550E-01	-7.558311897465263E+02
2.284984984984954E-01	-7.558829515610480E+02
2.288388388388357E-01	-7.559348718017804E+02
2.291791791791760E-01	-7.559869505650837E+02
2.295195195195164E-01	-7.559639956623824E+02
2.298598598598567E-01	-7.560162913440394E+02
2.302002002001970E-01	-7.560687458397115E+02
2.305405405405374E-01	-7.561213592451237E+02
2.308808808808777E-01	-7.561741316558532E+02
2.312212212212180E-01	-7.561513593995719E+02
2.315615615615584E-01	-7.562043497341569E+02
2.319019019018987E-01	-7.562574993630046E+02
2.322422422422390E-01	-7.563108083810586E+02
2.325825825825794E-01	-7.562881622832830E+02
2.329229229229197E-01	-7.563416900297148E+02
2.332632632632600E-01	-7.563953774522823E+02
2.336036036036004E-01	-7.564492246452978E+02
2.339439439439407E-01	-7.565032317029252E+02
2.342842842842810E-01	-7.564807732253275E+02
2.346246246246214E-01	-7.565350000008615E+02
2.349649649649617E-01	-7.565893869254365E+02
2.353053053053020E-01	-7.566439340925839E+02
2.356456456456424E-01	-7.566216057742901E+02
2.359859859859827E-01	-7.566763734510020E+02
2.363263263263230E-01	-7.567313016526987E+02
2.366666666666634E-01	-7.567863904722816E+02
2.370070070070037E-01	-7.568416400024985E+02
2.373473473473440E-01	-7.568195041993340E+02
2.376876876876844E-01	-7.568749752126834E+02
2.380280280280247E-01	-7.569306072165837E+02
2.383683683683650E-01	-7.569864003031525E+02
2.387087087087054E-01	-7.569643985968680E+02
2.390490490490457E-01	-7.570204139453704E+02
2.393893893893860E-01	-7.570765906544420E+02
2.397297297297264E-01	-7.571329288155699E+02
2.400700700700667E-01	-7.571894285200899E+02
2.404104104104070E-01	-7.571676241451411E+02
2.407507507507474E-01	-7.572243470692121E+02
2.410910910910877E-01	-7.572812318120795E+02
2.414314314314280E-01	-7.573382784644483E+02
2.417717717717684E-01	-7.573954871168755E+02
2.421121121121087E-01	-7.573738826986605E+02
2.424524524524490E-01	-7.574313155194264E+02
2.427927927927894E-01	-7.574889106131584E+02
2.431331331331297E-01	-7.575466680697810E+02
2.434734734734700E-01	-7.575252037349852E+02
2.438138138138104E-01	-7.575831861187917E+02
2.441541541541507E-01	-7.576413311363824E+02
2.444944944944910E-01	-7.576996388770510E+02
2.448348348348314E-01	-7.577581094299401E+02
2.451751751751717E-01	-7.577368497458043E+02
2.455155155155120E-01	-7.577955461587351E+02
2.458558558558524E-01	-7.578544056522884E+02
2.461961961961927E-01	-7.579134283149742E+02
2.465365365365330E-01	-7.579726142351565E+02
2.468768768768734E-01	-7.579515617593036E+02
2.472172172172137E-01	-7.580109744635686E+02
2.475575575575540E-01	-7.580705506912363E+02
2.478978978978944E-01	-7.581302905300396E+02
2.482382382382347E-01	-7.581093839716572E+02
2.485785785785750E-01	-7.581693513334562E+02
2.489189189189154E-01	-7.582294825702872E+02
2.492592592592557E-01	-7.582897777692498E+02
2.495995995995960E-01	-7.583502370172935E+02
2.499399399399364E-01	-7.583295422390294E+02
2.502802802802767E-01	-7.583902299182021E+02
2.506206206206171E-01	-7.584510819078632E+02
2.509609609609574E-01	-7.585120982943313E+02
2.513013013012978E-01	-7.585732791637751E+02
2.516416416416382E-01	-7.585527986555892E+02
2.519819819819785E-01	-7.586142088554918E+02
2.523223223223189E-01	-7.586757837972872E+02
2.526626626626592E-01	-7.587375235665145E+02
2.530030030029996E-01	-7.587171946576054E+02
2.533433433433400E-01	-7.587791644763032E+02
2.536836836836803E-01	-7.588412993793407E+02
2.540240240240207E-01	-7.589035994516254E+02
2.543643643643611E-01	-7.589660647779178E+02
2.547047047047014E-01	-7.589459545890448E+02
2.550450450450418E-01	-7.590086508482524E+02
2.553853853853821E-01	-7.590715126158875E+02
2.557257257257225E-01	-7.591345399760773E+02
2.560660660660629E-01	-7.591977330128002E+02
2.564064064064032E-01	-7.591778439663804E+02
2.567467467467436E-01	-7.592412688106763E+02
2.570870870870839E-01	-7.593048595834401E+02
2.574274274274243E-01	-7.593686163680202E+02
2.577677677677647E-01	-7.594325392476155E+02
2.581081081081050E-01	-7.594128737420090E+02
2.584484484484454E-01	-7.594770292950492E+02
2.587887887887858E-01	-7.595413511925534E+02
2.591291291291261E-01	-7.596058395170892E+02
2.594694694694665E-01	-7.595863330705437E+02
2.598098098098068E-01	-7.596510547605958E+02
2.601501501501472E-01	-7.597159431251248E+02
2.604904904904876E-01	-7.597809982460695E+02
2.608308308308279E-01	-7.598462202052211E+02
2.611711711711683E-01	-7.598269415844522E+02
2.615115115115086E-01	-7.598923977591460E+02
2.618518518518490E-01	-7.599580210170076E+02
2.621921921921894E-01	-7.600238114391973E+02
2.625325325325297E-01	-7.600897691067253E+02
2.628728728728701E-01	-7.600707206427332E+02
2.632132132132105E-01	-7.601369133670634E+02
2.635535535535508E-01	-7.602032735792135E+02
2.638938938938912E-01	-7.602698013595631E+02
2.642342342342315E-01	-7.603364967883467E+02
2.645745745745719E-01	-7.603176807881392E+02
2.649149149149123E-01	-7.603846121062224E+02
2.652552552552526E-01	-7.604517113127386E+02
2.655955955955930E-01	-7.605189784872917E+02
2.659359359359333E-01	-7.605864137093353E+02
2.662762762762737E-01	-7.605678324559423E+02
2.666166166166141E-01	-7.606355043910286E+02
2.669569569569544E-01	-7.607033446111263E+02
2.672972972972948E-01	-7.607713531950620E+02
2.676376376376352E-01	-7.608395302215106E+02
2.679779779779755E-01	-7.608211859740082E+02
2.683183183183159E-01	-7.608896005284937E+02
2.686586586586562E-01	-7.609581837605366E+02
2.689989989989966E-01	-7.610269357481860E+02
2.693393393393370E-01	-7.610087613960775E+02
2.696796796796773E-01	-7.610777515628649E+02
2.700200200200177E-01	-7.611469107183055E+02
2.703603603603580E-01	-7.612162389398187E+02
2.707007007006984E-01	-7.612857363046754E+02
2.710410410410388E-01	-7.612678029925686E+02
2.713813813813791E-01	-7.613375393357767E+02
2.717217217217195E-01	-7.614074450529008E+02
2.720620620620599E-01	-7.614775202205847E+02
2.724024024024002E-01	-7.615477649153217E+02
2.727427427427406E-01	-7.615300748352444E+02
2.730830830830809E-01	-7.616005592988149E+02
2.734234234234213E-01	-7.616712135175383E+02
2.737637637637617E-01	-7.617420375672822E+02
2.741041041041020E-01	-7.618130315237622E+02
2.744444444444424E-01	-7.617955868438689E+02
2.747847847847827E-01	-7.618668213509407E+02
2.751251251251231E-01	-7.619382259903791E+02
2.754654654654635E-01	-7.620098008372748E+02
2.758058058058038E-01	-7.620815459665657E+02
2.761461461461442E-01	-7.620643488311482E+02
2.764864864864846E-01	-7.621363352840730E+02
2.768268268268249E-01	-7.622084922425577E+02
2.771671671671653E-01	-7.622808197809130E+02
2.775075075075056E-01	-7.623533179733050E+02
2.778478478478460E-01	-7.623363705028237E+02
2.781881881881864E-01	-7.624091107831816E+02
2.785285285285267E-01	-7.624820219382699E+02
2.788688688688671E-01	-7.625551040416277E+02
2.792092092092074E-01	-7.626283571666420E+02
2.795495495495478E-01	-7.626116614577412E+02
2.798898898898882E-01	-7.626851574263515E+02
2.802302302302285E-01	-7.627588246348486E+02
2.805705705705689E-01	-7.628326631559959E+02
2.809109109109093E-01	-7.629066730624063E+02
2.812512512512496E-01	-7.628902311879364E+02
2.815915915915900E-01	-7.629644846848769E+02
2.819319319319303E-01	-7.630389097828464E+02
2.822722722722707E-01	-7.631135065538321E+02
2.826126126126111E-01	-7.631882750696736E+02
2.829529529529514E-01	-7.631720890787233E+02
2.832932932932918E-01	-7.632471019233420E+02
2.836336336336321E-01	-7.633222867261217E+02
2.839739739739725E-01	-7.633976435582734E+02
2.843143143143129E-01	-7.634731724908640E+02
2.846546546546532E-01	-7.634572444087669E+02
2.849949949949936E-01	-7.635330183997023E+02
2.853353353353340E-01	-7.636089647019191E+02
2.856756756756743E-01	-7.636850833858589E+02
2.860160160160147E-01	-7.637613745218100E+02
2.863563563563550E-01	-7.637457063501843E+02
2.866966966966954E-01	-7.638222432653756E+02
2.870370370370358E-01	-7.638989528409656E+02
2.873773773773761E-01	-7.639758351466212E+02
2.877177177177165E-01	-7.640528902518599E+02
2.880580580580568E-01	-7.640374839686186E+02
2.883983983983972E-01	-7.641147855653257E+02
2.887387387387376E-01	-7.641922601675470E+02
2.890790790790779E-01	-7.642699078441747E+02
2.894194194194183E-01	-7.643477286639528E+02
2.897597597597587E-01	-7.643325862233390E+02
2.901001001000990E-01	-7.644106542381600E+02
2.904404404404394E-01	-7.644888955996071E+02
2.907807807807797E-01	-7.645673103758035E+02
2.911211211211201E-01	-7.646458986347202E+02
2.914614614614605E-01	-7.646310219673210E+02
2.918018018018008E-01	-7.647098581162043E+02
2.921421421421412E-01	-7.647888679488316E+02
2.924824824824815E-01	-7.648680515325524E+02
2.928228228228219E-01	-7.649474089345679E+02
2.931631631631623E-01	-7.649327999473455E+02
2.935035035035026E-01	-7.650124059256095E+02
2.938438438438430E-01	-7.650921859207413E+02
2.941841841841834E-01	-7.651721399993194E+02
2.945245245245237E-01	-7.652522682277715E+02
2.948648648648641E-01	-7.652379288040900E+02
2.952052052052044E-01	-7.653183062864412E+02
2.955455455455448E-01	-7.653988581147934E+02
2.958858858858852E-01	-7.654795843549532E+02
2.962262262262255E-01	-7.655604850725769E+02
2.965665665665659E-01	-7.655464170722155E+02
2.969069069069062E-01	-7.656275677127642E+02
2.972472472472466E-01	-7.657088930244590E+02
2.975875875875870E-01	-7.657903930723356E+02
2.979279279279273E-01	-7.658720679212799E+02
2.982682682682677E-01	-7.658582731804750E+02
2.986086086086081E-01	-7.659401986127547E+02
2.989489489489484E-01	-7.660222990373392E+02
2.992892892892888E-01	-7.661045745184948E+02
2.996296296296291E-01	-7.661870251203397E+02
2.999699699699695E-01	-7.661735054517942E+02
3.003103103103099E-01	-7.662562072887760E+02
3.006506506506502E-01	-7.663390844352411E+02
3.009909909909906E-01	-7.664221369546865E+02
3.013313313313309E-01	-7.665053649104600E+02
3.016716716716713E-01	-7.664921221033817E+02
3.020120120120117E-01	-7.665756019374958E+02
3.023523523523520E-01	-7.666592573942928E+02
3.026926926926924E-01	-7.667430885365009E+02
3.030330330330328E-01	-7.668270954267007E+02
3.033733733733731E-01	-7.668141312468231E+02
3.037137137137135E-01	-7.668983906499745E+02
3.040540540540538E-01	-7.669828259850342E+02
3.043943943943942E-01	-7.670674373139623E+02
3.047347347347346E-01	-7.671522246985697E+02
3.050750750750749E-01	-7.672371882005179E+02
3.054154154154153E-01	-7.672245814117653E+02
3.057557557557556E-01	-7.673097981725164E+02
3.060960960960960E-01	-7.673951912316206E+02
3.064364364364364E-01	-7.674807606501221E+02
3.067767767767767E-01	-7.675665064889141E+02
3.071171171171171E-01	-7.675541821030190E+02
3.074574574574575E-01	-7.676401818164055E+02
3.077977977977978E-01	-7.677263581286636E+02
3.081381381381382E-01	-7.678127111000686E+02
3.084784784784785E-01	-7.678992407907482E+02
3.088188188188189E-01	-7.678872004985824E+02
3.091591591591593E-01	-7.679739846710856E+02
3.094994994994996E-01	-7.680609457390131E+02
3.098398398398400E-01	-7.681480837618728E+02
3.101801801801803E-01	-7.682353987990275E+02
3.105205205205207E-01	-7.682236442681057E+02
3.108608608608611E-01	-7.683112143857596E+02
3.112012012012014E-01	-7.683989616914292E+02
3.115415415415418E-01	-7.684868862438567E+02
3.118818818818822E-01	-7.685749881016383E+02
3.122222222222225E-01	-7.685635209761407E+02
3.125625625625629E-01	-7.686518785045536E+02
3.129029029029032E-01	-7.687404135096165E+02
3.132432432432436E-01	-7.688291260493048E+02
3.135835835835840E-01	-7.689180161814498E+02
3.139239239239243E-01	-7.689068380822516E+02
3.142642642642647E-01	-7.689959844666245E+02
3.146046046046050E-01	-7.690853086123260E+02
3.149449449449454E-01	-7.691748105765690E+02
3.152852852852858E-01	-7.692644904164176E+02
3.156256256256261E-01	-7.692536029411164E+02
3.159659659659665E-01	-7.693435396062630E+02
3.163063063063069E-01	-7.694336543134681E+02
3.166466466466472E-01	-7.695239471191776E+02
3.169869869869876E-01	-7.696144180796942E+02
3.173273273273279E-01	-7.696038228026376E+02
3.176676676676683E-01	-7.696945511530054E+02
3.180080080080087E-01	-7.697854578222118E+02
3.183483483483490E-01	-7.698765428659411E+02
3.186886886886894E-01	-7.699678063397314E+02
3.190290290290297E-01	-7.699575048120483E+02
3.193693693693701E-01	-7.700490262317363E+02
3.197097097097105E-01	-7.701407262430999E+02
3.200500500500508E-01	-7.702326049010608E+02
3.203903903903912E-01	-7.703246622603946E+02
3.207307307307316E-01	-7.704168983757256E+02
3.210710710710719E-01	-7.704069718628007E+02
3.214114114114123E-01	-7.704994665761531E+02
3.217517517517526E-01	-7.705921402042387E+02
3.220920920920930E-01	-7.706849928010683E+02
3.224324324324334E-01	-7.707780244205062E+02
3.227727727727737E-01	-7.707683949621171E+02
3.231131131131141E-01	-7.708616857169864E+02
3.234534534534544E-01	-7.709551556507872E+02
3.237937937937948E-01	-7.710488048167701E+02
3.241341341341352E-01	-7.711426332680368E+02
3.244744744744755E-01	-7.711333023412792E+02
3.248148148148159E-01	-7.712273904569105E+02
3.251551551551563E-01	-7.713216580117412E+02
3.254954954954966E-01	-7.714161050582580E+02
3.258358358358370E-01	-7.715107316488036E+02
3.261761761761773E-01	-7.715017007076788E+02
3.265165165165177E-01	-7.715965874830555E+02
3.268568568568581E-01	-7.716916539539691E+02
3.271971971971984E-01	-7.717869001721479E+02
3.275375375375388E-01	-7.718823261891712E+02
3.278778778778791E-01	-7.718735966646109E+02
3.282182182182195E-01	-7.719692833784749E+02
3.285585585585599E-01	-7.720651500402878E+02
3.288988988989002E-01	-7.721611967010206E+02
3.292392392392406E-01	-7.722574234114909E+02
3.295795795795810E-01	-7.722489967113911E+02
3.299199199199213E-01	-7.723454846222628E+02
3.302602602602617E-01	-7.724421527295768E+02
3.306006006006020E-01	-7.725390010835421E+02
3.309409409409424E-01	-7.726360297342192E+02
3.312812812812828E-01	-7.726279072434660E+02
3.316216216216231E-01	-7.727251975896676E+02
3.319619619619635E-01	-7.728226683768864E+02
3.323023023023038E-01	-7.729203196545728E+02
3.326426426426442E-01	-7.730181514720282E+02
3.329829829829846E-01	-7.731161638784104E+02
3.333233233233249E-01	-7.731084285522099E+02
3.336636636636653E-01	-7.732067032335639E+02
3.340040040040057E-01	-7.733051586452876E+02
3.343443443443460E-01	-7.734037948359272E+02
3.346846846846864E-01	-7.735026118538799E+02
3.350250250250267E-01	-7.734951836777914E+02
3.353653653653671E-01	-7.735942634473581E+02
3.357057057057075E-01	-7.736935241832887E+02
3.360460460460478E-01	-7.737929659333718E+02
3.363863863863882E-01	-7.738925887452477E+02
3.367267267267285E-01	-7.738854690308225E+02
3.370670670670689E-01	-7.739853550625488E+02
3.374074074074093E-01	-7.740854222927276E+02
3.377477477477496E-01	-7.741856707683907E+02
3.380880880880900E-01	-7.742861005364224E+02
3.384284284284304E-01	-7.742792905723327E+02
3.387687687687707E-01	-7.743799840200555E+02
3.391091091091111E-01	-7.744808588944170E+02
3.394494494494514E-01	-7.745819152416955E+02
3.397897897897918E-01	-7.746831531080185E+02
3.401301301301322E-01	-7.746766541600903E+02
3.404704704704725E-01	-7.747781561575569E+02
3.408108108108129E-01	-7.748798398059553E+02
3.411511511511532E-01	-7.749817051508037E+02
3.414914914914936E-01	-7.750837522374761E+02
3.418318318318340E-01	-7.750775655487222E+02
3.421721721721743E-01	-7.751798772096187E+02
3.425125125125147E-01	-7.752823707418426E+02
3.428528528528551E-01	-7.753850461901584E+02
3.431931931931954E-01	-7.754879035991858E+02
3.435335335335358E-01	-7.754820303898354E+02
3.438738738738761E-01	-7.755851528078013E+02
3.442142142142165E-01	-7.756884573136022E+02
3.445545545545569E-01	-7.757919439512473E+02
3.448948948948972E-01	-7.758956127646032E+02
3.452352352352376E-01	-7.758900542321364E+02
3.455755755755779E-01	-7.759939884807924E+02
3.459159159159183E-01	-7.760981050299023E+02
3.462562562562587E-01	-7.762024039227264E+02
3.465965965965990E-01	-7.763068852023753E+02
3.469369369369394E-01	-7.763016425215532E+02
3.472772772772798E-01	-7.764063896545184E+02
3.476176176176201E-01	-7.765113192966778E+02
3.479579579579605E-01	-7.766164314905383E+02
3.482982982983008E-01	-7.767217262784582E+02
3.486386386386412E-01	-7.767168006013572E+02
3.489789789789816E-01	-7.768223616522768E+02
3.493193193193219E-01	-7.769281054172527E+02
3.496596596596623E-01	-7.770340319380385E+02
3.500000000000026E-01	-7.771401412562424E+02
3.503403403403430E-01	-7.772464334133246E+02
