# barionic density, mass
1.000000000000000E-03	3.107535578994751E+02
2.780780780780781E-03	3.095786323165894E+02
4.561561561561562E-03	3.083884479599000E+02
6.342342342342344E-03	3.072135223770142E+02
8.123123123123124E-03	3.060385967941285E+02
9.903903903903905E-03	3.048522271308900E+02
1.168468468468469E-02	3.036773015480042E+02
1.346546546546547E-02	3.025023759651185E+02
1.524624624624625E-02	3.013198209953309E+02
1.702702702702703E-02	3.001448954124451E+02
1.880780780780781E-02	2.989623404426574E+02
2.058858858858859E-02	2.977797854728699E+02
2.236936936936937E-02	2.965972305030823E+02
2.415015015015015E-02	2.954146755332947E+02
2.593093093093093E-02	2.942244911766053E+02
2.771171171171171E-02	2.930419362068176E+02
2.949249249249249E-02	2.918517518501282E+02
3.127327327327327E-02	2.906615674934387E+02
3.305405405405405E-02	2.894637537498475E+02
3.483483483483484E-02	2.882659400062561E+02
3.661561561561562E-02	2.870681262626647E+02
3.839639639639640E-02	2.858626831321716E+02
4.017717717717718E-02	2.846648693885804E+02
4.195795795795797E-02	2.834517968711853E+02
4.373873873873875E-02	2.822463537406922E+02
4.551951951951953E-02	2.810332812232971E+02
4.730030030030032E-02	2.798202087059021E+02
4.908108108108110E-02	2.785995068016052E+02
5.086186186186188E-02	2.773788048973083E+02
5.264264264264266E-02	2.761504736061096E+02
5.442342342342345E-02	2.749221423149109E+02
5.620420420420423E-02	2.736938110237122E+02
5.798498498498501E-02	2.724578503456116E+02
5.976576576576580E-02	2.712142602806092E+02
6.154654654654658E-02	2.699706702156067E+02
6.332732732732736E-02	2.687270801506043E+02
6.510810810810815E-02	2.674758606986999E+02
6.688888888888893E-02	2.662246412467957E+02
6.866966966966971E-02	2.649657924079895E+02
7.045045045045049E-02	2.636993141822815E+02
7.223123123123128E-02	2.624328359565735E+02
7.401201201201206E-02	2.611663577308655E+02
7.579279279279284E-02	2.598922501182556E+02
7.757357357357363E-02	2.586105131187439E+02
7.935435435435441E-02	2.573287761192321E+02
8.113513513513519E-02	2.560394097328186E+02
8.291591591591597E-02	2.547424139595032E+02
8.469669669669676E-02	2.534454181861877E+02
8.647747747747754E-02	2.521407930259705E+02
8.825825825825832E-02	2.508361678657532E+02
9.003903903903911E-02	2.495239133186340E+02
9.181981981981989E-02	2.482040293846130E+02
9.360060060060067E-02	2.468841454505920E+02
9.538138138138146E-02	2.455490027427673E+02
9.716216216216224E-02	2.442214894218445E+02
9.894294294294302E-02	2.428787173271179E+02
1.007237237237238E-01	2.415359452323914E+02
1.025045045045046E-01	2.401779143638611E+02
1.042852852852854E-01	2.388275128822327E+02
1.060660660660662E-01	2.374618526268005E+02
1.078468468468469E-01	2.360885629844665E+02
1.096276276276277E-01	2.347152733421325E+02
1.114084084084085E-01	2.333343543128967E+02
1.131891891891893E-01	2.319458058967590E+02
1.149699699699701E-01	2.305496280937195E+02
1.167507507507509E-01	2.291458209037781E+02
1.185315315315316E-01	2.277343843269348E+02
1.203123123123124E-01	2.263229477500915E+02
1.220930930930932E-01	2.248962523994446E+02
1.238738738738740E-01	2.234695570487976E+02
1.256546546546548E-01	2.220276029243469E+02
1.274354354354355E-01	2.205856487998962E+02
1.292162162162163E-01	2.191284359016418E+02
1.309969969969971E-01	2.176712230033875E+02
1.327777777777779E-01	2.161987513313293E+02
1.345585585585587E-01	2.147186502723694E+02
1.363393393393394E-01	2.132309198265075E+02
1.381201201201202E-01	2.117355599937439E+02
1.399009009009010E-01	2.102325707740784E+02
1.416816816816818E-01	2.087219521675109E+02
1.434624624624626E-01	2.071960747871399E+02
1.452432432432434E-01	2.056625680198669E+02
1.470240240240241E-01	2.041214318656922E+02
1.488048048048049E-01	2.025650369377136E+02
1.505855855855857E-01	2.010086420097351E+02
1.523663663663665E-01	1.994293589210511E+02
1.541471471471473E-01	1.978500758323669E+02
1.559279279279281E-01	1.962555339698791E+02
1.577087087087088E-01	1.946457333335877E+02
1.594894894894896E-01	1.930283033103943E+02
1.612702702702704E-01	1.913956145133972E+02
1.630510510510512E-01	1.897552963294983E+02
1.648318318318320E-01	1.880997193717957E+02
1.666126126126128E-01	1.864365130271912E+02
1.683933933933935E-01	1.847504185218811E+02
1.701741741741743E-01	1.830566946296692E+02
1.719549549549551E-01	1.813477119636535E+02
1.737357357357359E-01	1.796310999107361E+02
1.755165165165167E-01	1.778915996971131E+02
1.772972972972975E-01	1.761368407096863E+02
1.790780780780782E-01	1.743668229484558E+02
1.808588588588590E-01	1.725815464134216E+02
1.826396396396398E-01	1.707810111045837E+02
1.844204204204206E-01	1.689652170219422E+02
1.862012012012014E-01	1.671265347785950E+02
1.879819819819822E-01	1.652649643745422E+02
1.897627627627629E-01	1.633957645835877E+02
1.915435435435437E-01	1.614960472450256E+02
1.933243243243245E-01	1.595810711326599E+02
1.951051051051053E-01	1.576432068595886E+02
1.968858858858861E-01	1.556900838127136E+02
1.986666666666669E-01	1.537064432182312E+02
2.004474474474476E-01	1.517018218097687E+02
2.022282282282284E-01	1.496685902004242E+02
2.040090090090092E-01	1.476124704303741E+02
2.057897897897900E-01	1.455296478061676E+02
2.075705705705708E-01	1.434201223278046E+02
2.093513513513516E-01	1.412800793018341E+02
2.111321321321323E-01	1.391057040348053E+02
2.129129129129131E-01	1.369046259136200E+02
2.146936936936939E-01	1.346654008579254E+02
2.164744744744747E-01	1.323918435611725E+02
2.182552552552555E-01	1.300801393299103E+02
2.200360360360362E-01	1.277302881641388E+02
2.218168168168170E-01	1.253384753704071E+02
2.235975975975978E-01	1.229047009487152E+02
2.253783783783786E-01	1.204213355121612E+02
2.271591591591594E-01	1.178883790607452E+02
2.289399399399402E-01	1.153020169010162E+02
2.307207207207209E-01	1.126584343395233E+02
2.325015015015017E-01	1.099576313762665E+02
2.342822822822825E-01	1.071881639308929E+02
2.360630630630633E-01	1.043500320034027E+02
2.378438438438441E-01	1.014317915134430E+02
2.396246246246249E-01	9.843344246101378E+01
2.414054054054056E-01	9.533972607231141E+01
2.431861861861864E-01	9.215064234733580E+01
2.449669669669672E-01	8.884711781883240E+01
2.467477477477480E-01	8.542152309989930E+01
2.485285285285288E-01	8.185097002983093E+01
2.503093093093096E-01	7.812782922172548E+01
2.520900900900903E-01	7.421681476116181E+01
2.538708708708711E-01	7.009503848743439E+01
2.556516516516518E-01	6.571767775249482E+01
2.574324324324326E-01	6.103132684803009E+01
2.592132132132133E-01	5.595969190502167E+01
2.609939939939941E-01	5.038642477321625E+01
2.627747747747748E-01	4.411888343334198E+01
2.645555555555556E-01	3.680850027132034E+01
2.663363363363364E-01	2.763606986856460E+01
2.681171171171171E-01	1.315954664063453E+01
2.698978978978979E-01	0.000000000000000E+00
2.716786786786786E-01	0.000000000000000E+00
2.734594594594594E-01	0.000000000000000E+00
2.752402402402401E-01	0.000000000000000E+00
2.770210210210209E-01	0.000000000000000E+00
2.788018018018016E-01	0.000000000000000E+00
2.805825825825824E-01	0.000000000000000E+00
2.823633633633632E-01	0.000000000000000E+00
2.841441441441439E-01	0.000000000000000E+00
2.859249249249247E-01	0.000000000000000E+00
2.877057057057054E-01	0.000000000000000E+00
2.894864864864862E-01	0.000000000000000E+00
2.912672672672669E-01	0.000000000000000E+00
2.930480480480477E-01	0.000000000000000E+00
2.948288288288284E-01	0.000000000000000E+00
2.966096096096092E-01	0.000000000000000E+00
2.983903903903899E-01	0.000000000000000E+00
3.001711711711707E-01	0.000000000000000E+00
3.019519519519515E-01	0.000000000000000E+00
3.037327327327322E-01	0.000000000000000E+00
3.055135135135130E-01	0.000000000000000E+00
3.072942942942937E-01	0.000000000000000E+00
3.090750750750745E-01	0.000000000000000E+00
3.108558558558552E-01	0.000000000000000E+00
3.126366366366360E-01	0.000000000000000E+00
3.144174174174167E-01	0.000000000000000E+00
3.161981981981975E-01	0.000000000000000E+00
3.179789789789783E-01	0.000000000000000E+00
3.197597597597590E-01	0.000000000000000E+00
3.215405405405398E-01	0.000000000000000E+00
3.233213213213205E-01	0.000000000000000E+00
3.251021021021013E-01	0.000000000000000E+00
3.268828828828820E-01	0.000000000000000E+00
3.286636636636628E-01	0.000000000000000E+00
3.304444444444435E-01	0.000000000000000E+00
3.322252252252243E-01	0.000000000000000E+00
3.340060060060051E-01	0.000000000000000E+00
3.357867867867858E-01	0.000000000000000E+00
3.375675675675666E-01	0.000000000000000E+00
3.393483483483473E-01	0.000000000000000E+00
3.411291291291281E-01	0.000000000000000E+00
3.429099099099088E-01	0.000000000000000E+00
3.446906906906896E-01	0.000000000000000E+00
3.464714714714703E-01	0.000000000000000E+00
3.482522522522511E-01	0.000000000000000E+00
3.500330330330318E-01	0.000000000000000E+00
3.518138138138126E-01	0.000000000000000E+00
3.535945945945934E-01	0.000000000000000E+00
3.553753753753741E-01	0.000000000000000E+00
3.571561561561549E-01	0.000000000000000E+00
3.589369369369356E-01	0.000000000000000E+00
3.607177177177164E-01	0.000000000000000E+00
3.624984984984971E-01	0.000000000000000E+00
3.642792792792779E-01	0.000000000000000E+00
3.660600600600586E-01	0.000000000000000E+00
3.678408408408394E-01	0.000000000000000E+00
3.696216216216202E-01	0.000000000000000E+00
3.714024024024009E-01	0.000000000000000E+00
3.731831831831817E-01	0.000000000000000E+00
3.749639639639624E-01	0.000000000000000E+00
3.767447447447432E-01	0.000000000000000E+00
3.785255255255239E-01	0.000000000000000E+00
3.803063063063047E-01	0.000000000000000E+00
3.820870870870854E-01	0.000000000000000E+00
3.838678678678662E-01	0.000000000000000E+00
3.856486486486470E-01	0.000000000000000E+00
3.874294294294277E-01	0.000000000000000E+00
3.892102102102085E-01	0.000000000000000E+00
3.909909909909892E-01	0.000000000000000E+00
3.927717717717700E-01	0.000000000000000E+00
3.945525525525507E-01	0.000000000000000E+00
3.963333333333315E-01	0.000000000000000E+00
3.981141141141122E-01	0.000000000000000E+00
3.998948948948930E-01	0.000000000000000E+00
4.016756756756737E-01	0.000000000000000E+00
4.034564564564545E-01	0.000000000000000E+00
4.052372372372353E-01	0.000000000000000E+00
4.070180180180160E-01	0.000000000000000E+00
4.087987987987968E-01	0.000000000000000E+00
4.105795795795775E-01	0.000000000000000E+00
4.123603603603583E-01	0.000000000000000E+00
4.141411411411390E-01	0.000000000000000E+00
4.159219219219198E-01	0.000000000000000E+00
4.177027027027005E-01	0.000000000000000E+00
4.194834834834813E-01	0.000000000000000E+00
4.212642642642621E-01	0.000000000000000E+00
4.230450450450428E-01	0.000000000000000E+00
4.248258258258236E-01	0.000000000000000E+00
4.266066066066043E-01	0.000000000000000E+00
4.283873873873851E-01	0.000000000000000E+00
4.301681681681658E-01	0.000000000000000E+00
4.319489489489466E-01	0.000000000000000E+00
4.337297297297273E-01	0.000000000000000E+00
4.355105105105081E-01	0.000000000000000E+00
4.372912912912889E-01	0.000000000000000E+00
4.390720720720696E-01	0.000000000000000E+00
4.408528528528504E-01	0.000000000000000E+00
4.426336336336311E-01	0.000000000000000E+00
4.444144144144119E-01	0.000000000000000E+00
4.461951951951926E-01	0.000000000000000E+00
4.479759759759734E-01	0.000000000000000E+00
4.497567567567541E-01	0.000000000000000E+00
4.515375375375349E-01	0.000000000000000E+00
4.533183183183156E-01	0.000000000000000E+00
4.550990990990964E-01	0.000000000000000E+00
4.568798798798772E-01	0.000000000000000E+00
4.586606606606579E-01	0.000000000000000E+00
4.604414414414387E-01	0.000000000000000E+00
4.622222222222194E-01	0.000000000000000E+00
4.640030030030002E-01	0.000000000000000E+00
4.657837837837809E-01	0.000000000000000E+00
4.675645645645617E-01	0.000000000000000E+00
4.693453453453424E-01	0.000000000000000E+00
4.711261261261232E-01	0.000000000000000E+00
4.729069069069040E-01	0.000000000000000E+00
4.746876876876847E-01	0.000000000000000E+00
4.764684684684655E-01	0.000000000000000E+00
4.782492492492462E-01	0.000000000000000E+00
4.800300300300270E-01	0.000000000000000E+00
4.818108108108077E-01	0.000000000000000E+00
4.835915915915885E-01	0.000000000000000E+00
4.853723723723692E-01	0.000000000000000E+00
4.871531531531500E-01	0.000000000000000E+00
4.889339339339308E-01	0.000000000000000E+00
4.907147147147115E-01	0.000000000000000E+00
4.924954954954923E-01	0.000000000000000E+00
4.942762762762730E-01	0.000000000000000E+00
4.960570570570538E-01	0.000000000000000E+00
4.978378378378345E-01	0.000000000000000E+00
4.996186186186153E-01	0.000000000000000E+00
5.013993993993960E-01	0.000000000000000E+00
5.031801801801769E-01	0.000000000000000E+00
5.049609609609577E-01	0.000000000000000E+00
5.067417417417385E-01	0.000000000000000E+00
5.085225225225193E-01	0.000000000000000E+00
5.103033033033001E-01	0.000000000000000E+00
5.120840840840809E-01	0.000000000000000E+00
5.138648648648617E-01	0.000000000000000E+00
5.156456456456425E-01	0.000000000000000E+00
5.174264264264233E-01	0.000000000000000E+00
5.192072072072041E-01	0.000000000000000E+00
5.209879879879850E-01	0.000000000000000E+00
5.227687687687658E-01	0.000000000000000E+00
5.245495495495466E-01	0.000000000000000E+00
5.263303303303274E-01	0.000000000000000E+00
5.281111111111082E-01	0.000000000000000E+00
5.298918918918890E-01	0.000000000000000E+00
5.316726726726698E-01	0.000000000000000E+00
5.334534534534506E-01	0.000000000000000E+00
5.352342342342314E-01	0.000000000000000E+00
5.370150150150123E-01	0.000000000000000E+00
5.387957957957931E-01	0.000000000000000E+00
5.405765765765739E-01	0.000000000000000E+00
5.423573573573547E-01	0.000000000000000E+00
5.441381381381355E-01	0.000000000000000E+00
5.459189189189163E-01	0.000000000000000E+00
5.476996996996971E-01	0.000000000000000E+00
5.494804804804779E-01	0.000000000000000E+00
5.512612612612587E-01	0.000000000000000E+00
5.530420420420395E-01	0.000000000000000E+00
5.548228228228204E-01	0.000000000000000E+00
5.566036036036012E-01	0.000000000000000E+00
5.583843843843820E-01	0.000000000000000E+00
5.601651651651628E-01	0.000000000000000E+00
5.619459459459436E-01	0.000000000000000E+00
5.637267267267244E-01	0.000000000000000E+00
5.655075075075052E-01	0.000000000000000E+00
5.672882882882860E-01	0.000000000000000E+00
5.690690690690668E-01	0.000000000000000E+00
5.708498498498477E-01	0.000000000000000E+00
5.726306306306285E-01	0.000000000000000E+00
5.744114114114093E-01	0.000000000000000E+00
5.761921921921901E-01	0.000000000000000E+00
5.779729729729709E-01	0.000000000000000E+00
5.797537537537517E-01	0.000000000000000E+00
5.815345345345325E-01	0.000000000000000E+00
5.833153153153133E-01	0.000000000000000E+00
5.850960960960941E-01	0.000000000000000E+00
5.868768768768750E-01	0.000000000000000E+00
5.886576576576558E-01	0.000000000000000E+00
5.904384384384366E-01	0.000000000000000E+00
5.922192192192174E-01	0.000000000000000E+00
5.939999999999982E-01	0.000000000000000E+00
5.957807807807790E-01	0.000000000000000E+00
5.975615615615598E-01	0.000000000000000E+00
5.993423423423406E-01	0.000000000000000E+00
6.011231231231214E-01	0.000000000000000E+00
6.029039039039022E-01	0.000000000000000E+00
6.046846846846831E-01	0.000000000000000E+00
6.064654654654639E-01	0.000000000000000E+00
6.082462462462447E-01	0.000000000000000E+00
6.100270270270255E-01	0.000000000000000E+00
6.118078078078063E-01	0.000000000000000E+00
6.135885885885871E-01	0.000000000000000E+00
6.153693693693679E-01	0.000000000000000E+00
6.171501501501487E-01	0.000000000000000E+00
6.189309309309295E-01	0.000000000000000E+00
6.207117117117104E-01	0.000000000000000E+00
6.224924924924912E-01	0.000000000000000E+00
6.242732732732720E-01	0.000000000000000E+00
6.260540540540528E-01	0.000000000000000E+00
6.278348348348336E-01	0.000000000000000E+00
6.296156156156144E-01	0.000000000000000E+00
6.313963963963952E-01	0.000000000000000E+00
6.331771771771760E-01	0.000000000000000E+00
6.349579579579568E-01	0.000000000000000E+00
6.367387387387377E-01	0.000000000000000E+00
6.385195195195185E-01	0.000000000000000E+00
6.403003003002993E-01	0.000000000000000E+00
6.420810810810801E-01	0.000000000000000E+00
6.438618618618609E-01	0.000000000000000E+00
6.456426426426417E-01	0.000000000000000E+00
6.474234234234225E-01	0.000000000000000E+00
6.492042042042033E-01	0.000000000000000E+00
6.509849849849841E-01	0.000000000000000E+00
6.527657657657649E-01	0.000000000000000E+00
6.545465465465458E-01	0.000000000000000E+00
6.563273273273266E-01	0.000000000000000E+00
6.581081081081074E-01	0.000000000000000E+00
6.598888888888882E-01	0.000000000000000E+00
6.616696696696690E-01	0.000000000000000E+00
6.634504504504498E-01	0.000000000000000E+00
6.652312312312306E-01	0.000000000000000E+00
6.670120120120114E-01	0.000000000000000E+00
6.687927927927922E-01	0.000000000000000E+00
6.705735735735731E-01	0.000000000000000E+00
6.723543543543539E-01	0.000000000000000E+00
6.741351351351347E-01	0.000000000000000E+00
6.759159159159155E-01	0.000000000000000E+00
6.776966966966963E-01	0.000000000000000E+00
6.794774774774771E-01	0.000000000000000E+00
6.812582582582579E-01	0.000000000000000E+00
6.830390390390387E-01	0.000000000000000E+00
6.848198198198195E-01	0.000000000000000E+00
6.866006006006004E-01	0.000000000000000E+00
6.883813813813812E-01	0.000000000000000E+00
6.901621621621620E-01	0.000000000000000E+00
6.919429429429428E-01	0.000000000000000E+00
6.937237237237236E-01	0.000000000000000E+00
6.955045045045044E-01	0.000000000000000E+00
6.972852852852852E-01	0.000000000000000E+00
6.990660660660660E-01	0.000000000000000E+00
7.008468468468468E-01	0.000000000000000E+00
7.026276276276276E-01	0.000000000000000E+00
7.044084084084085E-01	0.000000000000000E+00
7.061891891891893E-01	0.000000000000000E+00
7.079699699699701E-01	0.000000000000000E+00
7.097507507507509E-01	0.000000000000000E+00
7.115315315315317E-01	0.000000000000000E+00
7.133123123123125E-01	0.000000000000000E+00
7.150930930930933E-01	0.000000000000000E+00
7.168738738738741E-01	0.000000000000000E+00
7.186546546546549E-01	0.000000000000000E+00
7.204354354354358E-01	0.000000000000000E+00
7.222162162162166E-01	0.000000000000000E+00
7.239969969969974E-01	0.000000000000000E+00
7.257777777777782E-01	0.000000000000000E+00
7.275585585585590E-01	0.000000000000000E+00
7.293393393393398E-01	0.000000000000000E+00
7.311201201201206E-01	0.000000000000000E+00
7.329009009009014E-01	0.000000000000000E+00
7.346816816816822E-01	0.000000000000000E+00
7.364624624624631E-01	0.000000000000000E+00
7.382432432432439E-01	0.000000000000000E+00
7.400240240240247E-01	0.000000000000000E+00
7.418048048048055E-01	0.000000000000000E+00
7.435855855855863E-01	0.000000000000000E+00
7.453663663663671E-01	0.000000000000000E+00
7.471471471471479E-01	0.000000000000000E+00
7.489279279279287E-01	0.000000000000000E+00
7.507087087087095E-01	0.000000000000000E+00
7.524894894894903E-01	0.000000000000000E+00
7.542702702702712E-01	0.000000000000000E+00
7.560510510510520E-01	0.000000000000000E+00
7.578318318318328E-01	0.000000000000000E+00
7.596126126126136E-01	0.000000000000000E+00
7.613933933933944E-01	0.000000000000000E+00
7.631741741741752E-01	0.000000000000000E+00
7.649549549549560E-01	0.000000000000000E+00
7.667357357357368E-01	0.000000000000000E+00
7.685165165165176E-01	0.000000000000000E+00
7.702972972972985E-01	0.000000000000000E+00
7.720780780780793E-01	0.000000000000000E+00
7.738588588588601E-01	0.000000000000000E+00
7.756396396396409E-01	0.000000000000000E+00
7.774204204204217E-01	0.000000000000000E+00
7.792012012012025E-01	0.000000000000000E+00
7.809819819819833E-01	0.000000000000000E+00
7.827627627627641E-01	0.000000000000000E+00
7.845435435435449E-01	0.000000000000000E+00
7.863243243243258E-01	0.000000000000000E+00
7.881051051051066E-01	0.000000000000000E+00
7.898858858858874E-01	0.000000000000000E+00
7.916666666666682E-01	0.000000000000000E+00
7.934474474474490E-01	0.000000000000000E+00
7.952282282282298E-01	0.000000000000000E+00
7.970090090090106E-01	0.000000000000000E+00
7.987897897897914E-01	0.000000000000000E+00
8.005705705705722E-01	0.000000000000000E+00
8.023513513513530E-01	0.000000000000000E+00
8.041321321321339E-01	0.000000000000000E+00
8.059129129129147E-01	0.000000000000000E+00
8.076936936936955E-01	0.000000000000000E+00
8.094744744744763E-01	0.000000000000000E+00
8.112552552552571E-01	0.000000000000000E+00
8.130360360360379E-01	0.000000000000000E+00
8.148168168168187E-01	0.000000000000000E+00
8.165975975975995E-01	0.000000000000000E+00
8.183783783783803E-01	0.000000000000000E+00
8.201591591591612E-01	0.000000000000000E+00
8.219399399399420E-01	0.000000000000000E+00
8.237207207207228E-01	0.000000000000000E+00
8.255015015015036E-01	0.000000000000000E+00
8.272822822822844E-01	0.000000000000000E+00
8.290630630630652E-01	0.000000000000000E+00
8.308438438438460E-01	0.000000000000000E+00
8.326246246246268E-01	0.000000000000000E+00
8.344054054054076E-01	0.000000000000000E+00
8.361861861861885E-01	0.000000000000000E+00
8.379669669669693E-01	0.000000000000000E+00
8.397477477477501E-01	0.000000000000000E+00
8.415285285285309E-01	0.000000000000000E+00
8.433093093093117E-01	0.000000000000000E+00
8.450900900900925E-01	0.000000000000000E+00
8.468708708708733E-01	0.000000000000000E+00
8.486516516516541E-01	0.000000000000000E+00
8.504324324324349E-01	0.000000000000000E+00
8.522132132132157E-01	0.000000000000000E+00
8.539939939939966E-01	0.000000000000000E+00
8.557747747747774E-01	0.000000000000000E+00
8.575555555555582E-01	0.000000000000000E+00
8.593363363363390E-01	0.000000000000000E+00
8.611171171171198E-01	0.000000000000000E+00
8.628978978979006E-01	0.000000000000000E+00
8.646786786786814E-01	0.000000000000000E+00
8.664594594594622E-01	0.000000000000000E+00
8.682402402402430E-01	0.000000000000000E+00
8.700210210210239E-01	0.000000000000000E+00
8.718018018018047E-01	0.000000000000000E+00
8.735825825825855E-01	0.000000000000000E+00
8.753633633633663E-01	0.000000000000000E+00
8.771441441441471E-01	0.000000000000000E+00
8.789249249249279E-01	0.000000000000000E+00
8.807057057057087E-01	0.000000000000000E+00
8.824864864864895E-01	0.000000000000000E+00
8.842672672672703E-01	0.000000000000000E+00
8.860480480480512E-01	0.000000000000000E+00
8.878288288288320E-01	0.000000000000000E+00
8.896096096096128E-01	0.000000000000000E+00
8.913903903903936E-01	0.000000000000000E+00
8.931711711711744E-01	0.000000000000000E+00
8.949519519519552E-01	0.000000000000000E+00
8.967327327327360E-01	0.000000000000000E+00
8.985135135135168E-01	0.000000000000000E+00
9.002942942942976E-01	0.000000000000000E+00
9.020750750750784E-01	0.000000000000000E+00
9.038558558558593E-01	0.000000000000000E+00
9.056366366366401E-01	0.000000000000000E+00
9.074174174174209E-01	0.000000000000000E+00
9.091981981982017E-01	0.000000000000000E+00
9.109789789789825E-01	0.000000000000000E+00
9.127597597597633E-01	0.000000000000000E+00
9.145405405405441E-01	0.000000000000000E+00
9.163213213213249E-01	0.000000000000000E+00
9.181021021021057E-01	0.000000000000000E+00
9.198828828828866E-01	0.000000000000000E+00
9.216636636636674E-01	0.000000000000000E+00
9.234444444444482E-01	0.000000000000000E+00
9.252252252252290E-01	0.000000000000000E+00
9.270060060060098E-01	0.000000000000000E+00
9.287867867867906E-01	0.000000000000000E+00
9.305675675675714E-01	0.000000000000000E+00
9.323483483483522E-01	0.000000000000000E+00
9.341291291291330E-01	0.000000000000000E+00
9.359099099099139E-01	0.000000000000000E+00
9.376906906906947E-01	0.000000000000000E+00
9.394714714714755E-01	0.000000000000000E+00
9.412522522522563E-01	0.000000000000000E+00
9.430330330330371E-01	0.000000000000000E+00
9.448138138138179E-01	0.000000000000000E+00
9.465945945945987E-01	0.000000000000000E+00
9.483753753753795E-01	0.000000000000000E+00
9.501561561561603E-01	0.000000000000000E+00
9.519369369369411E-01	0.000000000000000E+00
9.537177177177220E-01	0.000000000000000E+00
9.554984984985028E-01	0.000000000000000E+00
9.572792792792836E-01	0.000000000000000E+00
9.590600600600644E-01	0.000000000000000E+00
9.608408408408452E-01	0.000000000000000E+00
9.626216216216260E-01	0.000000000000000E+00
9.644024024024068E-01	0.000000000000000E+00
9.661831831831876E-01	0.000000000000000E+00
9.679639639639684E-01	0.000000000000000E+00
9.697447447447493E-01	0.000000000000000E+00
9.715255255255301E-01	0.000000000000000E+00
9.733063063063109E-01	0.000000000000000E+00
9.750870870870917E-01	0.000000000000000E+00
9.768678678678725E-01	0.000000000000000E+00
9.786486486486533E-01	0.000000000000000E+00
9.804294294294341E-01	0.000000000000000E+00
9.822102102102149E-01	0.000000000000000E+00
9.839909909909957E-01	0.000000000000000E+00
9.857717717717766E-01	0.000000000000000E+00
9.875525525525574E-01	0.000000000000000E+00
9.893333333333382E-01	0.000000000000000E+00
9.911141141141190E-01	0.000000000000000E+00
9.928948948948998E-01	0.000000000000000E+00
9.946756756756806E-01	0.000000000000000E+00
9.964564564564614E-01	0.000000000000000E+00
9.982372372372422E-01	0.000000000000000E+00
1.000018018018023E+00	0.000000000000000E+00
1.001798798798804E+00	0.000000000000000E+00
1.003579579579585E+00	0.000000000000000E+00
1.005360360360365E+00	0.000000000000000E+00
1.007141141141146E+00	0.000000000000000E+00
1.008921921921927E+00	0.000000000000000E+00
1.010702702702708E+00	0.000000000000000E+00
1.012483483483489E+00	0.000000000000000E+00
1.014264264264269E+00	0.000000000000000E+00
1.016045045045050E+00	0.000000000000000E+00
1.017825825825831E+00	0.000000000000000E+00
1.019606606606612E+00	0.000000000000000E+00
1.021387387387393E+00	0.000000000000000E+00
1.023168168168173E+00	0.000000000000000E+00
1.024948948948954E+00	0.000000000000000E+00
1.026729729729735E+00	0.000000000000000E+00
1.028510510510516E+00	0.000000000000000E+00
1.030291291291297E+00	0.000000000000000E+00
1.032072072072078E+00	0.000000000000000E+00
1.033852852852858E+00	0.000000000000000E+00
1.035633633633639E+00	0.000000000000000E+00
1.037414414414420E+00	0.000000000000000E+00
1.039195195195201E+00	0.000000000000000E+00
1.040975975975982E+00	0.000000000000000E+00
1.042756756756762E+00	0.000000000000000E+00
1.044537537537543E+00	0.000000000000000E+00
1.046318318318324E+00	0.000000000000000E+00
1.048099099099105E+00	0.000000000000000E+00
1.049879879879886E+00	0.000000000000000E+00
1.051660660660666E+00	0.000000000000000E+00
1.053441441441447E+00	0.000000000000000E+00
1.055222222222228E+00	0.000000000000000E+00
1.057003003003009E+00	0.000000000000000E+00
1.058783783783790E+00	0.000000000000000E+00
1.060564564564570E+00	0.000000000000000E+00
1.062345345345351E+00	0.000000000000000E+00
1.064126126126132E+00	0.000000000000000E+00
1.065906906906913E+00	0.000000000000000E+00
1.067687687687694E+00	0.000000000000000E+00
1.069468468468475E+00	0.000000000000000E+00
1.071249249249255E+00	0.000000000000000E+00
1.073030030030036E+00	0.000000000000000E+00
1.074810810810817E+00	0.000000000000000E+00
1.076591591591598E+00	0.000000000000000E+00
1.078372372372379E+00	0.000000000000000E+00
1.080153153153159E+00	0.000000000000000E+00
1.081933933933940E+00	0.000000000000000E+00
1.083714714714721E+00	0.000000000000000E+00
1.085495495495502E+00	0.000000000000000E+00
1.087276276276283E+00	0.000000000000000E+00
1.089057057057063E+00	0.000000000000000E+00
1.090837837837844E+00	0.000000000000000E+00
1.092618618618625E+00	0.000000000000000E+00
1.094399399399406E+00	0.000000000000000E+00
1.096180180180187E+00	0.000000000000000E+00
1.097960960960968E+00	0.000000000000000E+00
1.099741741741748E+00	0.000000000000000E+00
1.101522522522529E+00	0.000000000000000E+00
1.103303303303310E+00	0.000000000000000E+00
1.105084084084091E+00	0.000000000000000E+00
1.106864864864872E+00	0.000000000000000E+00
1.108645645645652E+00	0.000000000000000E+00
1.110426426426433E+00	0.000000000000000E+00
1.112207207207214E+00	0.000000000000000E+00
1.113987987987995E+00	0.000000000000000E+00
1.115768768768776E+00	0.000000000000000E+00
1.117549549549556E+00	0.000000000000000E+00
1.119330330330337E+00	0.000000000000000E+00
1.121111111111118E+00	0.000000000000000E+00
1.122891891891899E+00	0.000000000000000E+00
1.124672672672680E+00	0.000000000000000E+00
1.126453453453460E+00	0.000000000000000E+00
1.128234234234241E+00	0.000000000000000E+00
1.130015015015022E+00	0.000000000000000E+00
1.131795795795803E+00	0.000000000000000E+00
1.133576576576584E+00	0.000000000000000E+00
1.135357357357365E+00	0.000000000000000E+00
1.137138138138145E+00	0.000000000000000E+00
1.138918918918926E+00	0.000000000000000E+00
1.140699699699707E+00	0.000000000000000E+00
1.142480480480488E+00	0.000000000000000E+00
1.144261261261269E+00	0.000000000000000E+00
1.146042042042049E+00	0.000000000000000E+00
1.147822822822830E+00	0.000000000000000E+00
1.149603603603611E+00	0.000000000000000E+00
1.151384384384392E+00	0.000000000000000E+00
1.153165165165173E+00	0.000000000000000E+00
1.154945945945953E+00	0.000000000000000E+00
1.156726726726734E+00	0.000000000000000E+00
1.158507507507515E+00	0.000000000000000E+00
1.160288288288296E+00	0.000000000000000E+00
1.162069069069077E+00	0.000000000000000E+00
1.163849849849858E+00	0.000000000000000E+00
1.165630630630638E+00	0.000000000000000E+00
1.167411411411419E+00	0.000000000000000E+00
1.169192192192200E+00	0.000000000000000E+00
1.170972972972981E+00	0.000000000000000E+00
1.172753753753762E+00	0.000000000000000E+00
1.174534534534542E+00	0.000000000000000E+00
1.176315315315323E+00	0.000000000000000E+00
1.178096096096104E+00	0.000000000000000E+00
1.179876876876885E+00	0.000000000000000E+00
1.181657657657666E+00	0.000000000000000E+00
1.183438438438446E+00	0.000000000000000E+00
1.185219219219227E+00	0.000000000000000E+00
1.187000000000008E+00	0.000000000000000E+00
1.188780780780789E+00	0.000000000000000E+00
1.190561561561570E+00	0.000000000000000E+00
1.192342342342350E+00	0.000000000000000E+00
1.194123123123131E+00	0.000000000000000E+00
1.195903903903912E+00	0.000000000000000E+00
1.197684684684693E+00	0.000000000000000E+00
1.199465465465474E+00	0.000000000000000E+00
1.201246246246255E+00	0.000000000000000E+00
1.203027027027035E+00	0.000000000000000E+00
1.204807807807816E+00	0.000000000000000E+00
1.206588588588597E+00	0.000000000000000E+00
1.208369369369378E+00	0.000000000000000E+00
1.210150150150159E+00	0.000000000000000E+00
1.211930930930939E+00	0.000000000000000E+00
1.213711711711720E+00	0.000000000000000E+00
1.215492492492501E+00	0.000000000000000E+00
1.217273273273282E+00	0.000000000000000E+00
1.219054054054063E+00	0.000000000000000E+00
1.220834834834843E+00	0.000000000000000E+00
1.222615615615624E+00	0.000000000000000E+00
1.224396396396405E+00	0.000000000000000E+00
1.226177177177186E+00	0.000000000000000E+00
1.227957957957967E+00	0.000000000000000E+00
1.229738738738748E+00	0.000000000000000E+00
1.231519519519528E+00	0.000000000000000E+00
1.233300300300309E+00	0.000000000000000E+00
1.235081081081090E+00	0.000000000000000E+00
1.236861861861871E+00	0.000000000000000E+00
1.238642642642652E+00	0.000000000000000E+00
1.240423423423432E+00	0.000000000000000E+00
1.242204204204213E+00	0.000000000000000E+00
1.243984984984994E+00	0.000000000000000E+00
1.245765765765775E+00	0.000000000000000E+00
1.247546546546556E+00	0.000000000000000E+00
1.249327327327336E+00	0.000000000000000E+00
1.251108108108117E+00	0.000000000000000E+00
1.252888888888898E+00	0.000000000000000E+00
1.254669669669679E+00	0.000000000000000E+00
1.256450450450460E+00	0.000000000000000E+00
1.258231231231240E+00	0.000000000000000E+00
1.260012012012021E+00	0.000000000000000E+00
1.261792792792802E+00	0.000000000000000E+00
1.263573573573583E+00	0.000000000000000E+00
1.265354354354364E+00	0.000000000000000E+00
1.267135135135145E+00	0.000000000000000E+00
1.268915915915925E+00	0.000000000000000E+00
1.270696696696706E+00	0.000000000000000E+00
1.272477477477487E+00	0.000000000000000E+00
1.274258258258268E+00	0.000000000000000E+00
1.276039039039049E+00	0.000000000000000E+00
1.277819819819829E+00	0.000000000000000E+00
1.279600600600610E+00	0.000000000000000E+00
1.281381381381391E+00	0.000000000000000E+00
1.283162162162172E+00	0.000000000000000E+00
1.284942942942953E+00	0.000000000000000E+00
1.286723723723733E+00	0.000000000000000E+00
1.288504504504514E+00	0.000000000000000E+00
1.290285285285295E+00	0.000000000000000E+00
1.292066066066076E+00	0.000000000000000E+00
1.293846846846857E+00	0.000000000000000E+00
1.295627627627638E+00	0.000000000000000E+00
1.297408408408418E+00	0.000000000000000E+00
1.299189189189199E+00	0.000000000000000E+00
1.300969969969980E+00	0.000000000000000E+00
1.302750750750761E+00	0.000000000000000E+00
1.304531531531542E+00	0.000000000000000E+00
1.306312312312322E+00	0.000000000000000E+00
1.308093093093103E+00	0.000000000000000E+00
1.309873873873884E+00	0.000000000000000E+00
1.311654654654665E+00	0.000000000000000E+00
1.313435435435446E+00	0.000000000000000E+00
1.315216216216226E+00	0.000000000000000E+00
1.316996996997007E+00	0.000000000000000E+00
1.318777777777788E+00	0.000000000000000E+00
1.320558558558569E+00	0.000000000000000E+00
1.322339339339350E+00	0.000000000000000E+00
1.324120120120130E+00	0.000000000000000E+00
1.325900900900911E+00	0.000000000000000E+00
1.327681681681692E+00	0.000000000000000E+00
1.329462462462473E+00	0.000000000000000E+00
1.331243243243254E+00	0.000000000000000E+00
1.333024024024035E+00	0.000000000000000E+00
1.334804804804815E+00	0.000000000000000E+00
1.336585585585596E+00	0.000000000000000E+00
1.338366366366377E+00	0.000000000000000E+00
1.340147147147158E+00	0.000000000000000E+00
1.341927927927939E+00	0.000000000000000E+00
1.343708708708719E+00	0.000000000000000E+00
1.345489489489500E+00	0.000000000000000E+00
1.347270270270281E+00	0.000000000000000E+00
1.349051051051062E+00	0.000000000000000E+00
1.350831831831843E+00	0.000000000000000E+00
1.352612612612623E+00	0.000000000000000E+00
1.354393393393404E+00	0.000000000000000E+00
1.356174174174185E+00	0.000000000000000E+00
1.357954954954966E+00	0.000000000000000E+00
1.359735735735747E+00	0.000000000000000E+00
1.361516516516527E+00	0.000000000000000E+00
1.363297297297308E+00	0.000000000000000E+00
1.365078078078089E+00	0.000000000000000E+00
1.366858858858870E+00	0.000000000000000E+00
1.368639639639651E+00	0.000000000000000E+00
1.370420420420432E+00	0.000000000000000E+00
1.372201201201212E+00	0.000000000000000E+00
1.373981981981993E+00	0.000000000000000E+00
1.375762762762774E+00	0.000000000000000E+00
1.377543543543555E+00	0.000000000000000E+00
1.379324324324336E+00	0.000000000000000E+00
1.381105105105116E+00	0.000000000000000E+00
1.382885885885897E+00	0.000000000000000E+00
1.384666666666678E+00	0.000000000000000E+00
1.386447447447459E+00	0.000000000000000E+00
1.388228228228240E+00	0.000000000000000E+00
1.390009009009020E+00	0.000000000000000E+00
1.391789789789801E+00	0.000000000000000E+00
1.393570570570582E+00	0.000000000000000E+00
1.395351351351363E+00	0.000000000000000E+00
1.397132132132144E+00	0.000000000000000E+00
1.398912912912925E+00	0.000000000000000E+00
1.400693693693705E+00	0.000000000000000E+00
1.402474474474486E+00	0.000000000000000E+00
1.404255255255267E+00	0.000000000000000E+00
1.406036036036048E+00	0.000000000000000E+00
1.407816816816829E+00	0.000000000000000E+00
1.409597597597609E+00	0.000000000000000E+00
1.411378378378390E+00	0.000000000000000E+00
1.413159159159171E+00	0.000000000000000E+00
1.414939939939952E+00	0.000000000000000E+00
1.416720720720733E+00	0.000000000000000E+00
1.418501501501513E+00	0.000000000000000E+00
1.420282282282294E+00	0.000000000000000E+00
1.422063063063075E+00	0.000000000000000E+00
1.423843843843856E+00	0.000000000000000E+00
1.425624624624637E+00	0.000000000000000E+00
1.427405405405417E+00	0.000000000000000E+00
1.429186186186198E+00	0.000000000000000E+00
1.430966966966979E+00	0.000000000000000E+00
1.432747747747760E+00	0.000000000000000E+00
1.434528528528541E+00	0.000000000000000E+00
1.436309309309322E+00	0.000000000000000E+00
1.438090090090102E+00	0.000000000000000E+00
1.439870870870883E+00	0.000000000000000E+00
1.441651651651664E+00	0.000000000000000E+00
1.443432432432445E+00	0.000000000000000E+00
1.445213213213226E+00	0.000000000000000E+00
1.446993993994006E+00	0.000000000000000E+00
1.448774774774787E+00	0.000000000000000E+00
1.450555555555568E+00	0.000000000000000E+00
1.452336336336349E+00	0.000000000000000E+00
1.454117117117130E+00	0.000000000000000E+00
1.455897897897910E+00	0.000000000000000E+00
1.457678678678691E+00	0.000000000000000E+00
1.459459459459472E+00	0.000000000000000E+00
1.461240240240253E+00	0.000000000000000E+00
1.463021021021034E+00	0.000000000000000E+00
1.464801801801815E+00	0.000000000000000E+00
1.466582582582595E+00	0.000000000000000E+00
1.468363363363376E+00	0.000000000000000E+00
1.470144144144157E+00	0.000000000000000E+00
1.471924924924938E+00	0.000000000000000E+00
1.473705705705719E+00	0.000000000000000E+00
1.475486486486499E+00	0.000000000000000E+00
1.477267267267280E+00	0.000000000000000E+00
1.479048048048061E+00	0.000000000000000E+00
1.480828828828842E+00	0.000000000000000E+00
1.482609609609623E+00	0.000000000000000E+00
1.484390390390403E+00	0.000000000000000E+00
1.486171171171184E+00	0.000000000000000E+00
1.487951951951965E+00	0.000000000000000E+00
1.489732732732746E+00	0.000000000000000E+00
1.491513513513527E+00	0.000000000000000E+00
1.493294294294307E+00	0.000000000000000E+00
1.495075075075088E+00	0.000000000000000E+00
1.496855855855869E+00	0.000000000000000E+00
1.498636636636650E+00	0.000000000000000E+00
1.500417417417431E+00	0.000000000000000E+00
1.502198198198212E+00	0.000000000000000E+00
1.503978978978992E+00	0.000000000000000E+00
1.505759759759773E+00	0.000000000000000E+00
1.507540540540554E+00	0.000000000000000E+00
1.509321321321335E+00	0.000000000000000E+00
1.511102102102116E+00	0.000000000000000E+00
1.512882882882896E+00	0.000000000000000E+00
1.514663663663677E+00	0.000000000000000E+00
1.516444444444458E+00	0.000000000000000E+00
1.518225225225239E+00	0.000000000000000E+00
1.520006006006020E+00	0.000000000000000E+00
1.521786786786800E+00	0.000000000000000E+00
1.523567567567581E+00	0.000000000000000E+00
1.525348348348362E+00	0.000000000000000E+00
1.527129129129143E+00	0.000000000000000E+00
1.528909909909924E+00	0.000000000000000E+00
1.530690690690705E+00	0.000000000000000E+00
1.532471471471485E+00	0.000000000000000E+00
1.534252252252266E+00	0.000000000000000E+00
1.536033033033047E+00	0.000000000000000E+00
1.537813813813828E+00	0.000000000000000E+00
1.539594594594609E+00	0.000000000000000E+00
1.541375375375389E+00	0.000000000000000E+00
1.543156156156170E+00	0.000000000000000E+00
1.544936936936951E+00	0.000000000000000E+00
1.546717717717732E+00	0.000000000000000E+00
1.548498498498513E+00	0.000000000000000E+00
1.550279279279293E+00	0.000000000000000E+00
1.552060060060074E+00	0.000000000000000E+00
1.553840840840855E+00	0.000000000000000E+00
1.555621621621636E+00	0.000000000000000E+00
1.557402402402417E+00	0.000000000000000E+00
1.559183183183197E+00	0.000000000000000E+00
1.560963963963978E+00	0.000000000000000E+00
1.562744744744759E+00	0.000000000000000E+00
1.564525525525540E+00	0.000000000000000E+00
1.566306306306321E+00	0.000000000000000E+00
1.568087087087102E+00	0.000000000000000E+00
1.569867867867882E+00	0.000000000000000E+00
1.571648648648663E+00	0.000000000000000E+00
1.573429429429444E+00	0.000000000000000E+00
1.575210210210225E+00	0.000000000000000E+00
1.576990990991006E+00	0.000000000000000E+00
1.578771771771786E+00	0.000000000000000E+00
1.580552552552567E+00	0.000000000000000E+00
1.582333333333348E+00	0.000000000000000E+00
1.584114114114129E+00	0.000000000000000E+00
1.585894894894910E+00	0.000000000000000E+00
1.587675675675690E+00	0.000000000000000E+00
1.589456456456471E+00	0.000000000000000E+00
1.591237237237252E+00	0.000000000000000E+00
1.593018018018033E+00	0.000000000000000E+00
1.594798798798814E+00	0.000000000000000E+00
1.596579579579595E+00	0.000000000000000E+00
1.598360360360375E+00	0.000000000000000E+00
1.600141141141156E+00	0.000000000000000E+00
1.601921921921937E+00	0.000000000000000E+00
1.603702702702718E+00	0.000000000000000E+00
1.605483483483499E+00	0.000000000000000E+00
1.607264264264279E+00	0.000000000000000E+00
1.609045045045060E+00	0.000000000000000E+00
1.610825825825841E+00	0.000000000000000E+00
1.612606606606622E+00	0.000000000000000E+00
1.614387387387403E+00	0.000000000000000E+00
1.616168168168183E+00	0.000000000000000E+00
1.617948948948964E+00	0.000000000000000E+00
1.619729729729745E+00	0.000000000000000E+00
1.621510510510526E+00	0.000000000000000E+00
1.623291291291307E+00	0.000000000000000E+00
1.625072072072087E+00	0.000000000000000E+00
1.626852852852868E+00	0.000000000000000E+00
1.628633633633649E+00	0.000000000000000E+00
1.630414414414430E+00	0.000000000000000E+00
1.632195195195211E+00	0.000000000000000E+00
1.633975975975992E+00	0.000000000000000E+00
1.635756756756772E+00	0.000000000000000E+00
1.637537537537553E+00	0.000000000000000E+00
1.639318318318334E+00	0.000000000000000E+00
1.641099099099115E+00	0.000000000000000E+00
1.642879879879896E+00	0.000000000000000E+00
1.644660660660676E+00	0.000000000000000E+00
1.646441441441457E+00	0.000000000000000E+00
1.648222222222238E+00	0.000000000000000E+00
1.650003003003019E+00	0.000000000000000E+00
1.651783783783800E+00	0.000000000000000E+00
1.653564564564580E+00	0.000000000000000E+00
1.655345345345361E+00	0.000000000000000E+00
1.657126126126142E+00	0.000000000000000E+00
1.658906906906923E+00	0.000000000000000E+00
1.660687687687704E+00	0.000000000000000E+00
1.662468468468485E+00	0.000000000000000E+00
1.664249249249265E+00	0.000000000000000E+00
1.666030030030046E+00	0.000000000000000E+00
1.667810810810827E+00	0.000000000000000E+00
1.669591591591608E+00	0.000000000000000E+00
1.671372372372389E+00	0.000000000000000E+00
1.673153153153169E+00	0.000000000000000E+00
1.674933933933950E+00	0.000000000000000E+00
1.676714714714731E+00	0.000000000000000E+00
1.678495495495512E+00	0.000000000000000E+00
1.680276276276293E+00	0.000000000000000E+00
1.682057057057073E+00	0.000000000000000E+00
1.683837837837854E+00	0.000000000000000E+00
1.685618618618635E+00	0.000000000000000E+00
1.687399399399416E+00	0.000000000000000E+00
1.689180180180197E+00	0.000000000000000E+00
1.690960960960977E+00	0.000000000000000E+00
1.692741741741758E+00	0.000000000000000E+00
1.694522522522539E+00	0.000000000000000E+00
1.696303303303320E+00	0.000000000000000E+00
1.698084084084101E+00	0.000000000000000E+00
1.699864864864882E+00	0.000000000000000E+00
1.701645645645662E+00	0.000000000000000E+00
1.703426426426443E+00	0.000000000000000E+00
1.705207207207224E+00	0.000000000000000E+00
1.706987987988005E+00	0.000000000000000E+00
1.708768768768786E+00	0.000000000000000E+00
1.710549549549566E+00	0.000000000000000E+00
1.712330330330347E+00	0.000000000000000E+00
1.714111111111128E+00	0.000000000000000E+00
1.715891891891909E+00	0.000000000000000E+00
1.717672672672690E+00	0.000000000000000E+00
1.719453453453470E+00	0.000000000000000E+00
1.721234234234251E+00	0.000000000000000E+00
1.723015015015032E+00	0.000000000000000E+00
1.724795795795813E+00	0.000000000000000E+00
1.726576576576594E+00	0.000000000000000E+00
1.728357357357375E+00	0.000000000000000E+00
1.730138138138155E+00	0.000000000000000E+00
1.731918918918936E+00	0.000000000000000E+00
1.733699699699717E+00	0.000000000000000E+00
1.735480480480498E+00	0.000000000000000E+00
1.737261261261279E+00	0.000000000000000E+00
1.739042042042059E+00	0.000000000000000E+00
1.740822822822840E+00	0.000000000000000E+00
1.742603603603621E+00	0.000000000000000E+00
1.744384384384402E+00	0.000000000000000E+00
1.746165165165183E+00	0.000000000000000E+00
1.747945945945963E+00	0.000000000000000E+00
1.749726726726744E+00	0.000000000000000E+00
1.751507507507525E+00	0.000000000000000E+00
1.753288288288306E+00	0.000000000000000E+00
1.755069069069087E+00	0.000000000000000E+00
1.756849849849867E+00	0.000000000000000E+00
1.758630630630648E+00	0.000000000000000E+00
1.760411411411429E+00	0.000000000000000E+00
1.762192192192210E+00	0.000000000000000E+00
1.763972972972991E+00	0.000000000000000E+00
1.765753753753772E+00	0.000000000000000E+00
1.767534534534552E+00	0.000000000000000E+00
1.769315315315333E+00	0.000000000000000E+00
1.771096096096114E+00	0.000000000000000E+00
1.772876876876895E+00	0.000000000000000E+00
1.774657657657676E+00	0.000000000000000E+00
1.776438438438456E+00	0.000000000000000E+00
1.778219219219237E+00	0.000000000000000E+00
1.780000000000018E+00	0.000000000000000E+00
