# mass, thermodynamic potential
0.000000000000000E+00	-3.002661395699306E+00
1.001001001001001E+00	-3.002754229710717E+00
2.002002002002002E+00	-3.003032721117961E+00
3.003003003003003E+00	-3.003496840592561E+00
4.004004004004004E+00	-3.004146554178078E+00
5.005005005005005E+00	-3.004981823293292E+00
6.006006006006006E+00	-3.006002555577197E+00
7.007007007007006E+00	-3.007208687524326E+00
8.008008008008007E+00	-3.008600121913787E+00
9.009009009009008E+00	-3.010176727143971E+00
1.001001001001001E+01	-3.011938401246880E+00
1.101101101101101E+01	-3.013884988360132E+00
1.201201201201201E+01	-3.016016328034311E+00
1.301301301301301E+01	-3.018332255256155E+00
1.401401401401401E+01	-3.020832583810261E+00
1.501501501501501E+01	-3.023517110389548E+00
1.601601601601601E+01	-3.026385611397018E+00
1.701701701701701E+01	-3.029437858715937E+00
1.801801801801802E+01	-3.032673615107342E+00
1.901901901901902E+01	-3.036092602051212E+00
2.002002002002002E+01	-3.039694552578112E+00
2.102102102102102E+01	-3.043479172131356E+00
2.202202202202202E+01	-3.047446150085307E+00
2.302302302302302E+01	-3.051595173480109E+00
2.402402402402402E+01	-3.055925900830061E+00
2.502502502502502E+01	-3.060437978180289E+00
2.602602602602602E+01	-3.065131047232626E+00
2.702702702702702E+01	-3.070004710510602E+00
2.802802802802802E+01	-3.075058585702209E+00
2.902902902902902E+01	-3.080292256168832E+00
3.003003003003002E+01	-3.085705301034523E+00
3.103103103103102E+01	-3.091297262194985E+00
3.203203203203203E+01	-3.097067700531170E+00
3.303303303303303E+01	-3.103016136910355E+00
3.403403403403403E+01	-3.109142088078897E+00
3.503503503503503E+01	-3.115445049833852E+00
3.603603603603603E+01	-3.121924511480302E+00
3.703703703703703E+01	-3.128579931610147E+00
3.803803803803803E+01	-3.135410764824883E+00
3.903903903903903E+01	-3.142416461791527E+00
4.004004004004003E+01	-3.149596433977422E+00
4.104104104104103E+01	-3.156950098441484E+00
4.204204204204203E+01	-3.164476847929564E+00
4.304304304304303E+01	-3.172176059145386E+00
4.404404404404404E+01	-3.180047096942872E+00
4.504504504504504E+01	-3.188089306901929E+00
4.604604604604604E+01	-3.196302032418771E+00
4.704704704704704E+01	-3.204684573986469E+00
4.804804804804804E+01	-3.213236261576185E+00
4.904904904904904E+01	-3.221956368205156E+00
5.005005005005004E+01	-3.230844165222607E+00
5.105105105105104E+01	-3.239898917717710E+00
5.205205205205204E+01	-3.249119877752491E+00
5.305305305305304E+01	-3.258506266988206E+00
5.405405405405404E+01	-3.268057294496430E+00
5.505505505505504E+01	-3.277772166126397E+00
5.605605605605604E+01	-3.287650071669304E+00
5.705705705705704E+01	-3.297690175528260E+00
5.805805805805804E+01	-3.307891626312994E+00
5.905905905905905E+01	-3.318253569637818E+00
6.006006006006005E+01	-3.328775136261811E+00
6.106106106106105E+01	-3.339455430216731E+00
6.206206206206205E+01	-3.350293540102030E+00
6.306306306306305E+01	-3.361288551755479E+00
6.406406406406406E+01	-3.372439537147784E+00
6.506506506506506E+01	-3.383745539347728E+00
6.606606606606606E+01	-3.395205587422424E+00
6.706706706706706E+01	-3.406818707937873E+00
6.806806806806806E+01	-3.418583911658061E+00
6.906906906906906E+01	-3.430500182755623E+00
7.007007007007006E+01	-3.442566491299658E+00
7.107107107107106E+01	-3.454781805129187E+00
7.207207207207206E+01	-3.467145068532318E+00
7.307307307307306E+01	-3.479655211715453E+00
7.407407407407406E+01	-3.492311146319480E+00
7.507507507507506E+01	-3.505111782054882E+00
7.607607607607606E+01	-3.518055988456126E+00
7.707707707707706E+01	-3.531142649708272E+00
7.807807807807806E+01	-3.544370619652909E+00
7.907907907907907E+01	-3.557738732022244E+00
8.008008008008007E+01	-3.571245822754008E+00
8.108108108108107E+01	-3.584890689924578E+00
8.208208208208207E+01	-3.598672130202431E+00
8.308308308308307E+01	-3.612588938970930E+00
8.408408408408407E+01	-3.626639863045057E+00
8.508508508508507E+01	-3.640823666756205E+00
8.608608608608607E+01	-3.655139078263801E+00
8.708708708708707E+01	-3.669584820400360E+00
8.808808808808807E+01	-3.684159596333757E+00
8.908908908908907E+01	-3.698862103476131E+00
9.009009009009007E+01	-3.713691004272277E+00
9.109109109109107E+01	-3.728644976376472E+00
9.209209209209207E+01	-3.743722650270684E+00
9.309309309309307E+01	-3.758922655987135E+00
9.409409409409407E+01	-3.774243623263374E+00
9.509509509509508E+01	-3.789684135906100E+00
9.609609609609608E+01	-3.805242791198452E+00
9.709709709709708E+01	-3.820918151860496E+00
9.809809809809808E+01	-3.836708776704654E+00
9.909909909909908E+01	-3.852613201056101E+00
1.001001001001001E+02	-3.868629956733002E+00
1.011011011011011E+02	-3.884757538873146E+00
1.021021021021021E+02	-3.900994458756031E+00
1.031031031031031E+02	-3.917339187688867E+00
1.041041041041041E+02	-3.933790194613266E+00
1.051051051051051E+02	-3.950345918161929E+00
1.061061061061061E+02	-3.967004802216707E+00
1.071071071071071E+02	-3.983765262684301E+00
1.081081081081081E+02	-4.000625703252808E+00
1.091091091091091E+02	-4.017584513780548E+00
1.101101101101101E+02	-4.034640057409888E+00
1.111111111111111E+02	-4.051790698747482E+00
1.121121121121121E+02	-4.069034786303291E+00
1.131131131131131E+02	-4.086370640581208E+00
1.141141141141141E+02	-4.103796574084299E+00
1.151151151151151E+02	-4.121310888868265E+00
1.161161161161161E+02	-4.138911861743509E+00
1.171171171171171E+02	-4.156597753425103E+00
1.181181181181181E+02	-4.174366826953701E+00
1.191191191191191E+02	-4.192217307129340E+00
1.201201201201201E+02	-4.210147423038961E+00
1.211211211211211E+02	-4.228155375003553E+00
1.221221221221221E+02	-4.246239353873079E+00
1.231231231231231E+02	-4.264397531462691E+00
1.241241241241241E+02	-4.282628060287607E+00
1.251251251251251E+02	-4.300929102946156E+00
1.261261261261261E+02	-4.319298767581131E+00
1.271271271271271E+02	-4.337735168840481E+00
1.281281281281281E+02	-4.356236415910189E+00
1.291291291291291E+02	-4.374800577731094E+00
1.301301301301301E+02	-4.393425729237151E+00
1.311311311311312E+02	-4.412109905576017E+00
1.321321321321322E+02	-4.430851156436802E+00
1.331331331331332E+02	-4.449647496810940E+00
1.341341341341342E+02	-4.468496926883290E+00
1.351351351351352E+02	-4.487397437364507E+00
1.361361361361362E+02	-4.506346991101964E+00
1.371371371371372E+02	-4.525343555830659E+00
1.381381381381383E+02	-4.544385062305992E+00
1.391391391391393E+02	-4.563469444060502E+00
1.401401401401403E+02	-4.582594599242384E+00
1.411411411411413E+02	-4.601758431028429E+00
1.421421421421423E+02	-4.620958805988266E+00
1.431431431431433E+02	-4.640193596472727E+00
1.441441441441443E+02	-4.659460634678453E+00
1.451451451451454E+02	-4.678757762688292E+00
1.461461461461464E+02	-4.698082777672880E+00
1.471471471471474E+02	-4.717433491922748E+00
1.481481481481484E+02	-4.736807677970319E+00
1.491491491491494E+02	-4.756203108700447E+00
1.501501501501504E+02	-4.775617523877372E+00
1.511511511511515E+02	-4.795048649890759E+00
1.521521521521525E+02	-4.814494220392589E+00
1.531531531531535E+02	-4.833951922234064E+00
1.541541541541545E+02	-4.853419443517396E+00
1.551551551551555E+02	-4.872894450661079E+00
1.561561561561565E+02	-4.892374595075125E+00
1.571571571571575E+02	-4.911857507514469E+00
1.581581581581586E+02	-4.931340816324337E+00
1.591591591591596E+02	-4.950822106429314E+00
1.601601601601606E+02	-4.970298968523366E+00
1.611611611611616E+02	-4.989768977966833E+00
1.621621621621626E+02	-5.009229680883436E+00
1.631631631631636E+02	-5.028678614705768E+00
1.641641641641646E+02	-5.048113292665676E+00
1.651651651651657E+02	-5.067531211312598E+00
1.661661661661667E+02	-5.086929869730739E+00
1.671671671671677E+02	-5.106306719683744E+00
1.681681681681687E+02	-5.125659215414089E+00
1.691691691691697E+02	-5.144984794538232E+00
1.701701701701707E+02	-5.164280870233142E+00
1.711711711711717E+02	-5.183544843168420E+00
1.721721721721728E+02	-5.202774090372259E+00
1.731731731731738E+02	-5.221965972811176E+00
1.741741741741748E+02	-5.241117848313479E+00
1.751751751751758E+02	-5.260227035527350E+00
1.761761761761768E+02	-5.279290855122326E+00
1.771771771771778E+02	-5.298306591002074E+00
1.781781781781789E+02	-5.317271530753260E+00
1.791791791791799E+02	-5.336182918597387E+00
1.801801801801809E+02	-5.355038009771306E+00
1.811811811811819E+02	-5.373834016561432E+00
1.821821821821829E+02	-5.392568153005413E+00
1.831831831831839E+02	-5.411237597858417E+00
1.841841841841849E+02	-5.429839528449520E+00
1.851851851851860E+02	-5.448371086905354E+00
1.861861861861870E+02	-5.466829414255244E+00
1.871871871871880E+02	-5.485211614980926E+00
1.881881881881890E+02	-5.503514792418173E+00
1.891891891891900E+02	-5.521736019503805E+00
1.901901901901910E+02	-5.539872356058822E+00
1.911911911911920E+02	-5.557920835186906E+00
1.921921921921931E+02	-5.575878489160459E+00
1.931931931931941E+02	-5.593742318057593E+00
1.941941941941951E+02	-5.611509300626949E+00
1.951951951951961E+02	-5.629176392777481E+00
1.961961961961971E+02	-5.646740559880527E+00
1.971971971971981E+02	-5.664198705096624E+00
1.981981981981992E+02	-5.681547745998614E+00
1.991991991992002E+02	-5.698784569922282E+00
2.002002002002012E+02	-5.715906041392373E+00
2.012012012012022E+02	-5.732909008618208E+00
2.022022022022032E+02	-5.749790290049077E+00
2.032032032032042E+02	-5.766546707073303E+00
2.042042042042052E+02	-5.783175035013301E+00
2.052052052052063E+02	-5.799672051929065E+00
2.062062062062073E+02	-5.816034490957918E+00
2.072072072072083E+02	-5.832259089013860E+00
2.082082082082093E+02	-5.848342546509230E+00
2.092092092092103E+02	-5.864281544775622E+00
2.102102102102113E+02	-5.880072756187019E+00
2.112112112112123E+02	-5.895712819083201E+00
2.122122122122134E+02	-5.911198354192948E+00
2.132132132132144E+02	-5.926525970037346E+00
2.142142142142154E+02	-5.941692229613636E+00
2.152152152152164E+02	-5.956693710129457E+00
2.162162162162174E+02	-5.971526925007311E+00
2.172172172172184E+02	-5.986188411308831E+00
2.182182182182194E+02	-6.000674638718465E+00
2.192192192192205E+02	-6.014982097349275E+00
2.202202202202215E+02	-6.029107218664649E+00
2.212212212212225E+02	-6.043046439063346E+00
2.222222222222235E+02	-6.056796156122800E+00
2.232232232232245E+02	-6.070352747394281E+00
2.242242242242255E+02	-6.083712579544681E+00
2.252252252252266E+02	-6.096871967359220E+00
2.262262262262276E+02	-6.109827230456176E+00
2.272272272272286E+02	-6.122574660188548E+00
2.282282282282296E+02	-6.135110509726474E+00
2.292292292292306E+02	-6.147431024972320E+00
2.302302302302316E+02	-6.159532422356278E+00
2.312312312312326E+02	-6.171410880615440E+00
2.322322322322337E+02	-6.183062576685188E+00
2.332332332332347E+02	-6.194483647971992E+00
2.342342342342357E+02	-6.205670199404267E+00
2.352352352352367E+02	-6.216618341242793E+00
2.362362362362377E+02	-6.227324122882237E+00
2.372372372372387E+02	-6.237783596350710E+00
2.382382382382397E+02	-6.247992765663639E+00
2.392392392392408E+02	-6.257947627575049E+00
2.402402402402418E+02	-6.267644134280545E+00
2.412412412412428E+02	-6.277078233492830E+00
2.422422422422438E+02	-6.286245817162580E+00
2.432432432432448E+02	-6.295142777084948E+00
2.442442442442458E+02	-6.303764966555718E+00
2.452452452452468E+02	-6.312108208039263E+00
2.462462462462479E+02	-6.320168305171592E+00
2.472472472472489E+02	-6.327941023755557E+00
2.482482482482499E+02	-6.335422108786588E+00
2.492492492492509E+02	-6.342607275891623E+00
2.502502502502519E+02	-6.349492202263264E+00
2.512512512512529E+02	-6.356072550722274E+00
2.522522522522540E+02	-6.362343944475015E+00
2.532532532532550E+02	-6.368301977503506E+00
2.542542542542560E+02	-6.373942218003322E+00
2.552552552552570E+02	-6.379260198927568E+00
2.562562562562580E+02	-6.384251433257305E+00
2.572572572572590E+02	-6.388911377321165E+00
2.582582582582600E+02	-6.393235490811094E+00
2.592592592592609E+02	-6.397219172337827E+00
2.602602602602619E+02	-6.400857807142074E+00
2.612612612612629E+02	-6.404146738479085E+00
2.622622622622639E+02	-6.407081276920053E+00
2.632632632632649E+02	-6.409656706348414E+00
2.642642642642659E+02	-6.411868270130526E+00
2.652652652652669E+02	-6.413711179945039E+00
2.662662662662678E+02	-6.415180611644701E+00
2.672672672672688E+02	-6.416271712143043E+00
2.682682682682698E+02	-6.416979586205343E+00
2.692692692692708E+02	-6.417299313864078E+00
2.702702702702718E+02	-6.417225916130974E+00
2.712712712712728E+02	-6.416754397201657E+00
2.722722722722738E+02	-6.415879727537686E+00
2.732732732732748E+02	-6.414596825587978E+00
2.742742742742757E+02	-6.412900576172433E+00
2.752752752752767E+02	-6.410785840473181E+00
2.762762762762777E+02	-6.408247411601678E+00
2.772772772772787E+02	-6.405280067288459E+00
2.782782782782797E+02	-6.401878543695148E+00
2.792792792792807E+02	-6.398037536654556E+00
2.802802802802817E+02	-6.393751694503862E+00
2.812812812812826E+02	-6.389015573165580E+00
2.822822822822836E+02	-6.383823835626572E+00
2.832832832832846E+02	-6.378170912877067E+00
2.842842842842856E+02	-6.372051335623382E+00
2.852852852852866E+02	-6.365459541514156E+00
2.862862862862876E+02	-6.358389921467278E+00
2.872872872872886E+02	-6.350836775433891E+00
2.882882882882896E+02	-6.342794499078082E+00
2.892892892892905E+02	-6.334257240881470E+00
2.902902902902915E+02	-6.325219281609861E+00
2.912912912912925E+02	-6.315674769823545E+00
2.922922922922935E+02	-6.305617820712541E+00
2.932932932932945E+02	-6.295042495538382E+00
2.942942942942955E+02	-6.283942772394312E+00
2.952952952952965E+02	-6.272312684432563E+00
2.962962962962974E+02	-6.260146096005428E+00
2.972972972972984E+02	-6.247436869339253E+00
2.982982982982994E+02	-6.234178835729836E+00
2.992992992993004E+02	-6.220365751545160E+00
3.003003003003014E+02	-6.205991281896331E+00
3.013013013013024E+02	-6.191049098737949E+00
3.023023023023034E+02	-6.175532811826088E+00
3.033033033033043E+02	-6.159435914768892E+00
3.043043043043053E+02	-6.142751891535681E+00
3.053053053053063E+02	-6.125474175092222E+00
3.063063063063073E+02	-6.107596113180534E+00
3.073073073073083E+02	-6.089111002963364E+00
3.083083083083093E+02	-6.070012089298871E+00
3.093093093093103E+02	-6.050292499744046E+00
3.103103103103113E+02	-6.029945383045742E+00
3.113113113113122E+02	-6.008963768238118E+00
3.123123123123132E+02	-5.987340656428387E+00
3.133133133133142E+02	-5.965068890371185E+00
3.143143143143152E+02	-5.942141366808755E+00
3.153153153153162E+02	-5.918550847711685E+00
3.163163163163172E+02	-5.894290030958928E+00
3.173173173173182E+02	-5.869351548436498E+00
3.183183183183191E+02	-5.843727956229031E+00
3.193193193193201E+02	-5.817411687899948E+00
3.203203203203211E+02	-5.790395214875844E+00
3.213213213213221E+02	-5.762670831650667E+00
3.223223223223231E+02	-5.734230788814330E+00
3.233233233233241E+02	-5.705067245208284E+00
3.243243243243251E+02	-5.675172321446098E+00
3.253253253253260E+02	-5.644537970698366E+00
3.263263263263270E+02	-5.613156124065881E+00
3.273273273273280E+02	-5.581018626650348E+00
3.283283283283290E+02	-5.548117214532795E+00
3.293293293293300E+02	-5.514443536033923E+00
3.303303303303310E+02	-5.479989149462654E+00
3.313313313313320E+02	-5.444745520826928E+00
3.323323323323330E+02	-5.408704021516769E+00
3.333333333333339E+02	-5.371855925925956E+00
3.343343343343349E+02	-5.334192380556033E+00
3.353353353353359E+02	-5.295704459939770E+00
3.363363363363369E+02	-5.256383153548541E+00
3.373373373373379E+02	-5.216219324316171E+00
3.383383383383389E+02	-5.175203672839416E+00
3.393393393393399E+02	-5.133326869854045E+00
3.403403403403408E+02	-5.090579463093491E+00
3.413413413413418E+02	-5.046951805283697E+00
3.423423423423428E+02	-5.002434219467887E+00
3.433433433433438E+02	-4.957016898039910E+00
3.443443443443448E+02	-4.910689810748408E+00
3.453453453453458E+02	-4.863442937205036E+00
3.463463463463468E+02	-4.815266069746940E+00
3.473473473473477E+02	-4.766148785322457E+00
3.483483483483487E+02	-4.716080669874373E+00
3.493493493493497E+02	-4.665051095789295E+00
3.503503503503507E+02	-4.613049263578887E+00
3.513513513513517E+02	-4.560064258466809E+00
3.523523523523527E+02	-4.506085038707624E+00
3.533533533533537E+02	-4.451100379716081E+00
3.543543543543547E+02	-4.395098899183267E+00
3.553553553553556E+02	-4.338069053517756E+00
3.563563563563566E+02	-4.279999134163972E+00
3.573573573573576E+02	-4.220877263859165E+00
3.583583583583586E+02	-4.160691392793979E+00
3.593593593593596E+02	-4.099429294679794E+00
3.603603603603606E+02	-4.037078488949646E+00
3.613613613613616E+02	-3.973626430811237E+00
3.623623623623625E+02	-3.909060273005252E+00
3.633633633633635E+02	-3.843367040268276E+00
3.643643643643645E+02	-3.776533444462984E+00
3.653653653653655E+02	-3.708546105563073E+00
3.663663663663665E+02	-3.639391358439752E+00
3.673673673673675E+02	-3.569055320547250E+00
3.683683683683685E+02	-3.497523880030712E+00
3.693693693693695E+02	-3.424782624418640E+00
3.703703703703704E+02	-3.350817034144256E+00
3.713713713713714E+02	-3.275612153352995E+00
3.723723723723724E+02	-3.199152901872822E+00
3.733733733733734E+02	-3.121423868735292E+00
3.743743743743744E+02	-3.042409363043134E+00
3.753753753753754E+02	-2.962093352525244E+00
3.763763763763764E+02	-2.880459615171731E+00
3.773773773773773E+02	-2.797491512852503E+00
3.783783783783783E+02	-2.713172099775420E+00
3.793793793793793E+02	-2.627484125530827E+00
3.803803803803803E+02	-2.540409982072106E+00
3.813813813813813E+02	-2.451931672400860E+00
3.823823823823823E+02	-2.362030811910699E+00
3.833833833833833E+02	-2.270688670130767E+00
3.843843843843842E+02	-2.177886084061356E+00
3.853853853853852E+02	-2.083603457891058E+00
3.863863863863862E+02	-1.987820764522439E+00
3.873873873873872E+02	-1.890517493865445E+00
3.883883883883882E+02	-1.791672683724300E+00
3.893893893893892E+02	-1.691264861792661E+00
3.903903903903902E+02	-1.589271985348660E+00
3.913913913913912E+02	-1.485671539418945E+00
3.923923923923921E+02	-1.380440356203962E+00
3.933933933933931E+02	-1.273554720612083E+00
3.943943943943941E+02	-1.164990266761379E+00
3.953953953953951E+02	-1.054721923115721E+00
3.963963963963961E+02	-9.427239665815250E-01
3.973973973973971E+02	-8.289699245615338E-01
3.983983983983981E+02	-7.134325218667072E-01
3.993993993993990E+02	-5.960836908320744E-01
4.004004004004000E+02	-4.768944634502077E-01
4.014014014014010E+02	-3.558349693666969E-01
4.024024024024020E+02	-2.328743449506874E-01
4.034034034034030E+02	-1.079807073183474E-01
4.044044044044040E+02	1.887901328609587E-02
4.054054054054050E+02	1.477389704659799E-01
4.064064064064059E+02	2.786346446814605E-01
4.074074074074069E+02	4.116029033630184E-01
4.084084084084079E+02	5.466820335855118E-01
4.094094094094089E+02	6.839119439096066E-01
4.104104104104099E+02	8.233342160951906E-01
4.114114114114109E+02	9.649923887404839E-01
4.124124124124119E+02	1.108931918681719E+00
4.134134134134129E+02	1.255200574284572E+00
4.144144144144138E+02	1.403848528814251E+00
4.154154154154148E+02	1.554928718666361E+00
4.164164164164158E+02	1.708497052438815E+00
4.174174174174168E+02	1.864612832465809E+00
4.184184184184178E+02	2.023339174142620E+00
4.194194194194188E+02	2.184743564546807E+00
4.204204204204198E+02	2.348898434912371E+00
4.214214214214207E+02	2.515882056870851E+00
4.224224224224217E+02	2.685779588910009E+00
4.234234234234227E+02	2.858684382107185E+00
4.244244244244237E+02	3.034699949182595E+00
4.254254254254247E+02	3.213942620623129E+00
4.264264264264257E+02	3.396545520027303E+00
4.274274274274267E+02	3.582665159376120E+00
4.284284284284277E+02	3.772493371755900E+00
4.294294294294286E+02	3.966285032741780E+00
4.304304304304296E+02	4.164482262536239E+00
4.314314314314306E+02	4.367654532128199E+00
4.324324324324316E+02	4.575876983359194E+00
4.334334334334326E+02	4.789163480769275E+00
4.344344344344336E+02	5.007527840099556E+00
4.354354354354346E+02	5.230983828428180E+00
4.364364364364355E+02	5.459545164315841E+00
4.374374374374365E+02	5.693225517944938E+00
4.384384384384375E+02	5.932038511261908E+00
4.394394394394385E+02	6.175997718117742E+00
4.404404404404395E+02	6.425116664412599E+00
4.414414414414405E+02	6.679408828234045E+00
4.424424424424415E+02	6.938887640000303E+00
4.434434434434424E+02	7.203566482607584E+00
4.444444444444434E+02	7.473458691556971E+00
4.454454454454444E+02	7.748577555118118E+00
4.464464464464454E+02	8.028936314448856E+00
4.474474474474464E+02	8.314548163748896E+00
4.484484484484474E+02	8.605426250407618E+00
4.494494494494484E+02	8.901583675127313E+00
4.504504504504494E+02	9.203033492087343E+00
4.514514514514503E+02	9.509788709066470E+00
4.524524524524513E+02	9.821862287594286E+00
4.534534534534523E+02	1.013926714309491E+01
4.544544544544533E+02	1.046201614502252E+01
4.554554554554543E+02	1.079012211700729E+01
4.564564564564553E+02	1.112359783699549E+01
4.574574574574563E+02	1.146245603739317E+01
4.584584584584572E+02	1.180670940519803E+01
4.594594594594582E+02	1.215637058216089E+01
4.604604604604592E+02	1.251145216490249E+01
4.614614614614602E+02	1.287196670507683E+01
4.624624624624612E+02	1.323792670949433E+01
4.634634634634622E+02	1.360934464028060E+01
4.644644644644632E+02	1.398623291500053E+01
4.654654654654641E+02	1.436860390680977E+01
4.664664664664651E+02	1.475646994459021E+01
4.674674674674661E+02	1.514984331309824E+01
4.684684684684671E+02	1.554873625309529E+01
4.694694694694681E+02	1.595316096149645E+01
4.704704704704691E+02	1.636312959150428E+01
4.714714714714701E+02	1.677865425275832E+01
4.724724724724711E+02	1.719974701145975E+01
4.734734734734720E+02	1.762641989053236E+01
4.744744744744730E+02	1.805868486974714E+01
4.754754754754740E+02	1.849655388585825E+01
4.764764764764750E+02	1.894003883276173E+01
4.774774774774760E+02	1.938915156161693E+01
4.784784784784770E+02	1.984390388099291E+01
4.794794794794780E+02	2.030430755700718E+01
4.804804804804789E+02	2.077037431346480E+01
4.814814814814799E+02	2.124211583199758E+01
4.824824824824809E+02	2.171954375219912E+01
4.834834834834819E+02	2.220266967176804E+01
4.844844844844829E+02	2.269150514664443E+01
4.854854854854839E+02	2.318606169114264E+01
4.864864864864849E+02	2.368635077810404E+01
4.874874874874859E+02	2.419238383901165E+01
4.884884884884868E+02	2.470417226415384E+01
4.894894894894878E+02	2.522172740273709E+01
4.904904904904888E+02	2.574506056304062E+01
4.914914914914898E+02	2.627418301254738E+01
4.924924924924908E+02	2.680910597807588E+01
4.934934934934918E+02	2.734984064592800E+01
4.944944944944928E+02	2.789639816201225E+01
4.954954954954937E+02	2.844878963198653E+01
4.964964964964947E+02	2.900702612140003E+01
4.974974974974957E+02	2.957111865581328E+01
4.984984984984967E+02	3.014107822094684E+01
4.994994994994977E+02	3.071691576281319E+01
5.005005005004987E+02	3.129864218784815E+01
5.015015015014997E+02	3.188626836304911E+01
5.025025025025006E+02	3.247980511611195E+01
5.035035035035016E+02	3.307926323555193E+01
5.045045045045026E+02	3.368465347085430E+01
5.055055055055036E+02	3.429598653260518E+01
5.065065065065046E+02	3.491327309260987E+01
5.075075075075056E+02	3.553652378404513E+01
5.085085085085066E+02	3.616574920158064E+01
5.095095095095076E+02	3.680095990151904E+01
5.105105105105085E+02	3.744216640192326E+01
5.115115115115095E+02	3.808937918274432E+01
5.125125125125105E+02	3.874260868596639E+01
5.135135135135115E+02	3.940186531572908E+01
5.145145145145125E+02	4.006715943845938E+01
5.155155155155135E+02	4.073850138300577E+01
5.165165165165145E+02	4.141590144076599E+01
5.175175175175154E+02	4.209936986582261E+01
5.185185185185164E+02	4.278891687506393E+01
5.195195195195174E+02	4.348455264832955E+01
5.205205205205184E+02	4.418628732852176E+01
5.215215215215194E+02	4.489413102174876E+01
5.225225225225204E+02	4.560809379744614E+01
5.235235235235214E+02	4.632818568851553E+01
5.245245245245223E+02	4.705441669143738E+01
5.255255255255233E+02	4.778679676641650E+01
5.265265265265243E+02	4.852533583749891E+01
5.275275275275253E+02	4.927004379270284E+01
5.285285285285263E+02	5.002093048414508E+01
5.295295295295273E+02	5.077800572817205E+01
5.305305305305283E+02	5.154127930548157E+01
5.315315315315293E+02	5.231076096125844E+01
5.325325325325302E+02	5.308646040528265E+01
5.335335335335312E+02	5.386838731207672E+01
5.345345345345322E+02	5.465655132102256E+01
5.355355355355332E+02	5.545096203647563E+01
5.365365365365342E+02	5.625162902791499E+01
5.375375375375352E+02	5.705856183003880E+01
5.385385385385362E+02	5.787176994291576E+01
5.395395395395371E+02	5.869126283209334E+01
5.405405405405381E+02	5.951704992872237E+01
5.415415415415391E+02	6.034914062968346E+01
5.425425425425401E+02	6.118754429771889E+01
5.435435435435411E+02	6.203227026154264E+01
5.445445445445421E+02	6.288332781596409E+01
5.455455455455431E+02	6.374072622201538E+01
5.465465465465441E+02	6.460447470707959E+01
5.475475475475450E+02	6.547458246499036E+01
5.485485485485460E+02	6.635105865618652E+01
5.495495495495470E+02	6.723391240779847E+01
5.505505505505480E+02	6.812315281379051E+01
5.515515515515490E+02	6.901878893507865E+01
5.525525525525500E+02	6.992082979964607E+01
5.535535535535510E+02	7.082928440266187E+01
5.545545545545519E+02	7.174416170660379E+01
5.555555555555529E+02	7.266547064137922E+01
5.565565565565539E+02	7.359322010443975E+01
5.575575575575549E+02	7.452741896090674E+01
5.585585585585559E+02	7.546807604367723E+01
5.595595595595569E+02	7.641520015355172E+01
5.605605605605579E+02	7.736880005934518E+01
5.615615615615588E+02	7.832888449801567E+01
5.625625625625598E+02	7.929546217477173E+01
5.635635635635608E+02	8.026854176318147E+01
5.645645645645618E+02	8.124813190530722E+01
5.655655655655628E+02	8.223424121181006E+01
5.665665665665638E+02	8.322687826206629E+01
5.675675675675648E+02	8.422605160428566E+01
5.685685685685658E+02	8.523176975562046E+01
5.695695695695667E+02	8.624404120228655E+01
5.705705705705677E+02	8.726287439967700E+01
5.715715715715687E+02	8.828827777247125E+01
5.725725725725697E+02	8.932025971475059E+01
5.735735735735707E+02	9.035882859011645E+01
5.745745745745717E+02	9.140399273179219E+01
5.755755755755727E+02	9.245576044275231E+01
5.765765765765736E+02	9.351413999581155E+01
5.775775775775746E+02	9.457913963376768E+01
5.785785785785756E+02	9.565076756947701E+01
5.795795795795766E+02	9.672903198599806E+01
5.805805805805776E+02	9.781394103667981E+01
5.815815815815786E+02	9.890550284528717E+01
5.825825825825796E+02	1.000037255060984E+02
5.835835835835805E+02	1.011086170840340E+02
5.845845845845815E+02	1.022201856147335E+02
5.855855855855825E+02	1.033384391047052E+02
5.865865865865835E+02	1.044633855314055E+02
5.875875875875845E+02	1.055950328433528E+02
5.885885885885855E+02	1.067333889602492E+02
5.895895895895865E+02	1.078784617730730E+02
5.905905905905875E+02	1.090302591441946E+02
5.915915915915884E+02	1.101887889074765E+02
5.925925925925894E+02	1.113540588683923E+02
5.935935935935904E+02	1.125260768041180E+02
5.945945945945914E+02	1.137048504636550E+02
5.955955955955924E+02	1.148903875679166E+02
5.965965965965934E+02	1.160826958098546E+02
5.975975975975944E+02	1.172817828545431E+02
5.985985985985953E+02	1.184876563393032E+02
5.995995995995963E+02	1.197003238737907E+02
6.006006006005973E+02	1.209197930401142E+02
6.016016016015983E+02	1.221460713929268E+02
6.026026026025993E+02	1.233791664595442E+02
6.036036036036003E+02	1.246190857400293E+02
6.046046046046013E+02	1.258658367073108E+02
6.056056056056022E+02	1.271194268072736E+02
6.066066066066032E+02	1.283798634588807E+02
6.076076076076042E+02	1.296471540542429E+02
6.086086086086052E+02	1.309213059587555E+02
6.096096096096062E+02	1.322023265111716E+02
6.106106106106072E+02	1.334902230237171E+02
6.116116116116082E+02	1.347850027821919E+02
6.126126126126092E+02	1.360866730460643E+02
6.136136136136101E+02	1.373952410485749E+02
6.146146146146111E+02	1.387107139968252E+02
6.156156156156121E+02	1.400330990718971E+02
6.166166166166131E+02	1.413624034289328E+02
6.176176176176141E+02	1.426986341972465E+02
6.186186186186151E+02	1.440417984804130E+02
6.196196196196161E+02	1.453919033563711E+02
6.206206206206170E+02	1.467489558775173E+02
6.216216216216180E+02	1.481129630708101E+02
6.226226226226190E+02	1.494839319378575E+02
6.236236236236200E+02	1.508618694550191E+02
6.246246246246210E+02	1.522467825735012E+02
6.256256256256220E+02	1.536386782194522E+02
6.266266266266230E+02	1.550375632940609E+02
6.276276276276240E+02	1.564434446736495E+02
6.286286286286249E+02	1.578563292097656E+02
6.296296296296259E+02	1.592762237292759E+02
6.306306306306269E+02	1.607031350344728E+02
6.316316316316279E+02	1.621370699031554E+02
6.326326326326289E+02	1.635780350887285E+02
6.336336336336299E+02	1.650260373202959E+02
6.346346346346309E+02	1.664810833027400E+02
6.356356356356318E+02	1.679431797168477E+02
6.366366366366328E+02	1.694123332193644E+02
6.376376376376338E+02	1.708885504431114E+02
6.386386386386348E+02	1.723718379970596E+02
6.396396396396358E+02	1.738622024664496E+02
6.406406406406368E+02	1.753596504128373E+02
6.416416416416378E+02	1.768641883742321E+02
6.426426426426387E+02	1.783758228651600E+02
6.436436436436397E+02	1.798945603767538E+02
6.446446446446407E+02	1.814204073768547E+02
6.456456456456417E+02	1.829533703100919E+02
6.466466466466427E+02	1.844934555979776E+02
6.476476476476437E+02	1.860406696389982E+02
6.486486486486447E+02	1.875950188086840E+02
6.496496496496457E+02	1.891565094597267E+02
6.506506506506466E+02	1.907251479220440E+02
6.516516516516476E+02	1.923009405028752E+02
6.526526526526486E+02	1.938838934868718E+02
6.536536536536496E+02	1.954740131361791E+02
6.546546546546506E+02	1.970713056905201E+02
6.556556556556516E+02	1.986757773672948E+02
6.566566566566526E+02	2.002874343616490E+02
6.576576576576535E+02	2.019062828465735E+02
6.586586586586545E+02	2.035323289729831E+02
6.596596596596555E+02	2.051655788698004E+02
6.606606606606565E+02	2.068060386440502E+02
6.616616616616575E+02	2.084537143809298E+02
6.626626626626585E+02	2.101086121438971E+02
6.636636636636595E+02	2.117707379747685E+02
6.646646646646604E+02	2.134400978937788E+02
6.656656656656614E+02	2.151166978996866E+02
6.666666666666624E+02	2.168005439698381E+02
6.676676676676634E+02	2.184916420602672E+02
6.686686686686644E+02	2.201899981057641E+02
6.696696696696654E+02	2.218956180199630E+02
6.706706706706664E+02	2.236085076954273E+02
6.716716716716674E+02	2.253286730037194E+02
6.726726726726683E+02	2.270561197954930E+02
6.736736736736693E+02	2.287908539005757E+02
6.746746746746703E+02	2.305328811280342E+02
6.756756756756713E+02	2.322822072662680E+02
6.766766766766723E+02	2.340388380830896E+02
6.776776776776733E+02	2.358027793257893E+02
6.786786786786743E+02	2.375740367212388E+02
6.796796796796752E+02	2.393526159759435E+02
6.806806806806762E+02	2.411385227761421E+02
6.816816816816772E+02	2.429317627878709E+02
6.826826826826782E+02	2.447323416570521E+02
6.836836836836792E+02	2.465402650095716E+02
6.846846846846802E+02	2.483555384513379E+02
6.856856856856812E+02	2.501781675683865E+02
6.866866866866822E+02	2.520081579269427E+02
6.876876876876831E+02	2.538455150734922E+02
6.886886886886841E+02	2.556902445348687E+02
6.896896896896851E+02	2.575423518183316E+02
6.906906906906861E+02	2.594018424116293E+02
6.916916916916871E+02	2.612687217830776E+02
6.926926926926881E+02	2.631429953816478E+02
6.936936936936891E+02	2.650246686370333E+02
6.946946946946900E+02	2.669137469597113E+02
6.956956956956910E+02	2.688102357410430E+02
6.966966966966920E+02	2.707141403533265E+02
6.976976976976930E+02	2.726254661498810E+02
6.986986986986940E+02	2.745442184651147E+02
6.996996996996950E+02	2.764704026146046E+02
7.007007007006960E+02	2.784040238951620E+02
7.017017017016969E+02	2.803450875849080E+02
7.027027027026979E+02	2.822935989433549E+02
7.037037037036989E+02	2.842495632114587E+02
7.047047047046999E+02	2.862129856117076E+02
7.057057057057009E+02	2.881838713481879E+02
7.067067067067019E+02	2.901622256066585E+02
7.077077077077029E+02	2.921480535546152E+02
7.087087087087039E+02	2.941413603413625E+02
7.097097097097048E+02	2.961421510980999E+02
7.107107107107058E+02	2.981504309379570E+02
7.117117117117068E+02	3.001662049561055E+02
7.127127127127078E+02	3.021894782297995E+02
7.137137137137088E+02	3.042202558184636E+02
7.147147147147098E+02	3.062585427637282E+02
7.157157157157108E+02	3.083043440895540E+02
7.167167167167117E+02	3.103576648022449E+02
7.177177177177127E+02	3.124185098905641E+02
7.187187187187137E+02	3.144868843257532E+02
7.197197197197147E+02	3.165627930616342E+02
7.207207207207157E+02	3.186462410346826E+02
7.217217217217167E+02	3.207372331640695E+02
7.227227227227177E+02	3.228357743517308E+02
7.237237237237186E+02	3.249418694824572E+02
7.247247247247196E+02	3.270555234239396E+02
7.257257257257206E+02	3.291767410268426E+02
7.267267267267216E+02	3.313055271248713E+02
7.277277277277226E+02	3.334418865348316E+02
7.287287287287236E+02	3.355858240567031E+02
7.297297297297246E+02	3.377373444737027E+02
7.307307307307256E+02	3.398964525523384E+02
7.317317317317265E+02	3.420631530424980E+02
7.327327327327275E+02	3.442374506774845E+02
7.337337337337285E+02	3.464193501740983E+02
7.347347347347295E+02	3.486088562327018E+02
7.357357357357305E+02	3.508059735372794E+02
7.367367367367315E+02	3.530107067554891E+02
7.377377377377325E+02	3.552230605387526E+02
7.387387387387334E+02	3.574430395222871E+02
7.397397397397344E+02	3.596706483251960E+02
7.407407407407354E+02	3.619058915505061E+02
7.417417417417364E+02	3.641487737852549E+02
7.427427427427374E+02	3.663992996005327E+02
7.437437437437384E+02	3.686574735515514E+02
7.447447447447394E+02	3.709233001777075E+02
7.457457457457404E+02	3.731967840026418E+02
7.467467467467413E+02	3.754779295342983E+02
7.477477477477423E+02	3.777667412649967E+02
7.487487487487433E+02	3.800632236714714E+02
7.497497497497443E+02	3.823673812149464E+02
7.507507507507453E+02	3.846792183411985E+02
7.517517517517463E+02	3.869987394806071E+02
7.527527527527473E+02	3.893259490482155E+02
7.537537537537482E+02	3.916608514437976E+02
7.547547547547492E+02	3.940034510519022E+02
7.557557557557502E+02	3.963537522419415E+02
7.567567567567512E+02	3.987117593682087E+02
7.577577577577522E+02	4.010774767699622E+02
7.587587587587532E+02	4.034509087714951E+02
7.597597597597542E+02	4.058320596821532E+02
7.607607607607551E+02	4.082209337964359E+02
7.617617617617561E+02	4.106175353940184E+02
7.627627627627571E+02	4.130218687398396E+02
7.637637637637581E+02	4.154339380841348E+02
7.647647647647591E+02	4.178537476625002E+02
7.657657657657601E+02	4.202813016959590E+02
7.667667667667611E+02	4.227166043910083E+02
7.677677677677621E+02	4.251596599396730E+02
7.687687687687630E+02	4.276104725195669E+02
7.697697697697640E+02	4.300690462939415E+02
7.707707707707650E+02	4.325353854117679E+02
7.717717717717660E+02	4.350094940077406E+02
7.727727727727670E+02	4.374913762023853E+02
7.737737737737680E+02	4.399810361020814E+02
7.747747747747690E+02	4.424784777991281E+02
7.757757757757699E+02	4.449837053718006E+02
7.767767767767709E+02	4.474967228843934E+02
7.777777777777719E+02	4.500175343872916E+02
7.787787787787729E+02	4.525461439169999E+02
7.797797797797739E+02	4.550825554962212E+02
7.807807807807749E+02	4.576267731338980E+02
7.817817817817759E+02	4.601788008252679E+02
7.827827827827768E+02	4.627386425519089E+02
7.837837837837778E+02	4.653063022818046E+02
7.847847847847788E+02	4.678817839693857E+02
7.857857857857798E+02	4.704650915555835E+02
7.867867867867808E+02	4.730562289678974E+02
7.877877877877818E+02	4.756552001204209E+02
7.887887887887828E+02	4.782620089139132E+02
7.897897897897838E+02	4.808766592358493E+02
7.907907907907847E+02	4.834991549604511E+02
7.917917917917857E+02	4.861294999487641E+02
7.927927927927867E+02	4.887676980487036E+02
7.937937937937877E+02	4.914137530950716E+02
7.947947947947887E+02	4.940676689096681E+02
7.957957957957897E+02	4.967294493012823E+02
7.967967967967907E+02	4.993990980657777E+02
7.977977977977916E+02	5.020766189861351E+02
7.987987987987926E+02	5.047620158324871E+02
7.997997997997936E+02	5.074552923621886E+02
8.008008008007946E+02	5.101564523198554E+02
8.018018018017956E+02	5.128654994374174E+02
8.028028028027966E+02	5.155824374341473E+02
8.038038038037976E+02	5.183072700167454E+02
8.048048048047986E+02	5.210400008793526E+02
8.058058058057995E+02	5.237806337036318E+02
8.068068068068005E+02	5.265291721587823E+02
8.078078078078015E+02	5.292856199016105E+02
8.088088088088025E+02	5.320499805765699E+02
8.098098098098035E+02	5.348222578158111E+02
8.108108108108045E+02	5.376024552392232E+02
8.118118118118055E+02	5.403905764544820E+02
8.128128128128064E+02	5.431866250571115E+02
8.138138138138074E+02	5.459906046305059E+02
8.148148148148084E+02	5.488025187459880E+02
8.158158158158094E+02	5.516223709628657E+02
8.168168168168104E+02	5.544501648284631E+02
8.178178178178114E+02	5.572859038781708E+02
8.188188188188124E+02	5.601295916354966E+02
8.198198198198133E+02	5.629812316120965E+02
8.208208208208143E+02	5.658408273078394E+02
8.218218218218153E+02	5.687083822108380E+02
8.228228228228163E+02	5.715838997974997E+02
8.238238238238173E+02	5.744673835325762E+02
8.248248248248183E+02	5.773588368691949E+02
8.258258258258193E+02	5.802582632489102E+02
8.268268268268203E+02	5.831656661017514E+02
8.278278278278212E+02	5.860810488462630E+02
8.288288288288222E+02	5.890044148895490E+02
8.298298298298232E+02	5.919357676273171E+02
8.308308308308242E+02	5.948751104439157E+02
8.318318318318252E+02	5.978224467123882E+02
8.328328328328262E+02	6.007777797945146E+02
8.338338338338272E+02	6.037411130408445E+02
8.348348348348281E+02	6.067124497907489E+02
8.358358358358291E+02	6.096917933724576E+02
8.368368368368301E+02	6.126791471031102E+02
8.378378378378311E+02	6.156745142887826E+02
8.388388388388321E+02	6.186778982245532E+02
8.398398398398331E+02	6.216893021945157E+02
8.408408408408341E+02	6.247087294718417E+02
8.418418418418350E+02	6.277361833188265E+02
8.428428428428360E+02	6.307716669868910E+02
8.438438438438370E+02	6.338151837166929E+02
8.448448448448380E+02	6.368667367380945E+02
8.458458458458390E+02	6.399263292702481E+02
8.468468468468400E+02	6.429939645216277E+02
8.478478478478410E+02	6.460696456900578E+02
8.488488488488420E+02	6.491533759627755E+02
8.498498498498429E+02	6.522451585164490E+02
8.508508508508439E+02	6.553449965172244E+02
8.518518518518449E+02	6.584528931207747E+02
8.528528528528459E+02	6.615688514723274E+02
8.538538538538469E+02	6.646928747067241E+02
8.548548548548479E+02	6.678249659484195E+02
8.558558558558489E+02	6.709651283115609E+02
8.568568568568498E+02	6.741133649000267E+02
8.578578578578508E+02	6.772696788074236E+02
8.588588588588518E+02	6.804340731171696E+02
8.598598598598528E+02	6.836065509025225E+02
8.608608608608538E+02	6.867871152265925E+02
8.618618618618548E+02	6.899757691424138E+02
8.628628628628558E+02	6.931725156929770E+02
8.638638638638567E+02	6.963773579112381E+02
8.648648648648577E+02	6.995902988201969E+02
8.658658658658587E+02	7.028113414329059E+02
8.668668668668597E+02	7.060404887525133E+02
8.678678678678607E+02	7.092777437723216E+02
8.688688688688617E+02	7.125231094757883E+02
8.698698698698627E+02	7.157765888366002E+02
8.708708708708637E+02	7.190381848186739E+02
8.718718718718646E+02	7.223079003762227E+02
8.728728728728656E+02	7.255857384537849E+02
8.738738738738666E+02	7.288717019862484E+02
8.748748748748676E+02	7.321657938989038E+02
8.758758758758686E+02	7.354680171074647E+02
8.768768768768696E+02	7.387783745181237E+02
8.778778778778706E+02	7.420968690275631E+02
8.788788788788715E+02	7.454235035230049E+02
8.798798798798725E+02	7.487582808822617E+02
8.808808808808735E+02	7.521012039737366E+02
8.818818818818745E+02	7.554522756564925E+02
8.828828828828755E+02	7.588114987802555E+02
8.838838838838765E+02	7.621788761854887E+02
8.848848848848775E+02	7.655544107033925E+02
8.858858858858785E+02	7.689381051559417E+02
8.868868868868794E+02	7.723299623559642E+02
8.878878878878804E+02	7.757299851071052E+02
8.888888888888814E+02	7.791381762039223E+02
8.898898898898824E+02	7.825545384318852E+02
8.908908908908834E+02	7.859790745674186E+02
8.918918918918844E+02	7.894117873779483E+02
8.928928928928854E+02	7.928526796219166E+02
8.938938938938863E+02	7.963017540488204E+02
8.948948948948873E+02	7.997590133992608E+02
8.958958958958883E+02	8.032244604049433E+02
8.968968968968893E+02	8.066980977887633E+02
8.978978978978903E+02	8.101799282647767E+02
8.988988988988913E+02	8.136699545382839E+02
8.998998998998923E+02	8.171681793058128E+02
9.009009009008932E+02	8.206746052552189E+02
9.019019019018942E+02	8.241892350656594E+02
9.029029029028952E+02	8.277120714076500E+02
9.039039039038962E+02	8.312431169430943E+02
9.049049049048972E+02	8.347823743253034E+02
9.059059059058982E+02	8.383298461990571E+02
9.069069069068992E+02	8.418855352006126E+02
9.079079079079002E+02	8.454494439577416E+02
9.089089089089011E+02	8.490215750897505E+02
9.099099099099021E+02	8.526019312075414E+02
9.109109109109031E+02	8.561905149136192E+02
9.119119119119041E+02	8.597873288021192E+02
9.129129129129051E+02	8.633923754588636E+02
9.139139139139061E+02	8.670056574613777E+02
9.149149149149071E+02	8.706271773789003E+02
9.159159159159080E+02	8.742569377724485E+02
9.169169169169090E+02	8.778949411948461E+02
9.179179179179100E+02	8.815411901907141E+02
9.189189189189110E+02	8.851956872965634E+02
9.199199199199120E+02	8.888584350407582E+02
9.209209209209130E+02	8.925294359435984E+02
9.219219219219140E+02	8.962086925173298E+02
9.229229229229149E+02	8.998962072661639E+02
9.239239239239159E+02	9.035919826863160E+02
9.249249249249169E+02	9.072960212660591E+02
9.259259259259179E+02	9.110083254857150E+02
9.269269269269189E+02	9.147288978176848E+02
9.279279279279199E+02	9.184577407265310E+02
9.289289289289209E+02	9.221948566689448E+02
9.299299299299219E+02	9.259402480937870E+02
9.309309309309228E+02	9.296939174421605E+02
9.319319319319238E+02	9.334558671473856E+02
9.329329329329248E+02	9.372260996350560E+02
9.339339339339258E+02	9.410046173230758E+02
9.349349349349268E+02	9.447914226216503E+02
9.359359359359278E+02	9.485865179333482E+02
9.369369369369288E+02	9.523899056531309E+02
9.379379379379297E+02	9.562015881683615E+02
9.389389389389307E+02	9.600215678588393E+02
9.399399399399317E+02	9.638498470968298E+02
9.409409409409327E+02	9.676864282471010E+02
9.419419419419337E+02	9.715313136669233E+02
9.429429429429347E+02	9.753845057061340E+02
9.439439439439357E+02	9.792460067071438E+02
9.449449449449367E+02	9.831158190049623E+02
9.459459459459376E+02	9.869939449272320E+02
9.469469469469386E+02	9.908803867942447E+02
9.479479479479396E+02	9.947751469190030E+02
9.489489489489406E+02	9.986782276071931E+02
9.499499499499416E+02	1.002589631157246E+03
9.509509509509426E+02	1.006509359860377E+03
9.519519519519436E+02	1.010437416000571E+03
9.529529529529445E+02	1.014373801854640E+03
9.539539539539455E+02	1.018318519692238E+03
9.549549549549465E+02	1.022271571775904E+03
9.559559559559475E+02	1.026232960361041E+03
9.569569569569485E+02	1.030202687696016E+03
9.579579579579495E+02	1.034180756022117E+03
9.589589589589505E+02	1.038167167573621E+03
9.599599599599514E+02	1.042161924577800E+03
9.609609609609524E+02	1.046165029254936E+03
9.619619619619534E+02	1.050176483818397E+03
9.629629629629544E+02	1.054196290474610E+03
9.639639639639554E+02	1.058224451423090E+03
9.649649649649564E+02	1.062260968856508E+03
9.659659659659574E+02	1.066305844960671E+03
9.669669669669584E+02	1.070359081914550E+03
9.679679679679593E+02	1.074420681890362E+03
9.689689689689603E+02	1.078490647053501E+03
9.699699699699613E+02	1.082568979562655E+03
9.709709709709623E+02	1.086655681569768E+03
9.719719719719633E+02	1.090750755220066E+03
9.729729729729643E+02	1.094854202652132E+03
9.739739739739653E+02	1.098966025997910E+03
9.749749749749662E+02	1.103086227382666E+03
9.759759759759672E+02	1.107214808925115E+03
9.769769769769682E+02	1.111351772737369E+03
9.779779779779692E+02	1.115497120924985E+03
9.789789789789702E+02	1.119650855586998E+03
9.799799799799712E+02	1.123812978815940E+03
9.809809809809722E+02	1.127983492697851E+03
9.819819819819731E+02	1.132162399312310E+03
9.829829829829741E+02	1.136349700732484E+03
9.839839839839751E+02	1.140545399025088E+03
9.849849849849761E+02	1.144749496250477E+03
9.859859859859771E+02	1.148961994462641E+03
9.869869869869781E+02	1.153182895709198E+03
9.879879879879791E+02	1.157412202031479E+03
9.889889889889801E+02	1.161649915464498E+03
9.899899899899810E+02	1.165896038037023E+03
9.909909909909820E+02	1.170150571771510E+03
9.919919919919830E+02	1.174413518684249E+03
9.929929929929840E+02	1.178684880785291E+03
9.939939939939850E+02	1.182964660078521E+03
9.949949949949860E+02	1.187252858561638E+03
9.959959959959870E+02	1.191549478226221E+03
9.969969969969879E+02	1.195854521057722E+03
9.979979979979889E+02	1.200167989035510E+03
9.989989989989899E+02	1.204489884132852E+03
9.999999999999909E+02	1.208820208316995E+03
