# mass, thermodynamic potential
0.000000000000000E+00	                 NAN
1.001001001001001E+00	-3.013812622410569E+00
2.002002002002002E+00	-3.010127026343980E+00
3.003003003003003E+00	-3.003984654958913E+00
4.004004004004004E+00	-2.995385941327640E+00
5.005005005005005E+00	-3.011820076954791E+00
6.006006006006006E+00	-2.998309995770796E+00
7.007007007007006E+00	-3.009829993699441E+00
8.008008008008007E+00	-3.018892242904712E+00
9.009009009009008E+00	-2.998021245214204E+00
1.001001001001001E+01	-3.002175034113407E+00
1.101101101101101E+01	-3.003874507320688E+00
1.201201201201201E+01	-3.003121114007627E+00
1.301301301301301E+01	-3.027375877065879E+00
1.401401401401401E+01	-3.021717225354223E+00
1.501501501501501E+01	-3.013610967957447E+00
1.601601601601601E+01	-3.030501678340897E+00
1.701701701701701E+01	-3.017501868516320E+00
1.801801801801802E+01	-3.029490805145088E+00
1.901901901901902E+01	-3.039028341952417E+00
2.002002002002002E+01	-3.046116938579871E+00
2.102102102102102E+01	-3.050759226461651E+00
2.202202202202202E+01	-3.052958008636324E+00
2.302302302302302E+01	-3.052716259573117E+00
2.402402402402402E+01	-3.050037124978189E+00
2.502502502502502E+01	-3.072291373737698E+00
2.602602602602602E+01	-3.064738644105091E+00
2.702702702702702E+01	-3.082105397757459E+00
2.802802802802802E+01	-3.069693215054485E+00
2.902902902902902E+01	-3.082186806076152E+00
3.003003003003002E+01	-3.092243442385097E+00
3.103103103103102E+01	-3.099867094319961E+00
3.203203203203203E+01	-3.105061901811041E+00
3.303303303303303E+01	-3.107832174093346E+00
3.403403403403403E+01	-3.108182389430112E+00
3.503503503503503E+01	-3.106117194824947E+00
3.603603603603603E+01	-3.128874597251524E+00
3.703703703703703E+01	-3.121979990457930E+00
3.803803803803803E+01	-3.139888542436438E+00
3.903903903903903E+01	-3.155372012046882E+00
4.004004004004003E+01	-3.141264633914034E+00
4.104104104104103E+01	-3.151930072898267E+00
4.204204204204203E+01	-3.160186407003494E+00
4.304304304304303E+01	-3.166039254228508E+00
4.404404404404404E+01	-3.169494398598090E+00
4.504504504504504E+01	-3.197644376126846E+00
4.604604604604604E+01	-3.196304901267013E+00
4.704704704704704E+01	-3.192585945325845E+00
4.804804804804804E+01	-3.213525568418845E+00
4.904904904904904E+01	-3.232060651466782E+00
5.005005005005004E+01	-3.221207137357396E+00
5.105105105105104E+01	-3.234973276933488E+00
5.205205205205204E+01	-3.246354700398115E+00
5.305305305305304E+01	-3.255358300529224E+00
5.405405405405404E+01	-3.261991132329058E+00
5.505505505505504E+01	-3.266260412566226E+00
5.605605605605604E+01	-3.295037559106731E+00
5.705705705705704E+01	-3.294580531175143E+00
5.805805805805804E+01	-3.318600436951328E+00
5.905905905905905E+01	-3.313447406558680E+00
6.006006006006005E+01	-3.332740524884230E+00
6.106106106106105E+01	-3.349669608964632E+00
6.206206206206205E+01	-3.337521134290455E+00
6.306306306306305E+01	-3.349771375242199E+00
6.406406406406406E+01	-3.359682081585106E+00
6.506506506506506E+01	-3.393907322659743E+00
6.606606606606606E+01	-3.399138903856965E+00
6.706706706706706E+01	-3.402056617809649E+00
6.806806806806806E+01	-3.429235101026734E+00
6.906906906906906E+01	-3.427526058654166E+00
7.007007007007006E+01	-3.450041083944598E+00
7.107107107107106E+01	-3.443741664701065E+00
7.207207207207206E+01	-3.461629735162660E+00
7.307307307307306E+01	-3.477203735874355E+00
7.407407407407406E+01	-3.490473127959831E+00
7.507507507507506E+01	-3.501447524226933E+00
7.607607607607606E+01	-3.510136688520561E+00
7.707707707707706E+01	-3.542855243689246E+00
7.807807807807806E+01	-3.546973893709492E+00
7.907907907907907E+01	-3.548837380534223E+00
8.008008008008007E+01	-3.574667636863978E+00
8.108108108108107E+01	-3.572021719417080E+00
8.208208208208207E+01	-3.593299928828401E+00
8.308308308308307E+01	-3.612301128762738E+00
8.408408408408407E+01	-3.629035900323288E+00
8.508508508508507E+01	-3.643514970131946E+00
8.608608608608607E+01	-3.655749209598071E+00
8.708708708708707E+01	-3.665749634178610E+00
8.808808808808807E+01	-3.673527402626860E+00
8.908908908908907E+01	-3.705001674069990E+00
9.009009009009007E+01	-3.708333817161019E+00
9.109109109109107E+01	-3.735313576472890E+00
9.209209209209207E+01	-3.734245941723202E+00
9.309309309309307E+01	-3.756777107700145E+00
9.409409409409407E+01	-3.777082644525763E+00
9.509509509509508E+01	-3.795174326754932E+00
9.609609609609608E+01	-3.811064066761446E+00
9.709709709709708E+01	-3.824763913915831E+00
9.809809809809808E+01	-3.836286053739059E+00
9.909909909909908E+01	-3.845642807078548E+00
1.001001001001001E+02	-3.878340259703236E+00
1.011011011011011E+02	-3.883365080228032E+00
1.021021021021021E+02	-3.911675384968476E+00
1.031031031031031E+02	-3.912418672381136E+00
1.041041041041041E+02	-3.936392268627515E+00
1.051051051051051E+02	-3.958195697186966E+00
1.061061061061061E+02	-3.977841837891901E+00
1.071071071071071E+02	-3.995343699810746E+00
1.081081081081081E+02	-4.010714420340264E+00
1.091091091091091E+02	-4.023967264268322E+00
1.101101101101101E+02	-4.035115622847570E+00
1.111111111111111E+02	-4.044173012855026E+00
1.121121121121121E+02	-4.076142114616232E+00
1.131131131131131E+02	-4.081015528248372E+00
1.141141141141141E+02	-4.108738913875186E+00
1.151151151151151E+02	-4.109483418270884E+00
1.161161161161161E+02	-4.133016157544262E+00
1.171171171171171E+02	-4.154451252289164E+00
1.181181181181181E+02	-4.173802710010932E+00
1.191191191191191E+02	-4.191084657021293E+00
1.201201201201201E+02	-4.206311337414263E+00
1.211211211211211E+02	-4.219497112045246E+00
1.221221221221221E+02	-4.255182360435356E+00
1.231231231231231E+02	-4.264282591422671E+00
1.241241241241241E+02	-4.271385569617451E+00
1.251251251251251E+02	-4.300886835917026E+00
1.261261261261261E+02	-4.328322331786694E+00
1.271271271271271E+02	-4.329427392193338E+00
1.281281281281281E+02	-4.352826367461603E+00
1.291291291291291E+02	-4.374204062497938E+00
1.301301301301301E+02	-4.393575485185011E+00
1.311311311311312E+02	-4.410955750760877E+00
1.321321321321322E+02	-4.426360080685754E+00
1.331331331331332E+02	-4.439803801535163E+00
1.341341341341342E+02	-4.475223071160599E+00
1.351351351351352E+02	-4.484740260333183E+00
1.361361361361362E+02	-4.516157508712240E+00
1.371371371371372E+02	-4.521810232034113E+00
1.381381381381383E+02	-4.549287452067801E+00
1.391391391391393E+02	-4.574790559650410E+00
1.401401401401403E+02	-4.574738561211234E+00
1.411411411411413E+02	-4.596396000671120E+00
1.421421421421423E+02	-4.616126767390142E+00
1.431431431431433E+02	-4.633946826103511E+00
1.441441441441443E+02	-4.649872235236671E+00
1.451451451451454E+02	-4.687237489454219E+00
1.461461461461464E+02	-4.699366125576944E+00
1.471471471471474E+02	-4.709648720707719E+00
1.481481481481484E+02	-4.741248615231143E+00
1.491491491491494E+02	-4.747832112208471E+00
1.501501501501504E+02	-4.775650021818365E+00
1.511511511511515E+02	-4.801571756133853E+00
1.521521521521525E+02	-4.825613731736212E+00
1.531531531531535E+02	-4.824940632621747E+00
1.541541541541545E+02	-4.845332651232638E+00
1.551551551551555E+02	-4.863894776071447E+00
1.561561561561565E+02	-4.903315294651748E+00
1.571571571571575E+02	-4.918207623141825E+00
1.581581581581586E+02	-4.931320412695186E+00
1.591591591591596E+02	-4.942670641005861E+00
1.601601601601606E+02	-4.974701892224857E+00
1.611611611611616E+02	-4.982517451080639E+00
1.621621621621626E+02	-5.010923533243840E+00
1.631631631631636E+02	-5.037510535452384E+00
1.641641641641646E+02	-5.040121847516275E+00
1.651651651651657E+02	-5.063186035245053E+00
1.661661661661667E+02	-5.084482463860240E+00
1.671671671671677E+02	-5.104028338111675E+00
1.681681681681687E+02	-5.121840928463826E+00
1.691691691691697E+02	-5.137937569661517E+00
1.701701701701707E+02	-5.174121919820209E+00
1.711711711711717E+02	-5.186773967957834E+00
1.721721721721728E+02	-5.197762332302773E+00
1.731731731731738E+02	-5.228692615140972E+00
1.741741741741748E+02	-5.236341123513739E+00
1.751751751751758E+02	-5.263833037777658E+00
1.761761761761768E+02	-5.289597749811492E+00
1.771771771771778E+02	-5.292335668755641E+00
1.781781781781789E+02	-5.314767224108436E+00
1.791791791791799E+02	-5.335524257950510E+00
1.801801801801809E+02	-5.354624396147756E+00
1.811811811811819E+02	-5.372085313345906E+00
1.821821821821829E+02	-5.387924731423936E+00
1.831831831831839E+02	-5.402160417951563E+00
1.841841841841849E+02	-5.435643504346444E+00
1.851851851851860E+02	-5.446655672330053E+00
1.861861861861870E+02	-5.476808634315603E+00
1.871871871871880E+02	-5.484668443270948E+00
1.881881881881890E+02	-5.511562177334326E+00
1.891891891891900E+02	-5.516341103105788E+00
1.901901901901910E+02	-5.540046814499419E+00
1.911911911911920E+02	-5.562148683603937E+00
1.921921921921931E+02	-5.582664512212432E+00
1.931931931931941E+02	-5.601612134425977E+00
1.941941941941951E+02	-5.619009415026085E+00
1.951951951951961E+02	-5.634874247801235E+00
1.961961961961971E+02	-5.649224553882959E+00
1.971971971971981E+02	-5.662078280068272E+00
1.981981981981992E+02	-5.673453397130288E+00
1.991991991992002E+02	-5.703107218169407E+00
2.002002002002012E+02	-5.711504960097500E+00
2.012012012012022E+02	-5.738065840836953E+00
2.022022022022032E+02	-5.743557945242628E+00
2.032032032032042E+02	-5.767097301206377E+00
2.042042042042052E+02	-5.789113890878070E+00
2.052052052052063E+02	-5.790345021879148E+00
2.062062062062073E+02	-5.809447350097798E+00
2.072072072072083E+02	-5.827080456259409E+00
2.082082082082093E+02	-5.843262177160341E+00
2.092092092092103E+02	-5.858010357371768E+00
2.102102102102113E+02	-5.871342847437063E+00
2.112112112112123E+02	-5.902089489364243E+00
2.122122122122134E+02	-5.912565754203115E+00
2.132132132132144E+02	-5.921679806977863E+00
2.142142142142154E+02	-5.948022862165999E+00
2.152152152152164E+02	-5.954387374797079E+00
2.162162162162174E+02	-5.977855921387345E+00
2.172172172172184E+02	-5.981541932230812E+00
2.182182182182194E+02	-6.002206627227224E+00
2.192192192192205E+02	-6.021454791269662E+00
2.202202202202215E+02	-6.021216559890490E+00
2.212212212212225E+02	-6.037766645882130E+00
2.222222222222235E+02	-6.052952905103666E+00
2.232232232232245E+02	-6.066792848522255E+00
2.242242242242255E+02	-6.079303970133424E+00
2.252252252252266E+02	-6.090503744976559E+00
2.262262262262276E+02	-6.118001719147287E+00
2.272272272272286E+02	-6.126548295372231E+00
2.282282282282296E+02	-6.133835735846333E+00
2.292292292292306E+02	-6.139881420758229E+00
2.302302302302316E+02	-6.161959788830700E+00
2.312312312312326E+02	-6.165490823298569E+00
2.322322322322337E+02	-6.184919520606400E+00
2.332332332332347E+02	-6.186004744909496E+00
2.342342342342357E+02	-6.202852167267338E+00
2.352352352352367E+02	-6.218391202289695E+00
2.362362362362377E+02	-6.232638763945033E+00
2.372372372372387E+02	-6.245611726684274E+00
2.382382382382397E+02	-6.240756170151599E+00
2.392392392392408E+02	-6.251317303548603E+00
2.402402402402418E+02	-6.260654273688942E+00
2.412412412412428E+02	-6.285093574592338E+00
2.422422422422438E+02	-6.291945126291012E+00
2.432432432432448E+02	-6.297622375398532E+00
2.442442442442458E+02	-6.302141859141102E+00
2.452452452452468E+02	-6.305520057712783E+00
2.462462462462479E+02	-6.323643743347475E+00
2.472472472472489E+02	-6.324701122855004E+00
2.482482482482499E+02	-6.340358446921982E+00
2.492492492492509E+02	-6.339159941498565E+00
2.502502502502519E+02	-6.352415331125940E+00
2.512512512512529E+02	-6.349025350389638E+00
2.522522522522540E+02	-6.359942699349631E+00
2.532532532532550E+02	-6.369669317864464E+00
2.542542542542560E+02	-6.378220905782655E+00
2.552552552552570E+02	-6.385613087565162E+00
2.562562562562580E+02	-6.376890478147743E+00
2.572572572572590E+02	-6.382101613432496E+00
2.582582582582600E+02	-6.386199791032141E+00
2.592592592592609E+02	-6.403897468310333E+00
2.602602602602619E+02	-6.405724177844149E+00
2.612612612612629E+02	-6.406483508505517E+00
2.622622622622639E+02	-6.406190488480206E+00
2.632632632632649E+02	-6.404860050731259E+00
2.642642642642659E+02	-6.416743748644876E+00
2.652652652652669E+02	-6.413291298554668E+00
2.662662662662678E+02	-6.408845591920908E+00
2.672672672672688E+02	-6.417379808753594E+00
2.682682682682698E+02	-6.410899362847886E+00
2.692692692692708E+02	-6.417240892568316E+00
2.702702702702718E+02	-6.422459832325330E+00
2.712712712712728E+02	-6.412988132129612E+00
2.722722722722738E+02	-6.416098753356891E+00
2.732732732732748E+02	-6.418128404267463E+00
2.742742742742757E+02	-6.419090712136494E+00
2.752752752752767E+02	-6.405794316793617E+00
2.762762762762777E+02	-6.404757496406546E+00
2.772772772772787E+02	-6.402693501273006E+00
2.782782782782797E+02	-6.399615454512968E+00
2.792792792792807E+02	-6.395536346451991E+00
2.802802802802817E+02	-6.390469031704924E+00
2.812812812812826E+02	-6.384426226224605E+00
2.822822822822836E+02	-6.389958729514092E+00
2.832832832832846E+02	-6.381907208648499E+00
2.842842842842856E+02	-6.372917468685046E+00
2.852852852852866E+02	-6.363001642632298E+00
2.862862862862876E+02	-6.364325386638939E+00
2.872872872872886E+02	-6.352497808798944E+00
2.882882882882896E+02	-6.339779601039027E+00
2.892892892892905E+02	-6.338046617572672E+00
2.902902902902915E+02	-6.323486107564804E+00
2.912912912912925E+02	-6.319739336913699E+00
2.922922922922935E+02	-6.303381173722300E+00
2.932932932932945E+02	-6.297664576668922E+00
2.942942942942955E+02	-6.279552033539403E+00
2.952952952952965E+02	-6.271908183597589E+00
2.962962962962974E+02	-6.263266928479879E+00
2.972972972972984E+02	-6.242553134042737E+00
2.982982982982994E+02	-6.232045776607265E+00
2.992992992993004E+02	-6.220570762161515E+00
3.003003003003014E+02	-6.208137627953420E+00
3.013013013013024E+02	-6.194755714900111E+00
3.023023023023034E+02	-6.180434163970858E+00
3.033033033033043E+02	-6.154684650612580E+00
3.043043043043053E+02	-6.138608896396363E+00
3.053053053053063E+02	-6.121619665907929E+00
3.063063063063073E+02	-6.103725261139061E+00
3.073073073073083E+02	-6.084933765361711E+00
3.083083083083093E+02	-6.065253039242634E+00
3.093093093093103E+02	-6.054597589806235E+00
3.103103103103113E+02	-6.033062789532778E+00
3.113113113113122E+02	-6.010661003898349E+00
3.123123123123132E+02	-5.987399165505849E+00
3.133133133133142E+02	-5.963283964113543E+00
3.143143143143152E+02	-5.938321842429104E+00
3.153153153153162E+02	-5.921833537321618E+00
3.163163163163172E+02	-5.895097873166833E+00
3.173173173173182E+02	-5.867533144022673E+00
3.183183183183191E+02	-5.848162170923842E+00
3.193193193193201E+02	-5.818857428399951E+00
3.203203203203211E+02	-5.788739109937978E+00
3.213213213213221E+02	-5.766532598561298E+00
3.223223223223231E+02	-5.734702963733980E+00
3.233233233233241E+02	-5.702072752277672E+00
3.243243243243251E+02	-5.677070455123157E+00
3.253253253253260E+02	-5.642752540373294E+00
3.263263263263270E+02	-5.615871115503523E+00
3.273273273273280E+02	-5.579878337014634E+00
3.283283283283290E+02	-5.551129719547134E+00
3.293293293293300E+02	-5.513472466488565E+00
3.303303303303310E+02	-5.482866122215000E+00
3.313313313313320E+02	-5.443552249562799E+00
3.323323323323330E+02	-5.411095090267281E+00
3.333333333333339E+02	-5.370129832133898E+00
3.343343343343349E+02	-5.335826127970449E+00
3.353353353353359E+02	-5.293212007852162E+00
3.363363363363369E+02	-5.257063296585784E+00
3.373373373373379E+02	-5.212800034353677E+00
3.383383383383389E+02	-5.174805027257207E+00
3.393393393393399E+02	-5.135835801554094E+00
3.403403403403408E+02	-5.089043926865088E+00
3.413413413413418E+02	-5.048221078578081E+00
3.423423423423428E+02	-4.999766576342154E+00
3.433433433433438E+02	-4.957081321630540E+00
3.443443443443448E+02	-4.913411215829910E+00
3.453453453453458E+02	-4.862393690590579E+00
3.463463463463468E+02	-4.816842133193404E+00
3.473473473473477E+02	-4.764128779104794E+00
3.483483483483487E+02	-4.716678818206674E+00
3.493493493493497E+02	-4.662250382111779E+00
3.503503503503507E+02	-4.612881590878260E+00
3.513513513513517E+02	-4.562495757574652E+00
3.523523523523527E+02	-4.505403604649928E+00
3.533533533533537E+02	-4.453061674731089E+00
3.543543543543547E+02	-4.394190586612240E+00
3.553553553553556E+02	-4.339862893938061E+00
3.563563563563566E+02	-4.279180565210027E+00
3.573573573573576E+02	-4.222833504543814E+00
3.583583583583586E+02	-4.160303584431404E+00
3.593593593593596E+02	-4.101899463656082E+00
3.603603603603606E+02	-4.037481403294350E+00
3.613613613613616E+02	-3.972149051010547E+00
3.623623623623625E+02	-3.910627179344374E+00
3.633633633633635E+02	-3.843337431750570E+00
3.643643643643645E+02	-3.775095893652178E+00
3.653653653653655E+02	-3.710346214340461E+00
3.663663663663665E+02	-3.640067605414060E+00
3.673673673673675E+02	-3.568794320464804E+00
3.683683683683685E+02	-3.496510733266405E+00
3.693693693693695E+02	-3.423200565620846E+00
3.703703703703704E+02	-3.348846873685943E+00
3.713713713713714E+02	-3.277340055537479E+00
3.723723723723724E+02	-3.200755571189802E+00
3.733733733733734E+02	-3.123072852011319E+00
3.743743743743744E+02	-3.040633884981617E+00
3.753753753753754E+02	-2.960784101358513E+00
3.763763763763764E+02	-2.879774326941060E+00
3.773773773773773E+02	-2.797582534804860E+00
3.783783783783783E+02	-2.714185904629176E+00
3.793793793793793E+02	-2.626363503632547E+00
3.803803803803803E+02	-2.540573415477866E+00
3.813813813813813E+02	-2.450479919989448E+00
3.823823823823823E+02	-2.362193846035552E+00
3.833833833833833E+02	-2.269721963466964E+00
3.843843843843842E+02	-2.178830216638744E+00
3.853853853853852E+02	-2.083865255750879E+00
3.863863863863862E+02	-1.987649774434885E+00
3.873873873873872E+02	-1.890151800571857E+00
3.883883883883882E+02	-1.791338308139984E+00
3.893893893893892E+02	-1.691175187066165E+00
3.903903903903902E+02	-1.589627211535571E+00
3.913913913913912E+02	-1.486658006626385E+00
3.923923923923921E+02	-1.380115965365803E+00
3.933933933933931E+02	-1.274270725238239E+00
3.943943943943941E+02	-1.164930602786171E+00
3.953953953953951E+02	-1.054167080029856E+00
3.963963963963961E+02	-9.419362040071064E-01
3.973973973973971E+02	-8.281925857691022E-01
3.983983983983981E+02	-7.128893483518368E-01
3.993993993993990E+02	-5.959780712660177E-01
4.004004004004000E+02	-4.774087311016046E-01
4.014014014014010E+02	-3.556959628731420E-01
4.024024024024020E+02	-2.323637341810354E-01
4.034034034034030E+02	-1.073553568990064E-01
4.044044044044040E+02	1.938780162663534E-02
4.054054054054050E+02	1.479264086297007E-01
4.064064064064059E+02	2.783232639285416E-01
4.074074074074069E+02	4.116652742272890E-01
4.084084084084079E+02	5.468663038368504E-01
4.094094094094089E+02	6.839979112096444E-01
4.104104104104099E+02	8.231343596376064E-01
4.114114114114109E+02	9.651234325874611E-01
4.124124124124119E+02	1.109153396342663E+00
4.134134134134129E+02	1.255309549246249E+00
4.144144144144138E+02	1.403680785059350E+00
4.154154154154148E+02	1.554900275534692E+00
4.164164164164158E+02	1.708414089916459E+00
4.174174174174168E+02	1.864762044639065E+00
4.184184184184178E+02	2.023514540462656E+00
4.194194194194188E+02	2.184788209630369E+00
4.204204204204198E+02	2.348998208819012E+00
4.214214214214207E+02	2.515890779273832E+00
4.224224224224217E+02	2.685813253267952E+00
4.234234234234227E+02	2.858627369931583E+00
4.244244244244237E+02	3.034758766978939E+00
4.254254254254247E+02	3.213983978921533E+00
4.264264264264257E+02	3.396575939415925E+00
4.274274274274267E+02	3.582678697740448E+00
4.284284284284277E+02	3.772488229462851E+00
4.294294294294286E+02	3.966285218904886E+00
4.304304304304296E+02	4.164482192429205E+00
4.314314314314306E+02	4.367654462021164E+00
4.324324324324316E+02	4.575876913252159E+00
4.334334334334326E+02	4.789163410662240E+00
4.344344344344336E+02	5.007527769992521E+00
4.354354354354346E+02	5.230983758321145E+00
4.364364364364355E+02	5.459545094208806E+00
4.374374374374365E+02	5.693225447837904E+00
4.384384384384375E+02	5.932038441154873E+00
4.394394394394385E+02	6.175997648010707E+00
4.404404404404395E+02	6.425116594305564E+00
4.414414414414405E+02	6.679408758127011E+00
4.424424424424415E+02	6.938887569893268E+00
4.434434434434424E+02	7.203566412500550E+00
4.444444444444434E+02	7.473458621449936E+00
4.454454454454444E+02	7.748577485011083E+00
4.464464464464454E+02	8.028936244341821E+00
4.474474474474464E+02	8.314548093641861E+00
4.484484484484474E+02	8.605426180300583E+00
4.494494494494484E+02	8.901583605020278E+00
4.504504504504494E+02	9.203033421980308E+00
4.514514514514503E+02	9.509788638959435E+00
4.524524524524513E+02	9.821862217487251E+00
4.534534534534523E+02	1.013926707298788E+01
4.544544544544533E+02	1.046201607491548E+01
4.554554554554543E+02	1.079012204690025E+01
4.564564564564553E+02	1.112359776688845E+01
4.574574574574563E+02	1.146245596728613E+01
4.584584584584572E+02	1.180670933509100E+01
4.594594594594582E+02	1.215637051205385E+01
4.604604604604592E+02	1.251145209479546E+01
4.614614614614602E+02	1.287196663496979E+01
4.624624624624612E+02	1.323792663938730E+01
4.634634634634622E+02	1.360934457017356E+01
4.644644644644632E+02	1.398623284489349E+01
4.654654654654641E+02	1.436860383670273E+01
4.664664664664651E+02	1.475646987448317E+01
4.674674674674661E+02	1.514984324299121E+01
4.684684684684671E+02	1.554873618298825E+01
4.694694694694681E+02	1.595316089138942E+01
4.704704704704691E+02	1.636312952139724E+01
4.714714714714701E+02	1.677865418265128E+01
4.724724724724711E+02	1.719974694135271E+01
4.734734734734720E+02	1.762641982042533E+01
4.744744744744730E+02	1.805868479964010E+01
4.754754754754740E+02	1.849655381575121E+01
4.764764764764750E+02	1.894003876265469E+01
4.774774774774760E+02	1.938915149150989E+01
4.784784784784770E+02	1.984390381088588E+01
4.794794794794780E+02	2.030430748690014E+01
4.804804804804789E+02	2.077037424335776E+01
4.814814814814799E+02	2.124211576189055E+01
4.824824824824809E+02	2.171954368209208E+01
4.834834834834819E+02	2.220266960166100E+01
4.844844844844829E+02	2.269150507653740E+01
4.854854854854839E+02	2.318606162103561E+01
4.864864864864849E+02	2.368635070799701E+01
4.874874874874859E+02	2.419238376890462E+01
4.884884884884868E+02	2.470417219404681E+01
4.894894894894878E+02	2.522172733263005E+01
4.904904904904888E+02	2.574506049293359E+01
4.914914914914898E+02	2.627418294244035E+01
4.924924924924908E+02	2.680910590796884E+01
4.934934934934918E+02	2.734984057582096E+01
4.944944944944928E+02	2.789639809190521E+01
4.954954954954937E+02	2.844878956187949E+01
4.964964964964947E+02	2.900702605129300E+01
4.974974974974957E+02	2.957111858570624E+01
4.984984984984967E+02	3.014107815083980E+01
4.994994994994977E+02	3.071691569270615E+01
5.005005005004987E+02	3.129864211774111E+01
5.015015015014997E+02	3.188626829294208E+01
5.025025025025006E+02	3.247980504600491E+01
5.035035035035016E+02	3.307926316544490E+01
5.045045045045026E+02	3.368465340074727E+01
5.055055055055036E+02	3.429598646249815E+01
5.065065065065046E+02	3.491327302250284E+01
5.075075075075056E+02	3.553652371393810E+01
5.085085085085066E+02	3.616574913147360E+01
5.095095095095076E+02	3.680095983141200E+01
5.105105105105085E+02	3.744216633181622E+01
5.115115115115095E+02	3.808937911263729E+01
5.125125125125105E+02	3.874260861585935E+01
5.135135135135115E+02	3.940186524562205E+01
5.145145145145125E+02	4.006715936835235E+01
5.155155155155135E+02	4.073850131289873E+01
5.165165165165145E+02	4.141590137065896E+01
5.175175175175154E+02	4.209936979571557E+01
5.185185185185164E+02	4.278891680495690E+01
5.195195195195174E+02	4.348455257822252E+01
5.205205205205184E+02	4.418628725841472E+01
5.215215215215194E+02	4.489413095164173E+01
5.225225225225204E+02	4.560809372733911E+01
5.235235235235214E+02	4.632818561840850E+01
5.245245245245223E+02	4.705441662133035E+01
5.255255255255233E+02	4.778679669630947E+01
5.265265265265243E+02	4.852533576739188E+01
5.275275275275253E+02	4.927004372259580E+01
5.285285285285263E+02	5.002093041403805E+01
5.295295295295273E+02	5.077800565806501E+01
5.305305305305283E+02	5.154127923537453E+01
5.315315315315293E+02	5.231076089115140E+01
5.325325325325302E+02	5.308646033517562E+01
5.335335335335312E+02	5.386838724196969E+01
5.345345345345322E+02	5.465655125091553E+01
5.355355355355332E+02	5.545096196636860E+01
5.365365365365342E+02	5.625162895780795E+01
5.375375375375352E+02	5.705856175993176E+01
5.385385385385362E+02	5.787176987280873E+01
5.395395395395371E+02	5.869126276198631E+01
5.405405405405381E+02	5.951704985861534E+01
5.415415415415391E+02	6.034914055957643E+01
5.425425425425401E+02	6.118754422761185E+01
5.435435435435411E+02	6.203227019143560E+01
5.445445445445421E+02	6.288332774585706E+01
5.455455455455431E+02	6.374072615190835E+01
5.465465465465441E+02	6.460447463697255E+01
5.475475475475450E+02	6.547458239488333E+01
5.485485485485460E+02	6.635105858607949E+01
5.495495495495470E+02	6.723391233769144E+01
5.505505505505480E+02	6.812315274368348E+01
5.515515515515490E+02	6.901878886497161E+01
5.525525525525500E+02	6.992082972953904E+01
5.535535535535510E+02	7.082928433255483E+01
5.545545545545519E+02	7.174416163649676E+01
5.555555555555529E+02	7.266547057127218E+01
5.565565565565539E+02	7.359322003433272E+01
5.575575575575549E+02	7.452741889079971E+01
5.585585585585559E+02	7.546807597357019E+01
5.595595595595569E+02	7.641520008344469E+01
5.605605605605579E+02	7.736879998923814E+01
5.615615615615588E+02	7.832888442790863E+01
5.625625625625598E+02	7.929546210466469E+01
5.635635635635608E+02	8.026854169307444E+01
5.645645645645618E+02	8.124813183520018E+01
5.655655655655628E+02	8.223424114170302E+01
5.665665665665638E+02	8.322687819195926E+01
5.675675675675648E+02	8.422605153417862E+01
5.685685685685658E+02	8.523176968551343E+01
5.695695695695667E+02	8.624404113217952E+01
5.705705705705677E+02	8.726287432956997E+01
5.715715715715687E+02	8.828827770236421E+01
5.725725725725697E+02	8.932025964464356E+01
5.735735735735707E+02	9.035882852000941E+01
5.745745745745717E+02	9.140399266168515E+01
5.755755755755727E+02	9.245576037264527E+01
5.765765765765736E+02	9.351413992570451E+01
5.775775775775746E+02	9.457913956366065E+01
5.785785785785756E+02	9.565076749936998E+01
5.795795795795766E+02	9.672903191589103E+01
5.805805805805776E+02	9.781394096657277E+01
5.815815815815786E+02	9.890550277518014E+01
5.825825825825796E+02	1.000037254359913E+02
5.835835835835805E+02	1.011086170139270E+02
5.845845845845815E+02	1.022201855446265E+02
5.855855855855825E+02	1.033384390345982E+02
5.865865865865835E+02	1.044633854612985E+02
5.875875875875845E+02	1.055950327732457E+02
5.885885885885855E+02	1.067333888901421E+02
5.895895895895865E+02	1.078784617029660E+02
5.905905905905875E+02	1.090302590740876E+02
5.915915915915884E+02	1.101887888373694E+02
5.925925925925894E+02	1.113540587982852E+02
5.935935935935904E+02	1.125260767340110E+02
5.945945945945914E+02	1.137048503935480E+02
5.955955955955924E+02	1.148903874978096E+02
5.965965965965934E+02	1.160826957397476E+02
5.975975975975944E+02	1.172817827844360E+02
5.985985985985953E+02	1.184876562691961E+02
5.995995995995963E+02	1.197003238036837E+02
6.006006006005973E+02	1.209197929700072E+02
6.016016016015983E+02	1.221460713228198E+02
6.026026026025993E+02	1.233791663894372E+02
6.036036036036003E+02	1.246190856699222E+02
6.046046046046013E+02	1.258658366372038E+02
6.056056056056022E+02	1.271194267371666E+02
6.066066066066032E+02	1.283798633887736E+02
6.076076076076042E+02	1.296471539841359E+02
6.086086086086052E+02	1.309213058886485E+02
6.096096096096062E+02	1.322023264410645E+02
6.106106106106072E+02	1.334902229536101E+02
6.116116116116082E+02	1.347850027120849E+02
6.126126126126092E+02	1.360866729759573E+02
6.136136136136101E+02	1.373952409784679E+02
6.146146146146111E+02	1.387107139267182E+02
6.156156156156121E+02	1.400330990017901E+02
6.166166166166131E+02	1.413624033588258E+02
6.176176176176141E+02	1.426986341271395E+02
6.186186186186151E+02	1.440417984103060E+02
6.196196196196161E+02	1.453919032862641E+02
6.206206206206170E+02	1.467489558074103E+02
6.216216216216180E+02	1.481129630007031E+02
6.226226226226190E+02	1.494839318677505E+02
6.236236236236200E+02	1.508618693849121E+02
6.246246246246210E+02	1.522467825033941E+02
6.256256256256220E+02	1.536386781493452E+02
6.266266266266230E+02	1.550375632239538E+02
6.276276276276240E+02	1.564434446035425E+02
6.286286286286249E+02	1.578563291396586E+02
6.296296296296259E+02	1.592762236591689E+02
6.306306306306269E+02	1.607031349643657E+02
6.316316316316279E+02	1.621370698330484E+02
6.326326326326289E+02	1.635780350186214E+02
6.336336336336299E+02	1.650260372501889E+02
6.346346346346309E+02	1.664810832326330E+02
6.356356356356318E+02	1.679431796467406E+02
6.366366366366328E+02	1.694123331492574E+02
6.376376376376338E+02	1.708885503730044E+02
6.386386386386348E+02	1.723718379269526E+02
6.396396396396358E+02	1.738622023963426E+02
6.406406406406368E+02	1.753596503427302E+02
6.416416416416378E+02	1.768641883041250E+02
6.426426426426387E+02	1.783758227950530E+02
6.436436436436397E+02	1.798945603066468E+02
6.446446446446407E+02	1.814204073067476E+02
6.456456456456417E+02	1.829533702399849E+02
6.466466466466427E+02	1.844934555278705E+02
6.476476476476437E+02	1.860406695688912E+02
6.486486486486447E+02	1.875950187385770E+02
6.496496496496457E+02	1.891565093896197E+02
6.506506506506466E+02	1.907251478519370E+02
6.516516516516476E+02	1.923009404327681E+02
6.526526526526486E+02	1.938838934167647E+02
6.536536536536496E+02	1.954740130660721E+02
6.546546546546506E+02	1.970713056204131E+02
6.556556556556516E+02	1.986757772971878E+02
6.566566566566526E+02	2.002874342915420E+02
6.576576576576535E+02	2.019062827764665E+02
6.586586586586545E+02	2.035323289028761E+02
6.596596596596555E+02	2.051655787996933E+02
6.606606606606565E+02	2.068060385739432E+02
6.616616616616575E+02	2.084537143108228E+02
6.626626626626585E+02	2.101086120737900E+02
6.636636636636595E+02	2.117707379046615E+02
6.646646646646604E+02	2.134400978236717E+02
6.656656656656614E+02	2.151166978295796E+02
6.666666666666624E+02	2.168005438997311E+02
6.676676676676634E+02	2.184916419901601E+02
6.686686686686644E+02	2.201899980356570E+02
6.696696696696654E+02	2.218956179498559E+02
6.706706706706664E+02	2.236085076253203E+02
6.716716716716674E+02	2.253286729336123E+02
6.726726726726683E+02	2.270561197253860E+02
6.736736736736693E+02	2.287908538304687E+02
6.746746746746703E+02	2.305328810579272E+02
6.756756756756713E+02	2.322822071961609E+02
6.766766766766723E+02	2.340388380129825E+02
6.776776776776733E+02	2.358027792556823E+02
6.786786786786743E+02	2.375740366511318E+02
6.796796796796752E+02	2.393526159058365E+02
6.806806806806762E+02	2.411385227060350E+02
6.816816816816772E+02	2.429317627177638E+02
6.826826826826782E+02	2.447323415869450E+02
6.836836836836792E+02	2.465402649394646E+02
6.846846846846802E+02	2.483555383812309E+02
6.856856856856812E+02	2.501781674982794E+02
6.866866866866822E+02	2.520081578568356E+02
6.876876876876831E+02	2.538455150033851E+02
6.886886886886841E+02	2.556902444647617E+02
6.896896896896851E+02	2.575423517482245E+02
6.906906906906861E+02	2.594018423415223E+02
6.916916916916871E+02	2.612687217129705E+02
6.926926926926881E+02	2.631429953115407E+02
6.936936936936891E+02	2.650246685669263E+02
6.946946946946900E+02	2.669137468896042E+02
6.956956956956910E+02	2.688102356709360E+02
6.966966966966920E+02	2.707141402832194E+02
6.976976976976930E+02	2.726254660797740E+02
6.986986986986940E+02	2.745442183950076E+02
6.996996996996950E+02	2.764704025444976E+02
7.007007007006960E+02	2.784040238250550E+02
7.017017017016969E+02	2.803450875148010E+02
7.027027027026979E+02	2.822935988732479E+02
7.037037037036989E+02	2.842495631413517E+02
7.047047047046999E+02	2.862129855416006E+02
7.057057057057009E+02	2.881838712780809E+02
7.067067067067019E+02	2.901622255365514E+02
7.077077077077029E+02	2.921480534845082E+02
7.087087087087039E+02	2.941413602712555E+02
7.097097097097048E+02	2.961421510279929E+02
7.107107107107058E+02	2.981504308678500E+02
7.117117117117068E+02	3.001662048859985E+02
7.127127127127078E+02	3.021894781596925E+02
7.137137137137088E+02	3.042202557483565E+02
7.147147147147098E+02	3.062585426936212E+02
7.157157157157108E+02	3.083043440194469E+02
7.167167167167117E+02	3.103576647321379E+02
7.177177177177127E+02	3.124185098204571E+02
7.187187187187137E+02	3.144868842556461E+02
7.197197197197147E+02	3.165627929915272E+02
7.207207207207157E+02	3.186462409645756E+02
7.217217217217167E+02	3.207372330939625E+02
7.227227227227177E+02	3.228357742816238E+02
7.237237237237186E+02	3.249418694123501E+02
7.247247247247196E+02	3.270555233538325E+02
7.257257257257206E+02	3.291767409567356E+02
7.267267267267216E+02	3.313055270547643E+02
7.277277277277226E+02	3.334418864647246E+02
7.287287287287236E+02	3.355858239865961E+02
7.297297297297246E+02	3.377373444035957E+02
7.307307307307256E+02	3.398964524822313E+02
7.317317317317265E+02	3.420631529723910E+02
7.327327327327275E+02	3.442374506073775E+02
7.337337337337285E+02	3.464193501039913E+02
7.347347347347295E+02	3.486088561625947E+02
7.357357357357305E+02	3.508059734671724E+02
7.367367367367315E+02	3.530107066853820E+02
7.377377377377325E+02	3.552230604686456E+02
7.387387387387334E+02	3.574430394521801E+02
7.397397397397344E+02	3.596706482550890E+02
7.407407407407354E+02	3.619058914803991E+02
7.417417417417364E+02	3.641487737151479E+02
7.427427427427374E+02	3.663992995304257E+02
7.437437437437384E+02	3.686574734814444E+02
7.447447447447394E+02	3.709233001076004E+02
7.457457457457404E+02	3.731967839325348E+02
7.467467467467413E+02	3.754779294641912E+02
7.477477477477423E+02	3.777667411948896E+02
7.487487487487433E+02	3.800632236013644E+02
7.497497497497443E+02	3.823673811448393E+02
7.507507507507453E+02	3.846792182710915E+02
7.517517517517463E+02	3.869987394105001E+02
7.527527527527473E+02	3.893259489781085E+02
7.537537537537482E+02	3.916608513736905E+02
7.547547547547492E+02	3.940034509817951E+02
7.557557557557502E+02	3.963537521718345E+02
7.567567567567512E+02	3.987117592981017E+02
7.577577577577522E+02	4.010774766998552E+02
7.587587587587532E+02	4.034509087013880E+02
7.597597597597542E+02	4.058320596120461E+02
7.607607607607551E+02	4.082209337263289E+02
7.617617617617561E+02	4.106175353239114E+02
7.627627627627571E+02	4.130218686697326E+02
7.637637637637581E+02	4.154339380140277E+02
7.647647647647591E+02	4.178537475923931E+02
7.657657657657601E+02	4.202813016258519E+02
7.667667667667611E+02	4.227166043209013E+02
7.677677677677621E+02	4.251596598695660E+02
7.687687687687630E+02	4.276104724494598E+02
7.697697697697640E+02	4.300690462238344E+02
7.707707707707650E+02	4.325353853416609E+02
7.717717717717660E+02	4.350094939376336E+02
7.727727727727670E+02	4.374913761322782E+02
7.737737737737680E+02	4.399810360319743E+02
7.747747747747690E+02	4.424784777290211E+02
7.757757757757699E+02	4.449837053016936E+02
7.767767767767709E+02	4.474967228142864E+02
7.777777777777719E+02	4.500175343171845E+02
7.787787787787729E+02	4.525461438468928E+02
7.797797797797739E+02	4.550825554261141E+02
7.807807807807749E+02	4.576267730637910E+02
7.817817817817759E+02	4.601788007551609E+02
7.827827827827768E+02	4.627386424818019E+02
7.837837837837778E+02	4.653063022116976E+02
7.847847847847788E+02	4.678817838992786E+02
7.857857857857798E+02	4.704650914854765E+02
7.867867867867808E+02	4.730562288977903E+02
7.877877877877818E+02	4.756552000503139E+02
7.887887887887828E+02	4.782620088438061E+02
7.897897897897838E+02	4.808766591657422E+02
7.907907907907847E+02	4.834991548903440E+02
7.917917917917857E+02	4.861294998786570E+02
7.927927927927867E+02	4.887676979785965E+02
7.937937937937877E+02	4.914137530249645E+02
7.947947947947887E+02	4.940676688395611E+02
7.957957957957897E+02	4.967294492311753E+02
7.967967967967907E+02	4.993990979956707E+02
7.977977977977916E+02	5.020766189160281E+02
7.987987987987926E+02	5.047620157623801E+02
7.997997997997936E+02	5.074552922920816E+02
8.008008008007946E+02	5.101564522497483E+02
8.018018018017956E+02	5.128654993673103E+02
8.028028028027966E+02	5.155824373640403E+02
8.038038038037976E+02	5.183072699466384E+02
8.048048048047986E+02	5.210400008092456E+02
8.058058058057995E+02	5.237806336335248E+02
8.068068068068005E+02	5.265291720886753E+02
8.078078078078015E+02	5.292856198315035E+02
8.088088088088025E+02	5.320499805064628E+02
8.098098098098035E+02	5.348222577457041E+02
8.108108108108045E+02	5.376024551691162E+02
8.118118118118055E+02	5.403905763843750E+02
8.128128128128064E+02	5.431866249870045E+02
8.138138138138074E+02	5.459906045603989E+02
8.148148148148084E+02	5.488025186758809E+02
8.158158158158094E+02	5.516223708927587E+02
8.168168168168104E+02	5.544501647583561E+02
8.178178178178114E+02	5.572859038080637E+02
8.188188188188124E+02	5.601295915653895E+02
8.198198198198133E+02	5.629812315419895E+02
8.208208208208143E+02	5.658408272377324E+02
8.218218218218153E+02	5.687083821407309E+02
8.228228228228163E+02	5.715838997273927E+02
8.238238238238173E+02	5.744673834624691E+02
8.248248248248183E+02	5.773588367990878E+02
8.258258258258193E+02	5.802582631788032E+02
8.268268268268203E+02	5.831656660316444E+02
8.278278278278212E+02	5.860810487761560E+02
8.288288288288222E+02	5.890044148194420E+02
8.298298298298232E+02	5.919357675572101E+02
8.308308308308242E+02	5.948751103738086E+02
8.318318318318252E+02	5.978224466422812E+02
8.328328328328262E+02	6.007777797244075E+02
8.338338338338272E+02	6.037411129707375E+02
8.348348348348281E+02	6.067124497206419E+02
8.358358358358291E+02	6.096917933023506E+02
8.368368368368301E+02	6.126791470330031E+02
8.378378378378311E+02	6.156745142186755E+02
8.388388388388321E+02	6.186778981544462E+02
8.398398398398331E+02	6.216893021244086E+02
8.408408408408341E+02	6.247087294017347E+02
8.418418418418350E+02	6.277361832487195E+02
8.428428428428360E+02	6.307716669167839E+02
8.438438438438370E+02	6.338151836465859E+02
8.448448448448380E+02	6.368667366679874E+02
8.458458458458390E+02	6.399263292001410E+02
8.468468468468400E+02	6.429939644515207E+02
8.478478478478410E+02	6.460696456199507E+02
8.488488488488420E+02	6.491533758926685E+02
8.498498498498429E+02	6.522451584463420E+02
8.508508508508439E+02	6.553449964471174E+02
8.518518518518449E+02	6.584528930506676E+02
8.528528528528459E+02	6.615688514022204E+02
8.538538538538469E+02	6.646928746366170E+02
8.548548548548479E+02	6.678249658783125E+02
8.558558558558489E+02	6.709651282414538E+02
8.568568568568498E+02	6.741133648299196E+02
8.578578578578508E+02	6.772696787373166E+02
8.588588588588518E+02	6.804340730470626E+02
8.598598598598528E+02	6.836065508324155E+02
8.608608608608538E+02	6.867871151564855E+02
8.618618618618548E+02	6.899757690723068E+02
8.628628628628558E+02	6.931725156228699E+02
8.638638638638567E+02	6.963773578411310E+02
8.648648648648577E+02	6.995902987500899E+02
8.658658658658587E+02	7.028113413627989E+02
8.668668668668597E+02	7.060404886824062E+02
8.678678678678607E+02	7.092777437022146E+02
8.688688688688617E+02	7.125231094056812E+02
8.698698698698627E+02	7.157765887664932E+02
8.708708708708637E+02	7.190381847485669E+02
8.718718718718646E+02	7.223079003061157E+02
8.728728728728656E+02	7.255857383836778E+02
8.738738738738666E+02	7.288717019161413E+02
8.748748748748676E+02	7.321657938287967E+02
8.758758758758686E+02	7.354680170373576E+02
8.768768768768696E+02	7.387783744480166E+02
8.778778778778706E+02	7.420968689574561E+02
8.788788788788715E+02	7.454235034528979E+02
8.798798798798725E+02	7.487582808121547E+02
8.808808808808735E+02	7.521012039036295E+02
8.818818818818745E+02	7.554522755863854E+02
8.828828828828755E+02	7.588114987101485E+02
8.838838838838765E+02	7.621788761153816E+02
8.848848848848775E+02	7.655544106332854E+02
8.858858858858785E+02	7.689381050858346E+02
8.868868868868794E+02	7.723299622858572E+02
8.878878878878804E+02	7.757299850369982E+02
8.888888888888814E+02	7.791381761338153E+02
8.898898898898824E+02	7.825545383617782E+02
8.908908908908834E+02	7.859790744973116E+02
8.918918918918844E+02	7.894117873078412E+02
8.928928928928854E+02	7.928526795518096E+02
8.938938938938863E+02	7.963017539787134E+02
8.948948948948873E+02	7.997590133291537E+02
8.958958958958883E+02	8.032244603348363E+02
8.968968968968893E+02	8.066980977186563E+02
8.978978978978903E+02	8.101799281946696E+02
8.988988988988913E+02	8.136699544681769E+02
8.998998998998923E+02	8.171681792357058E+02
9.009009009008932E+02	8.206746051851119E+02
9.019019019018942E+02	8.241892349955524E+02
9.029029029028952E+02	8.277120713375430E+02
9.039039039038962E+02	8.312431168729872E+02
9.049049049048972E+02	8.347823742551964E+02
9.059059059058982E+02	8.383298461289501E+02
9.069069069068992E+02	8.418855351305056E+02
9.079079079079002E+02	8.454494438876345E+02
9.089089089089011E+02	8.490215750196435E+02
9.099099099099021E+02	8.526019311374343E+02
9.109109109109031E+02	8.561905148435121E+02
9.119119119119041E+02	8.597873287320122E+02
9.129129129129051E+02	8.633923753887566E+02
9.139139139139061E+02	8.670056573912707E+02
9.149149149149071E+02	8.706271773087933E+02
9.159159159159080E+02	8.742569377023415E+02
9.169169169169090E+02	8.778949411247390E+02
9.179179179179100E+02	8.815411901206071E+02
9.189189189189110E+02	8.851956872264564E+02
9.199199199199120E+02	8.888584349706512E+02
9.209209209209130E+02	8.925294358734914E+02
9.219219219219140E+02	8.962086924472228E+02
9.229229229229149E+02	8.998962071960568E+02
9.239239239239159E+02	9.035919826162090E+02
9.249249249249169E+02	9.072960211959521E+02
9.259259259259179E+02	9.110083254156079E+02
9.269269269269189E+02	9.147288977475778E+02
9.279279279279199E+02	9.184577406564240E+02
9.289289289289209E+02	9.221948565988378E+02
9.299299299299219E+02	9.259402480236799E+02
9.309309309309228E+02	9.296939173720534E+02
9.319319319319238E+02	9.334558670772785E+02
9.329329329329248E+02	9.372260995649490E+02
9.339339339339258E+02	9.410046172529687E+02
9.349349349349268E+02	9.447914225515433E+02
9.359359359359278E+02	9.485865178632412E+02
9.369369369369288E+02	9.523899055830238E+02
9.379379379379297E+02	9.562015880982544E+02
9.389389389389307E+02	9.600215677887322E+02
9.399399399399317E+02	9.638498470267227E+02
9.409409409409327E+02	9.676864281769940E+02
9.419419419419337E+02	9.715313135968163E+02
9.429429429429347E+02	9.753845056360269E+02
9.439439439439357E+02	9.792460066370368E+02
9.449449449449367E+02	9.831158189348553E+02
9.459459459459376E+02	9.869939448571249E+02
9.469469469469386E+02	9.908803867241377E+02
9.479479479479396E+02	9.947751468488959E+02
9.489489489489406E+02	9.986782275370861E+02
9.499499499499416E+02	1.002589631087139E+03
9.509509509509426E+02	1.006509359790270E+03
9.519519519519436E+02	1.010437415930464E+03
9.529529529529445E+02	1.014373801784533E+03
9.539539539539455E+02	1.018318519622131E+03
9.549549549549465E+02	1.022271571705797E+03
9.559559559559475E+02	1.026232960290934E+03
9.569569569569485E+02	1.030202687625909E+03
9.579579579579495E+02	1.034180755952010E+03
9.589589589589505E+02	1.038167167503514E+03
9.599599599599514E+02	1.042161924507693E+03
9.609609609609524E+02	1.046165029184829E+03
9.619619619619534E+02	1.050176483748290E+03
9.629629629629544E+02	1.054196290404503E+03
9.639639639639554E+02	1.058224451352983E+03
9.649649649649564E+02	1.062260968786401E+03
9.659659659659574E+02	1.066305844890564E+03
9.669669669669584E+02	1.070359081844443E+03
9.679679679679593E+02	1.074420681820255E+03
9.689689689689603E+02	1.078490646983394E+03
9.699699699699613E+02	1.082568979492548E+03
9.709709709709623E+02	1.086655681499661E+03
9.719719719719633E+02	1.090750755149959E+03
9.729729729729643E+02	1.094854202582025E+03
9.739739739739653E+02	1.098966025927803E+03
9.749749749749662E+02	1.103086227312559E+03
9.759759759759672E+02	1.107214808855008E+03
9.769769769769682E+02	1.111351772667262E+03
9.779779779779692E+02	1.115497120854878E+03
9.789789789789702E+02	1.119650855516891E+03
9.799799799799712E+02	1.123812978745833E+03
9.809809809809722E+02	1.127983492627744E+03
9.819819819819731E+02	1.132162399242203E+03
9.829829829829741E+02	1.136349700662377E+03
9.839839839839751E+02	1.140545398954981E+03
9.849849849849761E+02	1.144749496180370E+03
9.859859859859771E+02	1.148961994392534E+03
9.869869869869781E+02	1.153182895639091E+03
9.879879879879791E+02	1.157412201961371E+03
9.889889889889801E+02	1.161649915394391E+03
9.899899899899810E+02	1.165896037966916E+03
9.909909909909820E+02	1.170150571701403E+03
9.919919919919830E+02	1.174413518614142E+03
9.929929929929840E+02	1.178684880715184E+03
9.939939939939850E+02	1.182964660008414E+03
9.949949949949860E+02	1.187252858491531E+03
9.959959959959870E+02	1.191549478156114E+03
9.969969969969879E+02	1.195854520987615E+03
9.979979979979889E+02	1.200167988965403E+03
9.989989989989899E+02	1.204489884062745E+03
9.999999999999909E+02	1.208820208246888E+03
