# mass, thermodynamic potential
0.000000000000000E+00	                 NAN
1.001001001001001E+00	-1.251847079342542E+02
2.002002002002002E+00	-1.251803657990631E+02
3.003003003003003E+00	-1.251731292101281E+02
4.004004004004004E+00	-1.251625160735252E+02
5.005005005005005E+00	-1.251494915323992E+02
6.006006006006006E+00	-1.251330918648955E+02
7.007007007007006E+00	-1.251142821194389E+02
8.008008008008007E+00	-1.250920988711732E+02
9.009009009009008E+00	-1.250670255402811E+02
1.001001001001001E+01	-1.250390632780245E+02
1.101101101101101E+01	-1.250082134171853E+02
1.201201201201201E+01	-1.249744774719743E+02
1.301301301301301E+01	-1.249378571379475E+02
1.401401401401401E+01	-1.248983542919063E+02
1.501501501501501E+01	-1.248554888302688E+02
1.601601601601601E+01	-1.248102266914198E+02
1.701701701701701E+01	-1.247616064944546E+02
1.801801801801802E+01	-1.247105942176859E+02
1.901901901901902E+01	-1.246562286386743E+02
2.002002002002002E+01	-1.245989944574280E+02
2.102102102102102E+01	-1.245388944226256E+02
2.202202202202202E+01	-1.244759314631833E+02
2.302302302302302E+01	-1.244101086880769E+02
2.402402402402402E+01	-1.243414293861601E+02
2.502502502502502E+01	-1.242694153938824E+02
2.602602602602602E+01	-1.241950330955369E+02
2.702702702702702E+01	-1.241173236696704E+02
2.802802802802802E+01	-1.240372531593712E+02
2.902902902902902E+01	-1.239538632756266E+02
3.003003003003002E+01	-1.238676394020285E+02
3.103103103103102E+01	-1.237785856872256E+02
3.203203203203203E+01	-1.236867064581302E+02
3.303303303303303E+01	-1.235920062196396E+02
3.403403403403403E+01	-1.234944896543657E+02
3.503503503503503E+01	-1.233936814475360E+02
3.603603603603603E+01	-1.232905465500066E+02
3.703703703703703E+01	-1.231841305295698E+02
3.803803803803803E+01	-1.230753976309916E+02
3.903903903903903E+01	-1.229633943088838E+02
4.004004004004003E+01	-1.228486056883730E+02
4.104104104104103E+01	-1.227315164500055E+02
4.204204204204203E+01	-1.226111738058485E+02
4.304304304304303E+01	-1.224875841602434E+02
4.404404404404404E+01	-1.223617113459563E+02
4.504504504504504E+01	-1.222330826079315E+02
4.604604604604604E+01	-1.221017043446641E+02
4.704704704704704E+01	-1.219671044562861E+02
4.804804804804804E+01	-1.218302464203093E+02
4.904904904904904E+01	-1.216901803325491E+02
5.005005005005004E+01	-1.215473915613625E+02
5.105105105105104E+01	-1.214018869754627E+02
5.205205205205204E+01	-1.212541510805645E+02
5.305305305305304E+01	-1.211032360335325E+02
5.405405405405404E+01	-1.209491495932098E+02
5.505505505505504E+01	-1.207928538679162E+02
5.605605605605604E+01	-1.206338792417769E+02
5.705705705705704E+01	-1.204722336084455E+02
5.805805805805804E+01	-1.203074477348528E+02
5.905905905905905E+01	-1.201400072106849E+02
6.006006006006005E+01	-1.199703960177494E+02
6.106106106106105E+01	-1.197976699141864E+02
6.206206206206205E+01	-1.196223138108380E+02
6.306306306306305E+01	-1.194443362154288E+02
6.406406406406406E+01	-1.192637458022673E+02
6.506506506506506E+01	-1.190805514117183E+02
6.606606606606606E+01	-1.188947620496428E+02
6.706706706706706E+01	-1.187059113696891E+02
6.806806806806806E+01	-1.185149592808825E+02
6.906906906906906E+01	-1.183209649066825E+02
7.007007007007006E+01	-1.181248875614929E+02
7.107107107107106E+01	-1.179257870897536E+02
7.207207207207206E+01	-1.177241482716900E+02
7.307307307307306E+01	-1.175199808618067E+02
7.407407407407406E+01	-1.173132947759836E+02
7.507507507507506E+01	-1.171041000908563E+02
7.607607607607606E+01	-1.168924070431844E+02
7.707707707707706E+01	-1.166782260292130E+02
7.807807807807806E+01	-1.164615676040230E+02
7.907907907907907E+01	-1.162419679245213E+02
8.008008008008007E+01	-1.160203863138590E+02
8.108108108108107E+01	-1.157958851361091E+02
8.208208208208207E+01	-1.155689497365261E+02
8.308308308308307E+01	-1.153395910601462E+02
8.408408408408407E+01	-1.151082938983691E+02
8.508508508508507E+01	-1.148741220736206E+02
8.608608608608607E+01	-1.146370871480617E+02
8.708708708708707E+01	-1.143981479131480E+02
8.808808808808807E+01	-1.141568424440588E+02
8.908908908908907E+01	-1.139131826077519E+02
9.009009009009007E+01	-1.136667064259686E+02
9.109109109109107E+01	-1.134183733215086E+02
9.209209209209207E+01	-1.131672479806170E+02
9.309309309309307E+01	-1.129138164718242E+02
9.409409409409407E+01	-1.126580910161611E+02
9.509509509509508E+01	-1.124000839826831E+02
9.609609609609608E+01	-1.121398078876714E+02
9.709709709709708E+01	-1.118772753938288E+02
9.809809809809808E+01	-1.116124993094641E+02
9.909909909909908E+01	-1.113454925876808E+02
1.001001001001001E+02	-1.110762683255489E+02
1.011011011011011E+02	-1.108043653571503E+02
1.021021021021021E+02	-1.105307450520004E+02
1.031031031031031E+02	-1.102544723843212E+02
1.041041041041041E+02	-1.099760350309666E+02
1.051051051051051E+02	-1.096954464032988E+02
1.061061061061061E+02	-1.094131945053259E+02
1.071071071071071E+02	-1.091283442563722E+02
1.081081081081081E+02	-1.088409090790205E+02
1.091091091091091E+02	-1.085518522494526E+02
1.101101101101101E+02	-1.082607132808498E+02
1.111111111111111E+02	-1.079675064096609E+02
1.121121121121121E+02	-1.076717701148164E+02
1.131131131131131E+02	-1.073744697632865E+02
1.141141141141141E+02	-1.070746683626644E+02
1.151151151151151E+02	-1.067728561805061E+02
1.161161161161161E+02	-1.064695240790870E+02
1.171171171171171E+02	-1.061637340972420E+02
1.181181181181181E+02	-1.058559773780466E+02
1.191191191191191E+02	-1.055462688175976E+02
1.201201201201201E+02	-1.052346234397169E+02
1.211211211211211E+02	-1.049205781772280E+02
1.221221221221221E+02	-1.046051039780123E+02
1.231231231231231E+02	-1.042877386594105E+02
1.241241241241241E+02	-1.039680181706349E+02
1.251251251251251E+02	-1.036469161574023E+02
1.261261261261261E+02	-1.033234891461129E+02
1.271271271271271E+02	-1.029982322128694E+02
1.281281281281281E+02	-1.026711609787976E+02
1.291291291291291E+02	-1.023427725495376E+02
1.301301301301301E+02	-1.020121205401674E+02
1.311311311311312E+02	-1.016792194722698E+02
1.321321321321322E+02	-1.013450496245064E+02
1.331331331331332E+02	-1.010091453559103E+02
1.341341341341342E+02	-1.006715229897873E+02
1.351351351351352E+02	-1.003317140531472E+02
1.361361361361362E+02	-9.999070365305352E+01
1.371371371371372E+02	-9.964753841839592E+01
1.381381381381383E+02	-9.930271964156054E+01
1.391391391391393E+02	-9.895675062763621E+01
1.401401401401403E+02	-9.860867482805179E+01
1.411411411411413E+02	-9.825899542031857E+01
1.421421421421423E+02	-9.790772922058477E+01
1.431431431431433E+02	-9.755489315051409E+01
1.441441441441443E+02	-9.720050423611201E+01
1.451451451451454E+02	-9.684408802373264E+01
1.461461461461464E+02	-9.648664366744561E+01
1.471471471471474E+02	-9.612769803214769E+01
1.481481481481484E+02	-9.576677414714413E+01
1.491491491491494E+02	-9.540487672426070E+01
1.501501501501504E+02	-9.504103399646056E+01
1.511511511511515E+02	-9.467575770935628E+01
1.521521521521525E+02	-9.430906530233460E+01
1.531531531531535E+02	-9.394097430982038E+01
1.541541541541545E+02	-9.357150236004236E+01
1.551551551551555E+02	-9.320066717375721E+01
1.561561561561565E+02	-9.282848656299393E+01
1.571571571571575E+02	-9.245497842976556E+01
1.581581581581586E+02	-9.207965726110979E+01
1.591591591591596E+02	-9.170354653946288E+01
1.601601601601606E+02	-9.132616240421567E+01
1.611611611611616E+02	-9.094701568811251E+01
1.621621621621626E+02	-9.056662945590961E+01
1.631631631631636E+02	-9.018553071057840E+01
1.641641641641646E+02	-8.980272061551568E+01
1.651651651651657E+02	-8.941872550221660E+01
1.661661661661667E+02	-8.903356365633408E+01
1.671671671671677E+02	-8.864725344219414E+01
1.681681681681687E+02	-8.825981330142713E+01
1.691691691691697E+02	-8.787126175159847E+01
1.701701701701707E+02	-8.748109909438244E+01
1.711711711711717E+02	-8.709037875148942E+01
1.721721721721728E+02	-8.669808206232847E+01
1.731731731731738E+02	-8.630526738713525E+01
1.741741741741748E+02	-8.591091092052011E+01
1.751751751751758E+02	-8.551607693729648E+01
1.761761761761768E+02	-8.511973550420407E+01
1.771771771771778E+02	-8.472242915590414E+01
1.781781781781789E+02	-8.432417667253503E+01
1.791791791791799E+02	-8.392499689817851E+01
1.801801801801809E+02	-8.352490873939860E+01
1.811811811811819E+02	-8.312393116377825E+01
1.821821821821829E+02	-8.272208319844140E+01
1.831831831831839E+02	-8.231884616793195E+01
1.841841841841849E+02	-8.191531258923442E+01
1.851851851851860E+02	-8.151096592726662E+01
1.861861861861870E+02	-8.110528211030260E+01
1.871871871871880E+02	-8.069936458901748E+01
1.881881881881890E+02	-8.029214456694444E+01
1.891891891891900E+02	-7.988418441974909E+01
1.901901901901910E+02	-7.947550325033808E+01
1.911911911911920E+02	-7.906612020997909E+01
1.921921921921931E+02	-7.865660843758860E+01
1.931931931931941E+02	-7.824532535398748E+01
1.941941941941951E+02	-7.783395206866544E+01
1.951951951951961E+02	-7.742195396986472E+01
1.961961961961971E+02	-7.700935042715128E+01
1.971971971971981E+02	-7.659616084898380E+01
1.981981981981992E+02	-7.618183839759376E+01
1.991991991992002E+02	-7.576753246732505E+01
2.002002002002012E+02	-7.535212833434389E+01
2.012012012012022E+02	-7.493678366855920E+01
2.022022022022032E+02	-7.452037515590882E+01
2.032032032032042E+02	-7.410349257264943E+01
2.042042042042052E+02	-7.368615522633263E+01
2.052052052052063E+02	-7.326838245312729E+01
2.062062062062073E+02	-7.285019361614104E+01
2.072072072072083E+02	-7.243160810373502E+01
2.082082082082093E+02	-7.201264532782352E+01
2.092092092092103E+02	-7.159332472217238E+01
2.102102102102113E+02	-7.117366574067046E+01
2.112112112112123E+02	-7.075368785561886E+01
2.122122122122134E+02	-7.033281268171504E+01
2.132132132132144E+02	-6.991225249338731E+01
2.142142142142154E+02	-6.949082905327805E+01
2.152152152152164E+02	-6.906976421380477E+01
2.162162162162174E+02	-6.864786979076780E+01
2.172172172172184E+02	-6.822576777700942E+01
2.182182182182194E+02	-6.780409000909731E+01
2.192192192192205E+02	-6.738163298721884E+01
2.202202202202215E+02	-6.695902624026758E+01
2.212212212212225E+02	-6.653628903222125E+01
2.222222222222235E+02	-6.611344062914804E+01
2.232232232232245E+02	-6.569050029736673E+01
2.242242242242255E+02	-6.526685866508569E+01
2.252252252252266E+02	-6.484378924571001E+01
2.262262262262276E+02	-6.442068558295387E+01
2.272272272272286E+02	-6.399693009535122E+01
2.282282282282296E+02	-6.357381237613208E+01
2.292292292292306E+02	-6.315007564897996E+01
2.302302302302316E+02	-6.272702041424418E+01
2.312312312312326E+02	-6.230337856247297E+01
2.322322322322337E+02	-6.188046225297512E+01
2.332332332332347E+02	-6.145699128352726E+01
2.342342342342357E+02	-6.103363285657269E+01
2.352352352352367E+02	-6.061040582837222E+01
2.362362362362377E+02	-6.018732903438740E+01
2.372372372372387E+02	-5.976442128727831E+01
2.382382382382397E+02	-5.934170137491128E+01
2.392392392392408E+02	-5.891918805834484E+01
2.402402402402418E+02	-5.849690006980836E+01
2.412412412412428E+02	-5.807417836941067E+01
2.422422422422438E+02	-5.765239368741732E+01
2.432432432432448E+02	-5.723089025371382E+01
2.442442442442458E+02	-5.680899954278766E+01
2.452452452452468E+02	-5.638811069098574E+01
2.462462462462479E+02	-5.596686526692929E+01
2.472472472472489E+02	-5.554666474474016E+01
2.482482482482499E+02	-5.512613786546308E+01
2.492492492492509E+02	-5.470599619031236E+01
2.502502502502519E+02	-5.428625782169274E+01
2.512512512512529E+02	-5.386764966242481E+01
2.522522522522540E+02	-5.344877511678305E+01
2.532532532532550E+02	-5.303035796636595E+01
2.542542542542560E+02	-5.261241610955722E+01
2.552552552552570E+02	-5.219496738853923E+01
2.562562562562580E+02	-5.177802958706798E+01
2.572572572572590E+02	-5.136089191519659E+01
2.582582582582600E+02	-5.094502553405118E+01
2.592592592592609E+02	-5.052972298315944E+01
2.602602602602619E+02	-5.011426360415362E+01
2.612612612612629E+02	-4.970013750497219E+01
2.622622622622639E+02	-4.928662754665811E+01
2.632632632632649E+02	-4.887300258878713E+01
2.642642642642659E+02	-4.846077286249874E+01
2.652652652652669E+02	-4.804845567924440E+01
2.662662662662678E+02	-4.763681638922662E+01
2.672672672672688E+02	-4.722663299520218E+01
2.682682682682698E+02	-4.681640292180873E+01
2.692692692692708E+02	-4.640690100619986E+01
2.702702702702718E+02	-4.599814381421220E+01
2.712712712712728E+02	-4.559014782334452E+01
2.722722722722738E+02	-4.518292942026255E+01
2.732732732732748E+02	-4.477650489832740E+01
2.742742742742757E+02	-4.437089045506582E+01
2.752752752752767E+02	-4.396610218964861E+01
2.762762762762777E+02	-4.356215610033269E+01
2.772772772772787E+02	-4.315906808188447E+01
2.782782782782797E+02	-4.275605619236558E+01
2.792792792792807E+02	-4.235472796602062E+01
2.802802802802817E+02	-4.195430480686127E+01
2.812812812812826E+02	-4.155399456979239E+01
2.822822822822836E+02	-4.115542407035082E+01
2.832832832832846E+02	-4.075699059606268E+01
2.842842842842856E+02	-4.036033349065247E+01
2.852852852852866E+02	-3.996383688756532E+01
2.862862862862876E+02	-3.956915294141618E+01
2.872872872872886E+02	-3.917465233987286E+01
2.882882882882896E+02	-3.878117016465194E+01
2.892892892892905E+02	-3.838872078282793E+01
2.902902902902915E+02	-3.799815437600000E+01
2.912912912912925E+02	-3.760781609240894E+01
2.922922922922935E+02	-3.721855292183864E+01
2.932932932932945E+02	-3.683037868314523E+01
2.942942942942955E+02	-3.644330705127322E+01
2.952952952952965E+02	-3.605735155431694E+01
2.962962962962974E+02	-3.567252557050097E+01
2.972972972972984E+02	-3.528884232517566E+01
2.982982982982994E+02	-3.490631488775171E+01
2.992992992993004E+02	-3.452409304072489E+01
3.003003003003014E+02	-3.414391269806356E+01
3.013013013013024E+02	-3.376492639774278E+01
3.023023023023034E+02	-3.338714655615968E+01
3.033033033033043E+02	-3.300971094011811E+01
3.043043043043053E+02	-3.263437746723639E+01
3.053053053053063E+02	-3.226028665983677E+01
3.063063063063073E+02	-3.188656747442337E+01
3.073073073073083E+02	-3.151499384822864E+01
3.083083083083093E+02	-3.114380956216064E+01
3.093093093093103E+02	-3.077479849923157E+01
3.103103103103113E+02	-3.040619376747964E+01
3.113113113113122E+02	-3.003978912707817E+01
3.123123123123132E+02	-2.967380707093344E+01
3.133133133133142E+02	-2.930915103069265E+01
3.143143143143152E+02	-2.894673328502722E+01
3.153153153153162E+02	-2.858476162324405E+01
3.163163163163172E+02	-2.822414593179474E+01
3.173173173173182E+02	-2.786489578226701E+01
3.183183183183191E+02	-2.750793133232946E+01
3.193193193193201E+02	-2.715144197026439E+01
3.203203203203211E+02	-2.679634552617335E+01
3.213213213213221E+02	-2.644265068511959E+01
3.223223223223231E+02	-2.609036590145206E+01
3.233233233233241E+02	-2.573949939486693E+01
3.243243243243251E+02	-2.539005914638665E+01
3.253253253253260E+02	-2.504205289430456E+01
3.263263263263270E+02	-2.469548813005758E+01
3.273273273273280E+02	-2.435037209406755E+01
3.283283283283290E+02	-2.400671177149707E+01
3.293293293293300E+02	-2.366451388797077E+01
3.303303303303310E+02	-2.332378490521114E+01
3.313313313313320E+02	-2.298453101663699E+01
3.323323323323330E+02	-2.264675814288330E+01
3.333333333333339E+02	-2.230953774204227E+01
3.343343343343349E+02	-2.197474242569479E+01
3.353353353353359E+02	-2.164144427339988E+01
3.363363363363369E+02	-2.130964807129703E+01
3.373373373373379E+02	-2.097935830936740E+01
3.383383383383389E+02	-2.064964114291615E+01
3.393393393393399E+02	-2.032237577908336E+01
3.403403403403408E+02	-1.999662858298370E+01
3.413413413413418E+02	-1.967240281306113E+01
3.423423423423428E+02	-1.934876194396793E+01
3.433433433433438E+02	-1.902758712194873E+01
3.443443443443448E+02	-1.870794164746849E+01
3.453453453453458E+02	-1.838888815437349E+01
3.463463463463468E+02	-1.807230677141388E+01
3.473473473473477E+02	-1.775725963661716E+01
3.483483483483487E+02	-1.744280941572879E+01
3.493493493493497E+02	-1.713083335198280E+01
3.503503503503507E+02	-1.681945664531122E+01
3.513513513513517E+02	-1.651055280559558E+01
3.523523523523527E+02	-1.620318429105146E+01
3.533533533533537E+02	-1.589641633639258E+01
3.543543543543547E+02	-1.559211605539258E+01
3.553553553553556E+02	-1.528934717842003E+01
3.563563563563566E+02	-1.498717772292775E+01
3.573573573573576E+02	-1.468746605135266E+01
3.583583583583586E+02	-1.438835209341687E+01
3.593593593593596E+02	-1.409168628355474E+01
3.603603603603606E+02	-1.379653724622540E+01
3.613613613613616E+02	-1.350198069734915E+01
3.623623623623625E+02	-1.320985395167600E+01
3.633633633633635E+02	-1.291922997211714E+01
3.643643643643645E+02	-1.262919067501753E+01
3.653653653653655E+02	-1.234155735640934E+01
3.663663663663665E+02	-1.205540864332352E+01
3.673673673673675E+02	-1.176983412053642E+01
3.683683683683685E+02	-1.148663594521713E+01
3.693693693693695E+02	-1.120489983636207E+01
3.703703703703704E+02	-1.092372462390313E+01
3.713713713713714E+02	-1.064488997411490E+01
3.723723723723724E+02	-1.036749023231823E+01
3.733733733733734E+02	-1.009151520647856E+01
3.743743743743744E+02	-9.816954149358480E+00
3.753753753753754E+02	-9.542924404139740E+00
3.763763763763764E+02	-9.271161445246889E+00
3.773773773773773E+02	-9.000777000273501E+00
3.783783783783783E+02	-8.731757998436024E+00
3.793793793793793E+02	-8.464090758418479E+00
3.803803803803803E+02	-8.197760976287555E+00
3.813813813813813E+02	-7.932753713058446E+00
3.823823823823823E+02	-7.669053381885078E+00
3.833833833833833E+02	-7.406643734832869E+00
3.843843843843842E+02	-7.145507849234491E+00
3.853853853853852E+02	-6.886441977409504E+00
3.863863863863862E+02	-6.627792918875912E+00
3.873873873873872E+02	-6.370362382778694E+00
3.883883883883882E+02	-6.114923238345455E+00
3.893893893893892E+02	-5.859861665001063E+00
3.903903903903902E+02	-5.605956728030378E+00
3.913913913913912E+02	-5.353955160920577E+00
3.923923923923921E+02	-5.102287526975942E+00
3.933933933933931E+02	-4.852459307963272E+00
3.943943943943941E+02	-4.603676178647675E+00
3.953953953953951E+02	-4.355177180504143E+00
3.963963963963961E+02	-4.108413219015347E+00
3.973973973973971E+02	-3.862612731364152E+00
3.983983983983981E+02	-3.617746522484595E+00
3.993993993993990E+02	-3.373784414623515E+00
4.004004004004000E+02	-3.130695221253518E+00
4.014014014014010E+02	-2.888446719773128E+00
4.024024024024020E+02	-2.647669108346236E+00
4.034034034034030E+02	-2.406989397161396E+00
4.044044044044040E+02	-2.167046803467201E+00
4.054054054054050E+02	-1.928433203093846E+00
4.064064064064059E+02	-1.690457656078706E+00
4.074074074074069E+02	-1.453079800456635E+00
4.084084084084079E+02	-1.215665655020075E+00
4.094094094094089E+02	-9.793697428849555E-01
4.104104104104099E+02	-7.441088325472265E-01
4.114114114114109E+02	-5.086912357601250E-01
4.124124124124119E+02	-2.736489494382113E-01
4.134134134134129E+02	-3.945735813704232E-02
4.144144144144138E+02	1.944876826519248E-01
4.154154154154148E+02	4.287356784793701E-01
4.164164164164158E+02	6.623355494780299E-01
4.174174174174168E+02	8.953897033688918E-01
4.184184184184178E+02	1.128904052058715E+00
4.194194194194188E+02	1.362025290672591E+00
4.204204204204198E+02	1.595701927971731E+00
4.214214214214207E+02	1.829148915599490E+00
4.224224224224217E+02	2.062870075444152E+00
4.234234234234227E+02	2.296570752459957E+00
4.244244244244237E+02	2.531078586257536E+00
4.254254254254247E+02	2.765755460351556E+00
4.264264264264257E+02	3.000736753110687E+00
4.274274274274267E+02	3.236757233526077E+00
4.284284284284277E+02	3.473295946233520E+00
4.294294294294286E+02	3.710763671295808E+00
4.304304304304296E+02	3.949260674698962E+00
4.314314314314306E+02	4.188670428665773E+00
4.324324324324316E+02	4.429364690881812E+00
4.334334334334326E+02	4.671278073594294E+00
4.344344344344336E+02	4.914758928895026E+00
4.354354354354346E+02	5.159796161884969E+00
4.364364364364355E+02	5.406718517844638E+00
4.374374374374365E+02	5.655574131277717E+00
4.384384384384375E+02	5.906678224210737E+00
4.394394394394385E+02	6.160146683175299E+00
4.404404404404395E+02	6.416190140992057E+00
4.414414414414405E+02	6.675218264638261E+00
4.424424424424415E+02	6.937466125291394E+00
4.434434434434424E+02	7.203367710916154E+00
4.444444444444434E+02	7.473458605314590E+00
4.454454454454444E+02	7.748577468875737E+00
4.464464464464454E+02	8.028936228206476E+00
4.474474474474464E+02	8.314548077506515E+00
4.484484484484474E+02	8.605426164165237E+00
4.494494494494484E+02	8.901583588884932E+00
4.504504504504494E+02	9.203033405844963E+00
4.514514514514503E+02	9.509788622824090E+00
4.524524524524513E+02	9.821862201351905E+00
4.534534534534523E+02	1.013926705685253E+01
4.544544544544533E+02	1.046201605878014E+01
4.554554554554543E+02	1.079012203076491E+01
4.564564564564553E+02	1.112359775075311E+01
4.574574574574563E+02	1.146245595115079E+01
4.584584584584572E+02	1.180670931895565E+01
4.594594594594582E+02	1.215637049591851E+01
4.604604604604592E+02	1.251145207866011E+01
4.614614614614602E+02	1.287196661883445E+01
4.624624624624612E+02	1.323792662325195E+01
4.634634634634622E+02	1.360934455403822E+01
4.644644644644632E+02	1.398623282875815E+01
4.654654654654641E+02	1.436860382056739E+01
4.664664664664651E+02	1.475646985834783E+01
4.674674674674661E+02	1.514984322685586E+01
4.684684684684671E+02	1.554873616685290E+01
4.694694694694681E+02	1.595316087525407E+01
4.704704704704691E+02	1.636312950526190E+01
4.714714714714701E+02	1.677865416651593E+01
4.724724724724711E+02	1.719974692521737E+01
4.734734734734720E+02	1.762641980428998E+01
4.744744744744730E+02	1.805868478350476E+01
4.754754754754740E+02	1.849655379961587E+01
4.764764764764750E+02	1.894003874651935E+01
4.774774774774760E+02	1.938915147537455E+01
4.784784784784770E+02	1.984390379475053E+01
4.794794794794780E+02	2.030430747076480E+01
4.804804804804789E+02	2.077037422722242E+01
4.814814814814799E+02	2.124211574575520E+01
4.824824824824809E+02	2.171954366595673E+01
4.834834834834819E+02	2.220266958552565E+01
4.844844844844829E+02	2.269150506040205E+01
4.854854854854839E+02	2.318606160490026E+01
4.864864864864849E+02	2.368635069186166E+01
4.874874874874859E+02	2.419238375276927E+01
4.884884884884868E+02	2.470417217791146E+01
4.894894894894878E+02	2.522172731649471E+01
4.904904904904888E+02	2.574506047679824E+01
4.914914914914898E+02	2.627418292630500E+01
4.924924924924908E+02	2.680910589183350E+01
4.934934934934918E+02	2.734984055968562E+01
4.944944944944928E+02	2.789639807576987E+01
4.954954954954937E+02	2.844878954574415E+01
4.964964964964947E+02	2.900702603515765E+01
4.974974974974957E+02	2.957111856957090E+01
4.984984984984967E+02	3.014107813470446E+01
4.994994994994977E+02	3.071691567657081E+01
5.005005005004987E+02	3.129864210160576E+01
5.015015015014997E+02	3.188626827680673E+01
5.025025025025006E+02	3.247980502986957E+01
5.035035035035016E+02	3.307926314930955E+01
5.045045045045026E+02	3.368465338461192E+01
5.055055055055036E+02	3.429598644636280E+01
5.065065065065046E+02	3.491327300636749E+01
5.075075075075056E+02	3.553652369780275E+01
5.085085085085066E+02	3.616574911533826E+01
5.095095095095076E+02	3.680095981527666E+01
5.105105105105085E+02	3.744216631568088E+01
5.115115115115095E+02	3.808937909650194E+01
5.125125125125105E+02	3.874260859972401E+01
5.135135135135115E+02	3.940186522948670E+01
5.145145145145125E+02	4.006715935221700E+01
5.155155155155135E+02	4.073850129676339E+01
5.165165165165145E+02	4.141590135452361E+01
5.175175175175154E+02	4.209936977958023E+01
5.185185185185164E+02	4.278891678882155E+01
5.195195195195174E+02	4.348455256208717E+01
5.205205205205184E+02	4.418628724227938E+01
5.215215215215194E+02	4.489413093550638E+01
5.225225225225204E+02	4.560809371120376E+01
5.235235235235214E+02	4.632818560227315E+01
5.245245245245223E+02	4.705441660519500E+01
5.255255255255233E+02	4.778679668017412E+01
5.265265265265243E+02	4.852533575125653E+01
5.275275275275253E+02	4.927004370646046E+01
5.285285285285263E+02	5.002093039790270E+01
5.295295295295273E+02	5.077800564192967E+01
5.305305305305283E+02	5.154127921923919E+01
5.315315315315293E+02	5.231076087501606E+01
5.325325325325302E+02	5.308646031904027E+01
5.335335335335312E+02	5.386838722583434E+01
5.345345345345322E+02	5.465655123478018E+01
5.355355355355332E+02	5.545096195023325E+01
5.365365365365342E+02	5.625162894167261E+01
5.375375375375352E+02	5.705856174379642E+01
5.385385385385362E+02	5.787176985667338E+01
5.395395395395371E+02	5.869126274585096E+01
5.405405405405381E+02	5.951704984247999E+01
5.415415415415391E+02	6.034914054344108E+01
5.425425425425401E+02	6.118754421147651E+01
5.435435435435411E+02	6.203227017530025E+01
5.445445445445421E+02	6.288332772972171E+01
5.455455455455431E+02	6.374072613577300E+01
5.465465465465441E+02	6.460447462083721E+01
5.475475475475450E+02	6.547458237874798E+01
5.485485485485460E+02	6.635105856994414E+01
5.495495495495470E+02	6.723391232155609E+01
5.505505505505480E+02	6.812315272754813E+01
5.515515515515490E+02	6.901878884883627E+01
5.525525525525500E+02	6.992082971340369E+01
5.535535535535510E+02	7.082928431641949E+01
5.545545545545519E+02	7.174416162036141E+01
5.555555555555529E+02	7.266547055513684E+01
5.565565565565539E+02	7.359322001819737E+01
5.575575575575549E+02	7.452741887466436E+01
5.585585585585559E+02	7.546807595743485E+01
5.595595595595569E+02	7.641520006730934E+01
5.605605605605579E+02	7.736879997310280E+01
5.615615615615588E+02	7.832888441177329E+01
5.625625625625598E+02	7.929546208852935E+01
5.635635635635608E+02	8.026854167693909E+01
5.645645645645618E+02	8.124813181906484E+01
5.655655655655628E+02	8.223424112556768E+01
5.665665665665638E+02	8.322687817582391E+01
5.675675675675648E+02	8.422605151804328E+01
5.685685685685658E+02	8.523176966937808E+01
5.695695695695667E+02	8.624404111604417E+01
5.705705705705677E+02	8.726287431343462E+01
5.715715715715687E+02	8.828827768622887E+01
5.725725725725697E+02	8.932025962850821E+01
5.735735735735707E+02	9.035882850387407E+01
5.745745745745717E+02	9.140399264554981E+01
5.755755755755727E+02	9.245576035650993E+01
5.765765765765736E+02	9.351413990956917E+01
5.775775775775746E+02	9.457913954752530E+01
5.785785785785756E+02	9.565076748323463E+01
5.795795795795766E+02	9.672903189975568E+01
5.805805805805776E+02	9.781394095043743E+01
5.815815815815786E+02	9.890550275904479E+01
5.825825825825796E+02	1.000037254198560E+02
5.835835835835805E+02	1.011086169977916E+02
5.845845845845815E+02	1.022201855284911E+02
5.855855855855825E+02	1.033384390184629E+02
5.865865865865835E+02	1.044633854451631E+02
5.875875875875845E+02	1.055950327571104E+02
5.885885885885855E+02	1.067333888740068E+02
5.895895895895865E+02	1.078784616868306E+02
5.905905905905875E+02	1.090302590579522E+02
5.915915915915884E+02	1.101887888212341E+02
5.925925925925894E+02	1.113540587821499E+02
5.935935935935904E+02	1.125260767178756E+02
5.945945945945914E+02	1.137048503774126E+02
5.955955955955924E+02	1.148903874816742E+02
5.965965965965934E+02	1.160826957236122E+02
5.975975975975944E+02	1.172817827683007E+02
5.985985985985953E+02	1.184876562530608E+02
5.995995995995963E+02	1.197003237875483E+02
6.006006006005973E+02	1.209197929538718E+02
6.016016016015983E+02	1.221460713066845E+02
6.026026026025993E+02	1.233791663733018E+02
6.036036036036003E+02	1.246190856537869E+02
6.046046046046013E+02	1.258658366210684E+02
6.056056056056022E+02	1.271194267210312E+02
6.066066066066032E+02	1.283798633726383E+02
6.076076076076042E+02	1.296471539680006E+02
6.086086086086052E+02	1.309213058725131E+02
6.096096096096062E+02	1.322023264249292E+02
6.106106106106072E+02	1.334902229374748E+02
6.116116116116082E+02	1.347850026959495E+02
6.126126126126092E+02	1.360866729598220E+02
6.136136136136101E+02	1.373952409623325E+02
6.146146146146111E+02	1.387107139105829E+02
6.156156156156121E+02	1.400330989856548E+02
6.166166166166131E+02	1.413624033426904E+02
6.176176176176141E+02	1.426986341110041E+02
6.186186186186151E+02	1.440417983941707E+02
6.196196196196161E+02	1.453919032701288E+02
6.206206206206170E+02	1.467489557912750E+02
6.216216216216180E+02	1.481129629845677E+02
6.226226226226190E+02	1.494839318516151E+02
6.236236236236200E+02	1.508618693687768E+02
6.246246246246210E+02	1.522467824872588E+02
6.256256256256220E+02	1.536386781332099E+02
6.266266266266230E+02	1.550375632078185E+02
6.276276276276240E+02	1.564434445874072E+02
6.286286286286249E+02	1.578563291235232E+02
6.296296296296259E+02	1.592762236430335E+02
6.306306306306269E+02	1.607031349482304E+02
6.316316316316279E+02	1.621370698169130E+02
6.326326326326289E+02	1.635780350024861E+02
6.336336336336299E+02	1.650260372340535E+02
6.346346346346309E+02	1.664810832164976E+02
6.356356356356318E+02	1.679431796306053E+02
6.366366366366328E+02	1.694123331331220E+02
6.376376376376338E+02	1.708885503568690E+02
6.386386386386348E+02	1.723718379108172E+02
6.396396396396358E+02	1.738622023802072E+02
6.406406406406368E+02	1.753596503265949E+02
6.416416416416378E+02	1.768641882879897E+02
6.426426426426387E+02	1.783758227789176E+02
6.436436436436397E+02	1.798945602905114E+02
6.446446446446407E+02	1.814204072906123E+02
6.456456456456417E+02	1.829533702238496E+02
6.466466466466427E+02	1.844934555117352E+02
6.476476476476437E+02	1.860406695527558E+02
6.486486486486447E+02	1.875950187224416E+02
6.496496496496457E+02	1.891565093734844E+02
6.506506506506466E+02	1.907251478358016E+02
6.516516516516476E+02	1.923009404166328E+02
6.526526526526486E+02	1.938838934006294E+02
6.536536536536496E+02	1.954740130499367E+02
6.546546546546506E+02	1.970713056042778E+02
6.556556556556516E+02	1.986757772810524E+02
6.566566566566526E+02	2.002874342754067E+02
6.576576576576535E+02	2.019062827603311E+02
6.586586586586545E+02	2.035323288867407E+02
6.596596596596555E+02	2.051655787835580E+02
6.606606606606565E+02	2.068060385578078E+02
6.616616616616575E+02	2.084537142946874E+02
6.626626626626585E+02	2.101086120576547E+02
6.636636636636595E+02	2.117707378885261E+02
6.646646646646604E+02	2.134400978075364E+02
6.656656656656614E+02	2.151166978134443E+02
6.666666666666624E+02	2.168005438835958E+02
6.676676676676634E+02	2.184916419740248E+02
6.686686686686644E+02	2.201899980195217E+02
6.696696696696654E+02	2.218956179337206E+02
6.706706706706664E+02	2.236085076091849E+02
6.716716716716674E+02	2.253286729174770E+02
6.726726726726683E+02	2.270561197092507E+02
6.736736736736693E+02	2.287908538143333E+02
6.746746746746703E+02	2.305328810417918E+02
6.756756756756713E+02	2.322822071800256E+02
6.766766766766723E+02	2.340388379968472E+02
6.776776776776733E+02	2.358027792395469E+02
6.786786786786743E+02	2.375740366349964E+02
6.796796796796752E+02	2.393526158897012E+02
6.806806806806762E+02	2.411385226898997E+02
6.816816816816772E+02	2.429317627016285E+02
6.826826826826782E+02	2.447323415708097E+02
6.836836836836792E+02	2.465402649233292E+02
6.846846846846802E+02	2.483555383650955E+02
6.856856856856812E+02	2.501781674821441E+02
6.866866866866822E+02	2.520081578407003E+02
6.876876876876831E+02	2.538455149872498E+02
6.886886886886841E+02	2.556902444486263E+02
6.896896896896851E+02	2.575423517320892E+02
6.906906906906861E+02	2.594018423253870E+02
6.916916916916871E+02	2.612687216968352E+02
6.926926926926881E+02	2.631429952954054E+02
6.936936936936891E+02	2.650246685507909E+02
6.946946946946900E+02	2.669137468734689E+02
6.956956956956910E+02	2.688102356548006E+02
6.966966966966920E+02	2.707141402670841E+02
6.976976976976930E+02	2.726254660636387E+02
6.986986986986940E+02	2.745442183788723E+02
6.996996996996950E+02	2.764704025283622E+02
7.007007007006960E+02	2.784040238089196E+02
7.017017017016969E+02	2.803450874986656E+02
7.027027027026979E+02	2.822935988571126E+02
7.037037037036989E+02	2.842495631252164E+02
7.047047047046999E+02	2.862129855254652E+02
7.057057057057009E+02	2.881838712619456E+02
7.067067067067019E+02	2.901622255204161E+02
7.077077077077029E+02	2.921480534683728E+02
7.087087087087039E+02	2.941413602551202E+02
7.097097097097048E+02	2.961421510118575E+02
7.107107107107058E+02	2.981504308517146E+02
7.117117117117068E+02	3.001662048698631E+02
7.127127127127078E+02	3.021894781435572E+02
7.137137137137088E+02	3.042202557322212E+02
7.147147147147098E+02	3.062585426774858E+02
7.157157157157108E+02	3.083043440033116E+02
7.167167167167117E+02	3.103576647160025E+02
7.177177177177127E+02	3.124185098043217E+02
7.187187187187137E+02	3.144868842395108E+02
7.197197197197147E+02	3.165627929753919E+02
7.207207207207157E+02	3.186462409484402E+02
7.217217217217167E+02	3.207372330778271E+02
7.227227227227177E+02	3.228357742654885E+02
7.237237237237186E+02	3.249418693962148E+02
7.247247247247196E+02	3.270555233376972E+02
7.257257257257206E+02	3.291767409406002E+02
7.267267267267216E+02	3.313055270386290E+02
7.277277277277226E+02	3.334418864485892E+02
7.287287287287236E+02	3.355858239704608E+02
7.297297297297246E+02	3.377373443874603E+02
7.307307307307256E+02	3.398964524660960E+02
7.317317317317265E+02	3.420631529562556E+02
7.327327327327275E+02	3.442374505912421E+02
7.337337337337285E+02	3.464193500878559E+02
7.347347347347295E+02	3.486088561464594E+02
7.357357357357305E+02	3.508059734510371E+02
7.367367367367315E+02	3.530107066692467E+02
7.377377377377325E+02	3.552230604525103E+02
7.387387387387334E+02	3.574430394360447E+02
7.397397397397344E+02	3.596706482389536E+02
7.407407407407354E+02	3.619058914642637E+02
7.417417417417364E+02	3.641487736990125E+02
7.427427427427374E+02	3.663992995142903E+02
7.437437437437384E+02	3.686574734653091E+02
7.447447447447394E+02	3.709233000914651E+02
7.457457457457404E+02	3.731967839163995E+02
7.467467467467413E+02	3.754779294480559E+02
7.477477477477423E+02	3.777667411787543E+02
7.487487487487433E+02	3.800632235852290E+02
7.497497497497443E+02	3.823673811287040E+02
7.507507507507453E+02	3.846792182549561E+02
7.517517517517463E+02	3.869987393943647E+02
7.527527527527473E+02	3.893259489619732E+02
7.537537537537482E+02	3.916608513575552E+02
7.547547547547492E+02	3.940034509656598E+02
7.557557557557502E+02	3.963537521556991E+02
7.567567567567512E+02	3.987117592819664E+02
7.577577577577522E+02	4.010774766837199E+02
7.587587587587532E+02	4.034509086852527E+02
7.597597597597542E+02	4.058320595959108E+02
7.607607607607551E+02	4.082209337101935E+02
7.617617617617561E+02	4.106175353077761E+02
7.627627627627571E+02	4.130218686535973E+02
7.637637637637581E+02	4.154339379978924E+02
7.647647647647591E+02	4.178537475762578E+02
7.657657657657601E+02	4.202813016097166E+02
7.667667667667611E+02	4.227166043047660E+02
7.677677677677621E+02	4.251596598534306E+02
7.687687687687630E+02	4.276104724333245E+02
7.697697697697640E+02	4.300690462076991E+02
7.707707707707650E+02	4.325353853255256E+02
7.717717717717660E+02	4.350094939214982E+02
7.727727727727670E+02	4.374913761161426E+02
7.737737737737680E+02	4.399810360158388E+02
7.747747747747690E+02	4.424784777128855E+02
7.757757757757699E+02	4.449837052855580E+02
7.767767767767709E+02	4.474967227981508E+02
7.777777777777719E+02	4.500175343010490E+02
7.787787787787729E+02	4.525461438307573E+02
7.797797797797739E+02	4.550825554099786E+02
7.807807807807749E+02	4.576267730476554E+02
7.817817817817759E+02	4.601788007390253E+02
7.827827827827768E+02	4.627386424656663E+02
7.837837837837778E+02	4.653063021955620E+02
7.847847847847788E+02	4.678817838831430E+02
7.857857857857798E+02	4.704650914693409E+02
7.867867867867808E+02	4.730562288816548E+02
7.877877877877818E+02	4.756552000341783E+02
7.887887887887828E+02	4.782620088276706E+02
7.897897897897838E+02	4.808766591496067E+02
7.907907907907847E+02	4.834991548742084E+02
7.917917917917857E+02	4.861294998625215E+02
7.927927927927867E+02	4.887676979624609E+02
7.937937937937877E+02	4.914137530088290E+02
7.947947947947887E+02	4.940676688234255E+02
7.957957957957897E+02	4.967294492150397E+02
7.967967967967907E+02	4.993990979795351E+02
7.977977977977916E+02	5.020766188998925E+02
7.987987987987926E+02	5.047620157462445E+02
7.997997997997936E+02	5.074552922759460E+02
8.008008008007946E+02	5.101564522336128E+02
8.018018018017956E+02	5.128654993511748E+02
8.028028028027966E+02	5.155824373479047E+02
8.038038038037976E+02	5.183072699305028E+02
8.048048048047986E+02	5.210400007931100E+02
8.058058058057995E+02	5.237806336173892E+02
8.068068068068005E+02	5.265291720725397E+02
8.078078078078015E+02	5.292856198153679E+02
8.088088088088025E+02	5.320499804903272E+02
8.098098098098035E+02	5.348222577295685E+02
8.108108108108045E+02	5.376024551529806E+02
8.118118118118055E+02	5.403905763682394E+02
8.128128128128064E+02	5.431866249708689E+02
8.138138138138074E+02	5.459906045442633E+02
8.148148148148084E+02	5.488025186597454E+02
8.158158158158094E+02	5.516223708766231E+02
8.168168168168104E+02	5.544501647422205E+02
8.178178178178114E+02	5.572859037919281E+02
8.188188188188124E+02	5.601295915492540E+02
8.198198198198133E+02	5.629812315258539E+02
8.208208208208143E+02	5.658408272215968E+02
8.218218218218153E+02	5.687083821245953E+02
8.228228228228163E+02	5.715838997112571E+02
8.238238238238173E+02	5.744673834463335E+02
8.248248248248183E+02	5.773588367829523E+02
8.258258258258193E+02	5.802582631626676E+02
8.268268268268203E+02	5.831656660155088E+02
8.278278278278212E+02	5.860810487600204E+02
8.288288288288222E+02	5.890044148033064E+02
8.298298298298232E+02	5.919357675410745E+02
8.308308308308242E+02	5.948751103576731E+02
8.318318318318252E+02	5.978224466261456E+02
8.328328328328262E+02	6.007777797082720E+02
8.338338338338272E+02	6.037411129546019E+02
8.348348348348281E+02	6.067124497045063E+02
8.358358358358291E+02	6.096917932862150E+02
8.368368368368301E+02	6.126791470168675E+02
8.378378378378311E+02	6.156745142025400E+02
8.388388388388321E+02	6.186778981383106E+02
8.398398398398331E+02	6.216893021082731E+02
8.408408408408341E+02	6.247087293855991E+02
8.418418418418350E+02	6.277361832325839E+02
8.428428428428360E+02	6.307716669006484E+02
8.438438438438370E+02	6.338151836304503E+02
8.448448448448380E+02	6.368667366518519E+02
8.458458458458390E+02	6.399263291840055E+02
8.468468468468400E+02	6.429939644353851E+02
8.478478478478410E+02	6.460696456038152E+02
8.488488488488420E+02	6.491533758765329E+02
8.498498498498429E+02	6.522451584302064E+02
8.508508508508439E+02	6.553449964309818E+02
8.518518518518449E+02	6.584528930345321E+02
8.528528528528459E+02	6.615688513860848E+02
8.538538538538469E+02	6.646928746204815E+02
8.548548548548479E+02	6.678249658621769E+02
8.558558558558489E+02	6.709651282253183E+02
8.568568568568498E+02	6.741133648137841E+02
8.578578578578508E+02	6.772696787211810E+02
8.588588588588518E+02	6.804340730309270E+02
8.598598598598528E+02	6.836065508162799E+02
8.608608608608538E+02	6.867871151403499E+02
8.618618618618548E+02	6.899757690561712E+02
8.628628628628558E+02	6.931725156067344E+02
8.638638638638567E+02	6.963773578249954E+02
8.648648648648577E+02	6.995902987339543E+02
8.658658658658587E+02	7.028113413466633E+02
8.668668668668597E+02	7.060404886662707E+02
8.678678678678607E+02	7.092777436860790E+02
8.688688688688617E+02	7.125231093895457E+02
8.698698698698627E+02	7.157765887503576E+02
8.708708708708637E+02	7.190381847324313E+02
8.718718718718646E+02	7.223079002899801E+02
8.728728728728656E+02	7.255857383675423E+02
8.738738738738666E+02	7.288717019000057E+02
8.748748748748676E+02	7.321657938126611E+02
8.758758758758686E+02	7.354680170212221E+02
8.768768768768696E+02	7.387783744318810E+02
8.778778778778706E+02	7.420968689413205E+02
8.788788788788715E+02	7.454235034367623E+02
8.798798798798725E+02	7.487582807960191E+02
8.808808808808735E+02	7.521012038874940E+02
8.818818818818745E+02	7.554522755702499E+02
8.828828828828755E+02	7.588114986940129E+02
8.838838838838765E+02	7.621788760992461E+02
8.848848848848775E+02	7.655544106171499E+02
8.858858858858785E+02	7.689381050696991E+02
8.868868868868794E+02	7.723299622697216E+02
8.878878878878804E+02	7.757299850208626E+02
8.888888888888814E+02	7.791381761176797E+02
8.898898898898824E+02	7.825545383456426E+02
8.908908908908834E+02	7.859790744811760E+02
8.918918918918844E+02	7.894117872917057E+02
8.928928928928854E+02	7.928526795356740E+02
8.938938938938863E+02	7.963017539625778E+02
8.948948948948873E+02	7.997590133130182E+02
8.958958958958883E+02	8.032244603187007E+02
8.968968968968893E+02	8.066980977025207E+02
8.978978978978903E+02	8.101799281785341E+02
8.988988988988913E+02	8.136699544520413E+02
8.998998998998923E+02	8.171681792195702E+02
9.009009009008932E+02	8.206746051689763E+02
9.019019019018942E+02	8.241892349794168E+02
9.029029029028952E+02	8.277120713214074E+02
9.039039039038962E+02	8.312431168568517E+02
9.049049049048972E+02	8.347823742390608E+02
9.059059059058982E+02	8.383298461128145E+02
9.069069069068992E+02	8.418855351143700E+02
9.079079079079002E+02	8.454494438714989E+02
9.089089089089011E+02	8.490215750035079E+02
9.099099099099021E+02	8.526019311212988E+02
9.109109109109031E+02	8.561905148273765E+02
9.119119119119041E+02	8.597873287158766E+02
9.129129129129051E+02	8.633923753726210E+02
9.139139139139061E+02	8.670056573751351E+02
9.149149149149071E+02	8.706271772926577E+02
9.159159159159080E+02	8.742569376862059E+02
9.169169169169090E+02	8.778949411086035E+02
9.179179179179100E+02	8.815411901044715E+02
9.189189189189110E+02	8.851956872103208E+02
9.199199199199120E+02	8.888584349545156E+02
9.209209209209130E+02	8.925294358573558E+02
9.219219219219140E+02	8.962086924310872E+02
9.229229229229149E+02	8.998962071799212E+02
9.239239239239159E+02	9.035919826000734E+02
9.249249249249169E+02	9.072960211798165E+02
9.259259259259179E+02	9.110083253994724E+02
9.269269269269189E+02	9.147288977314422E+02
9.279279279279199E+02	9.184577406402884E+02
9.289289289289209E+02	9.221948565827022E+02
9.299299299299219E+02	9.259402480075444E+02
9.309309309309228E+02	9.296939173559178E+02
9.319319319319238E+02	9.334558670611430E+02
9.329329329329248E+02	9.372260995488134E+02
9.339339339339258E+02	9.410046172368332E+02
9.349349349349268E+02	9.447914225354077E+02
9.359359359359278E+02	9.485865178471056E+02
9.369369369369288E+02	9.523899055668883E+02
9.379379379379297E+02	9.562015880821189E+02
9.389389389389307E+02	9.600215677725967E+02
9.399399399399317E+02	9.638498470105872E+02
9.409409409409327E+02	9.676864281608584E+02
9.419419419419337E+02	9.715313135806807E+02
9.429429429429347E+02	9.753845056198913E+02
9.439439439439357E+02	9.792460066209012E+02
9.449449449449367E+02	9.831158189187197E+02
9.459459459459376E+02	9.869939448409893E+02
9.469469469469386E+02	9.908803867080021E+02
9.479479479479396E+02	9.947751468327604E+02
9.489489489489406E+02	9.986782275209505E+02
9.499499499499416E+02	1.002589631071004E+03
9.509509509509426E+02	1.006509359774134E+03
9.519519519519436E+02	1.010437415914329E+03
9.529529529529445E+02	1.014373801768397E+03
9.539539539539455E+02	1.018318519605996E+03
9.549549549549465E+02	1.022271571689662E+03
9.559559559559475E+02	1.026232960274798E+03
9.569569569569485E+02	1.030202687609773E+03
9.579579579579495E+02	1.034180755935875E+03
9.589589589589505E+02	1.038167167487378E+03
9.599599599599514E+02	1.042161924491557E+03
9.609609609609524E+02	1.046165029168694E+03
9.619619619619534E+02	1.050176483732154E+03
9.629629629629544E+02	1.054196290388368E+03
9.639639639639554E+02	1.058224451336848E+03
9.649649649649564E+02	1.062260968770265E+03
9.659659659659574E+02	1.066305844874428E+03
9.669669669669584E+02	1.070359081828307E+03
9.679679679679593E+02	1.074420681804119E+03
9.689689689689603E+02	1.078490646967258E+03
9.699699699699613E+02	1.082568979476413E+03
9.709709709709623E+02	1.086655681483526E+03
9.719719719719633E+02	1.090750755133824E+03
9.729729729729643E+02	1.094854202565890E+03
9.739739739739653E+02	1.098966025911667E+03
9.749749749749662E+02	1.103086227296423E+03
9.759759759759672E+02	1.107214808838873E+03
9.769769769769682E+02	1.111351772651126E+03
9.779779779779692E+02	1.115497120838742E+03
9.789789789789702E+02	1.119650855500756E+03
9.799799799799712E+02	1.123812978729697E+03
9.809809809809722E+02	1.127983492611608E+03
9.819819819819731E+02	1.132162399226067E+03
9.829829829829741E+02	1.136349700646241E+03
9.839839839839751E+02	1.140545398938846E+03
9.849849849849761E+02	1.144749496164235E+03
9.859859859859771E+02	1.148961994376398E+03
9.869869869869781E+02	1.153182895622955E+03
9.879879879879791E+02	1.157412201945236E+03
9.889889889889801E+02	1.161649915378255E+03
9.899899899899810E+02	1.165896037950781E+03
9.909909909909820E+02	1.170150571685268E+03
9.919919919919830E+02	1.174413518598006E+03
9.929929929929840E+02	1.178684880699048E+03
9.939939939939850E+02	1.182964659992279E+03
9.949949949949860E+02	1.187252858475395E+03
9.959959959959870E+02	1.191549478139978E+03
9.969969969969879E+02	1.195854520971479E+03
9.979979979979889E+02	1.200167988949268E+03
9.989989989989899E+02	1.204489884046609E+03
9.999999999999909E+02	1.208820208230752E+03
