# mass, thermodynamic potential
0.000000000000000E+00	                 NAN
1.001001001001001E+00	-1.167561175958963E+02
2.002002002002002E+00	-1.167519747098386E+02
3.003003003003003E+00	-1.167444086343571E+02
4.004004004004004E+00	-1.167347424958330E+02
5.005005005005005E+00	-1.167223156790010E+02
6.006006006006006E+00	-1.167064670920586E+02
7.007007007007006E+00	-1.166878593491660E+02
8.008008008008007E+00	-1.166671541246587E+02
9.009009009009008E+00	-1.166430302775325E+02
1.001001001001001E+01	-1.166161502774266E+02
1.101101101101101E+01	-1.165865154404364E+02
1.201201201201201E+01	-1.165541272615224E+02
1.301301301301301E+01	-1.165189874144294E+02
1.401401401401401E+01	-1.164804367780521E+02
1.501501501501501E+01	-1.164397988673372E+02
1.601601601601601E+01	-1.163964152527537E+02
1.701701701701701E+01	-1.163496269741272E+02
1.801801801801802E+01	-1.163000976481112E+02
1.901901901901902E+01	-1.162478296328923E+02
2.002002002002002E+01	-1.161934855446034E+02
2.102102102102102E+01	-1.161357477722186E+02
2.202202202202202E+01	-1.160752795812346E+02
2.302302302302302E+01	-1.160114240703224E+02
2.402402402402402E+01	-1.159455042061040E+02
2.502502502502502E+01	-1.158768635338661E+02
2.602602602602602E+01	-1.158048460336890E+02
2.702702702702702E+01	-1.157307741169698E+02
2.802802802802802E+01	-1.156533330305301E+02
2.902902902902902E+01	-1.155731861386221E+02
3.003003003003002E+01	-1.154909959878282E+02
3.103103103103102E+01	-1.154054491453503E+02
3.203203203203203E+01	-1.153172089138438E+02
3.303303303303303E+01	-1.152262797402836E+02
3.403403403403403E+01	-1.151320079502216E+02
3.503503503503503E+01	-1.150357146944680E+02
3.603603603603603E+01	-1.149367467586330E+02
3.703703703703703E+01	-1.148344512826416E+02
3.803803803803803E+01	-1.147301489728716E+02
3.903903903903903E+01	-1.146225298222489E+02
4.004004004004003E+01	-1.145122571171737E+02
4.104104104104103E+01	-1.143993363113914E+02
4.204204204204203E+01	-1.142837730315391E+02
4.304304304304303E+01	-1.141655730767825E+02
4.404404404404404E+01	-1.140447424184554E+02
4.504504504504504E+01	-1.139212871996879E+02
4.604604604604604E+01	-1.137945579997386E+02
4.704704704704704E+01	-1.136658723830747E+02
4.804804804804804E+01	-1.135339262752009E+02
4.904904904904904E+01	-1.134000363707751E+02
5.005005005005004E+01	-1.132628996307153E+02
5.105105105105104E+01	-1.131231780930934E+02
5.205205205205204E+01	-1.129808787067113E+02
5.305305305305304E+01	-1.128360085892550E+02
5.405405405405404E+01	-1.126885750268370E+02
5.505505505505504E+01	-1.125385854735459E+02
5.605605605605604E+01	-1.123860475509732E+02
5.705705705705704E+01	-1.122303157896113E+02
5.805805805805804E+01	-1.120727042389713E+02
5.905905905905905E+01	-1.119119152069138E+02
6.006006006006005E+01	-1.117486098514223E+02
6.106106106106105E+01	-1.115834478127313E+02
6.206206206206205E+01	-1.114151337287117E+02
6.306306306306305E+01	-1.112443281410769E+02
6.406406406406406E+01	-1.110710396084478E+02
6.506506506506506E+01	-1.108952768528352E+02
6.606606606606606E+01	-1.107163981063804E+02
6.706706706706706E+01	-1.105357135192189E+02
6.806806806806806E+01	-1.103525817212271E+02
6.906906906906906E+01	-1.101663618111816E+02
7.007007007007006E+01	-1.099783632737317E+02
7.107107107107106E+01	-1.097872957845516E+02
7.207207207207206E+01	-1.095938190783527E+02
7.307307307307306E+01	-1.093979427778359E+02
7.407407407407406E+01	-1.091996766643842E+02
7.507507507507506E+01	-1.089990306774375E+02
7.607607607607606E+01	-1.087960149138585E+02
7.707707707707706E+01	-1.085906396272844E+02
7.807807807807806E+01	-1.083822673608374E+02
7.907907907907907E+01	-1.081722040354016E+02
8.008008008008007E+01	-1.079591653683051E+02
8.108108108108107E+01	-1.077444563693589E+02
8.208208208208207E+01	-1.075267937677754E+02
8.308308308308307E+01	-1.073068357430302E+02
8.408408408408407E+01	-1.070845932420316E+02
8.508508508508507E+01	-1.068600773636826E+02
8.608608608608607E+01	-1.066332993581673E+02
8.708708708708707E+01	-1.064042706262176E+02
8.808808808808807E+01	-1.061730027183830E+02
8.908908908908907E+01	-1.059388618513444E+02
9.009009009009007E+01	-1.057031504060456E+02
9.109109109109107E+01	-1.054645900772762E+02
9.209209209209207E+01	-1.052244825625166E+02
9.309309309309307E+01	-1.049815503122159E+02
9.409409409409407E+01	-1.047364504969050E+02
9.509509509509508E+01	-1.044891953098759E+02
9.609609609609608E+01	-1.042397970888533E+02
9.709709709709708E+01	-1.039882683151836E+02
9.809809809809808E+01	-1.037346216130113E+02
9.909909909909908E+01	-1.034788697484619E+02
1.001001001001001E+02	-1.032203818232742E+02
1.011011011011011E+02	-1.029604579993252E+02
1.021021021021021E+02	-1.026978244428174E+02
1.031031031031031E+02	-1.024337808948317E+02
1.041041041041041E+02	-1.021670539830261E+02
1.051051051051051E+02	-1.018983005074024E+02
1.061061061061061E+02	-1.016275338206565E+02
1.071071071071071E+02	-1.013547674114861E+02
1.081081081081081E+02	-1.010800149037041E+02
1.091091091091091E+02	-1.008032900553208E+02
1.101101101101101E+02	-1.005246067576327E+02
1.111111111111111E+02	-1.002439790343051E+02
1.121121121121121E+02	-9.996077753907002E+01
1.131131131131131E+02	-9.967630286426038E+01
1.141141141141141E+02	-9.938928280087111E+01
1.151151151151151E+02	-9.910037501017814E+01
1.161161161161161E+02	-9.881023684844695E+01
1.171171171171171E+02	-9.851759647772542E+01
1.181181181181181E+02	-9.822311175608047E+01
1.191191191191191E+02	-9.792679735210777E+01
1.201201201201201E+02	-9.762866805917429E+01
1.211211211211211E+02	-9.732809504181250E+01
1.221221221221221E+02	-9.702638032559662E+01
1.231231231231231E+02	-9.672289571226202E+01
1.241241241241241E+02	-9.641701210893189E+01
1.251251251251251E+02	-9.611003276861766E+01
1.261261261261261E+02	-9.580068462233066E+01
1.271271271271271E+02	-9.548962730346875E+01
1.281281281281281E+02	-9.517687618768969E+01
1.291291291291291E+02	-9.486244676735578E+01
1.301301301301301E+02	-9.454635465045612E+01
1.311311311311312E+02	-9.422861555954023E+01
1.321321321321322E+02	-9.390924533060252E+01
1.331331331331332E+02	-9.358825991200365E+01
1.341341341341342E+02	-9.326567536335324E+01
1.351351351351352E+02	-9.294086102138363E+01
1.361361361361362E+02	-9.261512584979209E+01
1.371371371371372E+02	-9.228719263671201E+01
1.381381381381383E+02	-9.195837188775431E+01
1.391391391391393E+02	-9.162738477435641E+01
1.401401401401403E+02	-9.129489524678274E+01
1.411411411411413E+02	-9.096091973825878E+01
1.421421421421423E+02	-9.062547478555689E+01
1.431431431431433E+02	-9.028857702782261E+01
1.441441441441443E+02	-8.995024320539187E+01
1.451451451451454E+02	-8.960983952816105E+01
1.461461461461464E+02	-8.926868325739224E+01
1.471471471471474E+02	-8.892614161432266E+01
1.481481481481484E+02	-8.858157919735822E+01
1.491491491491494E+02	-8.823631699506859E+01
1.501501501501504E+02	-8.788906698411893E+01
1.511511511511515E+02	-8.754049874404245E+01
1.521521521521525E+02	-8.719062941240600E+01
1.531531531531535E+02	-8.683947621858033E+01
1.541541541541545E+02	-8.648705648248506E+01
1.551551551551555E+02	-8.613338761330397E+01
1.561561561561565E+02	-8.577848710821854E+01
1.571571571571575E+02	-8.542237255109922E+01
1.581581581581586E+02	-8.506506161122525E+01
1.591591591591596E+02	-8.470591235823349E+01
1.601601601601606E+02	-8.434626061095105E+01
1.611611611611616E+02	-8.398480455627760E+01
1.621621621621626E+02	-8.362288318800211E+01
1.631631631631636E+02	-8.325919135422555E+01
1.641641641641646E+02	-8.289440815871512E+01
1.651651651651657E+02	-8.252855147202445E+01
1.661661661661667E+02	-8.216163924133980E+01
1.671671671671677E+02	-8.179368948911679E+01
1.681681681681687E+02	-8.142472031169154E+01
1.691691691691697E+02	-8.105474987789785E+01
1.701701701701707E+02	-8.068379642768105E+01
1.711711711711717E+02	-8.031120784387940E+01
1.721721721721728E+02	-7.993834178882253E+01
1.731731731731738E+02	-7.956387529306903E+01
1.741741741741748E+02	-7.918916994045685E+01
1.751751751751758E+02	-7.881289862985977E+01
1.761761761761768E+02	-7.843575208538186E+01
1.771771771771778E+02	-7.805842529962092E+01
1.781781781781789E+02	-7.767958443059888E+01
1.791791791791799E+02	-7.729992367387922E+01
1.801801801801809E+02	-7.691946155826417E+01
1.811811811811819E+02	-7.653821666996691E+01
1.821821821821829E+02	-7.615552465701012E+01
1.831831831831839E+02	-7.577276858700452E+01
1.841841841841849E+02	-7.538928571808083E+01
1.851851851851860E+02	-7.500440788769583E+01
1.861861861861870E+02	-7.461952591511772E+01
1.871871871871880E+02	-7.423328380775183E+01
1.881881881881890E+02	-7.384707787784964E+01
1.891891891891900E+02	-7.345954637540217E+01
1.901901901901910E+02	-7.307139777505836E+01
1.911911911911920E+02	-7.268265082047583E+01
1.921921921921931E+02	-7.229332429834903E+01
1.931931931931941E+02	-7.190343703680219E+01
1.941941941941951E+02	-7.151300790381720E+01
1.951951951951961E+02	-7.112205580561204E+01
1.961961961961971E+02	-7.073059968503276E+01
1.971971971971981E+02	-7.033865851993005E+01
1.981981981981992E+02	-6.994554472249683E+01
1.991991991992002E+02	-6.955268834415119E+01
2.002002002002012E+02	-6.915869405522562E+01
2.012012012012022E+02	-6.876499832562513E+01
2.022022022022032E+02	-6.837019909183164E+01
2.032032032032042E+02	-6.797502507432273E+01
2.042042042042052E+02	-6.758021169131780E+01
2.052052052052063E+02	-6.718434634941877E+01
2.062062062062073E+02	-6.678816298356605E+01
2.072072072072083E+02	-6.639168052224886E+01
2.082082082082093E+02	-6.599491791341052E+01
2.092092092092103E+02	-6.559789412271311E+01
2.102102102102113E+02	-6.519990018160524E+01
2.112112112112123E+02	-6.480240872607374E+01
2.122122122122134E+02	-6.440471297332169E+01
2.132132132132144E+02	-6.400609808663557E+01
2.142142142142154E+02	-6.360804824478828E+01
2.152152152152164E+02	-6.320911318390972E+01
2.162162162162174E+02	-6.281078499940668E+01
2.172172172172184E+02	-6.241160513712612E+01
2.182182182182194E+02	-6.201233025783722E+01
2.192192192192205E+02	-6.161297911816791E+01
2.202202202202215E+02	-6.121357047610991E+01
2.212212212212225E+02	-6.081412308917743E+01
2.222222222222235E+02	-6.041465571254639E+01
2.232232232232245E+02	-6.001518709718357E+01
2.242242242242255E+02	-5.961573598795940E+01
2.252252252252266E+02	-5.921632112176212E+01
2.262262262262276E+02	-5.881696122558287E+01
2.272272272272286E+02	-5.841691160922073E+01
2.282282282282296E+02	-5.801771505038278E+01
2.292292292292306E+02	-5.761862947441432E+01
2.302302302302316E+02	-5.721890282277172E+01
2.312312312312326E+02	-5.681931961621331E+01
2.322322322322337E+02	-5.642067274450801E+01
2.332332332332347E+02	-5.602143353133215E+01
2.342342342342357E+02	-5.562239287972534E+01
2.352352352352367E+02	-5.522356908694428E+01
2.362362362362377E+02	-5.482576474555026E+01
2.372372372372387E+02	-5.442743183428138E+01
2.382382382382397E+02	-5.402937059533951E+01
2.392392392392408E+02	-5.363080750930112E+01
2.402402402402418E+02	-5.323334150102301E+01
2.412412412412428E+02	-5.283620152536241E+01
2.422422422422438E+02	-5.243940565711728E+01
2.432432432432448E+02	-5.204217038108527E+01
2.442442442442458E+02	-5.164611384809723E+01
2.452452452452468E+02	-5.125045532167769E+01
2.462462462462479E+02	-5.085440322594604E+01
2.472472472472489E+02	-5.045959120420048E+01
2.482482482482499E+02	-5.006441590877193E+01
2.492492492492509E+02	-4.966970434901395E+01
2.502502502502519E+02	-4.927629323705696E+01
2.512512512512529E+02	-4.888256387758156E+01
2.522522522522540E+02	-4.848935060462964E+01
2.532532532532550E+02	-4.809667073204082E+01
2.542542542542560E+02	-4.770454151414742E+01
2.552552552552570E+02	-4.731298014352069E+01
2.562562562562580E+02	-4.692200374869208E+01
2.572572572572590E+02	-4.653162939184767E+01
2.582582582582600E+02	-4.614187406652945E+01
2.592592592592609E+02	-4.575191193742512E+01
2.602602602602619E+02	-4.536344243345457E+01
2.612612612612629E+02	-4.497564244657406E+01
2.622622622622639E+02	-4.458767802795865E+01
2.632632632632649E+02	-4.420126397234117E+01
2.642642642642659E+02	-4.381556922440222E+01
2.652652652652669E+02	-4.342975117793912E+01
2.662662662662678E+02	-4.304467978798402E+01
2.672672672672688E+02	-4.266123464610655E+01
2.682682682682698E+02	-4.227770711033918E+01
2.692692692692708E+02	-4.189497435466046E+01
2.702702702702718E+02	-4.151305222055043E+01
2.712712712712728E+02	-4.113283049290112E+01
2.722722722722738E+02	-4.075257923378194E+01
2.732732732732748E+02	-4.037318558809739E+01
2.742742742742757E+02	-3.999466500171229E+01
2.752752752752767E+02	-3.961703281550444E+01
2.762762762762777E+02	-3.924030426273612E+01
2.772772772772787E+02	-3.886449446640654E+01
2.782782782782797E+02	-3.848872606838268E+01
2.792792792792807E+02	-3.811479592198475E+01
2.802802802802817E+02	-3.774182917752478E+01
2.812812812812826E+02	-3.736984049158445E+01
2.822822822822836E+02	-3.699794178567026E+01
2.832832832832846E+02	-3.662794977883004E+01
2.842842842842856E+02	-3.625807162716683E+01
2.852852852852866E+02	-3.589013329056343E+01
2.862862862862876E+02	-3.552233204889671E+01
2.872872872872886E+02	-3.515650332352016E+01
2.882882882882896E+02	-3.479083428800323E+01
2.892892892892905E+02	-3.442625074927309E+01
2.902902902902915E+02	-3.406368737968887E+01
2.912912912912925E+02	-3.370131688398351E+01
2.922922922922935E+02	-3.334007162618946E+01
2.932932932932945E+02	-3.297996455198836E+01
2.942942942942955E+02	-3.262100845509804E+01
2.952952952952965E+02	-3.226321597423203E+01
2.962962962962974E+02	-3.190753437333342E+01
2.972972972972984E+02	-3.155210851619313E+01
2.982982982982994E+02	-3.119788323602506E+01
2.992992992993004E+02	-3.084392938522524E+01
3.003003003003014E+02	-3.049213892092030E+01
3.013013013013024E+02	-3.014158447384762E+01
3.023023023023034E+02	-2.979227750905602E+01
3.033033033033043E+02	-2.944422931087729E+01
3.043043043043053E+02	-2.909745097954556E+01
3.053053053053063E+02	-2.875100063627860E+01
3.063063063063073E+02	-2.840679248982542E+01
3.073073073073083E+02	-2.806388638385806E+01
3.083083083083093E+02	-2.772133465264687E+01
3.093093093093103E+02	-2.738106136543865E+01
3.103103103103113E+02	-2.704115947739774E+01
3.113113113113122E+02	-2.670355878051896E+01
3.123123123123132E+02	-2.636634575919561E+01
3.133133133133142E+02	-2.603145576492898E+01
3.143143143143152E+02	-2.569696896271762E+01
3.153153153153162E+02	-2.536482606473919E+01
3.163163163163172E+02	-2.503310110316579E+01
3.173173173173182E+02	-2.470373991574434E+01
3.183183183183191E+02	-2.437481062423740E+01
3.193193193193201E+02	-2.404729090733326E+01
3.203203203203211E+02	-2.372118856172574E+01
3.213213213213221E+02	-2.339748551351431E+01
3.223223223223231E+02	-2.307424095506485E+01
3.233233233233241E+02	-2.275243566460358E+01
3.243243243243251E+02	-2.243207645835810E+01
3.253253253253260E+02	-2.211414745419961E+01
3.263263263263270E+02	-2.179670024787629E+01
3.273273273273280E+02	-2.148071796952081E+01
3.283283283283290E+02	-2.116620638646737E+01
3.293293293293300E+02	-2.085317099334316E+01
3.303303303303310E+02	-2.054161700747591E+01
3.313313313313320E+02	-2.023154936425772E+01
3.323323323323330E+02	-1.992297271241841E+01
3.333333333333339E+02	-1.961589140922979E+01
3.343343343343349E+02	-1.931030951563889E+01
3.353353353353359E+02	-1.900623079132629E+01
3.363363363363369E+02	-1.870365868967338E+01
3.373373373373379E+02	-1.840259635266329E+01
3.383383383383389E+02	-1.810304660568409E+01
3.393393393393399E+02	-1.780501195224906E+01
3.403403403403408E+02	-1.750849456863443E+01
3.413413413413418E+02	-1.721349629841689E+01
3.423423423423428E+02	-1.692001864691110E+01
3.433433433433438E+02	-1.662708893200079E+01
3.443443443443448E+02	-1.633665670921391E+01
3.453453453453458E+02	-1.604774764440435E+01
3.463463463463468E+02	-1.576036183555470E+01
3.473473473473477E+02	-1.547449901311575E+01
3.483483483483487E+02	-1.519015853381552E+01
3.493493493493497E+02	-1.490733937434197E+01
3.503503503503507E+02	-1.462604012491192E+01
3.513513513513517E+02	-1.434529789732278E+01
3.523523523523527E+02	-1.406703469013655E+01
3.533533533533537E+02	-1.379028491572035E+01
3.543543543543547E+02	-1.351504555502834E+01
3.553553553553556E+02	-1.324131316841704E+01
3.563563563563566E+02	-1.296908388835072E+01
3.573573573573576E+02	-1.269835341198950E+01
3.583583583583586E+02	-1.242817418031245E+01
3.593593593593596E+02	-1.216042969363025E+01
3.603603603603606E+02	-1.189416857724700E+01
3.613613613613616E+02	-1.162938471343568E+01
3.623623623623625E+02	-1.136607150948248E+01
3.633633633633635E+02	-1.110422188919756E+01
3.643643643643645E+02	-1.084382828418393E+01
3.653653653653655E+02	-1.058488262491574E+01
3.663663663663665E+02	-1.032737633158331E+01
3.673673673673675E+02	-1.007130030471171E+01
3.683683683683685E+02	-9.816644915527831E+00
3.693693693693695E+02	-9.563399996082808E+00
3.703703703703704E+02	-9.311554829103898E+00
3.713713713713714E+02	-9.061098137572117E+00
3.723723723723724E+02	-8.812018074017487E+00
3.733733733733734E+02	-8.564302209503239E+00
3.743743743743744E+02	-8.317937522294869E+00
3.753753753753754E+02	-8.073775840664894E+00
3.763763763763764E+02	-7.830065564869983E+00
3.773773773773773E+02	-7.587663483990582E+00
3.783783783783783E+02	-7.346554079558700E+00
3.793793793793793E+02	-7.107560457072395E+00
3.803803803803803E+02	-6.868979770535134E+00
3.813813813813813E+02	-6.632466175729405E+00
3.823823823823823E+02	-6.396343029789023E+00
3.833833833833833E+02	-6.161424314673241E+00
3.843843843843842E+02	-5.928491914502047E+00
3.853853853853852E+02	-5.696707323207193E+00
3.863863863863862E+02	-5.465262642150265E+00
3.873873873873872E+02	-5.235715004600024E+00
3.883883883883882E+02	-5.007246894472246E+00
3.893893893893892E+02	-4.779833800383585E+00
3.903903903903902E+02	-4.553450349414106E+00
3.913913913913912E+02	-4.328070286084767E+00
3.923923923923921E+02	-4.103666450492710E+00
3.933933933933931E+02	-3.880210755472945E+00
3.943943943943941E+02	-3.657674162775038E+00
3.953953953953951E+02	-3.436026658182072E+00
3.963963963963961E+02	-3.215237225479996E+00
3.973973973973971E+02	-2.995950772847664E+00
3.983983983983981E+02	-2.776768296870614E+00
3.993993993993990E+02	-2.558997929669658E+00
4.004004004004000E+02	-2.341926244425849E+00
4.014014014014010E+02	-2.125515578818067E+00
4.024024024024020E+02	-1.909109209001599E+00
4.034034034034030E+02	-1.693915435861982E+00
4.044044044044040E+02	-1.479854458454156E+00
4.054054054054050E+02	-1.265686143739913E+00
4.064064064064059E+02	-1.051971347276776E+00
4.074074074074069E+02	-8.392152890537545E-01
4.084084084084079E+02	-6.262541311393761E-01
4.094094094094089E+02	-4.141262296739114E-01
4.104104104104099E+02	-2.022289887618172E-01
4.114114114114109E+02	9.491050077485852E-03
4.124124124124119E+02	2.206116870697770E-01
4.134134134134129E+02	4.321611168834352E-01
4.144144144144138E+02	6.432594316456743E-01
4.154154154154148E+02	8.548767899887935E-01
4.164164164164158E+02	1.066201697591623E+00
4.174174174174168E+02	1.277350751383892E+00
4.184184184184178E+02	1.489204253055959E+00
4.194194194194188E+02	1.701058785594796E+00
4.204204204204198E+02	1.913387632948343E+00
4.214214214214207E+02	2.126270519984246E+00
4.224224224224217E+02	2.339790334112877E+00
4.234234234234227E+02	2.553743104996101E+00
4.244244244244237E+02	2.768547424154349E+00
4.254254254254247E+02	2.984299153672964E+00
4.264264264264257E+02	3.200864415554861E+00
4.274274274274267E+02	3.418621989382245E+00
4.284284284284277E+02	3.637487691829392E+00
4.294294294294286E+02	3.857816111030388E+00
4.304304304304296E+02	4.079734488455415E+00
4.314314314314306E+02	4.303239215046688E+00
4.324324324324316E+02	4.528653804251007E+00
4.334334334334326E+02	4.755934494452958E+00
4.344344344344336E+02	4.985613028461103E+00
4.354354354354346E+02	5.217631675832308E+00
4.364364364364355E+02	5.452356644168049E+00
4.374374374374365E+02	5.690080896574273E+00
4.384384384384375E+02	5.931138197263408E+00
4.394394394394385E+02	6.175927706838593E+00
4.404404404404395E+02	6.425116492059260E+00
4.414414414414405E+02	6.679408655880707E+00
4.424424424424415E+02	6.938887467646964E+00
4.434434434434424E+02	7.203566310254246E+00
4.444444444444434E+02	7.473458519203632E+00
4.454454454454444E+02	7.748577382764779E+00
4.464464464464454E+02	8.028936142095517E+00
4.474474474474464E+02	8.314547991395557E+00
4.484484484484474E+02	8.605426078054279E+00
4.494494494494484E+02	8.901583502773974E+00
4.504504504504494E+02	9.203033319734004E+00
4.514514514514503E+02	9.509788536713131E+00
4.524524524524513E+02	9.821862115240947E+00
4.534534534534523E+02	1.013926697074157E+01
4.544544544544533E+02	1.046201597266918E+01
4.554554554554543E+02	1.079012194465395E+01
4.564564564564553E+02	1.112359766464215E+01
4.574574574574563E+02	1.146245586503983E+01
4.584584584584572E+02	1.180670923284470E+01
4.594594594594582E+02	1.215637040980755E+01
4.604604604604592E+02	1.251145199254915E+01
4.614614614614602E+02	1.287196653272349E+01
4.624624624624612E+02	1.323792653714099E+01
4.634634634634622E+02	1.360934446792726E+01
4.644644644644632E+02	1.398623274264719E+01
4.654654654654641E+02	1.436860373445643E+01
4.664664664664651E+02	1.475646977223687E+01
4.674674674674661E+02	1.514984314074491E+01
4.684684684684671E+02	1.554873608074195E+01
4.694694694694681E+02	1.595316078914311E+01
4.704704704704691E+02	1.636312941915094E+01
4.714714714714701E+02	1.677865408040498E+01
4.724724724724711E+02	1.719974683910641E+01
4.734734734734720E+02	1.762641971817902E+01
4.744744744744730E+02	1.805868469739380E+01
4.754754754754740E+02	1.849655371350491E+01
4.764764764764750E+02	1.894003866040839E+01
4.774774774774760E+02	1.938915138926359E+01
4.784784784784770E+02	1.984390370863957E+01
4.794794794794780E+02	2.030430738465384E+01
4.804804804804789E+02	2.077037414111146E+01
4.814814814814799E+02	2.124211565964424E+01
4.824824824824809E+02	2.171954357984578E+01
4.834834834834819E+02	2.220266949941470E+01
4.844844844844829E+02	2.269150497429109E+01
4.854854854854839E+02	2.318606151878930E+01
4.864864864864849E+02	2.368635060575070E+01
4.874874874874859E+02	2.419238366665832E+01
4.884884884884868E+02	2.470417209180050E+01
4.894894894894878E+02	2.522172723038375E+01
4.904904904904888E+02	2.574506039068729E+01
4.914914914914898E+02	2.627418284019404E+01
4.924924924924908E+02	2.680910580572254E+01
4.934934934934918E+02	2.734984047357466E+01
4.944944944944928E+02	2.789639798965891E+01
4.954954954954937E+02	2.844878945963319E+01
4.964964964964947E+02	2.900702594904669E+01
4.974974974974957E+02	2.957111848345994E+01
4.984984984984967E+02	3.014107804859350E+01
4.994994994994977E+02	3.071691559045985E+01
5.005005005004987E+02	3.129864201549481E+01
5.015015015014997E+02	3.188626819069577E+01
5.025025025025006E+02	3.247980494375861E+01
5.035035035035016E+02	3.307926306319860E+01
5.045045045045026E+02	3.368465329850096E+01
5.055055055055036E+02	3.429598636025185E+01
5.065065065065046E+02	3.491327292025653E+01
5.075075075075056E+02	3.553652361169179E+01
5.085085085085066E+02	3.616574902922730E+01
5.095095095095076E+02	3.680095972916570E+01
5.105105105105085E+02	3.744216622956992E+01
5.115115115115095E+02	3.808937901039099E+01
5.125125125125105E+02	3.874260851361305E+01
5.135135135135115E+02	3.940186514337574E+01
5.145145145145125E+02	4.006715926610605E+01
5.155155155155135E+02	4.073850121065243E+01
5.165165165165145E+02	4.141590126841265E+01
5.175175175175154E+02	4.209936969346927E+01
5.185185185185164E+02	4.278891670271059E+01
5.195195195195174E+02	4.348455247597622E+01
5.205205205205184E+02	4.418628715616842E+01
5.215215215215194E+02	4.489413084939542E+01
5.225225225225204E+02	4.560809362509281E+01
5.235235235235214E+02	4.632818551616219E+01
5.245245245245223E+02	4.705441651908404E+01
5.255255255255233E+02	4.778679659406316E+01
5.265265265265243E+02	4.852533566514558E+01
5.275275275275253E+02	4.927004362034950E+01
5.285285285285263E+02	5.002093031179174E+01
5.295295295295273E+02	5.077800555581871E+01
5.305305305305283E+02	5.154127913312823E+01
5.315315315315293E+02	5.231076078890510E+01
5.325325325325302E+02	5.308646023292931E+01
5.335335335335312E+02	5.386838713972338E+01
5.345345345345322E+02	5.465655114866922E+01
5.355355355355332E+02	5.545096186412229E+01
5.365365365365342E+02	5.625162885556165E+01
5.375375375375352E+02	5.705856165768546E+01
5.385385385385362E+02	5.787176977056242E+01
5.395395395395371E+02	5.869126265974000E+01
5.405405405405381E+02	5.951704975636903E+01
5.415415415415391E+02	6.034914045733012E+01
5.425425425425401E+02	6.118754412536555E+01
5.435435435435411E+02	6.203227008918930E+01
5.445445445445421E+02	6.288332764361076E+01
5.455455455455431E+02	6.374072604966204E+01
5.465465465465441E+02	6.460447453472625E+01
5.475475475475450E+02	6.547458229263702E+01
5.485485485485460E+02	6.635105848383319E+01
5.495495495495470E+02	6.723391223544513E+01
5.505505505505480E+02	6.812315264143717E+01
5.515515515515490E+02	6.901878876272531E+01
5.525525525525500E+02	6.992082962729273E+01
5.535535535535510E+02	7.082928423030853E+01
5.545545545545519E+02	7.174416153425045E+01
5.555555555555529E+02	7.266547046902588E+01
5.565565565565539E+02	7.359321993208641E+01
5.575575575575549E+02	7.452741878855340E+01
5.585585585585559E+02	7.546807587132389E+01
5.595595595595569E+02	7.641519998119838E+01
5.605605605605579E+02	7.736879988699184E+01
5.615615615615588E+02	7.832888432566233E+01
5.625625625625598E+02	7.929546200241839E+01
5.635635635635608E+02	8.026854159082814E+01
5.645645645645618E+02	8.124813173295388E+01
5.655655655655628E+02	8.223424103945672E+01
5.665665665665638E+02	8.322687808971295E+01
5.675675675675648E+02	8.422605143193232E+01
5.685685685685658E+02	8.523176958326712E+01
5.695695695695667E+02	8.624404102993321E+01
5.705705705705677E+02	8.726287422732366E+01
5.715715715715687E+02	8.828827760011791E+01
5.725725725725697E+02	8.932025954239725E+01
5.735735735735707E+02	9.035882841776311E+01
5.745745745745717E+02	9.140399255943885E+01
5.755755755755727E+02	9.245576027039897E+01
5.765765765765736E+02	9.351413982345821E+01
5.775775775775746E+02	9.457913946141434E+01
5.785785785785756E+02	9.565076739712367E+01
5.795795795795766E+02	9.672903181364472E+01
5.805805805805776E+02	9.781394086432647E+01
5.815815815815786E+02	9.890550267293384E+01
5.825825825825796E+02	1.000037253337450E+02
5.835835835835805E+02	1.011086169116807E+02
5.845845845845815E+02	1.022201854423802E+02
5.855855855855825E+02	1.033384389323519E+02
5.865865865865835E+02	1.044633853590522E+02
5.875875875875845E+02	1.055950326709994E+02
5.885885885885855E+02	1.067333887878958E+02
5.895895895895865E+02	1.078784616007197E+02
5.905905905905875E+02	1.090302589718412E+02
5.915915915915884E+02	1.101887887351231E+02
5.925925925925894E+02	1.113540586960389E+02
5.935935935935904E+02	1.125260766317647E+02
5.945945945945914E+02	1.137048502913017E+02
5.955955955955924E+02	1.148903873955633E+02
5.965965965965934E+02	1.160826956375013E+02
5.975975975975944E+02	1.172817826821897E+02
5.985985985985953E+02	1.184876561669498E+02
5.995995995995963E+02	1.197003237014374E+02
6.006006006005973E+02	1.209197928677609E+02
6.016016016015983E+02	1.221460712205735E+02
6.026026026025993E+02	1.233791662871909E+02
6.036036036036003E+02	1.246190855676759E+02
6.046046046046013E+02	1.258658365349575E+02
6.056056056056022E+02	1.271194266349203E+02
6.066066066066032E+02	1.283798632865273E+02
6.076076076076042E+02	1.296471538818896E+02
6.086086086086052E+02	1.309213057864022E+02
6.096096096096062E+02	1.322023263388182E+02
6.106106106106072E+02	1.334902228513638E+02
6.116116116116082E+02	1.347850026098386E+02
6.126126126126092E+02	1.360866728737110E+02
6.136136136136101E+02	1.373952408762216E+02
6.146146146146111E+02	1.387107138244719E+02
6.156156156156121E+02	1.400330988995438E+02
6.166166166166131E+02	1.413624032565795E+02
6.176176176176141E+02	1.426986340248932E+02
6.186186186186151E+02	1.440417983080597E+02
6.196196196196161E+02	1.453919031840178E+02
6.206206206206170E+02	1.467489557051640E+02
6.216216216216180E+02	1.481129628984568E+02
6.226226226226190E+02	1.494839317655042E+02
6.236236236236200E+02	1.508618692826658E+02
6.246246246246210E+02	1.522467824011478E+02
6.256256256256220E+02	1.536386780470989E+02
6.266266266266230E+02	1.550375631217075E+02
6.276276276276240E+02	1.564434445012962E+02
6.286286286286249E+02	1.578563290374123E+02
6.296296296296259E+02	1.592762235569226E+02
6.306306306306269E+02	1.607031348621194E+02
6.316316316316279E+02	1.621370697308021E+02
6.326326326326289E+02	1.635780349163751E+02
6.336336336336299E+02	1.650260371479426E+02
6.346346346346309E+02	1.664810831303867E+02
6.356356356356318E+02	1.679431795444943E+02
6.366366366366328E+02	1.694123330470111E+02
6.376376376376338E+02	1.708885502707581E+02
6.386386386386348E+02	1.723718378247063E+02
6.396396396396358E+02	1.738622022940963E+02
6.406406406406368E+02	1.753596502404839E+02
6.416416416416378E+02	1.768641882018787E+02
6.426426426426387E+02	1.783758226928067E+02
6.436436436436397E+02	1.798945602044005E+02
6.446446446446407E+02	1.814204072045013E+02
6.456456456456417E+02	1.829533701377386E+02
6.466466466466427E+02	1.844934554256242E+02
6.476476476476437E+02	1.860406694666449E+02
6.486486486486447E+02	1.875950186363307E+02
6.496496496496457E+02	1.891565092873734E+02
6.506506506506466E+02	1.907251477496907E+02
6.516516516516476E+02	1.923009403305218E+02
6.526526526526486E+02	1.938838933145184E+02
6.536536536536496E+02	1.954740129638258E+02
6.546546546546506E+02	1.970713055181668E+02
6.556556556556516E+02	1.986757771949415E+02
6.566566566566526E+02	2.002874341892957E+02
6.576576576576535E+02	2.019062826742202E+02
6.586586586586545E+02	2.035323288006298E+02
6.596596596596555E+02	2.051655786974470E+02
6.606606606606565E+02	2.068060384716969E+02
6.616616616616575E+02	2.084537142085765E+02
6.626626626626585E+02	2.101086119715437E+02
6.636636636636595E+02	2.117707378024152E+02
6.646646646646604E+02	2.134400977214254E+02
6.656656656656614E+02	2.151166977273333E+02
6.666666666666624E+02	2.168005437974848E+02
6.676676676676634E+02	2.184916418879138E+02
6.686686686686644E+02	2.201899979334107E+02
6.696696696696654E+02	2.218956178476096E+02
6.706706706706664E+02	2.236085075230740E+02
6.716716716716674E+02	2.253286728313660E+02
6.726726726726683E+02	2.270561196231397E+02
6.736736736736693E+02	2.287908537282224E+02
6.746746746746703E+02	2.305328809556809E+02
6.756756756756713E+02	2.322822070939146E+02
6.766766766766723E+02	2.340388379107362E+02
6.776776776776733E+02	2.358027791534359E+02
6.786786786786743E+02	2.375740365488855E+02
6.796796796796752E+02	2.393526158035902E+02
6.806806806806762E+02	2.411385226037887E+02
6.816816816816772E+02	2.429317626155175E+02
6.826826826826782E+02	2.447323414846987E+02
6.836836836836792E+02	2.465402648372183E+02
6.846846846846802E+02	2.483555382789846E+02
6.856856856856812E+02	2.501781673960331E+02
6.866866866866822E+02	2.520081577545893E+02
6.876876876876831E+02	2.538455149011388E+02
6.886886886886841E+02	2.556902443625154E+02
6.896896896896851E+02	2.575423516459782E+02
6.906906906906861E+02	2.594018422392760E+02
6.916916916916871E+02	2.612687216107242E+02
6.926926926926881E+02	2.631429952092944E+02
6.936936936936891E+02	2.650246684646800E+02
6.946946946946900E+02	2.669137467873579E+02
6.956956956956910E+02	2.688102355686897E+02
6.966966966966920E+02	2.707141401809731E+02
6.976976976976930E+02	2.726254659775277E+02
6.986986986986940E+02	2.745442182927613E+02
6.996996996996950E+02	2.764704024422513E+02
7.007007007006960E+02	2.784040237228087E+02
7.017017017016969E+02	2.803450874125547E+02
7.027027027026979E+02	2.822935987710016E+02
7.037037037036989E+02	2.842495630391054E+02
7.047047047046999E+02	2.862129854393543E+02
7.057057057057009E+02	2.881838711758346E+02
7.067067067067019E+02	2.901622254343051E+02
7.077077077077029E+02	2.921480533822619E+02
7.087087087087039E+02	2.941413601690092E+02
7.097097097097048E+02	2.961421509257466E+02
7.107107107107058E+02	2.981504307656037E+02
7.117117117117068E+02	3.001662047837522E+02
7.127127127127078E+02	3.021894780574462E+02
7.137137137137088E+02	3.042202556461102E+02
7.147147147147098E+02	3.062585425913749E+02
7.157157157157108E+02	3.083043439172006E+02
7.167167167167117E+02	3.103576646298916E+02
7.177177177177127E+02	3.124185097182108E+02
7.187187187187137E+02	3.144868841533998E+02
7.197197197197147E+02	3.165627928892809E+02
7.207207207207157E+02	3.186462408623293E+02
7.217217217217167E+02	3.207372329917162E+02
7.227227227227177E+02	3.228357741793775E+02
7.237237237237186E+02	3.249418693101038E+02
7.247247247247196E+02	3.270555232515862E+02
7.257257257257206E+02	3.291767408544893E+02
7.267267267267216E+02	3.313055269525180E+02
7.277277277277226E+02	3.334418863624783E+02
7.287287287287236E+02	3.355858238843498E+02
7.297297297297246E+02	3.377373443013494E+02
7.307307307307256E+02	3.398964523799850E+02
7.317317317317265E+02	3.420631528701447E+02
7.327327327327275E+02	3.442374505051312E+02
7.337337337337285E+02	3.464193500017450E+02
7.347347347347295E+02	3.486088560603484E+02
7.357357357357305E+02	3.508059733649261E+02
7.367367367367315E+02	3.530107065831357E+02
7.377377377377325E+02	3.552230603663993E+02
7.387387387387334E+02	3.574430393499338E+02
7.397397397397344E+02	3.596706481528427E+02
7.407407407407354E+02	3.619058913781528E+02
7.417417417417364E+02	3.641487736129016E+02
7.427427427427374E+02	3.663992994281793E+02
7.437437437437384E+02	3.686574733791981E+02
7.447447447447394E+02	3.709233000053541E+02
7.457457457457404E+02	3.731967838302885E+02
7.467467467467413E+02	3.754779293619449E+02
7.477477477477423E+02	3.777667410926433E+02
7.487487487487433E+02	3.800632234991181E+02
7.497497497497443E+02	3.823673810425930E+02
7.507507507507453E+02	3.846792181688452E+02
7.517517517517463E+02	3.869987393082538E+02
7.527527527527473E+02	3.893259488758622E+02
7.537537537537482E+02	3.916608512714442E+02
7.547547547547492E+02	3.940034508795488E+02
7.557557557557502E+02	3.963537520695882E+02
7.567567567567512E+02	3.987117591958554E+02
7.577577577577522E+02	4.010774765976089E+02
7.587587587587532E+02	4.034509085991417E+02
7.597597597597542E+02	4.058320595097998E+02
7.607607607607551E+02	4.082209336240826E+02
7.617617617617561E+02	4.106175352216651E+02
7.627627627627571E+02	4.130218685674863E+02
7.637637637637581E+02	4.154339379117814E+02
7.647647647647591E+02	4.178537474901468E+02
7.657657657657601E+02	4.202813015236056E+02
7.667667667667611E+02	4.227166042186550E+02
7.677677677677621E+02	4.251596597673197E+02
7.687687687687630E+02	4.276104723472135E+02
7.697697697697640E+02	4.300690461215881E+02
7.707707707707650E+02	4.325353852394146E+02
7.717717717717660E+02	4.350094938353873E+02
7.727727727727670E+02	4.374913760300319E+02
7.737737737737680E+02	4.399810359297280E+02
7.747747747747690E+02	4.424784776267747E+02
7.757757757757699E+02	4.449837051994473E+02
7.767767767767709E+02	4.474967227120401E+02
7.777777777777719E+02	4.500175342149382E+02
7.787787787787729E+02	4.525461437446465E+02
7.797797797797739E+02	4.550825553238678E+02
7.807807807807749E+02	4.576267729615447E+02
7.817817817817759E+02	4.601788006529146E+02
7.827827827827768E+02	4.627386423795556E+02
7.837837837837778E+02	4.653063021094513E+02
7.847847847847788E+02	4.678817837970323E+02
7.857857857857798E+02	4.704650913832302E+02
7.867867867867808E+02	4.730562287955440E+02
7.877877877877818E+02	4.756551999480675E+02
7.887887887887828E+02	4.782620087415598E+02
7.897897897897838E+02	4.808766590634959E+02
7.907907907907847E+02	4.834991547880977E+02
7.917917917917857E+02	4.861294997764107E+02
7.927927927927867E+02	4.887676978763502E+02
7.937937937937877E+02	4.914137529227182E+02
7.947947947947887E+02	4.940676687373148E+02
7.957957957957897E+02	4.967294491289290E+02
7.967967967967907E+02	4.993990978934244E+02
7.977977977977916E+02	5.020766188137818E+02
7.987987987987926E+02	5.047620156601338E+02
7.997997997997936E+02	5.074552921898353E+02
8.008008008007946E+02	5.101564521475020E+02
8.018018018017956E+02	5.128654992650640E+02
8.028028028027966E+02	5.155824372617940E+02
8.038038038037976E+02	5.183072698443921E+02
8.048048048047986E+02	5.210400007069993E+02
8.058058058057995E+02	5.237806335312785E+02
8.068068068068005E+02	5.265291719864290E+02
8.078078078078015E+02	5.292856197292572E+02
8.088088088088025E+02	5.320499804042165E+02
8.098098098098035E+02	5.348222576434578E+02
8.108108108108045E+02	5.376024550668699E+02
8.118118118118055E+02	5.403905762821287E+02
8.128128128128064E+02	5.431866248847582E+02
8.138138138138074E+02	5.459906044581526E+02
8.148148148148084E+02	5.488025185736346E+02
8.158158158158094E+02	5.516223707905124E+02
8.168168168168104E+02	5.544501646561098E+02
8.178178178178114E+02	5.572859037058174E+02
8.188188188188124E+02	5.601295914631432E+02
8.198198198198133E+02	5.629812314397432E+02
8.208208208208143E+02	5.658408271354861E+02
8.218218218218153E+02	5.687083820384846E+02
8.228228228228163E+02	5.715838996251464E+02
8.238238238238173E+02	5.744673833602228E+02
8.248248248248183E+02	5.773588366968415E+02
8.258258258258193E+02	5.802582630765569E+02
8.268268268268203E+02	5.831656659293981E+02
8.278278278278212E+02	5.860810486739097E+02
8.288288288288222E+02	5.890044147171957E+02
8.298298298298232E+02	5.919357674549638E+02
8.308308308308242E+02	5.948751102715623E+02
8.318318318318252E+02	5.978224465400349E+02
8.328328328328262E+02	6.007777796221612E+02
8.338338338338272E+02	6.037411128684912E+02
8.348348348348281E+02	6.067124496183956E+02
8.358358358358291E+02	6.096917932001043E+02
8.368368368368301E+02	6.126791469307568E+02
8.378378378378311E+02	6.156745141164292E+02
8.388388388388321E+02	6.186778980521999E+02
8.398398398398331E+02	6.216893020221623E+02
8.408408408408341E+02	6.247087292994884E+02
8.418418418418350E+02	6.277361831464732E+02
8.428428428428360E+02	6.307716668145376E+02
8.438438438438370E+02	6.338151835443396E+02
8.448448448448380E+02	6.368667365657411E+02
8.458458458458390E+02	6.399263290978947E+02
8.468468468468400E+02	6.429939643492744E+02
8.478478478478410E+02	6.460696455177044E+02
8.488488488488420E+02	6.491533757904222E+02
8.498498498498429E+02	6.522451583440957E+02
8.508508508508439E+02	6.553449963448711E+02
8.518518518518449E+02	6.584528929484213E+02
8.528528528528459E+02	6.615688512999741E+02
8.538538538538469E+02	6.646928745343707E+02
8.548548548548479E+02	6.678249657760662E+02
8.558558558558489E+02	6.709651281392075E+02
8.568568568568498E+02	6.741133647276733E+02
8.578578578578508E+02	6.772696786350702E+02
8.588588588588518E+02	6.804340729448163E+02
8.598598598598528E+02	6.836065507301691E+02
8.608608608608538E+02	6.867871150542392E+02
8.618618618618548E+02	6.899757689700605E+02
8.628628628628558E+02	6.931725155206236E+02
8.638638638638567E+02	6.963773577388847E+02
8.648648648648577E+02	6.995902986478436E+02
8.658658658658587E+02	7.028113412605526E+02
8.668668668668597E+02	7.060404885801599E+02
8.678678678678607E+02	7.092777435999683E+02
8.688688688688617E+02	7.125231093034349E+02
8.698698698698627E+02	7.157765886642469E+02
8.708708708708637E+02	7.190381846463206E+02
8.718718718718646E+02	7.223079002038694E+02
8.728728728728656E+02	7.255857382814315E+02
8.738738738738666E+02	7.288717018138950E+02
8.748748748748676E+02	7.321657937265504E+02
8.758758758758686E+02	7.354680169351113E+02
8.768768768768696E+02	7.387783743457703E+02
8.778778778778706E+02	7.420968688552098E+02
8.788788788788715E+02	7.454235033506516E+02
8.798798798798725E+02	7.487582807099084E+02
8.808808808808735E+02	7.521012038013832E+02
8.818818818818745E+02	7.554522754841391E+02
8.828828828828755E+02	7.588114986079022E+02
8.838838838838765E+02	7.621788760131353E+02
8.848848848848775E+02	7.655544105310391E+02
8.858858858858785E+02	7.689381049835883E+02
8.868868868868794E+02	7.723299621836109E+02
8.878878878878804E+02	7.757299849347519E+02
8.888888888888814E+02	7.791381760315689E+02
8.898898898898824E+02	7.825545382595319E+02
8.908908908908834E+02	7.859790743950653E+02
8.918918918918844E+02	7.894117872055949E+02
8.928928928928854E+02	7.928526794495633E+02
8.938938938938863E+02	7.963017538764670E+02
8.948948948948873E+02	7.997590132269074E+02
8.958958958958883E+02	8.032244602325900E+02
8.968968968968893E+02	8.066980976164100E+02
8.978978978978903E+02	8.101799280924233E+02
8.988988988988913E+02	8.136699543659306E+02
8.998998998998923E+02	8.171681791334595E+02
9.009009009008932E+02	8.206746050828656E+02
9.019019019018942E+02	8.241892348933061E+02
9.029029029028952E+02	8.277120712352967E+02
9.039039039038962E+02	8.312431167707409E+02
9.049049049048972E+02	8.347823741529501E+02
9.059059059058982E+02	8.383298460267038E+02
9.069069069068992E+02	8.418855350282593E+02
9.079079079079002E+02	8.454494437853882E+02
9.089089089089011E+02	8.490215749173972E+02
9.099099099099021E+02	8.526019310351880E+02
9.109109109109031E+02	8.561905147412658E+02
9.119119119119041E+02	8.597873286297659E+02
9.129129129129051E+02	8.633923752865103E+02
9.139139139139061E+02	8.670056572890244E+02
9.149149149149071E+02	8.706271772065470E+02
9.159159159159080E+02	8.742569376000952E+02
9.169169169169090E+02	8.778949410224927E+02
9.179179179179100E+02	8.815411900183608E+02
9.189189189189110E+02	8.851956871242101E+02
9.199199199199120E+02	8.888584348684049E+02
9.209209209209130E+02	8.925294357712451E+02
9.219219219219140E+02	8.962086923449765E+02
9.229229229229149E+02	8.998962070938105E+02
9.239239239239159E+02	9.035919825139626E+02
9.249249249249169E+02	9.072960210937058E+02
9.259259259259179E+02	9.110083253133616E+02
9.269269269269189E+02	9.147288976453315E+02
9.279279279279199E+02	9.184577405541777E+02
9.289289289289209E+02	9.221948564965915E+02
9.299299299299219E+02	9.259402479214336E+02
9.309309309309228E+02	9.296939172698071E+02
9.319319319319238E+02	9.334558669750322E+02
9.329329329329248E+02	9.372260994627027E+02
9.339339339339258E+02	9.410046171507224E+02
9.349349349349268E+02	9.447914224492970E+02
9.359359359359278E+02	9.485865177609949E+02
9.369369369369288E+02	9.523899054807775E+02
9.379379379379297E+02	9.562015879960081E+02
9.389389389389307E+02	9.600215676864859E+02
9.399399399399317E+02	9.638498469244764E+02
9.409409409409327E+02	9.676864280747477E+02
9.419419419419337E+02	9.715313134945700E+02
9.429429429429347E+02	9.753845055337806E+02
9.439439439439357E+02	9.792460065347905E+02
9.449449449449367E+02	9.831158188326090E+02
9.459459459459376E+02	9.869939447548786E+02
9.469469469469386E+02	9.908803866218914E+02
9.479479479479396E+02	9.947751467466496E+02
9.489489489489406E+02	9.986782274348398E+02
9.499499499499416E+02	1.002589630984893E+03
9.509509509509426E+02	1.006509359688023E+03
9.519519519519436E+02	1.010437415828218E+03
9.529529529529445E+02	1.014373801682286E+03
9.539539539539455E+02	1.018318519519885E+03
9.549549549549465E+02	1.022271571603551E+03
9.559559559559475E+02	1.026232960188688E+03
9.569569569569485E+02	1.030202687523662E+03
9.579579579579495E+02	1.034180755849764E+03
9.589589589589505E+02	1.038167167401268E+03
9.599599599599514E+02	1.042161924405446E+03
9.609609609609524E+02	1.046165029082583E+03
9.619619619619534E+02	1.050176483646043E+03
9.629629629629544E+02	1.054196290302257E+03
9.639639639639554E+02	1.058224451250737E+03
9.649649649649564E+02	1.062260968684154E+03
9.659659659659574E+02	1.066305844788318E+03
9.669669669669584E+02	1.070359081742196E+03
9.679679679679593E+02	1.074420681718008E+03
9.689689689689603E+02	1.078490646881148E+03
9.699699699699613E+02	1.082568979390302E+03
9.709709709709623E+02	1.086655681397415E+03
9.719719719719633E+02	1.090750755047713E+03
9.729729729729643E+02	1.094854202479779E+03
9.739739739739653E+02	1.098966025825556E+03
9.749749749749662E+02	1.103086227210312E+03
9.759759759759672E+02	1.107214808752762E+03
9.769769769769682E+02	1.111351772565015E+03
9.779779779779692E+02	1.115497120752631E+03
9.789789789789702E+02	1.119650855414645E+03
9.799799799799712E+02	1.123812978643587E+03
9.809809809809722E+02	1.127983492525497E+03
9.819819819819731E+02	1.132162399139957E+03
9.829829829829741E+02	1.136349700560130E+03
9.839839839839751E+02	1.140545398852735E+03
9.849849849849761E+02	1.144749496078124E+03
9.859859859859771E+02	1.148961994290287E+03
9.869869869869781E+02	1.153182895536845E+03
9.879879879879791E+02	1.157412201859125E+03
9.889889889889801E+02	1.161649915292144E+03
9.899899899899810E+02	1.165896037864670E+03
9.909909909909820E+02	1.170150571599157E+03
9.919919919919830E+02	1.174413518511896E+03
9.929929929929840E+02	1.178684880612937E+03
9.939939939939850E+02	1.182964659906168E+03
9.949949949949860E+02	1.187252858389284E+03
9.959959959959870E+02	1.191549478053867E+03
9.969969969969879E+02	1.195854520885368E+03
9.979979979979889E+02	1.200167988863157E+03
9.989989989989899E+02	1.204489883960498E+03
9.999999999999909E+02	1.208820208144642E+03
