# mass, thermodynamic potential
0.000000000000000E+00	                 NAN
1.001001001001001E+00	-1.683821816821364E+01
2.002002002002002E+00	-1.683387603302253E+01
3.003003003003003E+00	-1.682663944408750E+01
4.004004004004004E+00	-1.684652235607291E+01
5.005005005005005E+00	-1.683349781494690E+01
6.006006006006006E+00	-1.684758990360024E+01
7.007007007007006E+00	-1.682878015814367E+01
8.008008008008007E+00	-1.683708437360292E+01
9.009009009009008E+00	-1.684249421400364E+01
1.001001001001001E+01	-1.684501083060786E+01
1.101101101101101E+01	-1.684463555619732E+01
1.201201201201201E+01	-1.684136990498291E+01
1.301301301301301E+01	-1.683521557252061E+01
1.401401401401401E+01	-1.682617443561185E+01
1.501501501501501E+01	-1.684421951494369E+01
1.601601601601601E+01	-1.682940620793079E+01
1.701701701701701E+01	-1.684167079734334E+01
1.801801801801802E+01	-1.682109447511448E+01
1.901901901901902E+01	-1.682758792788809E+01
2.002002002002002E+01	-1.683119560869864E+01
2.102102102102102E+01	-1.683192026622464E+01
2.202202202202202E+01	-1.682976482938238E+01
2.302302302302302E+01	-1.682473240714853E+01
2.402402402402402E+01	-1.681682628837598E+01
2.502502502502502E+01	-1.683593987757422E+01
2.602602602602602E+01	-1.682228783805203E+01
2.702702702702702E+01	-1.683564160718106E+01
2.802802802802802E+01	-1.681625843138499E+01
2.902902902902902E+01	-1.682386735615546E+01
3.003003003003002E+01	-1.682860365918441E+01
3.103103103103102E+01	-1.683047148911965E+01
3.203203203203203E+01	-1.682947517287448E+01
3.303303303303303E+01	-1.682561921534625E+01
3.403403403403403E+01	-1.681890829914573E+01
3.503503503503503E+01	-1.683911419703190E+01
3.603603603603603E+01	-1.682669480750383E+01
3.703703703703703E+01	-1.684117270368597E+01
3.803803803803803E+01	-1.682306517203688E+01
3.903903903903903E+01	-1.683183557845132E+01
4.004004004004003E+01	-1.683775200755008E+01
4.104104104104103E+01	-1.681114648585435E+01
4.204204204204203E+01	-1.681138870321001E+01
4.304304304304303E+01	-1.683843355477620E+01
4.404404404404404E+01	-1.683299107444918E+01
4.504504504504504E+01	-1.682472399147173E+01
4.604604604604604E+01	-1.681363870433916E+01
4.704704704704704E+01	-1.682930845640976E+01
4.804804804804804E+01	-1.681258886901423E+01
4.904904904904904E+01	-1.682259926226106E+01
5.005005005005004E+01	-1.682977966128010E+01
5.105105105105104E+01	-1.683413693478542E+01
5.205205205205204E+01	-1.680621326363462E+01
5.305305305305304E+01	-1.680496691656617E+01
5.405405405405404E+01	-1.683034126594339E+01
5.505505505505504E+01	-1.682347815685080E+01
5.605605605605604E+01	-1.681382883611286E+01
5.705705705705704E+01	-1.680140119738235E+01
5.805805805805804E+01	-1.681553526705284E+01
5.905905905905905E+01	-1.682686015859554E+01
6.006006006006005E+01	-1.680610210353734E+01
6.106106106106105E+01	-1.681185811517025E+01
6.206206206206205E+01	-1.681482959946516E+01
6.306306306306305E+01	-1.681502506414563E+01
6.406406406406406E+01	-1.681245318352103E+01
6.506506506506506E+01	-1.680712279795534E+01
6.606606606606606E+01	-1.679904291331059E+01
6.706706706706706E+01	-1.681732465136838E+01
6.806806806806806E+01	-1.680374723029354E+01
6.906906906906906E+01	-1.681649466279077E+01
7.007007007007006E+01	-1.679745717563401E+01
7.107107107107106E+01	-1.680470789927676E+01
7.207207207207206E+01	-1.680920994742519E+01
7.307307307307306E+01	-1.681097307458413E+01
7.407407407407406E+01	-1.681000719663416E+01
7.507507507507506E+01	-1.680632239021088E+01
7.607607607607606E+01	-1.679992889207324E+01
7.707707707707706E+01	-1.679083709846600E+01
7.807807807807806E+01	-1.677905756447035E+01
7.907907907907907E+01	-1.679334764326995E+01
8.008008008008007E+01	-1.677619421843929E+01
8.108108108108107E+01	-1.678506770714648E+01
8.208208208208207E+01	-1.679123225837020E+01
8.308308308308307E+01	-1.679469881714749E+01
8.408408408408407E+01	-1.676689838345101E+01
8.508508508508507E+01	-1.676503670201555E+01
8.608608608608607E+01	-1.678902231663369E+01
8.708708708708707E+01	-1.678180945427721E+01
8.808808808808807E+01	-1.677195564209478E+01
8.908908908908907E+01	-1.675947274704413E+01
9.009009009009007E+01	-1.677274225312476E+01
9.109109109109107E+01	-1.675500231916521E+01
9.209209209209207E+01	-1.676296592403696E+01
9.309309309309307E+01	-1.676827567401233E+01
9.409409409409407E+01	-1.677094379012215E+01
9.509509509509508E+01	-1.677098264142387E+01
9.609609609609608E+01	-1.676840474419669E+01
9.709709709709708E+01	-1.676322276114342E+01
9.809809809809808E+01	-1.675544950057474E+01
9.909909909909908E+01	-1.674509791559240E+01
1.001001001001001E+02	-1.673218110326616E+01
1.011011011011011E+02	-1.674465640916515E+01
1.021021021021021E+02	-1.672660954794446E+01
1.031031031031031E+02	-1.673389959247652E+01
1.041041041041041E+02	-1.673859570813011E+01
1.051051051051051E+02	-1.674071130626726E+01
1.061061061061061E+02	-1.671252620858013E+01
1.071071071071071E+02	-1.670956462334607E+01
1.081081081081081E+02	-1.673171120018515E+01
1.091091091091091E+02	-1.672364162360964E+01
1.101101101101101E+02	-1.671306066479610E+01
1.111111111111111E+02	-1.669998256019335E+01
1.121121121121121E+02	-1.671189213269372E+01
1.131131131131131E+02	-1.669381913702364E+01
1.141141141141141E+02	-1.670067205194709E+01
1.151151151151151E+02	-1.670499480105900E+01
1.161161161161161E+02	-1.667951647724931E+01
1.171171171171171E+02	-1.667886987487509E+01
1.181181181181181E+02	-1.667573715087428E+01
1.191191191191191E+02	-1.667013320134447E+01
1.201201201201201E+02	-1.666207305010676E+01
1.211211211211211E+02	-1.667861931560856E+01
1.221221221221221E+02	-1.666564435773216E+01
1.231231231231231E+02	-1.665025889619346E+01
1.241241241241241E+02	-1.665937862313922E+01
1.251251251251251E+02	-1.663917048166604E+01
1.261261261261261E+02	-1.664339897485797E+01
1.271271271271271E+02	-1.664517943588226E+01
1.281281281281281E+02	-1.664452748586655E+01
1.291291291291291E+02	-1.661481374100549E+01
1.301301301301301E+02	-1.660939630445046E+01
1.311311311311312E+02	-1.662813517023051E+01
1.321321321321322E+02	-1.661791216567281E+01
1.331331331331332E+02	-1.660533663006981E+01
1.341341341341342E+02	-1.659042488672731E+01
1.351351351351352E+02	-1.659952160456123E+01
1.361361361361362E+02	-1.657993409763867E+01
1.371371371371372E+02	-1.658427947704422E+01
1.381381381381383E+02	-1.658624589325882E+01
1.391391391391393E+02	-1.655974242349930E+01
1.401401401401403E+02	-1.655705677655487E+01
1.411411411411413E+02	-1.655204210044849E+01
1.421421421421423E+02	-1.654471521132746E+01
1.431431431431433E+02	-1.653509303085730E+01
1.441441441441443E+02	-1.652319258504167E+01
1.451451451451454E+02	-1.653479883840873E+01
1.461461461461464E+02	-1.651833630706551E+01
1.471471471471474E+02	-1.649964707569734E+01
1.481481481481484E+02	-1.650434189450334E+01
1.491491491491494E+02	-1.648119423190701E+01
1.501501501501504E+02	-1.648134766860812E+01
1.511511511511515E+02	-1.647922622932720E+01
1.521521521521525E+02	-1.647484735345006E+01
1.531531531531535E+02	-1.646822857540337E+01
1.541541541541545E+02	-1.645938752341408E+01
1.551551551551555E+02	-1.644834191823884E+01
1.561561561561565E+02	-1.643510957190756E+01
1.571571571571575E+02	-1.641970838643329E+01
1.581581581581586E+02	-1.642713962926155E+01
1.591591591591596E+02	-1.640739312796450E+01
1.601601601601606E+02	-1.638553189638833E+01
1.611611611611616E+02	-1.638636897310880E+01
1.621621621621626E+02	-1.638500073652176E+01
1.631631631631636E+02	-1.635678075673013E+01
1.641641641641646E+02	-1.635112144935010E+01
1.651651651651657E+02	-1.634331132652687E+01
1.661661661661667E+02	-1.633336867391336E+01
1.671671671671677E+02	-1.632131185583467E+01
1.681681681681687E+02	-1.630715931392206E+01
1.691691691691697E+02	-1.629092956574095E+01
1.701701701701707E+02	-1.629684564047147E+01
1.711711711711717E+02	-1.627645111833090E+01
1.721721721721728E+02	-1.627810411482824E+01
1.731731731731738E+02	-1.625361927949325E+01
1.741741741741748E+02	-1.625108345224908E+01
1.751751751751758E+02	-1.622258332798947E+01
1.761761761761768E+02	-1.621593348797978E+01
1.771771771771778E+02	-1.620721987016350E+01
1.781781781781789E+02	-1.619646125467807E+01
1.791791791791799E+02	-1.618367648560525E+01
1.801801801801809E+02	-1.616888446950816E+01
1.811811811811819E+02	-1.615210417397157E+01
1.821821821821829E+02	-1.613335462611758E+01
1.831831831831839E+02	-1.613595563699891E+01
1.841841841841849E+02	-1.611325407167169E+01
1.851851851851860E+02	-1.608864056047423E+01
1.861861861861870E+02	-1.608521918901943E+01
1.871871871871880E+02	-1.605676841439208E+01
1.881881881881890E+02	-1.604940278345839E+01
1.891891891891900E+02	-1.604005651454509E+01
1.901901901901910E+02	-1.602874871055792E+01
1.911911911911920E+02	-1.601549852276730E+01
1.921921921921931E+02	-1.597768446838427E+01
1.931931931931941E+02	-1.598324783333965E+01
1.941941941941951E+02	-1.596428586201409E+01
1.951951951951961E+02	-1.594345856435166E+01
1.961961961961971E+02	-1.592078530992103E+01
1.971971971971981E+02	-1.589628550717816E+01
1.981981981981992E+02	-1.589216481955964E+01
1.991991991992002E+02	-1.586399466765715E+01
2.002002002002012E+02	-1.585608806626851E+01
2.012012012012022E+02	-1.582432518179075E+01
2.022022022022032E+02	-1.581270996855210E+01
2.032032032032042E+02	-1.579922993672653E+01
2.042042042042052E+02	-1.578390439386567E+01
2.052052052052063E+02	-1.576675267613746E+01
2.062062062062073E+02	-1.574779414665045E+01
2.072072072072083E+02	-1.572704819376486E+01
2.082082082082093E+02	-1.570453422939681E+01
2.092092092092103E+02	-1.568027168730941E+01
2.102102102102113E+02	-1.565428002139424E+01
2.112112112112123E+02	-1.562657870395060E+01
2.122122122122134E+02	-1.561826445044062E+01
2.132132132132144E+02	-1.558712206998825E+01
2.142142142142154E+02	-1.557524197055363E+01
2.152152152152164E+02	-1.554073617922313E+01
2.162162162162174E+02	-1.552536751714342E+01
2.172172172172184E+02	-1.550824169637872E+01
2.182182182182194E+02	-1.546879620512118E+01
2.192192192192205E+02	-1.544829779651809E+01
2.202202202202215E+02	-1.542610009487953E+01
2.212212212212225E+02	-1.540222236418231E+01
2.222222222222235E+02	-1.537668387049462E+01
2.232232232232245E+02	-1.534950388013522E+01
2.242242242242255E+02	-1.534077803243827E+01
2.252252252252266E+02	-1.531028826234933E+01
2.262262262262276E+02	-1.527821468091724E+01
2.272272272272286E+02	-1.526439575674112E+01
2.282282282282296E+02	-1.522912742671087E+01
2.292292292292306E+02	-1.521197916600113E+01
2.302302302302316E+02	-1.517359262831815E+01
2.312312312312326E+02	-1.515319114600516E+01
2.322322322322337E+02	-1.511176284142402E+01
2.332332332332347E+02	-1.508818414444931E+01
2.342342342342357E+02	-1.506300101715533E+01
2.352352352352367E+02	-1.503623231580377E+01
2.362362362362377E+02	-1.500789687585439E+01
2.372372372372387E+02	-1.497801350996815E+01
2.382382382382397E+02	-1.494660100601141E+01
2.392392392392408E+02	-1.491367812504268E+01
2.402402402402418E+02	-1.487926359929043E+01
2.412412412412428E+02	-1.486196114282802E+01
2.422422422422438E+02	-1.482453012935366E+01
2.432432432432448E+02	-1.478566339135659E+01
2.442442442442458E+02	-1.476369331893284E+01
2.452452452452468E+02	-1.472192136857120E+01
2.462462462462479E+02	-1.469690079903785E+01
2.472472472472489E+02	-1.465229738402377E+01
2.482482482482499E+02	-1.462429957529048E+01
2.492492492492509E+02	-1.459479400815781E+01
2.502502502502519E+02	-1.456379878502958E+01
2.512512512512529E+02	-1.451366229576433E+01
2.522522522522540E+02	-1.447983511163557E+01
2.532532532532550E+02	-1.444457236020571E+01
2.542542542542560E+02	-1.440789193985756E+01
2.552552552552570E+02	-1.436981169277533E+01
2.562562562562580E+02	-1.433034940271318E+01
2.572572572572590E+02	-1.430663194625231E+01
2.582582582582600E+02	-1.426436501039234E+01
2.592592592592609E+02	-1.422076894225938E+01
2.602602602602619E+02	-1.419268603436421E+01
2.612612612612629E+02	-1.414639035181699E+01
2.622622622622639E+02	-1.409881784761137E+01
2.632632632632649E+02	-1.406652561655028E+01
2.642642642642659E+02	-1.401635727824578E+01
2.652652652652669E+02	-1.398131218110029E+01
2.662662662662678E+02	-1.394486744008736E+01
2.672672672672688E+02	-1.389088626432431E+01
2.682682682682698E+02	-1.385179009923377E+01
2.692692692692708E+02	-1.381134455482470E+01
2.702702702702718E+02	-1.376956619693465E+01
2.712712712712728E+02	-1.372647150305966E+01
2.722722722722738E+02	-1.368207685986818E+01
2.732732732732748E+02	-1.363639856072041E+01
2.742742742742757E+02	-1.358945280314219E+01
2.752752752752767E+02	-1.354125568630525E+01
2.762762762762777E+02	-1.349182320846649E+01
2.772772772772787E+02	-1.344117126439232E+01
2.782782782782797E+02	-1.340439393723318E+01
2.792792792792807E+02	-1.335125227755088E+01
2.802802802802817E+02	-1.329693814795110E+01
2.812812812812826E+02	-1.325624783548164E+01
2.822822822822836E+02	-1.319953685788823E+01
2.832832832832846E+02	-1.315628064104658E+01
2.842842842842856E+02	-1.309723354977314E+01
2.852852852852866E+02	-1.305147153697953E+01
2.862862862862876E+02	-1.299014809725668E+01
2.872872872872886E+02	-1.294193941885487E+01
2.882882882882896E+02	-1.289247847022989E+01
2.892892892892905E+02	-1.284177961845808E+01
2.902902902902915E+02	-1.277598026912847E+01
2.912912912912925E+02	-1.272294984843666E+01
2.922922922922935E+02	-1.266872384422095E+01
2.932932932932945E+02	-1.261331607533748E+01
2.942942942942955E+02	-1.255674021673076E+01
2.952952952952965E+02	-1.249900979649510E+01
2.962962962962974E+02	-1.244013819285510E+01
2.972972972972984E+02	-1.238013863116112E+01
2.982982982982994E+02	-1.231902418082382E+01
2.992992992993004E+02	-1.226976886691727E+01
3.003003003003014E+02	-1.220636139231601E+01
3.013013013013024E+02	-1.214187726351065E+01
3.023023023023034E+02	-1.207632889689921E+01
3.033033033033043E+02	-1.202227910568263E+01
3.043043043043053E+02	-1.195453698874599E+01
3.053053053053063E+02	-1.188576684074678E+01
3.063063063063073E+02	-1.182822219434593E+01
3.073073073073083E+02	-1.175732910852503E+01
3.083083083083093E+02	-1.169747749813814E+01
3.093093093093103E+02	-1.162450685655722E+01
3.103103103103113E+02	-1.156239293715498E+01
3.113113113113122E+02	-1.148738859907508E+01
3.123123123123132E+02	-1.142305549194862E+01
3.133133133133142E+02	-1.135757595987570E+01
3.143143143143152E+02	-1.127954897502423E+01
3.153153153153162E+02	-1.121191195807751E+01
3.163163163163172E+02	-1.114315847061334E+01
3.173173173173182E+02	-1.107329808422219E+01
3.183183183183191E+02	-1.099134543110995E+01
3.193193193193201E+02	-1.091940396884820E+01
3.203203203203211E+02	-1.084638298371192E+01
3.213213213213221E+02	-1.077229116076160E+01
3.223223223223231E+02	-1.069713695434803E+01
3.233233233233241E+02	-1.062092858416645E+01
3.243243243243251E+02	-1.054367403123933E+01
3.253253253253260E+02	-1.046538103386001E+01
3.263263263263270E+02	-1.038605708346631E+01
3.273273273273280E+02	-1.030570942047916E+01
3.283283283283290E+02	-1.022434503006116E+01
3.293293293293300E+02	-1.014197063783695E+01
3.303303303303310E+02	-1.005859270552992E+01
3.313313313313320E+02	-9.974217426557971E+00
3.323323323323330E+02	-9.888850721556082E+00
3.333333333333339E+02	-9.811924298544909E+00
3.343343343343349E+02	-9.724487250880884E+00
3.353353353353359E+02	-9.636074926418132E+00
3.363363363363369E+02	-9.546692111297943E+00
3.373373373373379E+02	-9.456343295500574E+00
3.383383383383389E+02	-9.373935499984327E+00
3.393393393393399E+02	-9.281563182214541E+00
3.403403403403408E+02	-9.188236591328405E+00
3.413413413413418E+02	-9.093958985768040E+00
3.423423423423428E+02	-9.007218339933843E+00
3.433433433433438E+02	-8.910943782208506E+00
3.443443443443448E+02	-8.813726131171734E+00
3.453453453453458E+02	-8.723739172877686E+00
3.463463463463468E+02	-8.624537713292284E+00
3.473473473473477E+02	-8.524398061019383E+00
3.483483483483487E+02	-8.431180686474818E+00
3.493493493493497E+02	-8.329064205184295E+00
3.503503503503507E+02	-8.233662115617335E+00
3.513513513513517E+02	-8.129569958286993E+00
3.523523523523527E+02	-8.024540685279590E+00
3.533533533533537E+02	-7.925913659267280E+00
3.543543543543547E+02	-7.818904719733837E+00
3.553553553553556E+02	-7.710954743378352E+00
3.563563563563566E+02	-7.609092528075507E+00
3.573573573573576E+02	-7.499151857048219E+00
3.583583583583586E+02	-7.395086910062673E+00
3.593593593593596E+02	-7.283144200679089E+00
3.603603603603606E+02	-7.170245822977904E+00
3.613613613613616E+02	-7.062904596594763E+00
3.623623623623625E+02	-6.947980610481409E+00
3.633633633633635E+02	-6.832086949631048E+00
3.643643643643645E+02	-6.721429286567400E+00
3.653653653653655E+02	-6.603478386598454E+00
3.663663663663665E+02	-6.484539651302384E+00
3.673673673673675E+02	-6.370513074094106E+00
3.683683683683685E+02	-6.249476976495316E+00
3.693693693693695E+02	-6.127430504510357E+00
3.703703703703704E+02	-6.009969549172183E+00
3.713713713713714E+02	-5.885776636184801E+00
3.723723723723724E+02	-5.760546190339483E+00
3.733733733733734E+02	-5.634268019600768E+00
3.743743743743744E+02	-5.506931376731245E+00
3.753753753753754E+02	-5.383631281737507E+00
3.763763763763764E+02	-5.254044837025958E+00
3.773773773773773E+02	-5.123364465384384E+00
3.783783783783783E+02	-4.991577096027413E+00
3.793793793793793E+02	-4.858669047640888E+00
3.803803803803803E+02	-4.724626016291495E+00
3.813813813813813E+02	-4.589433062992612E+00
3.823823823823823E+02	-4.453074600899981E+00
3.833833833833833E+02	-4.315534382078113E+00
3.843843843843842E+02	-4.176795483859678E+00
3.853853853853852E+02	-4.032706665427668E+00
3.863863863863862E+02	-3.891612730942597E+00
3.873873873873872E+02	-3.749264878044414E+00
3.883883883883882E+02	-3.601793245496538E+00
3.893893893893892E+02	-3.456972492018849E+00
3.903903903903902E+02	-3.310835934064471E+00
3.913913913913912E+02	-3.159792337332419E+00
3.923923923923921E+02	-3.011051219073579E+00
3.933933933933931E+02	-2.857540851412068E+00
3.943943943943941E+02	-2.702804876903883E+00
3.953953953953951E+02	-2.550021108631881E+00
3.963963963963961E+02	-2.392664182924818E+00
3.973973973973971E+02	-2.234000034509791E+00
3.983983983983981E+02	-2.073999468321745E+00
3.993993993993990E+02	-1.912632306607520E+00
4.004004004004000E+02	-1.749867362839723E+00
4.014014014014010E+02	-1.585672414416877E+00
4.024024024024020E+02	-1.417429969450495E+00
4.034034034034030E+02	-1.250361144170256E+00
4.044044044044040E+02	-1.081758739836005E+00
4.054054054054050E+02	-9.092588276034803E-01
4.064064064064059E+02	-7.353194316260669E-01
4.074074074074069E+02	-5.599001899386167E-01
4.084084084084079E+02	-3.850396254943007E-01
4.094094094094089E+02	-2.064528195824096E-01
4.104104104104099E+02	-2.433984121353205E-02
4.114114114114109E+02	1.574292900522778E-01
4.124124124124119E+02	3.409006479560048E-01
4.134134134134129E+02	5.278034770108206E-01
4.144144144144138E+02	7.163527180800884E-01
4.154154154154148E+02	9.050735297901156E-01
4.164164164164158E+02	1.097153667192742E+00
4.174174174174168E+02	1.292425114792422E+00
4.184184184184178E+02	1.488115513865523E+00
4.194194194194188E+02	1.686973840454357E+00
4.204204204204198E+02	1.886522312116085E+00
4.214214214214207E+02	2.089226181984031E+00
4.224224224224217E+02	2.293921196881456E+00
4.234234234234227E+02	2.501637382265471E+00
4.244244244244237E+02	2.710467168100877E+00
4.254254254254247E+02	2.922340242698283E+00
4.264264264264257E+02	3.137147315800576E+00
4.274274274274267E+02	3.353381576437641E+00
4.284284284284277E+02	3.572604829221746E+00
4.294294294294286E+02	3.794147842338589E+00
4.304304304304296E+02	4.018110881774192E+00
4.314314314314306E+02	4.245071112746245E+00
4.324324324324316E+02	4.474556364823911E+00
4.334334334334326E+02	4.707053292991986E+00
4.344344344344336E+02	4.942216556349194E+00
4.354354354354346E+02	5.180454037338222E+00
4.364364364364355E+02	5.421542438504730E+00
4.374374374374365E+02	5.665824391167007E+00
4.384384384384375E+02	5.913196140007130E+00
4.394394394394385E+02	6.163952172706558E+00
4.404404404404395E+02	6.418267101635593E+00
4.414414414414405E+02	6.676086080669393E+00
4.424424424424415E+02	6.937730960067711E+00
4.434434434434424E+02	7.203388447732777E+00
4.444444444444434E+02	7.473458630524874E+00
4.454454454454444E+02	7.748577494086021E+00
4.464464464464454E+02	8.028936253416759E+00
4.474474474474464E+02	8.314548102716799E+00
4.484484484484474E+02	8.605426189375521E+00
4.494494494494484E+02	8.901583614095216E+00
4.504504504504494E+02	9.203033431055246E+00
4.514514514514503E+02	9.509788648034373E+00
4.524524524524513E+02	9.821862226562189E+00
4.534534534534523E+02	1.013926708206282E+01
4.544544544544533E+02	1.046201608399042E+01
4.554554554554543E+02	1.079012205597519E+01
4.564564564564553E+02	1.112359777596339E+01
4.574574574574563E+02	1.146245597636107E+01
4.584584584584572E+02	1.180670934416594E+01
4.594594594594582E+02	1.215637052112879E+01
4.604604604604592E+02	1.251145210387040E+01
4.614614614614602E+02	1.287196664404473E+01
4.624624624624612E+02	1.323792664846223E+01
4.634634634634622E+02	1.360934457924850E+01
4.644644644644632E+02	1.398623285396843E+01
4.654654654654641E+02	1.436860384577767E+01
4.664664664664651E+02	1.475646988355811E+01
4.674674674674661E+02	1.514984325206615E+01
4.684684684684671E+02	1.554873619206319E+01
4.694694694694681E+02	1.595316090046435E+01
4.704704704704691E+02	1.636312953047218E+01
4.714714714714701E+02	1.677865419172622E+01
4.724724724724711E+02	1.719974695042765E+01
4.734734734734720E+02	1.762641982950026E+01
4.744744744744730E+02	1.805868480871504E+01
4.754754754754740E+02	1.849655382482615E+01
4.764764764764750E+02	1.894003877172963E+01
4.774774774774760E+02	1.938915150058483E+01
4.784784784784770E+02	1.984390381996081E+01
4.794794794794780E+02	2.030430749597508E+01
4.804804804804789E+02	2.077037425243270E+01
4.814814814814799E+02	2.124211577096548E+01
4.824824824824809E+02	2.171954369116702E+01
4.834834834834819E+02	2.220266961073594E+01
4.844844844844829E+02	2.269150508561233E+01
4.854854854854839E+02	2.318606163011054E+01
4.864864864864849E+02	2.368635071707195E+01
4.874874874874859E+02	2.419238377797956E+01
4.884884884884868E+02	2.470417220312174E+01
4.894894894894878E+02	2.522172734170499E+01
4.904904904904888E+02	2.574506050200853E+01
4.914914914914898E+02	2.627418295151529E+01
4.924924924924908E+02	2.680910591704378E+01
4.934934934934918E+02	2.734984058489590E+01
4.944944944944928E+02	2.789639810098015E+01
4.954954954954937E+02	2.844878957095443E+01
4.964964964964947E+02	2.900702606036793E+01
4.974974974974957E+02	2.957111859478118E+01
4.984984984984967E+02	3.014107815991474E+01
4.994994994994977E+02	3.071691570178109E+01
5.005005005004987E+02	3.129864212681605E+01
5.015015015014997E+02	3.188626830201702E+01
5.025025025025006E+02	3.247980505507985E+01
5.035035035035016E+02	3.307926317451984E+01
5.045045045045026E+02	3.368465340982220E+01
5.055055055055036E+02	3.429598647157309E+01
5.065065065065046E+02	3.491327303157777E+01
5.075075075075056E+02	3.553652372301303E+01
5.085085085085066E+02	3.616574914054854E+01
5.095095095095076E+02	3.680095984048694E+01
5.105105105105085E+02	3.744216634089116E+01
5.115115115115095E+02	3.808937912171223E+01
5.125125125125105E+02	3.874260862493429E+01
5.135135135135115E+02	3.940186525469699E+01
5.145145145145125E+02	4.006715937742729E+01
5.155155155155135E+02	4.073850132197367E+01
5.165165165165145E+02	4.141590137973390E+01
5.175175175175154E+02	4.209936980479051E+01
5.185185185185164E+02	4.278891681403184E+01
5.195195195195174E+02	4.348455258729746E+01
5.205205205205184E+02	4.418628726748966E+01
5.215215215215194E+02	4.489413096071667E+01
5.225225225225204E+02	4.560809373641405E+01
5.235235235235214E+02	4.632818562748344E+01
5.245245245245223E+02	4.705441663040529E+01
5.255255255255233E+02	4.778679670538440E+01
5.265265265265243E+02	4.852533577646682E+01
5.275275275275253E+02	4.927004373167074E+01
5.285285285285263E+02	5.002093042311299E+01
5.295295295295273E+02	5.077800566713995E+01
5.305305305305283E+02	5.154127924444947E+01
5.315315315315293E+02	5.231076090022634E+01
5.325325325325302E+02	5.308646034425055E+01
5.335335335335312E+02	5.386838725104462E+01
5.345345345345322E+02	5.465655125999047E+01
5.355355355355332E+02	5.545096197544353E+01
5.365365365365342E+02	5.625162896688289E+01
5.375375375375352E+02	5.705856176900670E+01
5.385385385385362E+02	5.787176988188367E+01
5.395395395395371E+02	5.869126277106125E+01
5.405405405405381E+02	5.951704986769028E+01
5.415415415415391E+02	6.034914056865136E+01
5.425425425425401E+02	6.118754423668679E+01
5.435435435435411E+02	6.203227020051054E+01
5.445445445445421E+02	6.288332775493200E+01
5.455455455455431E+02	6.374072616098329E+01
5.465465465465441E+02	6.460447464604749E+01
5.475475475475450E+02	6.547458240395827E+01
5.485485485485460E+02	6.635105859515443E+01
5.495495495495470E+02	6.723391234676637E+01
5.505505505505480E+02	6.812315275275841E+01
5.515515515515490E+02	6.901878887404655E+01
5.525525525525500E+02	6.992082973861397E+01
5.535535535535510E+02	7.082928434162977E+01
5.545545545545519E+02	7.174416164557169E+01
5.555555555555529E+02	7.266547058034712E+01
5.565565565565539E+02	7.359322004340765E+01
5.575575575575549E+02	7.452741889987465E+01
5.585585585585559E+02	7.546807598264513E+01
5.595595595595569E+02	7.641520009251963E+01
5.605605605605579E+02	7.736879999831308E+01
5.615615615615588E+02	7.832888443698357E+01
5.625625625625598E+02	7.929546211373963E+01
5.635635635635608E+02	8.026854170214938E+01
5.645645645645618E+02	8.124813184427512E+01
5.655655655655628E+02	8.223424115077796E+01
5.665665665665638E+02	8.322687820103420E+01
5.675675675675648E+02	8.422605154325356E+01
5.685685685685658E+02	8.523176969458837E+01
5.695695695695667E+02	8.624404114125446E+01
5.705705705705677E+02	8.726287433864491E+01
5.715715715715687E+02	8.828827771143915E+01
5.725725725725697E+02	8.932025965371849E+01
5.735735735735707E+02	9.035882852908435E+01
5.745745745745717E+02	9.140399267076009E+01
5.755755755755727E+02	9.245576038172021E+01
5.765765765765736E+02	9.351413993477945E+01
5.775775775775746E+02	9.457913957273558E+01
5.785785785785756E+02	9.565076750844491E+01
5.795795795795766E+02	9.672903192496597E+01
5.805805805805776E+02	9.781394097564771E+01
5.815815815815786E+02	9.890550278425508E+01
5.825825825825796E+02	1.000037254450663E+02
5.835835835835805E+02	1.011086170230019E+02
5.845845845845815E+02	1.022201855537014E+02
5.855855855855825E+02	1.033384390436731E+02
5.865865865865835E+02	1.044633854703734E+02
5.875875875875845E+02	1.055950327823207E+02
5.885885885885855E+02	1.067333888992171E+02
5.895895895895865E+02	1.078784617120409E+02
5.905905905905875E+02	1.090302590831625E+02
5.915915915915884E+02	1.101887888464444E+02
5.925925925925894E+02	1.113540588073602E+02
5.935935935935904E+02	1.125260767430859E+02
5.945945945945914E+02	1.137048504026229E+02
5.955955955955924E+02	1.148903875068845E+02
5.965965965965934E+02	1.160826957488225E+02
5.975975975975944E+02	1.172817827935110E+02
5.985985985985953E+02	1.184876562782711E+02
5.995995995995963E+02	1.197003238127586E+02
6.006006006005973E+02	1.209197929790821E+02
6.016016016015983E+02	1.221460713318947E+02
6.026026026025993E+02	1.233791663985121E+02
6.036036036036003E+02	1.246190856789972E+02
6.046046046046013E+02	1.258658366462787E+02
6.056056056056022E+02	1.271194267462415E+02
6.066066066066032E+02	1.283798633978486E+02
6.076076076076042E+02	1.296471539932108E+02
6.086086086086052E+02	1.309213058977234E+02
6.096096096096062E+02	1.322023264501395E+02
6.106106106106072E+02	1.334902229626850E+02
6.116116116116082E+02	1.347850027211598E+02
6.126126126126092E+02	1.360866729850322E+02
6.136136136136101E+02	1.373952409875428E+02
6.146146146146111E+02	1.387107139357931E+02
6.156156156156121E+02	1.400330990108650E+02
6.166166166166131E+02	1.413624033679007E+02
6.176176176176141E+02	1.426986341362144E+02
6.186186186186151E+02	1.440417984193809E+02
6.196196196196161E+02	1.453919032953390E+02
6.206206206206170E+02	1.467489558164852E+02
6.216216216216180E+02	1.481129630097780E+02
6.226226226226190E+02	1.494839318768254E+02
6.236236236236200E+02	1.508618693939870E+02
6.246246246246210E+02	1.522467825124691E+02
6.256256256256220E+02	1.536386781584201E+02
6.266266266266230E+02	1.550375632330288E+02
6.276276276276240E+02	1.564434446126174E+02
6.286286286286249E+02	1.578563291487335E+02
6.296296296296259E+02	1.592762236682438E+02
6.306306306306269E+02	1.607031349734407E+02
6.316316316316279E+02	1.621370698421233E+02
6.326326326326289E+02	1.635780350276964E+02
6.336336336336299E+02	1.650260372592638E+02
6.346346346346309E+02	1.664810832417079E+02
6.356356356356318E+02	1.679431796558156E+02
6.366366366366328E+02	1.694123331583323E+02
6.376376376376338E+02	1.708885503820793E+02
6.386386386386348E+02	1.723718379360275E+02
6.396396396396358E+02	1.738622024054175E+02
6.406406406406368E+02	1.753596503518052E+02
6.416416416416378E+02	1.768641883132000E+02
6.426426426426387E+02	1.783758228041279E+02
6.436436436436397E+02	1.798945603157217E+02
6.446446446446407E+02	1.814204073158226E+02
6.456456456456417E+02	1.829533702490598E+02
6.466466466466427E+02	1.844934555369455E+02
6.476476476476437E+02	1.860406695779661E+02
6.486486486486447E+02	1.875950187476519E+02
6.496496496496457E+02	1.891565093986947E+02
6.506506506506466E+02	1.907251478610119E+02
6.516516516516476E+02	1.923009404418431E+02
6.526526526526486E+02	1.938838934258397E+02
6.536536536536496E+02	1.954740130751470E+02
6.546546546546506E+02	1.970713056294881E+02
6.556556556556516E+02	1.986757773062627E+02
6.566566566566526E+02	2.002874343006170E+02
6.576576576576535E+02	2.019062827855414E+02
6.586586586586545E+02	2.035323289119510E+02
6.596596596596555E+02	2.051655788087683E+02
6.606606606606565E+02	2.068060385830181E+02
6.616616616616575E+02	2.084537143198977E+02
6.626626626626585E+02	2.101086120828650E+02
6.636636636636595E+02	2.117707379137364E+02
6.646646646646604E+02	2.134400978327467E+02
6.656656656656614E+02	2.151166978386545E+02
6.666666666666624E+02	2.168005439088060E+02
6.676676676676634E+02	2.184916419992351E+02
6.686686686686644E+02	2.201899980447320E+02
6.696696696696654E+02	2.218956179589309E+02
6.706706706706664E+02	2.236085076343952E+02
6.716716716716674E+02	2.253286729426873E+02
6.726726726726683E+02	2.270561197344609E+02
6.736736736736693E+02	2.287908538395436E+02
6.746746746746703E+02	2.305328810670021E+02
6.756756756756713E+02	2.322822072052359E+02
6.766766766766723E+02	2.340388380220575E+02
6.776776776776733E+02	2.358027792647572E+02
6.786786786786743E+02	2.375740366602067E+02
6.796796796796752E+02	2.393526159149114E+02
6.806806806806762E+02	2.411385227151100E+02
6.816816816816772E+02	2.429317627268388E+02
6.826826826826782E+02	2.447323415960200E+02
6.836836836836792E+02	2.465402649485395E+02
6.846846846846802E+02	2.483555383903058E+02
6.856856856856812E+02	2.501781675073544E+02
6.866866866866822E+02	2.520081578659106E+02
6.876876876876831E+02	2.538455150124601E+02
6.886886886886841E+02	2.556902444738366E+02
6.896896896896851E+02	2.575423517572995E+02
6.906906906906861E+02	2.594018423505972E+02
6.916916916916871E+02	2.612687217220455E+02
6.926926926926881E+02	2.631429953206157E+02
6.936936936936891E+02	2.650246685760012E+02
6.946946946946900E+02	2.669137468986792E+02
6.956956956956910E+02	2.688102356800109E+02
6.966966966966920E+02	2.707141402922944E+02
6.976976976976930E+02	2.726254660888490E+02
6.986986986986940E+02	2.745442184040826E+02
6.996996996996950E+02	2.764704025535725E+02
7.007007007006960E+02	2.784040238341299E+02
7.017017017016969E+02	2.803450875238759E+02
7.027027027026979E+02	2.822935988823228E+02
7.037037037036989E+02	2.842495631504266E+02
7.047047047046999E+02	2.862129855506755E+02
7.057057057057009E+02	2.881838712871559E+02
7.067067067067019E+02	2.901622255456264E+02
7.077077077077029E+02	2.921480534935831E+02
7.087087087087039E+02	2.941413602803304E+02
7.097097097097048E+02	2.961421510370678E+02
7.107107107107058E+02	2.981504308769249E+02
7.117117117117068E+02	3.001662048950734E+02
7.127127127127078E+02	3.021894781687674E+02
7.137137137137088E+02	3.042202557574315E+02
7.147147147147098E+02	3.062585427026961E+02
7.157157157157108E+02	3.083043440285219E+02
7.167167167167117E+02	3.103576647412128E+02
7.177177177177127E+02	3.124185098295320E+02
7.187187187187137E+02	3.144868842647211E+02
7.197197197197147E+02	3.165627930006021E+02
7.207207207207157E+02	3.186462409736505E+02
7.217217217217167E+02	3.207372331030374E+02
7.227227227227177E+02	3.228357742906987E+02
7.237237237237186E+02	3.249418694214251E+02
7.247247247247196E+02	3.270555233629075E+02
7.257257257257206E+02	3.291767409658105E+02
7.267267267267216E+02	3.313055270638392E+02
7.277277277277226E+02	3.334418864737995E+02
7.287287287287236E+02	3.355858239956710E+02
7.297297297297246E+02	3.377373444126706E+02
7.307307307307256E+02	3.398964524913063E+02
7.317317317317265E+02	3.420631529814659E+02
7.327327327327275E+02	3.442374506164524E+02
7.337337337337285E+02	3.464193501130662E+02
7.347347347347295E+02	3.486088561716697E+02
7.357357357357305E+02	3.508059734762473E+02
7.367367367367315E+02	3.530107066944570E+02
7.377377377377325E+02	3.552230604777205E+02
7.387387387387334E+02	3.574430394612550E+02
7.397397397397344E+02	3.596706482641639E+02
7.407407407407354E+02	3.619058914894740E+02
7.417417417417364E+02	3.641487737242228E+02
7.427427427427374E+02	3.663992995395006E+02
7.437437437437384E+02	3.686574734905194E+02
7.447447447447394E+02	3.709233001166754E+02
7.457457457457404E+02	3.731967839416097E+02
7.467467467467413E+02	3.754779294732662E+02
7.477477477477423E+02	3.777667412039646E+02
7.487487487487433E+02	3.800632236104393E+02
7.497497497497443E+02	3.823673811539143E+02
7.507507507507453E+02	3.846792182801664E+02
7.517517517517463E+02	3.869987394195750E+02
7.527527527527473E+02	3.893259489871834E+02
7.537537537537482E+02	3.916608513827655E+02
7.547547547547492E+02	3.940034509908701E+02
7.557557557557502E+02	3.963537521809094E+02
7.567567567567512E+02	3.987117593071766E+02
7.577577577577522E+02	4.010774767089301E+02
7.587587587587532E+02	4.034509087104630E+02
7.597597597597542E+02	4.058320596211211E+02
7.607607607607551E+02	4.082209337354038E+02
7.617617617617561E+02	4.106175353329863E+02
7.627627627627571E+02	4.130218686788076E+02
7.637637637637581E+02	4.154339380231027E+02
7.647647647647591E+02	4.178537476014681E+02
7.657657657657601E+02	4.202813016349269E+02
7.667667667667611E+02	4.227166043299762E+02
7.677677677677621E+02	4.251596598786409E+02
7.687687687687630E+02	4.276104724585348E+02
7.697697697697640E+02	4.300690462329094E+02
7.707707707707650E+02	4.325353853507359E+02
7.717717717717660E+02	4.350094939467085E+02
7.727727727727670E+02	4.374913761413534E+02
7.737737737737680E+02	4.399810360410495E+02
7.747747747747690E+02	4.424784777380962E+02
7.757757757757699E+02	4.449837053107688E+02
7.767767767767709E+02	4.474967228233616E+02
7.777777777777719E+02	4.500175343262597E+02
7.787787787787729E+02	4.525461438559680E+02
7.797797797797739E+02	4.550825554351893E+02
7.807807807807749E+02	4.576267730728662E+02
7.817817817817759E+02	4.601788007642360E+02
7.827827827827768E+02	4.627386424908771E+02
7.837837837837778E+02	4.653063022207727E+02
7.847847847847788E+02	4.678817839083538E+02
7.857857857857798E+02	4.704650914945516E+02
7.867867867867808E+02	4.730562289068655E+02
7.877877877877818E+02	4.756552000593890E+02
7.887887887887828E+02	4.782620088528813E+02
7.897897897897838E+02	4.808766591748174E+02
7.907907907907847E+02	4.834991548994192E+02
7.917917917917857E+02	4.861294998877322E+02
7.927927927927867E+02	4.887676979876717E+02
7.937937937937877E+02	4.914137530340397E+02
7.947947947947887E+02	4.940676688486362E+02
7.957957957957897E+02	4.967294492402505E+02
7.967967967967907E+02	4.993990980047458E+02
7.977977977977916E+02	5.020766189251033E+02
7.987987987987926E+02	5.047620157714553E+02
7.997997997997936E+02	5.074552923011568E+02
8.008008008007946E+02	5.101564522588235E+02
8.018018018017956E+02	5.128654993763855E+02
8.028028028027966E+02	5.155824373731155E+02
8.038038038037976E+02	5.183072699557135E+02
8.048048048047986E+02	5.210400008183208E+02
8.058058058057995E+02	5.237806336425999E+02
8.068068068068005E+02	5.265291720977505E+02
8.078078078078015E+02	5.292856198405786E+02
8.088088088088025E+02	5.320499805155380E+02
8.098098098098035E+02	5.348222577547792E+02
8.108108108108045E+02	5.376024551781913E+02
8.118118118118055E+02	5.403905763934501E+02
8.128128128128064E+02	5.431866249960797E+02
8.138138138138074E+02	5.459906045694740E+02
8.148148148148084E+02	5.488025186849561E+02
8.158158158158094E+02	5.516223709018338E+02
8.168168168168104E+02	5.544501647674313E+02
8.178178178178114E+02	5.572859038171389E+02
8.188188188188124E+02	5.601295915744647E+02
8.198198198198133E+02	5.629812315510646E+02
8.208208208208143E+02	5.658408272468075E+02
8.218218218218153E+02	5.687083821498061E+02
8.228228228228163E+02	5.715838997364679E+02
8.238238238238173E+02	5.744673834715443E+02
8.248248248248183E+02	5.773588368081630E+02
8.258258258258193E+02	5.802582631878784E+02
8.268268268268203E+02	5.831656660407195E+02
8.278278278278212E+02	5.860810487852311E+02
8.288288288288222E+02	5.890044148285172E+02
8.298298298298232E+02	5.919357675662852E+02
8.308308308308242E+02	5.948751103828838E+02
8.318318318318252E+02	5.978224466513564E+02
8.328328328328262E+02	6.007777797334827E+02
8.338338338338272E+02	6.037411129798127E+02
8.348348348348281E+02	6.067124497297170E+02
8.358358358358291E+02	6.096917933114257E+02
8.368368368368301E+02	6.126791470420783E+02
8.378378378378311E+02	6.156745142277507E+02
8.388388388388321E+02	6.186778981635214E+02
8.398398398398331E+02	6.216893021334838E+02
8.408408408408341E+02	6.247087294108098E+02
8.418418418418350E+02	6.277361832577947E+02
8.428428428428360E+02	6.307716669258591E+02
8.438438438438370E+02	6.338151836556610E+02
8.448448448448380E+02	6.368667366770626E+02
8.458458458458390E+02	6.399263292092162E+02
8.468468468468400E+02	6.429939644605959E+02
8.478478478478410E+02	6.460696456290259E+02
8.488488488488420E+02	6.491533759017436E+02
8.498498498498429E+02	6.522451584554171E+02
8.508508508508439E+02	6.553449964561926E+02
8.518518518518449E+02	6.584528930597428E+02
8.528528528528459E+02	6.615688514112956E+02
8.538538538538469E+02	6.646928746456922E+02
8.548548548548479E+02	6.678249658873876E+02
8.558558558558489E+02	6.709651282505290E+02
8.568568568568498E+02	6.741133648389948E+02
8.578578578578508E+02	6.772696787463917E+02
8.588588588588518E+02	6.804340730561378E+02
8.598598598598528E+02	6.836065508414906E+02
8.608608608608538E+02	6.867871151655606E+02
8.618618618618548E+02	6.899757690813819E+02
8.628628628628558E+02	6.931725156319451E+02
8.638638638638567E+02	6.963773578502062E+02
8.648648648648577E+02	6.995902987591651E+02
8.658658658658587E+02	7.028113413718741E+02
8.668668668668597E+02	7.060404886914814E+02
8.678678678678607E+02	7.092777437112898E+02
8.688688688688617E+02	7.125231094147564E+02
8.698698698698627E+02	7.157765887755684E+02
8.708708708708637E+02	7.190381847576421E+02
8.718718718718646E+02	7.223079003151909E+02
8.728728728728656E+02	7.255857383927530E+02
8.738738738738666E+02	7.288717019252165E+02
8.748748748748676E+02	7.321657938378719E+02
8.758758758758686E+02	7.354680170464328E+02
8.768768768768696E+02	7.387783744570918E+02
8.778778778778706E+02	7.420968689665312E+02
8.788788788788715E+02	7.454235034619730E+02
8.798798798798725E+02	7.487582808212298E+02
8.808808808808735E+02	7.521012039127047E+02
8.818818818818745E+02	7.554522755954606E+02
8.828828828828755E+02	7.588114987192237E+02
8.838838838838765E+02	7.621788761244568E+02
8.848848848848775E+02	7.655544106423606E+02
8.858858858858785E+02	7.689381050949098E+02
8.868868868868794E+02	7.723299622949323E+02
8.878878878878804E+02	7.757299850460734E+02
8.888888888888814E+02	7.791381761428904E+02
8.898898898898824E+02	7.825545383708534E+02
8.908908908908834E+02	7.859790745063867E+02
8.918918918918844E+02	7.894117873169164E+02
8.928928928928854E+02	7.928526795608848E+02
8.938938938938863E+02	7.963017539877885E+02
8.948948948948873E+02	7.997590133382289E+02
8.958958958958883E+02	8.032244603439115E+02
8.968968968968893E+02	8.066980977277315E+02
8.978978978978903E+02	8.101799282037448E+02
8.988988988988913E+02	8.136699544772521E+02
8.998998998998923E+02	8.171681792447810E+02
9.009009009008932E+02	8.206746051941871E+02
9.019019019018942E+02	8.241892350046276E+02
9.029029029028952E+02	8.277120713466181E+02
9.039039039038962E+02	8.312431168820624E+02
9.049049049048972E+02	8.347823742642715E+02
9.059059059058982E+02	8.383298461380252E+02
9.069069069068992E+02	8.418855351395807E+02
9.079079079079002E+02	8.454494438967097E+02
9.089089089089011E+02	8.490215750287186E+02
9.099099099099021E+02	8.526019311465095E+02
9.109109109109031E+02	8.561905148525873E+02
9.119119119119041E+02	8.597873287410873E+02
9.129129129129051E+02	8.633923753978318E+02
9.139139139139061E+02	8.670056574003459E+02
9.149149149149071E+02	8.706271773178685E+02
9.159159159159080E+02	8.742569377114166E+02
9.169169169169090E+02	8.778949411338142E+02
9.179179179179100E+02	8.815411901296823E+02
9.189189189189110E+02	8.851956872355315E+02
9.199199199199120E+02	8.888584349797263E+02
9.209209209209130E+02	8.925294358825665E+02
9.219219219219140E+02	8.962086924562980E+02
9.229229229229149E+02	8.998962072051320E+02
9.239239239239159E+02	9.035919826252841E+02
9.249249249249169E+02	9.072960212050273E+02
9.259259259259179E+02	9.110083254246831E+02
9.269269269269189E+02	9.147288977566529E+02
9.279279279279199E+02	9.184577406654992E+02
9.289289289289209E+02	9.221948566079129E+02
9.299299299299219E+02	9.259402480327551E+02
9.309309309309228E+02	9.296939173811286E+02
9.319319319319238E+02	9.334558670863537E+02
9.329329329329248E+02	9.372260995740241E+02
9.339339339339258E+02	9.410046172620439E+02
9.349349349349268E+02	9.447914225606185E+02
9.359359359359278E+02	9.485865178723163E+02
9.369369369369288E+02	9.523899055920990E+02
9.379379379379297E+02	9.562015881073296E+02
9.389389389389307E+02	9.600215677978074E+02
9.399399399399317E+02	9.638498470357979E+02
9.409409409409327E+02	9.676864281860692E+02
9.419419419419337E+02	9.715313136058915E+02
9.429429429429347E+02	9.753845056451021E+02
9.439439439439357E+02	9.792460066461119E+02
9.449449449449367E+02	9.831158189439304E+02
9.459459459459376E+02	9.869939448662001E+02
9.469469469469386E+02	9.908803867332128E+02
9.479479479479396E+02	9.947751468579711E+02
9.489489489489406E+02	9.986782275461612E+02
9.499499499499416E+02	1.002589631096215E+03
9.509509509509426E+02	1.006509359799345E+03
9.519519519519436E+02	1.010437415939540E+03
9.529529529529445E+02	1.014373801793608E+03
9.539539539539455E+02	1.018318519631206E+03
9.549549549549465E+02	1.022271571714872E+03
9.559559559559475E+02	1.026232960300009E+03
9.569569569569485E+02	1.030202687634984E+03
9.579579579579495E+02	1.034180755961085E+03
9.589589589589505E+02	1.038167167512589E+03
9.599599599599514E+02	1.042161924516768E+03
9.609609609609524E+02	1.046165029193904E+03
9.619619619619534E+02	1.050176483757365E+03
9.629629629629544E+02	1.054196290413578E+03
9.639639639639554E+02	1.058224451362058E+03
9.649649649649564E+02	1.062260968795476E+03
9.659659659659574E+02	1.066305844899639E+03
9.669669669669584E+02	1.070359081853518E+03
9.679679679679593E+02	1.074420681829330E+03
9.689689689689603E+02	1.078490646992469E+03
9.699699699699613E+02	1.082568979501624E+03
9.709709709709623E+02	1.086655681508736E+03
9.719719719719633E+02	1.090750755159034E+03
9.729729729729643E+02	1.094854202591100E+03
9.739739739739653E+02	1.098966025936878E+03
9.749749749749662E+02	1.103086227321634E+03
9.759759759759672E+02	1.107214808864084E+03
9.769769769769682E+02	1.111351772676337E+03
9.779779779779692E+02	1.115497120863953E+03
9.789789789789702E+02	1.119650855525966E+03
9.799799799799712E+02	1.123812978754908E+03
9.809809809809722E+02	1.127983492636819E+03
9.819819819819731E+02	1.132162399251278E+03
9.829829829829741E+02	1.136349700671452E+03
9.839839839839751E+02	1.140545398964057E+03
9.849849849849761E+02	1.144749496189446E+03
9.859859859859771E+02	1.148961994401609E+03
9.869869869869781E+02	1.153182895648166E+03
9.879879879879791E+02	1.157412201970447E+03
9.889889889889801E+02	1.161649915403466E+03
9.899899899899810E+02	1.165896037975991E+03
9.909909909909820E+02	1.170150571710479E+03
9.919919919919830E+02	1.174413518623217E+03
9.929929929929840E+02	1.178684880724259E+03
9.939939939939850E+02	1.182964660017489E+03
9.949949949949860E+02	1.187252858500606E+03
9.959959959959870E+02	1.191549478165189E+03
9.969969969969879E+02	1.195854520996690E+03
9.979979979979889E+02	1.200167988974478E+03
9.989989989989899E+02	1.204489884071820E+03
9.999999999999909E+02	1.208820208255963E+03
