# mass, thermodynamic potential
0.000000000000000E+00	                 NAN
1.001001001001001E+00	-1.257167690139158E+01
2.002002002002002E+00	-1.256753401533388E+01
3.003003003003003E+00	-1.258987246949391E+01
4.004004004004004E+00	-1.258020633096976E+01
5.005005005005005E+00	-1.256777951413778E+01
6.006006006006006E+00	-1.258183116440478E+01
7.007007007007006E+00	-1.259311936629047E+01
8.008008008008007E+00	-1.257241414178316E+01
9.009009009009008E+00	-1.257818194700212E+01
1.001001001001001E+01	-1.258118930681030E+01
1.101101101101101E+01	-1.258143753730110E+01
1.201201201201201E+01	-1.257892813343688E+01
1.301301301301301E+01	-1.257366276896073E+01
1.401401401401401E+01	-1.259484822052264E+01
1.501501501501501E+01	-1.258407191512833E+01
1.601601601601601E+01	-1.257054561343421E+01
1.701701701701701E+01	-1.258345908329011E+01
1.801801801801802E+01	-1.259361433602908E+01
1.901901901901902E+01	-1.260101372983581E+01
2.002002002002002E+01	-1.257649690741255E+01
2.102102102102102E+01	-1.257840078946083E+01
2.202202202202202E+01	-1.257755708318336E+01
2.302302302302302E+01	-1.260310610608940E+01
2.402402402402402E+01	-1.259676780225664E+01
2.502502502502502E+01	-1.258769152067589E+01
2.602602602602602E+01	-1.260498841324488E+01
2.702702702702702E+01	-1.259043796286278E+01
2.802802802802802E+01	-1.260224688268863E+01
2.902902902902902E+01	-1.261131136515814E+01
3.003003003003002E+01	-1.258857400178886E+01
3.103103103103102E+01	-1.259217414720706E+01
3.203203203203203E+01	-1.259304227170969E+01
3.303303303303303E+01	-1.259118282226882E+01
3.403403403403403E+01	-1.261561057031895E+01
3.503503503503503E+01	-1.260829689761249E+01
3.603603603603603E+01	-1.259826991293676E+01
3.703703703703703E+01	-1.261450227777550E+01
3.803803803803803E+01	-1.259905077809253E+01
3.903903903903903E+01	-1.260983928020323E+01
4.004004004004003E+01	-1.261790554894878E+01
4.104104104104103E+01	-1.262325503807551E+01
4.204204204204203E+01	-1.262589337421878E+01
4.304304304304303E+01	-1.262582635654599E+01
4.404404404404404E+01	-1.262305995639008E+01
4.504504504504504E+01	-1.261760031688118E+01
4.604604604604604E+01	-1.263826901128414E+01
4.704704704704704E+01	-1.262742444632613E+01
4.804804804804804E+01	-1.264268307336306E+01
4.904904904904904E+01	-1.262647969308955E+01
5.005005005005004E+01	-1.263635452849894E+01
5.105105105105104E+01	-1.264353725554565E+01
5.205205205205204E+01	-1.264803482303159E+01
5.305305305305304E+01	-1.264985434864275E+01
5.405405405405404E+01	-1.264900311849169E+01
5.505505505505504E+01	-1.264548858666603E+01
5.605605605605604E+01	-1.263931837475820E+01
5.705705705705704E+01	-1.265908621593735E+01
5.805805805805804E+01	-1.264760629220063E+01
5.905905905905905E+01	-1.266203356216965E+01
6.006006006006005E+01	-1.267378998115191E+01
6.106106106106105E+01	-1.265439471264062E+01
6.206206206206205E+01	-1.266085910258107E+01
6.306306306306305E+01	-1.266467746135277E+01
6.406406406406406E+01	-1.266585834757643E+01
6.506506506506506E+01	-1.266441048326396E+01
6.606606606606606E+01	-1.268870380433509E+01
6.706706706706706E+01	-1.268199929877574E+01
6.806806806806806E+01	-1.267269305483251E+01
6.906906906906906E+01	-1.268907431885236E+01
7.007007007007006E+01	-1.267456652575311E+01
7.107107107107106E+01	-1.268570959932322E+01
7.207207207207206E+01	-1.269423312670551E+01
7.307307307307306E+01	-1.270014673060086E+01
7.407407407407406E+01	-1.270346019239150E+01
7.507507507507506E+01	-1.270418345151802E+01
7.607607607607606E+01	-1.270232660484226E+01
7.707707707707706E+01	-1.269789990600157E+01
7.807807807807806E+01	-1.271892562247103E+01
7.907907907907907E+01	-1.270936017940585E+01
8.008008008008007E+01	-1.272520440338167E+01
8.108108108108107E+01	-1.271054258144250E+01
8.208208208208207E+01	-1.272124777908812E+01
8.308308308308307E+01	-1.272938283792155E+01
8.408408408408407E+01	-1.273495870485203E+01
8.508508508508507E+01	-1.273798647878266E+01
8.608608608608607E+01	-1.273847740989640E+01
8.708708708708707E+01	-1.273644289892536E+01
8.808808808808807E+01	-1.273189449641995E+01
8.908908908908907E+01	-1.275248470182532E+01
9.009009009009007E+01	-1.274290899109974E+01
9.109109109109107E+01	-1.275842299267379E+01
9.209209209209207E+01	-1.274386744173080E+01
9.309309309309307E+01	-1.275435277967290E+01
9.409409409409407E+01	-1.276232286560980E+01
9.509509509509508E+01	-1.276778989283503E+01
9.609609609609608E+01	-1.277076619907166E+01
9.709709709709708E+01	-1.277126426566610E+01
9.809809809809808E+01	-1.276929671676453E+01
9.909909909909908E+01	-1.276487631849068E+01
1.001001001001001E+02	-1.278523779701072E+01
1.011011011011011E+02	-1.277591143345990E+01
1.021021021021021E+02	-1.279131171857352E+01
1.031031031031031E+02	-1.277713162510872E+01
1.041041041041041E+02	-1.278762299283926E+01
1.051051051051051E+02	-1.279565855354758E+01
1.061061061061061E+02	-1.280125165993149E+01
1.071071071071071E+02	-1.280441580068691E+01
1.081081081081081E+02	-1.280516459962837E+01
1.091091091091091E+02	-1.280351181476453E+01
1.101101101101101E+02	-1.279947133739370E+01
1.111111111111111E+02	-1.279305719117929E+01
1.121121121121121E+02	-1.281099485486948E+01
1.131131131131131E+02	-1.279983234644669E+01
1.141141141141141E+02	-1.281295989018327E+01
1.151151151151151E+02	-1.282368032234081E+01
1.161161161161161E+02	-1.280548074874605E+01
1.171171171171171E+02	-1.281147704907562E+01
1.181181181181181E+02	-1.281510961420645E+01
1.191191191191191E+02	-1.281639311273238E+01
1.201201201201201E+02	-1.281534233802222E+01
1.211211211211211E+02	-1.283826262128377E+01
1.221221221221221E+02	-1.283254043798752E+01
1.231231231231231E+02	-1.282452897329722E+01
1.241241241241241E+02	-1.284038735832110E+01
1.251251251251251E+02	-1.282779518134657E+01
1.261261261261261E+02	-1.283900431217353E+01
1.271271271271271E+02	-1.284788616021297E+01
1.281281281281281E+02	-1.285445610112265E+01
1.291291291291291E+02	-1.285872962726489E+01
1.301301301301301E+02	-1.286072234662879E+01
1.311311311311312E+02	-1.286044998176385E+01
1.321321321321322E+02	-1.285792836866540E+01
1.331331331331332E+02	-1.285317345569229E+01
1.341341341341342E+02	-1.284620130245503E+01
1.351351351351352E+02	-1.286260286864535E+01
1.361361361361362E+02	-1.285119236285755E+01
1.371371371371372E+02	-1.286308001752650E+01
1.381381381381383E+02	-1.284729620476310E+01
1.391391391391393E+02	-1.285473491870425E+01
1.401401401401403E+02	-1.285994579745648E+01
1.411411411411413E+02	-1.286294527424525E+01
1.421421421421423E+02	-1.286374988584203E+01
1.431431431431433E+02	-1.286237627139326E+01
1.441441441441443E+02	-1.285884117123487E+01
1.451451451451454E+02	-1.287817869448963E+01
1.461461461461464E+02	-1.287031450234963E+01
1.471471471471474E+02	-1.286033951689660E+01
1.481481481481484E+02	-1.287311453847997E+01
1.491491491491494E+02	-1.285891235016243E+01
1.501501501501504E+02	-1.286737723845317E+01
1.511511511511515E+02	-1.287368258093829E+01
1.521521521521525E+02	-1.287784551518553E+01
1.531531531531535E+02	-1.287988327056473E+01
1.541541541541545E+02	-1.287981316699643E+01
1.551551551551555E+02	-1.287765261366440E+01
1.561561561561565E+02	-1.287341910775012E+01
1.571571571571575E+02	-1.286713023312313E+01
1.581581581581586E+02	-1.285880365906360E+01
1.591591591591596E+02	-1.287263262262013E+01
1.601601601601606E+02	-1.286022251374789E+01
1.611611611611616E+02	-1.286987746768864E+01
1.621621621621626E+02	-1.285345501041820E+01
1.631631631631636E+02	-1.285900697732268E+01
1.641641641641646E+02	-1.286250178528644E+01
1.651651651651657E+02	-1.286395730486220E+01
1.661661661661667E+02	-1.286339148323714E+01
1.671671671671677E+02	-1.286082234286687E+01
1.681681681681687E+02	-1.285626798008752E+01
1.691691691691697E+02	-1.284974656373197E+01
1.701701701701707E+02	-1.284127633374646E+01
1.711711711711717E+02	-1.285427199504784E+01
1.721721721721728E+02	-1.284189317932805E+01
1.731731731731738E+02	-1.285088188239024E+01
1.741741741741748E+02	-1.283466778822003E+01
1.751751751751758E+02	-1.283972263015039E+01
1.761761761761768E+02	-1.284280337559994E+01
1.771771771771778E+02	-1.282094168369940E+01
1.781781781781789E+02	-1.282019905831658E+01
1.791791791791799E+02	-1.281753768263707E+01
1.801801801801809E+02	-1.281297608546220E+01
1.811811811811819E+02	-1.280653285300423E+01
1.821821821821829E+02	-1.282086357219259E+01
1.831831831831839E+02	-1.281064275391373E+01
1.841841841841849E+02	-1.279859627411679E+01
1.851851851851860E+02	-1.280716557999449E+01
1.861861861861870E+02	-1.279145359243057E+01
1.871871871871880E+02	-1.279625056695750E+01
1.881881881881890E+02	-1.277694821795694E+01
1.891891891891900E+02	-1.277804774303331E+01
1.901901901901910E+02	-1.277728965735514E+01
1.911911911911920E+02	-1.277469270458187E+01
1.921921921921931E+02	-1.277027567140613E+01
1.931931931931941E+02	-1.276405738595486E+01
1.941941941941951E+02	-1.275605671620724E+01
1.951951951951961E+02	-1.274629256838216E+01
1.961961961961971E+02	-1.273478388532658E+01
1.971971971971981E+02	-1.272154964489027E+01
1.981981981981992E+02	-1.272806753395480E+01
1.991991991992002E+02	-1.271136408321627E+01
2.002002002002012E+02	-1.271429724860855E+01
2.012012012012022E+02	-1.269420044955677E+01
2.022022022022032E+02	-1.269362443790124E+01
2.032032032032042E+02	-1.269128289455239E+01
2.042042042042052E+02	-1.266620096083579E+01
2.052052052052063E+02	-1.266046386091602E+01
2.062062062062073E+02	-1.265301798906557E+01
2.072072072072083E+02	-1.264388227377185E+01
2.082082082082093E+02	-1.263307566297817E+01
2.092092092092103E+02	-1.262061712234845E+01
2.102102102102113E+02	-1.262704437756338E+01
2.112112112112123E+02	-1.261125941236605E+01
2.122122122122134E+02	-1.259387940196939E+01
2.132132132132144E+02	-1.259520012013309E+01
2.142142142142154E+02	-1.257460726090858E+01
2.152152152152164E+02	-1.257259022516155E+01
2.162162162162174E+02	-1.254886026354870E+01
2.172172172172184E+02	-1.254358084668138E+01
2.182182182182194E+02	-1.253665684484304E+01
2.192192192192205E+02	-1.252810701465978E+01
2.202202202202215E+02	-1.251795011412514E+01
2.212212212212225E+02	-1.250620490075244E+01
2.222222222222235E+02	-1.249289012971849E+01
2.232232232232245E+02	-1.247802455198826E+01
2.242242242242255E+02	-1.246162691243399E+01
2.252252252252266E+02	-1.244371594794302E+01
2.262262262262276E+02	-1.242431038550740E+01
2.272272272272286E+02	-1.242253865090788E+01
2.282282282282296E+02	-1.240011573367747E+01
2.292292292292306E+02	-1.237625423135387E+01
2.302302302302316E+02	-1.236982624031725E+01
2.312312312312326E+02	-1.236182472155315E+01
2.322322322322337E+02	-1.233359010718505E+01
2.332332332332347E+02	-1.232258448481844E+01
2.342342342342357E+02	-1.231006045120921E+01
2.352352352352367E+02	-1.229603630361225E+01
2.362362362362377E+02	-1.226220127907527E+01
2.372372372372387E+02	-1.224531991600634E+01
2.382382382382397E+02	-1.222699325245185E+01
2.392392392392408E+02	-1.222530357857977E+01
2.402402402402418E+02	-1.220405235142289E+01
2.412412412412428E+02	-1.218141018407096E+01
2.422422422422438E+02	-1.215739515132191E+01
2.432432432432448E+02	-1.214973186057159E+01
2.442442442442458E+02	-1.212293636881350E+01
2.452452452452468E+02	-1.209482191081133E+01
2.462462462462479E+02	-1.208284319492850E+01
2.472472472472489E+02	-1.205205544733417E+01
2.482482482482499E+02	-1.203725774777604E+01
2.492492492492509E+02	-1.202103082136091E+01
2.502502502502519E+02	-1.198632136783635E+01
2.512512512512529E+02	-1.196738085772631E+01
2.522522522522540E+02	-1.194706347161218E+01
2.532532532532550E+02	-1.192538652333633E+01
2.542542542542560E+02	-1.190236726723015E+01
2.552552552552570E+02	-1.187802289586398E+01
2.562562562562580E+02	-1.185237053777018E+01
2.572572572572590E+02	-1.182542725513485E+01
2.582582582582600E+02	-1.179721004149997E+01
2.592592592592609E+02	-1.178397180428374E+01
2.602602602602619E+02	-1.175316434587194E+01
2.612612612612629E+02	-1.172113344202444E+01
2.622622622622639E+02	-1.170384917099727E+01
2.632632632632649E+02	-1.166932813228823E+01
2.642642642642659E+02	-1.163363343873107E+01
2.652652652652669E+02	-1.161245179555544E+01
2.662662662662678E+02	-1.158993927178471E+01
2.672672672672688E+02	-1.155063501456652E+01
2.682682682682698E+02	-1.152560570428159E+01
2.692692692692708E+02	-1.149929363698220E+01
2.702702702702718E+02	-1.147171465414840E+01
2.712712712712728E+02	-1.142779153783704E+01
2.722722722722738E+02	-1.139782278929215E+01
2.732732732732748E+02	-1.136663411707787E+01
2.742742742742757E+02	-1.133424096706085E+01
2.752752752752767E+02	-1.130065868011707E+01
2.762762762762777E+02	-1.126590248950970E+01
2.772772772772787E+02	-1.122998751823798E+01
2.782782782782797E+02	-1.120734237647139E+01
2.792792792792807E+02	-1.116905754741992E+01
2.802802802802817E+02	-1.112965858320331E+01
2.812812812812826E+02	-1.108916014040233E+01
2.822822822822836E+02	-1.106159808237680E+01
2.832832832832846E+02	-1.101884681096544E+01
2.842842842842856E+02	-1.098886264003795E+01
2.852852852852866E+02	-1.094391553115202E+01
2.862862862862876E+02	-1.091156560306808E+01
2.872872872872886E+02	-1.086447859769760E+01
2.882882882882896E+02	-1.082981820861141E+01
2.892892892892905E+02	-1.079397261976646E+01
2.902902902902915E+02	-1.074372949186954E+01
2.912912912912925E+02	-1.070565427889733E+01
2.922922922922935E+02	-1.066643360729086E+01
2.932932932932945E+02	-1.062608042273359E+01
2.942942942942955E+02	-1.058460751894245E+01
2.952952952952965E+02	-1.054202753463005E+01
2.962962962962974E+02	-1.048572878527602E+01
2.972972972972984E+02	-1.044107275753731E+01
2.982982982982994E+02	-1.039534661022526E+01
2.992992992993004E+02	-1.036088396639298E+01
3.003003003003014E+02	-1.031295251591837E+01
3.013013013013024E+02	-1.026398638613227E+01
3.023023023023034E+02	-1.021399704208170E+01
3.033033033033043E+02	-1.016299576809934E+01
3.043043043043053E+02	-1.011099366442022E+01
3.053053053053063E+02	-1.006971497486347E+01
3.063063063063073E+02	-1.001564293703541E+01
3.073073073073083E+02	-9.960602243149424E+00
3.083083083083093E+02	-9.916010879835085E+00
3.093093093093103E+02	-9.858962885682558E+00
3.103103103103113E+02	-9.812179502207073E+00
3.113113113113122E+02	-9.753163979356486E+00
3.123123123123132E+02	-9.704227599267142E+00
3.133133133133142E+02	-9.643282660003933E+00
3.143143143143152E+02	-9.592230635694250E+00
3.153153153153162E+02	-9.529392673692655E+00
3.163163163163172E+02	-9.476260626690419E+00
3.173173173173182E+02	-9.411564256219208E+00
3.183183183183191E+02	-9.356386015951102E+00
3.193193193193201E+02	-9.300144909436312E+00
3.203203203203211E+02	-9.242848733367737E+00
3.213213213213221E+02	-9.174431538117915E+00
3.223223223223231E+02	-9.115151285875072E+00
3.233233233233241E+02	-9.054837860770931E+00
3.243243243243251E+02	-8.993498079032179E+00
3.253253253253260E+02	-8.921475963846660E+00
3.263263263263270E+02	-8.858206318698649E+00
3.273273273273280E+02	-8.793929160668085E+00
3.283283283283290E+02	-8.728650257089157E+00
3.293293293293300E+02	-8.662375102589976E+00
3.303303303303310E+02	-8.595108914497359E+00
3.313313313313320E+02	-8.526856628203404E+00
3.323323323323330E+02	-8.457622892438849E+00
3.333333333333339E+02	-8.387412064473665E+00
3.343343343343349E+02	-8.316228205256721E+00
3.353353353353359E+02	-8.244075074467673E+00
3.363363363363369E+02	-8.170956125488829E+00
3.373373373373379E+02	-8.096874500301510E+00
3.383383383383389E+02	-8.021833024295574E+00
3.393393393393399E+02	-7.945834200983427E+00
3.403403403403408E+02	-7.868880206641279E+00
3.413413413413418E+02	-7.790972884846724E+00
3.423423423423428E+02	-7.712113740913537E+00
3.433433433433438E+02	-7.640115856771899E+00
3.443443443443448E+02	-7.559254241488361E+00
3.453453453453458E+02	-7.477443343331743E+00
3.463463463463468E+02	-7.394683260285547E+00
3.473473473473477E+02	-7.310973722798735E+00
3.483483483483487E+02	-7.226314087601168E+00
3.493493493493497E+02	-7.140703331379882E+00
3.503503503503507E+02	-7.054140044352607E+00
3.513513513513517E+02	-6.973618662979788E+00
3.523523523523527E+02	-6.885043518127077E+00
3.533533533533537E+02	-6.795509365193084E+00
3.543543543543547E+02	-6.705013185134703E+00
3.553553553553556E+02	-6.613551538305728E+00
3.563563563563566E+02	-6.521120557172253E+00
3.573573573573576E+02	-6.427715938892561E+00
3.583583583583586E+02	-6.339622028099257E+00
3.593593593593596E+02	-6.244155499430235E+00
3.603603603603606E+02	-6.147699900209773E+00
3.613613613613616E+02	-6.050249112710844E+00
3.623623623623625E+02	-5.951796544220542E+00
3.633633633633635E+02	-5.852335118548126E+00
3.643643643643645E+02	-5.751857267296600E+00
3.653653653653655E+02	-5.650354920941027E+00
3.663663663663665E+02	-5.547819499670823E+00
3.673673673673675E+02	-5.444241904010141E+00
3.683683683683685E+02	-5.339612505188597E+00
3.693693693693695E+02	-5.233921135254604E+00
3.703703703703704E+02	-5.127157076937237E+00
3.713713713713714E+02	-5.019309053216602E+00
3.723723723723724E+02	-4.910365216622722E+00
3.733733733733734E+02	-4.800313138218826E+00
3.743743743743744E+02	-4.689139796271320E+00
3.753753753753754E+02	-4.572216427669446E+00
3.763763763763764E+02	-4.458855633803978E+00
3.773773773773773E+02	-4.344330594002713E+00
3.783783783783783E+02	-4.228625789799480E+00
3.793793793793793E+02	-4.107491516352638E+00
3.803803803803803E+02	-3.989473566712604E+00
3.813813813813813E+02	-3.866179201920659E+00
3.823823823823823E+02	-3.745776929545173E+00
3.833833833833833E+02	-3.624106647144799E+00
3.843843843843842E+02	-3.497383935478865E+00
3.853853853853852E+02	-3.369538336145524E+00
3.863863863863862E+02	-3.244130801990650E+00
3.873873873873872E+02	-3.113882037375333E+00
3.883883883883882E+02	-2.982442103637823E+00
3.893893893893892E+02	-2.849786489394774E+00
3.903903903903902E+02	-2.715889821726250E+00
3.913913913913912E+02	-2.580725845153211E+00
3.923923923923921E+02	-2.444267399772798E+00
3.933933933933931E+02	-2.306486398419111E+00
3.943943943943941E+02	-2.167353802843536E+00
3.953953953953951E+02	-2.026839598828246E+00
3.963963963963961E+02	-1.884912770158280E+00
3.973973973973971E+02	-1.738935358832805E+00
3.983983983983981E+02	-1.594172819735832E+00
3.993993993993990E+02	-1.445461986129430E+00
4.004004004004000E+02	-1.295372297377071E+00
4.014014014014010E+02	-1.143866091157633E+00
4.024024024024020E+02	-9.930930498526322E-01
4.034034034034030E+02	-8.385542283899667E-01
4.044044044044040E+02	-6.804531263392164E-01
4.054054054054050E+02	-5.228791225999885E-01
4.064064064064059E+02	-3.636811000087619E-01
4.074074074074069E+02	-2.010257474194077E-01
4.084084084084079E+02	-3.852072267500262E-02
4.094094094094089E+02	1.273825392813706E-01
4.104104104104099E+02	2.949481032101176E-01
4.114114114114109E+02	4.642294275918175E-01
4.124124124124119E+02	6.366921384246780E-01
4.134134134134129E+02	8.094986377600435E-01
4.144144144144138E+02	9.854588206280823E-01
4.154154154154148E+02	1.162029032472219E+00
4.164164164164158E+02	1.341735602446988E+00
4.174174174174168E+02	1.524437581560051E+00
4.184184184184178E+02	1.708020842589121E+00
4.194194194194188E+02	1.894608992583926E+00
4.204204204204198E+02	2.083221025357034E+00
4.214214214214207E+02	2.273936665776091E+00
4.224224224224217E+02	2.466838801251470E+00
4.234234234234227E+02	2.662688414329750E+00
4.244244244244237E+02	2.860780323660947E+00
4.254254254254247E+02	3.061210391331315E+00
4.264264264264257E+02	3.264582193329261E+00
4.274274274274267E+02	3.470386820130898E+00
4.284284284284277E+02	3.679135892139584E+00
4.294294294294286E+02	3.890446543501184E+00
4.304304304304296E+02	4.104446015687699E+00
4.314314314314306E+02	4.321524759064687E+00
4.324324324324316E+02	4.541479162262476E+00
4.334334334334326E+02	4.764808913888373E+00
4.344344344344336E+02	4.991043860622540E+00
4.354354354354346E+02	5.220780481155089E+00
4.364364364364355E+02	5.453956584208299E+00
4.374374374374365E+02	5.690723482628982E+00
4.384384384384375E+02	5.931286167671260E+00
4.394394394394385E+02	6.175939092921908E+00
4.404404404404395E+02	6.425116689491460E+00
4.414414414414405E+02	6.679408853312907E+00
4.424424424424415E+02	6.938887665079164E+00
4.434434434434424E+02	7.203566507686446E+00
4.444444444444434E+02	7.473458716635832E+00
4.454454454454444E+02	7.748577580196979E+00
4.464464464464454E+02	8.028936339527718E+00
4.474474474474464E+02	8.314548188827757E+00
4.484484484484474E+02	8.605426275486479E+00
4.494494494494484E+02	8.901583700206174E+00
4.504504504504494E+02	9.203033517166205E+00
4.514514514514503E+02	9.509788734145332E+00
4.524524524524513E+02	9.821862312673147E+00
4.534534534534523E+02	1.013926716817377E+01
4.544544544544533E+02	1.046201617010138E+01
4.554554554554543E+02	1.079012214208615E+01
4.564564564564553E+02	1.112359786207435E+01
4.574574574574563E+02	1.146245606247203E+01
4.584584584584572E+02	1.180670943027690E+01
4.594594594594582E+02	1.215637060723975E+01
4.604604604604592E+02	1.251145218998136E+01
4.614614614614602E+02	1.287196673015569E+01
4.624624624624612E+02	1.323792673457319E+01
4.634634634634622E+02	1.360934466535946E+01
4.644644644644632E+02	1.398623294007939E+01
4.654654654654641E+02	1.436860393188863E+01
4.664664664664651E+02	1.475646996966907E+01
4.674674674674661E+02	1.514984333817711E+01
4.684684684684671E+02	1.554873627817415E+01
4.694694694694681E+02	1.595316098657531E+01
4.704704704704691E+02	1.636312961658314E+01
4.714714714714701E+02	1.677865427783718E+01
4.724724724724711E+02	1.719974703653861E+01
4.734734734734720E+02	1.762641991561122E+01
4.744744744744730E+02	1.805868489482600E+01
4.754754754754740E+02	1.849655391093711E+01
4.764764764764750E+02	1.894003885784059E+01
4.774774774774760E+02	1.938915158669579E+01
4.784784784784770E+02	1.984390390607177E+01
4.794794794794780E+02	2.030430758208604E+01
4.804804804804789E+02	2.077037433854366E+01
4.814814814814799E+02	2.124211585707644E+01
4.824824824824809E+02	2.171954377727798E+01
4.834834834834819E+02	2.220266969684690E+01
4.844844844844829E+02	2.269150517172329E+01
4.854854854854839E+02	2.318606171622150E+01
4.864864864864849E+02	2.368635080318290E+01
4.874874874874859E+02	2.419238386409052E+01
4.884884884884868E+02	2.470417228923270E+01
4.894894894894878E+02	2.522172742781595E+01
4.904904904904888E+02	2.574506058811949E+01
4.914914914914898E+02	2.627418303762624E+01
4.924924924924908E+02	2.680910600315474E+01
4.934934934934918E+02	2.734984067100686E+01
4.944944944944928E+02	2.789639818709111E+01
4.954954954954937E+02	2.844878965706539E+01
4.964964964964947E+02	2.900702614647889E+01
4.974974974974957E+02	2.957111868089214E+01
4.984984984984967E+02	3.014107824602570E+01
4.994994994994977E+02	3.071691578789205E+01
5.005005005004987E+02	3.129864221292701E+01
5.015015015014997E+02	3.188626838812797E+01
5.025025025025006E+02	3.247980514119081E+01
5.035035035035016E+02	3.307926326063080E+01
5.045045045045026E+02	3.368465349593316E+01
5.055055055055036E+02	3.429598655768405E+01
5.065065065065046E+02	3.491327311768873E+01
5.075075075075056E+02	3.553652380912399E+01
5.085085085085066E+02	3.616574922665950E+01
5.095095095095076E+02	3.680095992659790E+01
5.105105105105085E+02	3.744216642700212E+01
5.115115115115095E+02	3.808937920782319E+01
5.125125125125105E+02	3.874260871104525E+01
5.135135135135115E+02	3.940186534080794E+01
5.145145145145125E+02	4.006715946353825E+01
5.155155155155135E+02	4.073850140808463E+01
5.165165165165145E+02	4.141590146584485E+01
5.175175175175154E+02	4.209936989090147E+01
5.185185185185164E+02	4.278891690014279E+01
5.195195195195174E+02	4.348455267340842E+01
5.205205205205184E+02	4.418628735360062E+01
5.215215215215194E+02	4.489413104682762E+01
5.225225225225204E+02	4.560809382252501E+01
5.235235235235214E+02	4.632818571359439E+01
5.245245245245223E+02	4.705441671651624E+01
5.255255255255233E+02	4.778679679149536E+01
5.265265265265243E+02	4.852533586257778E+01
5.275275275275253E+02	4.927004381778170E+01
5.285285285285263E+02	5.002093050922394E+01
5.295295295295273E+02	5.077800575325091E+01
5.305305305305283E+02	5.154127933056043E+01
5.315315315315293E+02	5.231076098633730E+01
5.325325325325302E+02	5.308646043036151E+01
5.335335335335312E+02	5.386838733715558E+01
5.345345345345322E+02	5.465655134610142E+01
5.355355355355332E+02	5.545096206155449E+01
5.365365365365342E+02	5.625162905299385E+01
5.375375375375352E+02	5.705856185511766E+01
5.385385385385362E+02	5.787176996799462E+01
5.395395395395371E+02	5.869126285717221E+01
5.405405405405381E+02	5.951704995380123E+01
5.415415415415391E+02	6.034914065476232E+01
5.425425425425401E+02	6.118754432279775E+01
5.435435435435411E+02	6.203227028662150E+01
5.445445445445421E+02	6.288332784104296E+01
5.455455455455431E+02	6.374072624709424E+01
5.465465465465441E+02	6.460447473215845E+01
5.475475475475450E+02	6.547458249006922E+01
5.485485485485460E+02	6.635105868126539E+01
5.495495495495470E+02	6.723391243287733E+01
5.505505505505480E+02	6.812315283886937E+01
5.515515515515490E+02	6.901878896015751E+01
5.525525525525500E+02	6.992082982472493E+01
5.535535535535510E+02	7.082928442774073E+01
5.545545545545519E+02	7.174416173168265E+01
5.555555555555529E+02	7.266547066645808E+01
5.565565565565539E+02	7.359322012951861E+01
5.575575575575549E+02	7.452741898598561E+01
5.585585585585559E+02	7.546807606875609E+01
5.595595595595569E+02	7.641520017863058E+01
5.605605605605579E+02	7.736880008442404E+01
5.615615615615588E+02	7.832888452309453E+01
5.625625625625598E+02	7.929546219985059E+01
5.635635635635608E+02	8.026854178826034E+01
5.645645645645618E+02	8.124813193038608E+01
5.655655655655628E+02	8.223424123688892E+01
5.665665665665638E+02	8.322687828714515E+01
5.675675675675648E+02	8.422605162936452E+01
5.685685685685658E+02	8.523176978069932E+01
5.695695695695667E+02	8.624404122736541E+01
5.705705705705677E+02	8.726287442475586E+01
5.715715715715687E+02	8.828827779755011E+01
5.725725725725697E+02	8.932025973982945E+01
5.735735735735707E+02	9.035882861519531E+01
5.745745745745717E+02	9.140399275687105E+01
5.755755755755727E+02	9.245576046783117E+01
5.765765765765736E+02	9.351414002089041E+01
5.775775775775746E+02	9.457913965884654E+01
5.785785785785756E+02	9.565076759455587E+01
5.795795795795766E+02	9.672903201107692E+01
5.805805805805776E+02	9.781394106175867E+01
5.815815815815786E+02	9.890550287036604E+01
5.825825825825796E+02	1.000037255311772E+02
5.835835835835805E+02	1.011086171091129E+02
5.845845845845815E+02	1.022201856398124E+02
5.855855855855825E+02	1.033384391297841E+02
5.865865865865835E+02	1.044633855564844E+02
5.875875875875845E+02	1.055950328684316E+02
5.885885885885855E+02	1.067333889853280E+02
5.895895895895865E+02	1.078784617981519E+02
5.905905905905875E+02	1.090302591692734E+02
5.915915915915884E+02	1.101887889325553E+02
5.925925925925894E+02	1.113540588934711E+02
5.935935935935904E+02	1.125260768291969E+02
5.945945945945914E+02	1.137048504887339E+02
5.955955955955924E+02	1.148903875929955E+02
5.965965965965934E+02	1.160826958349335E+02
5.975975975975944E+02	1.172817828796219E+02
5.985985985985953E+02	1.184876563643820E+02
5.995995995995963E+02	1.197003238988696E+02
6.006006006005973E+02	1.209197930651931E+02
6.016016016015983E+02	1.221460714180057E+02
6.026026026025993E+02	1.233791664846231E+02
6.036036036036003E+02	1.246190857651081E+02
6.046046046046013E+02	1.258658367323897E+02
6.056056056056022E+02	1.271194268323525E+02
6.066066066066032E+02	1.283798634839595E+02
6.076076076076042E+02	1.296471540793218E+02
6.086086086086052E+02	1.309213059838344E+02
6.096096096096062E+02	1.322023265362504E+02
6.106106106106072E+02	1.334902230487960E+02
6.116116116116082E+02	1.347850028072708E+02
6.126126126126092E+02	1.360866730711432E+02
6.136136136136101E+02	1.373952410736538E+02
6.146146146146111E+02	1.387107140219041E+02
6.156156156156121E+02	1.400330990969760E+02
6.166166166166131E+02	1.413624034540117E+02
6.176176176176141E+02	1.426986342223254E+02
6.186186186186151E+02	1.440417985054919E+02
6.196196196196161E+02	1.453919033814500E+02
6.206206206206170E+02	1.467489559025962E+02
6.216216216216180E+02	1.481129630958890E+02
6.226226226226190E+02	1.494839319629364E+02
6.236236236236200E+02	1.508618694800980E+02
6.246246246246210E+02	1.522467825985800E+02
6.256256256256220E+02	1.536386782445311E+02
6.266266266266230E+02	1.550375633191397E+02
6.276276276276240E+02	1.564434446987284E+02
6.286286286286249E+02	1.578563292348445E+02
6.296296296296259E+02	1.592762237543548E+02
6.306306306306269E+02	1.607031350595516E+02
6.316316316316279E+02	1.621370699282343E+02
6.326326326326289E+02	1.635780351138073E+02
6.336336336336299E+02	1.650260373453748E+02
6.346346346346309E+02	1.664810833278189E+02
6.356356356356318E+02	1.679431797419265E+02
6.366366366366328E+02	1.694123332444433E+02
6.376376376376338E+02	1.708885504681903E+02
6.386386386386348E+02	1.723718380221385E+02
6.396396396396358E+02	1.738622024915285E+02
6.406406406406368E+02	1.753596504379161E+02
6.416416416416378E+02	1.768641883993109E+02
6.426426426426387E+02	1.783758228902389E+02
6.436436436436397E+02	1.798945604018327E+02
6.446446446446407E+02	1.814204074019335E+02
6.456456456456417E+02	1.829533703351708E+02
6.466466466466427E+02	1.844934556230564E+02
6.476476476476437E+02	1.860406696640771E+02
6.486486486486447E+02	1.875950188337629E+02
6.496496496496457E+02	1.891565094848056E+02
6.506506506506466E+02	1.907251479471229E+02
6.516516516516476E+02	1.923009405279540E+02
6.526526526526486E+02	1.938838935119506E+02
6.536536536536496E+02	1.954740131612580E+02
6.546546546546506E+02	1.970713057155990E+02
6.556556556556516E+02	1.986757773923737E+02
6.566566566566526E+02	2.002874343867279E+02
6.576576576576535E+02	2.019062828716524E+02
6.586586586586545E+02	2.035323289980620E+02
6.596596596596555E+02	2.051655788948792E+02
6.606606606606565E+02	2.068060386691291E+02
6.616616616616575E+02	2.084537144060087E+02
6.626626626626585E+02	2.101086121689759E+02
6.636636636636595E+02	2.117707379998474E+02
6.646646646646604E+02	2.134400979188576E+02
6.656656656656614E+02	2.151166979247655E+02
6.666666666666624E+02	2.168005439949170E+02
6.676676676676634E+02	2.184916420853460E+02
6.686686686686644E+02	2.201899981308429E+02
6.696696696696654E+02	2.218956180450418E+02
6.706706706706664E+02	2.236085077205062E+02
6.716716716716674E+02	2.253286730287982E+02
6.726726726726683E+02	2.270561198205719E+02
6.736736736736693E+02	2.287908539256546E+02
6.746746746746703E+02	2.305328811531131E+02
6.756756756756713E+02	2.322822072913468E+02
6.766766766766723E+02	2.340388381081684E+02
6.776776776776733E+02	2.358027793508681E+02
6.786786786786743E+02	2.375740367463177E+02
6.796796796796752E+02	2.393526160010224E+02
6.806806806806762E+02	2.411385228012209E+02
6.816816816816772E+02	2.429317628129497E+02
6.826826826826782E+02	2.447323416821309E+02
6.836836836836792E+02	2.465402650346505E+02
6.846846846846802E+02	2.483555384764168E+02
6.856856856856812E+02	2.501781675934653E+02
6.866866866866822E+02	2.520081579520215E+02
6.876876876876831E+02	2.538455150985710E+02
6.886886886886841E+02	2.556902445599476E+02
6.896896896896851E+02	2.575423518434104E+02
6.906906906906861E+02	2.594018424367082E+02
6.916916916916871E+02	2.612687218081564E+02
6.926926926926881E+02	2.631429954067266E+02
6.936936936936891E+02	2.650246686621122E+02
6.946946946946900E+02	2.669137469847901E+02
6.956956956956910E+02	2.688102357661219E+02
6.966966966966920E+02	2.707141403784053E+02
6.976976976976930E+02	2.726254661749599E+02
6.986986986986940E+02	2.745442184901935E+02
6.996996996996950E+02	2.764704026396835E+02
7.007007007006960E+02	2.784040239202409E+02
7.017017017016969E+02	2.803450876099869E+02
7.027027027026979E+02	2.822935989684338E+02
7.037037037036989E+02	2.842495632365376E+02
7.047047047046999E+02	2.862129856367865E+02
7.057057057057009E+02	2.881838713732668E+02
7.067067067067019E+02	2.901622256317373E+02
7.077077077077029E+02	2.921480535796941E+02
7.087087087087039E+02	2.941413603664414E+02
7.097097097097048E+02	2.961421511231788E+02
7.107107107107058E+02	2.981504309630359E+02
7.117117117117068E+02	3.001662049811844E+02
7.127127127127078E+02	3.021894782548784E+02
7.137137137137088E+02	3.042202558435424E+02
7.147147147147098E+02	3.062585427888071E+02
7.157157157157108E+02	3.083043441146328E+02
7.167167167167117E+02	3.103576648273238E+02
7.177177177177127E+02	3.124185099156430E+02
7.187187187187137E+02	3.144868843508320E+02
7.197197197197147E+02	3.165627930867131E+02
7.207207207207157E+02	3.186462410597615E+02
7.217217217217167E+02	3.207372331891484E+02
7.227227227227177E+02	3.228357743768097E+02
7.237237237237186E+02	3.249418695075360E+02
7.247247247247196E+02	3.270555234490184E+02
7.257257257257206E+02	3.291767410519215E+02
7.267267267267216E+02	3.313055271499502E+02
7.277277277277226E+02	3.334418865599105E+02
7.287287287287236E+02	3.355858240817820E+02
7.297297297297246E+02	3.377373444987816E+02
7.307307307307256E+02	3.398964525774172E+02
7.317317317317265E+02	3.420631530675769E+02
7.327327327327275E+02	3.442374507025634E+02
7.337337337337285E+02	3.464193501991772E+02
7.347347347347295E+02	3.486088562577806E+02
7.357357357357305E+02	3.508059735623583E+02
7.367367367367315E+02	3.530107067805679E+02
7.377377377377325E+02	3.552230605638315E+02
7.387387387387334E+02	3.574430395473660E+02
7.397397397397344E+02	3.596706483502749E+02
7.407407407407354E+02	3.619058915755850E+02
7.417417417417364E+02	3.641487738103338E+02
7.427427427427374E+02	3.663992996256115E+02
7.437437437437384E+02	3.686574735766303E+02
7.447447447447394E+02	3.709233002027863E+02
7.457457457457404E+02	3.731967840277207E+02
7.467467467467413E+02	3.754779295593771E+02
7.477477477477423E+02	3.777667412900755E+02
7.487487487487433E+02	3.800632236965503E+02
7.497497497497443E+02	3.823673812400252E+02
7.507507507507453E+02	3.846792183662774E+02
7.517517517517463E+02	3.869987395056860E+02
7.527527527527473E+02	3.893259490732944E+02
7.537537537537482E+02	3.916608514688764E+02
7.547547547547492E+02	3.940034510769810E+02
7.557557557557502E+02	3.963537522670204E+02
7.567567567567512E+02	3.987117593932876E+02
7.577577577577522E+02	4.010774767950411E+02
7.587587587587532E+02	4.034509087965739E+02
7.597597597597542E+02	4.058320597072320E+02
7.607607607607551E+02	4.082209338215148E+02
7.617617617617561E+02	4.106175354190973E+02
7.627627627627571E+02	4.130218687649185E+02
7.637637637637581E+02	4.154339381092136E+02
7.647647647647591E+02	4.178537476875790E+02
7.657657657657601E+02	4.202813017210378E+02
7.667667667667611E+02	4.227166044160872E+02
7.677677677677621E+02	4.251596599647519E+02
7.687687687687630E+02	4.276104725446457E+02
7.697697697697640E+02	4.300690463190203E+02
7.707707707707650E+02	4.325353854368468E+02
7.717717717717660E+02	4.350094940328195E+02
7.727727727727670E+02	4.374913762274641E+02
7.737737737737680E+02	4.399810361271602E+02
7.747747747747690E+02	4.424784778242069E+02
7.757757757757699E+02	4.449837053968795E+02
7.767767767767709E+02	4.474967229094723E+02
7.777777777777719E+02	4.500175344123704E+02
7.787787787787729E+02	4.525461439420787E+02
7.797797797797739E+02	4.550825555213000E+02
7.807807807807749E+02	4.576267731589769E+02
7.817817817817759E+02	4.601788008503468E+02
7.827827827827768E+02	4.627386425769878E+02
7.837837837837778E+02	4.653063023068835E+02
7.847847847847788E+02	4.678817839944645E+02
7.857857857857798E+02	4.704650915806624E+02
7.867867867867808E+02	4.730562289929762E+02
7.877877877877818E+02	4.756552001454997E+02
7.887887887887828E+02	4.782620089389920E+02
7.897897897897838E+02	4.808766592609281E+02
7.907907907907847E+02	4.834991549855299E+02
7.917917917917857E+02	4.861294999738429E+02
7.927927927927867E+02	4.887676980737824E+02
7.937937937937877E+02	4.914137531201504E+02
7.947947947947887E+02	4.940676689347470E+02
7.957957957957897E+02	4.967294493263612E+02
7.967967967967907E+02	4.993990980908566E+02
7.977977977977916E+02	5.020766190112140E+02
7.987987987987926E+02	5.047620158575660E+02
7.997997997997936E+02	5.074552923872675E+02
8.008008008007946E+02	5.101564523449342E+02
8.018018018017956E+02	5.128654994624962E+02
8.028028028027966E+02	5.155824374592262E+02
8.038038038037976E+02	5.183072700418243E+02
8.048048048047986E+02	5.210400009044315E+02
8.058058058057995E+02	5.237806337287107E+02
8.068068068068005E+02	5.265291721838612E+02
8.078078078078015E+02	5.292856199266894E+02
8.088088088088025E+02	5.320499806016487E+02
8.098098098098035E+02	5.348222578408900E+02
8.108108108108045E+02	5.376024552643021E+02
8.118118118118055E+02	5.403905764795609E+02
8.128128128128064E+02	5.431866250821904E+02
8.138138138138074E+02	5.459906046555848E+02
8.148148148148084E+02	5.488025187710668E+02
8.158158158158094E+02	5.516223709879446E+02
8.168168168168104E+02	5.544501648535420E+02
8.178178178178114E+02	5.572859039032496E+02
8.188188188188124E+02	5.601295916605754E+02
8.198198198198133E+02	5.629812316371754E+02
8.208208208208143E+02	5.658408273329183E+02
8.218218218218153E+02	5.687083822359168E+02
8.228228228228163E+02	5.715838998225786E+02
8.238238238238173E+02	5.744673835576550E+02
8.248248248248183E+02	5.773588368942737E+02
8.258258258258193E+02	5.802582632739891E+02
8.268268268268203E+02	5.831656661268303E+02
8.278278278278212E+02	5.860810488713419E+02
8.288288288288222E+02	5.890044149146279E+02
8.298298298298232E+02	5.919357676523960E+02
8.308308308308242E+02	5.948751104689945E+02
8.318318318318252E+02	5.978224467374671E+02
8.328328328328262E+02	6.007777798195934E+02
8.338338338338272E+02	6.037411130659234E+02
8.348348348348281E+02	6.067124498158278E+02
8.358358358358291E+02	6.096917933975365E+02
8.368368368368301E+02	6.126791471281890E+02
8.378378378378311E+02	6.156745143138614E+02
8.388388388388321E+02	6.186778982496321E+02
8.398398398398331E+02	6.216893022195945E+02
8.408408408408341E+02	6.247087294969206E+02
8.418418418418350E+02	6.277361833439054E+02
8.428428428428360E+02	6.307716670119698E+02
8.438438438438370E+02	6.338151837417718E+02
8.448448448448380E+02	6.368667367631733E+02
8.458458458458390E+02	6.399263292953269E+02
8.468468468468400E+02	6.429939645467066E+02
8.478478478478410E+02	6.460696457151366E+02
8.488488488488420E+02	6.491533759878544E+02
8.498498498498429E+02	6.522451585415279E+02
8.508508508508439E+02	6.553449965423033E+02
8.518518518518449E+02	6.584528931458535E+02
8.528528528528459E+02	6.615688514974063E+02
8.538538538538469E+02	6.646928747318029E+02
8.548548548548479E+02	6.678249659734984E+02
8.558558558558489E+02	6.709651283366397E+02
8.568568568568498E+02	6.741133649251055E+02
8.578578578578508E+02	6.772696788325024E+02
8.588588588588518E+02	6.804340731422485E+02
8.598598598598528E+02	6.836065509276013E+02
8.608608608608538E+02	6.867871152516714E+02
8.618618618618548E+02	6.899757691674927E+02
8.628628628628558E+02	6.931725157180558E+02
8.638638638638567E+02	6.963773579363169E+02
8.648648648648577E+02	6.995902988452758E+02
8.658658658658587E+02	7.028113414579848E+02
8.668668668668597E+02	7.060404887775921E+02
8.678678678678607E+02	7.092777437974005E+02
8.688688688688617E+02	7.125231095008671E+02
8.698698698698627E+02	7.157765888616791E+02
8.708708708708637E+02	7.190381848437528E+02
8.718718718718646E+02	7.223079004013016E+02
8.728728728728656E+02	7.255857384788637E+02
8.738738738738666E+02	7.288717020113272E+02
8.748748748748676E+02	7.321657939239826E+02
8.758758758758686E+02	7.354680171325435E+02
8.768768768768696E+02	7.387783745432025E+02
8.778778778778706E+02	7.420968690526420E+02
8.788788788788715E+02	7.454235035480838E+02
8.798798798798725E+02	7.487582809073406E+02
8.808808808808735E+02	7.521012039988154E+02
8.818818818818745E+02	7.554522756815713E+02
8.828828828828755E+02	7.588114988053344E+02
8.838838838838765E+02	7.621788762105675E+02
8.848848848848775E+02	7.655544107284713E+02
8.858858858858785E+02	7.689381051810205E+02
8.868868868868794E+02	7.723299623810431E+02
8.878878878878804E+02	7.757299851321841E+02
8.888888888888814E+02	7.791381762290011E+02
8.898898898898824E+02	7.825545384569641E+02
8.908908908908834E+02	7.859790745924975E+02
8.918918918918844E+02	7.894117874030271E+02
8.928928928928854E+02	7.928526796469955E+02
8.938938938938863E+02	7.963017540738992E+02
8.948948948948873E+02	7.997590134243396E+02
8.958958958958883E+02	8.032244604300222E+02
8.968968968968893E+02	8.066980978138422E+02
8.978978978978903E+02	8.101799282898555E+02
8.988988988988913E+02	8.136699545633628E+02
8.998998998998923E+02	8.171681793308917E+02
9.009009009008932E+02	8.206746052802978E+02
9.019019019018942E+02	8.241892350907383E+02
9.029029029028952E+02	8.277120714327289E+02
9.039039039038962E+02	8.312431169681731E+02
9.049049049048972E+02	8.347823743503823E+02
9.059059059058982E+02	8.383298462241360E+02
9.069069069068992E+02	8.418855352256915E+02
9.079079079079002E+02	8.454494439828204E+02
9.089089089089011E+02	8.490215751148294E+02
9.099099099099021E+02	8.526019312326202E+02
9.109109109109031E+02	8.561905149386980E+02
9.119119119119041E+02	8.597873288271981E+02
9.129129129129051E+02	8.633923754839425E+02
9.139139139139061E+02	8.670056574864566E+02
9.149149149149071E+02	8.706271774039792E+02
9.159159159159080E+02	8.742569377975274E+02
9.169169169169090E+02	8.778949412199249E+02
9.179179179179100E+02	8.815411902157930E+02
9.189189189189110E+02	8.851956873216423E+02
9.199199199199120E+02	8.888584350658371E+02
9.209209209209130E+02	8.925294359686773E+02
9.219219219219140E+02	8.962086925424087E+02
9.229229229229149E+02	8.998962072912427E+02
9.239239239239159E+02	9.035919827113948E+02
9.249249249249169E+02	9.072960212911380E+02
9.259259259259179E+02	9.110083255107938E+02
9.269269269269189E+02	9.147288978427637E+02
9.279279279279199E+02	9.184577407516099E+02
9.289289289289209E+02	9.221948566940237E+02
9.299299299299219E+02	9.259402481188658E+02
9.309309309309228E+02	9.296939174672393E+02
9.319319319319238E+02	9.334558671724644E+02
9.329329329329248E+02	9.372260996601349E+02
9.339339339339258E+02	9.410046173481546E+02
9.349349349349268E+02	9.447914226467292E+02
9.359359359359278E+02	9.485865179584271E+02
9.369369369369288E+02	9.523899056782097E+02
9.379379379379297E+02	9.562015881934403E+02
9.389389389389307E+02	9.600215678839181E+02
9.399399399399317E+02	9.638498471219086E+02
9.409409409409327E+02	9.676864282721799E+02
9.419419419419337E+02	9.715313136920022E+02
9.429429429429347E+02	9.753845057312128E+02
9.439439439439357E+02	9.792460067322227E+02
9.449449449449367E+02	9.831158190300412E+02
9.459459459459376E+02	9.869939449523108E+02
9.469469469469386E+02	9.908803868193236E+02
9.479479479479396E+02	9.947751469440818E+02
9.489489489489406E+02	9.986782276322720E+02
9.499499499499416E+02	1.002589631182325E+03
9.509509509509426E+02	1.006509359885456E+03
9.519519519519436E+02	1.010437416025650E+03
9.529529529529445E+02	1.014373801879718E+03
9.539539539539455E+02	1.018318519717317E+03
9.549549549549465E+02	1.022271571800983E+03
9.559559559559475E+02	1.026232960386120E+03
9.569569569569485E+02	1.030202687721095E+03
9.579579579579495E+02	1.034180756047196E+03
9.589589589589505E+02	1.038167167598700E+03
9.599599599599514E+02	1.042161924602879E+03
9.609609609609524E+02	1.046165029280015E+03
9.619619619619534E+02	1.050176483843476E+03
9.629629629629544E+02	1.054196290499689E+03
9.639639639639554E+02	1.058224451448169E+03
9.649649649649564E+02	1.062260968881586E+03
9.659659659659574E+02	1.066305844985750E+03
9.669669669669584E+02	1.070359081939629E+03
9.679679679679593E+02	1.074420681915441E+03
9.689689689689603E+02	1.078490647078580E+03
9.699699699699613E+02	1.082568979587734E+03
9.709709709709623E+02	1.086655681594847E+03
9.719719719719633E+02	1.090750755245145E+03
9.729729729729643E+02	1.094854202677211E+03
9.739739739739653E+02	1.098966026022988E+03
9.749749749749662E+02	1.103086227407744E+03
9.759759759759672E+02	1.107214808950194E+03
9.769769769769682E+02	1.111351772762448E+03
9.779779779779692E+02	1.115497120950064E+03
9.789789789789702E+02	1.119650855612077E+03
9.799799799799712E+02	1.123812978841019E+03
9.809809809809722E+02	1.127983492722929E+03
9.819819819819731E+02	1.132162399337389E+03
9.829829829829741E+02	1.136349700757562E+03
9.839839839839751E+02	1.140545399050167E+03
9.849849849849761E+02	1.144749496275556E+03
9.859859859859771E+02	1.148961994487719E+03
9.869869869869781E+02	1.153182895734277E+03
9.879879879879791E+02	1.157412202056557E+03
9.889889889889801E+02	1.161649915489576E+03
9.899899899899810E+02	1.165896038062102E+03
9.909909909909820E+02	1.170150571796589E+03
9.919919919919830E+02	1.174413518709328E+03
9.929929929929840E+02	1.178684880810370E+03
9.939939939939850E+02	1.182964660103600E+03
9.949949949949860E+02	1.187252858586717E+03
9.959959959959870E+02	1.191549478251300E+03
9.969969969969879E+02	1.195854521082801E+03
9.979979979979889E+02	1.200167989060589E+03
9.989989989989899E+02	1.204489884157931E+03
9.999999999999909E+02	1.208820208342074E+03
