# barionic density, energy density per particle 
1.025275275275275E-02	-3.524728999500160E+05
1.050550550550551E-02	-3.440167214620681E+05
1.075825825825826E-02	-3.359578918606666E+05
1.101101101101101E-02	-3.282690479300502E+05
1.126376376376376E-02	-3.209253687443085E+05
1.151651651651652E-02	-3.139039612120794E+05
1.176926926926927E-02	-3.071841428055919E+05
1.202202202202202E-02	-3.007468913021633E+05
1.227477477477477E-02	-2.945747512514357E+05
1.252752752752753E-02	-2.886516759206447E+05
1.278028028028028E-02	-2.829628879947920E+05
1.303303303303303E-02	-2.774947564856918E+05
1.328578578578579E-02	-2.722346876913531E+05
1.353853853853854E-02	-2.671710283695448E+05
1.379129129129129E-02	-2.622929795585903E+05
1.404404404404404E-02	-2.575905197040645E+05
1.429679679679680E-02	-2.530543359397472E+05
1.454954954954955E-02	-2.486757625312597E+05
1.480230230230230E-02	-2.444467256262461E+05
1.505505505505505E-02	-2.403596935699560E+05
1.530780780780781E-02	-2.364076321429813E+05
1.556056056056056E-02	-2.325839641614871E+05
1.581331331331331E-02	-2.288825329518379E+05
1.606606606606607E-02	-2.252975692729541E+05
1.631881881881882E-02	-2.218236613125980E+05
1.657157157157158E-02	-2.184557274293992E+05
1.682432432432433E-02	-2.151889913518758E+05
1.707707707707708E-02	-2.120189595798904E+05
1.732982982982984E-02	-2.089414007636882E+05
1.758258258258259E-02	-2.059523268615203E+05
1.783533533533535E-02	-2.030479758994135E+05
1.808808808808810E-02	-2.002248804435387E+05
1.834084084084086E-02	-1.974795159767905E+05
1.859359359359361E-02	-1.948087933928003E+05
1.884634634634636E-02	-1.922097094927234E+05
1.909909909909912E-02	-1.896794200538709E+05
1.935185185185187E-02	-1.872152294477904E+05
1.960460460460463E-02	-1.848145810614424E+05
1.985735735735738E-02	-1.824750484499187E+05
2.011011011011014E-02	-1.801943271563427E+05
2.036286286286289E-02	-1.779702271409816E+05
2.061561561561565E-02	-1.758006657672854E+05
2.086836836836840E-02	-1.736836612976381E+05
2.112112112112115E-02	-1.716173268561198E+05
2.137387387387391E-02	-1.695998648196256E+05
2.162662662662666E-02	-1.676295616022937E+05
2.187937937937942E-02	-1.657047828014412E+05
2.213213213213217E-02	-1.638239686761055E+05
2.238488488488493E-02	-1.619856299319043E+05
2.263763763763768E-02	-1.601883437882728E+05
2.289039039039044E-02	-1.584307503062518E+05
2.314314314314319E-02	-1.567115489569092E+05
2.339589589589594E-02	-1.550294954121955E+05
2.364864864864870E-02	-1.533833985415937E+05
2.390140140140145E-02	-1.517721175993291E+05
2.415415415415421E-02	-1.501945595881801E+05
2.440690690690696E-02	-1.486495941231233E+05
2.465965965965972E-02	-1.471363818292325E+05
2.491241241241247E-02	-1.456538759915409E+05
2.516516516516523E-02	-1.442011513504982E+05
2.541791791791798E-02	-1.427773194499114E+05
2.567067067067073E-02	-1.413815268251046E+05
2.592342342342349E-02	-1.400129532970715E+05
2.617617617617624E-02	-1.386708103654568E+05
2.642892892892900E-02	-1.373543396937503E+05
2.668168168168175E-02	-1.360628116805794E+05
2.693443443443451E-02	-1.347955241114426E+05
2.718718718718726E-02	-1.335518008856523E+05
2.743993993994001E-02	-1.323309908136345E+05
2.769269269269277E-02	-1.311324664800920E+05
2.794544544544552E-02	-1.299556231688603E+05
2.819819819819828E-02	-1.287998778455865E+05
2.845095095095103E-02	-1.276646681946338E+05
2.870370370370379E-02	-1.265494517068704E+05
2.895645645645654E-02	-1.254537048152335E+05
2.920920920920930E-02	-1.243769220751736E+05
2.946196196196205E-02	-1.233185339199277E+05
2.971471471471480E-02	-1.222782318529003E+05
2.996746746746756E-02	-1.212554787611237E+05
3.022022022022031E-02	-1.202498343015942E+05
3.047297297297307E-02	-1.192608727410629E+05
3.072572572572582E-02	-1.182881823551224E+05
3.097847847847858E-02	-1.173313648567102E+05
3.123123123123133E-02	-1.163900348523640E+05
3.148398398398408E-02	-1.154638193246672E+05
3.173673673673683E-02	-1.145523571394258E+05
3.198948948948958E-02	-1.136552985762090E+05
3.224224224224233E-02	-1.127722240482390E+05
3.249499499499509E-02	-1.119029670667645E+05
3.274774774774784E-02	-1.110471286579989E+05
3.300050050050059E-02	-1.102044004859985E+05
3.325325325325334E-02	-1.093744835895404E+05
3.350600600600609E-02	-1.085570880285263E+05
3.375875875875884E-02	-1.077519325462707E+05
3.401151151151159E-02	-1.069587442468472E+05
3.426426426426434E-02	-1.061771779056208E+05
3.451701701701709E-02	-1.054071372583364E+05
3.476976976976984E-02	-1.046482922539060E+05
3.502252252252260E-02	-1.039004004877896E+05
3.527527527527535E-02	-1.031632265031294E+05
3.552802802802810E-02	-1.024365415436109E+05
3.578078078078085E-02	-1.017201233167981E+05
3.603353353353360E-02	-1.010136757773090E+05
3.628628628628635E-02	-1.003171489292783E+05
3.653903903903910E-02	-9.963025849971994E+04
3.679179179179185E-02	-9.895280587715385E+04
3.704454454454460E-02	-9.828459787074353E+04
3.729729729729735E-02	-9.762544652662234E+04
3.755005005005010E-02	-9.697508929271570E+04
3.780280280280286E-02	-9.633350754421076E+04
3.805555555555561E-02	-9.570044829061405E+04
3.830830830830836E-02	-9.507574283246661E+04
3.856106106106111E-02	-9.445922689350847E+04
3.881381381381386E-02	-9.385066108981818E+04
3.906656656656661E-02	-9.325004839753824E+04
3.931931931931936E-02	-9.265715752229237E+04
3.957207207207211E-02	-9.207184049507728E+04
3.982482482482486E-02	-9.149395310344256E+04
4.007757757757761E-02	-9.092327565830370E+04
4.033033033033036E-02	-9.035982939748063E+04
4.058308308308312E-02	-8.980340151164128E+04
4.083583583583587E-02	-8.925386167355622E+04
4.108858858858862E-02	-8.871108276291098E+04
4.134134134134137E-02	-8.817486192562949E+04
4.159409409409412E-02	-8.764523590843729E+04
4.184684684684687E-02	-8.712200773654664E+04
4.209959959959962E-02	-8.660506217195807E+04
4.235235235235237E-02	-8.609420809871603E+04
4.260510510510512E-02	-8.558949301552870E+04
4.285785785785787E-02	-8.509073100813339E+04
4.311061061061063E-02	-8.459781736439616E+04
4.336336336336338E-02	-8.411057139852014E+04
4.361611611611613E-02	-8.362905009902707E+04
4.386886886886888E-02	-8.315307739495134E+04
4.412162162162163E-02	-8.268255792522240E+04
4.437437437437438E-02	-8.221732030041629E+04
4.462712712712713E-02	-8.175742990387316E+04
4.487987987987988E-02	-8.130271945101100E+04
4.513263263263263E-02	-8.085302386580480E+04
4.538538538538538E-02	-8.040841420444231E+04
4.563813813813813E-02	-7.996872915667290E+04
4.589089089089089E-02	-7.953388734870269E+04
4.614364364364364E-02	-7.910373135893623E+04
4.639639639639639E-02	-7.867833905057173E+04
4.664914914914914E-02	-7.825755636584164E+04
4.690190190190189E-02	-7.784123110344111E+04
4.715465465465464E-02	-7.742944574098231E+04
4.740740740740739E-02	-7.702205117250177E+04
4.766016016016014E-02	-7.661890002081303E+04
4.791291291291289E-02	-7.622007899380973E+04
4.816566566566564E-02	-7.582544356605789E+04
4.841841841841839E-02	-7.543485082496003E+04
4.867117117117115E-02	-7.504839135989253E+04
4.892392392392390E-02	-7.466592488866716E+04
4.917667667667665E-02	-7.428731263649452E+04
4.942942942942940E-02	-7.391264875703515E+04
4.968218218218215E-02	-7.354179690447739E+04
4.993493493493490E-02	-7.317462214437974E+04
5.018768768768765E-02	-7.281122190579797E+04
5.044044044044040E-02	-7.245146349969030E+04
5.069319319319315E-02	-7.209521556080005E+04
5.094594594594590E-02	-7.174257853009437E+04
5.119869869869866E-02	-7.139334633090308E+04
5.145145145145141E-02	-7.104762128742527E+04
5.170420420420416E-02	-7.070527624408239E+04
5.195695695695691E-02	-7.036618523972950E+04
5.220970970970966E-02	-7.003045322074581E+04
5.246246246246241E-02	-6.969787952463403E+04
5.271521521521516E-02	-6.936857073946205E+04
5.296796796796791E-02	-6.904240463243725E+04
5.322072072072066E-02	-6.871926005357983E+04
5.347347347347341E-02	-6.839924587681910E+04
5.372622622622616E-02	-6.808216629531837E+04
5.397897897897892E-02	-6.776813161584963E+04
5.423173173173167E-02	-6.745694782890918E+04
5.448448448448442E-02	-6.714872659849025E+04
5.473723723723717E-02	-6.684335171046093E+04
5.498998998998992E-02	-6.654070790190875E+04
5.524274274274267E-02	-6.624090872585401E+04
5.549549549549542E-02	-6.594376436997809E+04
5.574824824824817E-02	-6.564938957316933E+04
5.600100100100092E-02	-6.535759608218523E+04
5.625375375375367E-02	-6.506849975952401E+04
5.650650650650643E-02	-6.478191385104875E+04
5.675925925925918E-02	-6.449795528390686E+04
5.701201201201193E-02	-6.421643874627278E+04
5.726476476476468E-02	-6.393748217407804E+04
5.751751751751743E-02	-6.366090164399520E+04
5.777027027027018E-02	-6.338681604778232E+04
5.802302302302293E-02	-6.311504279959751E+04
5.827577577577568E-02	-6.284570169679987E+04
5.852852852852843E-02	-6.257861144265303E+04
5.878128128128118E-02	-6.231389269246034E+04
5.903403403403393E-02	-6.205136539268621E+04
5.928678678678669E-02	-6.179115101133816E+04
5.953953953953944E-02	-6.153307069450570E+04
5.979229229229219E-02	-6.127724667993560E+04
6.004504504504494E-02	-6.102350127195871E+04
6.029779779779769E-02	-6.077195743723844E+04
6.055055055055044E-02	-6.052243859902892E+04
6.080330330330319E-02	-6.027499356596314E+04
6.105605605605594E-02	-6.002967138727352E+04
6.130880880880869E-02	-5.978629708308488E+04
6.156156156156144E-02	-5.954499528866001E+04
6.181431431431419E-02	-5.930559205317035E+04
6.206706706706695E-02	-5.906821261292480E+04
6.231981981981970E-02	-5.883268401316038E+04
6.257257257257245E-02	-5.859905756466453E+04
6.282532532532521E-02	-5.836738475924910E+04
6.307807807807797E-02	-5.813749406634425E+04
6.333083083083073E-02	-5.790951209706799E+04
6.358358358358349E-02	-5.768326824135386E+04
6.383633633633624E-02	-5.745881536221820E+04
6.408908908908900E-02	-5.723620646686044E+04
6.434184184184176E-02	-5.701527226308059E+04
6.459459459459452E-02	-5.679606646363289E+04
6.484734734734728E-02	-5.657864290529425E+04
6.510010010010003E-02	-5.636283355589244E+04
6.535285285285279E-02	-5.614876686192359E+04
6.560560560560555E-02	-5.593627560830161E+04
6.585835835835831E-02	-5.572541479411918E+04
6.611111111111106E-02	-5.551623951193743E+04
6.636386386386382E-02	-5.530858371884961E+04
6.661661661661658E-02	-5.510250311843467E+04
6.686936936936934E-02	-5.489805349096249E+04
6.712212212212210E-02	-5.469506991778718E+04
6.737487487487485E-02	-5.449360875904019E+04
6.762762762762761E-02	-5.429365294673095E+04
6.788038038038037E-02	-5.409525910914010E+04
6.813313313313313E-02	-5.389826375078577E+04
6.838588588588589E-02	-5.370272404146560E+04
6.863863863863864E-02	-5.350869719254955E+04
6.889139139139140E-02	-5.331602073314652E+04
6.914414414414416E-02	-5.312475238955166E+04
6.939689689689692E-02	-5.293487677794869E+04
6.964964964964968E-02	-5.274645182858676E+04
6.990240240240243E-02	-5.255931637121445E+04
7.015515515515519E-02	-5.237352881821473E+04
7.040790790790795E-02	-5.218907465520295E+04
7.066066066066071E-02	-5.200601246595081E+04
7.091341341341346E-02	-5.182418231902069E+04
7.116616616616622E-02	-5.164364325027784E+04
7.141891891891898E-02	-5.146438155420968E+04
7.167167167167174E-02	-5.128645640816825E+04
7.192442442442450E-02	-5.110970906289327E+04
7.217717717717725E-02	-5.093419912027640E+04
7.242992992993001E-02	-5.075991362810936E+04
7.268268268268277E-02	-5.058683981436657E+04
7.293543543543553E-02	-5.041503752375871E+04
7.318818818818829E-02	-5.024434940766967E+04
7.344094094094104E-02	-5.007483570405941E+04
7.369369369369380E-02	-4.990648433105063E+04
7.394644644644656E-02	-4.973928337196932E+04
7.419919919919932E-02	-4.957322107253067E+04
7.445195195195208E-02	-4.940835797826239E+04
7.470470470470483E-02	-4.924453832245785E+04
7.495745745745759E-02	-4.908182301042930E+04
7.521021021021035E-02	-4.892020091043701E+04
7.546296296296311E-02	-4.875966103989433E+04
7.571571571571586E-02	-4.860019256287788E+04
7.596846846846862E-02	-4.844178478768777E+04
7.622122122122138E-02	-4.828442716445620E+04
7.647397397397414E-02	-4.812818102396047E+04
7.672672672672690E-02	-4.797289256164816E+04
7.697947947947965E-02	-4.781862342941765E+04
7.723223223223241E-02	-4.766536362174824E+04
7.748498498498517E-02	-4.751310326368435E+04
7.773773773773793E-02	-4.736183260871274E+04
7.799049049049069E-02	-4.721154203668115E+04
7.824324324324344E-02	-4.706222205175721E+04
7.849599599599620E-02	-4.691386328042678E+04
7.874874874874896E-02	-4.676645646953100E+04
7.900150150150172E-02	-4.661999248434069E+04
7.925425425425447E-02	-4.647446230666805E+04
7.950700700700723E-02	-4.632985703301387E+04
7.975975975975999E-02	-4.618616787275047E+04
8.001251251251275E-02	-4.604338614633859E+04
8.026526526526551E-02	-4.590150328357842E+04
8.051801801801826E-02	-4.576051082189331E+04
8.077077077077102E-02	-4.562040040464575E+04
8.102352352352378E-02	-4.548116377948484E+04
8.127627627627654E-02	-4.534279279672475E+04
8.152902902902930E-02	-4.520527940775317E+04
8.178178178178205E-02	-4.506861566346935E+04
8.203453453453481E-02	-4.493279371275095E+04
8.228728728728757E-02	-4.479780580094933E+04
8.254004004004033E-02	-4.466364426841229E+04
8.279279279279309E-02	-4.453030154903386E+04
8.304554554554584E-02	-4.439777016883082E+04
8.329829829829860E-02	-4.426604274454473E+04
8.355105105105136E-02	-4.413511198226985E+04
8.380380380380412E-02	-4.400497067610545E+04
8.405655655655687E-02	-4.387561170683263E+04
8.430930930930963E-02	-4.374702804061484E+04
8.456206206206239E-02	-4.361921272772190E+04
8.481481481481515E-02	-4.349215890127671E+04
8.506756756756791E-02	-4.336585977602415E+04
8.532032032032066E-02	-4.324023865317309E+04
8.557307307307342E-02	-4.311542894575648E+04
8.582582582582618E-02	-4.299135406155721E+04
8.607857857857894E-02	-4.286800752992968E+04
8.633133133133170E-02	-4.274538295601486E+04
8.658408408408445E-02	-4.262347401963427E+04
8.683683683683721E-02	-4.250227447420281E+04
8.708958958958997E-02	-4.238170850129620E+04
8.734234234234273E-02	-4.226190933813271E+04
8.759509509509548E-02	-4.214280125717574E+04
8.784784784784824E-02	-4.202437829571755E+04
8.810060060060100E-02	-4.190663455948589E+04
8.835335335335376E-02	-4.178956422166471E+04
8.860610610610652E-02	-4.167309217826851E+04
8.885885885885927E-02	-4.155735147318870E+04
8.911161161161203E-02	-4.144226708130638E+04
8.936436436436479E-02	-4.132783343617157E+04
8.961711711711755E-02	-4.121404503414065E+04
8.986986986987031E-02	-4.110082734075629E+04
9.012262262262306E-02	-4.098831321238133E+04
9.037537537537582E-02	-4.087642818429506E+04
9.062812812812858E-02	-4.076516699539408E+04
9.088088088088134E-02	-4.065445555081901E+04
9.113363363363410E-02	-4.054442654203910E+04
9.138638638638685E-02	-4.043500593715026E+04
9.163913913913961E-02	-4.032618870437550E+04
9.189189189189237E-02	-4.021790117628910E+04
9.214464464464513E-02	-4.011027586502376E+04
9.239739739739788E-02	-4.000323915976059E+04
9.265015015015064E-02	-3.989671770472261E+04
9.290290290290340E-02	-3.979084387146743E+04
9.315565565565616E-02	-3.968554435631975E+04
9.340840840840892E-02	-3.958074610913813E+04
9.366116116116167E-02	-3.947658135351591E+04
9.391391391391443E-02	-3.937297708712125E+04
9.416666666666719E-02	-3.926986055973585E+04
9.441941941941995E-02	-3.916736383992762E+04
9.467217217217271E-02	-3.906541422119711E+04
9.492492492492546E-02	-3.896393924782051E+04
9.517767767767822E-02	-3.886307082658972E+04
9.543043043043098E-02	-3.876273654159933E+04
9.568318318318374E-02	-3.866286422645930E+04
9.593593593593649E-02	-3.856358561972892E+04
9.618868868868925E-02	-3.846476075496682E+04
9.644144144144201E-02	-3.836652125865684E+04
9.669419419419477E-02	-3.826879518649968E+04
9.694694694694753E-02	-3.817151084181355E+04
9.719969969970028E-02	-3.807479967263674E+04
9.745245245245304E-02	-3.797852242949131E+04
9.770520520520580E-02	-3.788281044166817E+04
9.795795795795856E-02	-3.778752474137809E+04
9.821071071071132E-02	-3.769279653660062E+04
9.846346346346407E-02	-3.759848713962965E+04
9.871621621621683E-02	-3.750472763464037E+04
9.896896896896959E-02	-3.741137961246054E+04
9.922172172172235E-02	-3.731857403103654E+04
9.947447447447511E-02	-3.722617275823522E+04
9.972722722722786E-02	-3.713430662341578E+04
9.997997997998062E-02	-3.704283777004194E+04
1.002327327327334E-01	-3.695189689659124E+04
1.004854854854861E-01	-3.686134642073236E+04
1.007382382382389E-01	-3.677131690782847E+04
1.009909909909917E-01	-3.668167104841016E+04
1.012437437437444E-01	-3.659253927255319E+04
1.014964964964972E-01	-3.650378454235369E+04
1.017492492492499E-01	-3.641553715048485E+04
1.020020020020027E-01	-3.632766032935707E+04
1.022547547547554E-01	-3.624021761135345E+04
1.025075075075082E-01	-3.615327236047535E+04
1.027602602602610E-01	-3.606668820781681E+04
1.030130130130137E-01	-3.598059509816011E+04
1.032657657657665E-01	-3.589485693002920E+04
1.035185185185192E-01	-3.580953713776965E+04
1.037712712712720E-01	-3.572469898423591E+04
1.040240240240247E-01	-3.564020676263954E+04
1.042767767767775E-01	-3.555612384422344E+04
1.045295295295303E-01	-3.547251342693573E+04
1.047822822822830E-01	-3.538924019648094E+04
1.050350350350358E-01	-3.530636745728349E+04
1.052877877877885E-01	-3.522395833873007E+04
1.055405405405413E-01	-3.514187791694101E+04
1.057932932932941E-01	-3.506018942595346E+04
1.060460460460468E-01	-3.497895592308146E+04
1.062987987987996E-01	-3.489804287289568E+04
1.065515515515523E-01	-3.481751343561667E+04
1.068043043043051E-01	-3.473736489105444E+04
1.070570570570578E-01	-3.465766019654248E+04
1.073098098098106E-01	-3.457826532901617E+04
1.075625625625634E-01	-3.449924334651965E+04
1.078153153153161E-01	-3.442059162983766E+04
1.080680680680689E-01	-3.434237303056169E+04
1.083208208208216E-01	-3.426445403505957E+04
1.085735735735744E-01	-3.418689759356651E+04
1.088263263263271E-01	-3.410970118320025E+04
1.090790790790799E-01	-3.403292754433891E+04
1.093318318318327E-01	-3.395644367006534E+04
1.095845845845854E-01	-3.388031239745502E+04
1.098373373373382E-01	-3.380453129557064E+04
1.100900900900909E-01	-3.372909795580362E+04
1.103428428428437E-01	-3.365400999161833E+04
1.105955955955965E-01	-3.357932996873753E+04
1.108483483483492E-01	-3.350492563197672E+04
1.111011011011020E-01	-3.343085964105830E+04
1.113538538538547E-01	-3.335712969525043E+04
1.116066066066075E-01	-3.328373351466692E+04
1.118593593593602E-01	-3.321066884003158E+04
1.121121121121130E-01	-3.313793343244601E+04
1.123648648648658E-01	-3.306552507316037E+04
1.126176176176185E-01	-3.299344156334711E+04
1.128703703703713E-01	-3.292168072387807E+04
1.131231231231240E-01	-3.285030480760924E+04
1.133758758758768E-01	-3.277918279737457E+04
1.136286286286295E-01	-3.270837703604831E+04
1.138813813813823E-01	-3.263788542112814E+04
1.141341341341351E-01	-3.256770586873941E+04
1.143868868868878E-01	-3.249783631342956E+04
1.146396396396406E-01	-3.242827470796480E+04
1.148923923923933E-01	-3.235901902312982E+04
1.151451451451461E-01	-3.229006724752996E+04
1.153978978978989E-01	-3.222141738739605E+04
1.156506506506516E-01	-3.215306746639173E+04
1.159034034034044E-01	-3.208501552542335E+04
1.161561561561571E-01	-3.201725962245243E+04
1.164089089089099E-01	-3.194973409743527E+04
1.166616616616626E-01	-3.188256456417091E+04
1.169144144144154E-01	-3.181568534333550E+04
1.171671671671682E-01	-3.174909455928278E+04
1.174199199199209E-01	-3.168279035251945E+04
1.176726726726737E-01	-3.161677087953162E+04
1.179254254254264E-01	-3.155103431261353E+04
1.181781781781792E-01	-3.148557883969861E+04
1.184309309309319E-01	-3.142040266419239E+04
1.186836836836847E-01	-3.135550400480788E+04
1.189364364364375E-01	-3.129081788542538E+04
1.191891891891902E-01	-3.122646902793972E+04
1.194419419419430E-01	-3.116239243299560E+04
1.196946946946957E-01	-3.109858637892923E+04
1.199474474474485E-01	-3.103504915859125E+04
1.202002002002013E-01	-3.097177907919418E+04
1.204529529529540E-01	-3.090871156880194E+04
1.207057057057068E-01	-3.084597080305110E+04
1.209584584584595E-01	-3.078349218460284E+04
1.212112112112123E-01	-3.072127407662850E+04
1.214639639639650E-01	-3.065925217392686E+04
1.217167167167178E-01	-3.059755028443455E+04
1.219694694694706E-01	-3.053610407617725E+04
1.222222222222233E-01	-3.047491196599188E+04
1.224749749749761E-01	-3.041390991411576E+04
1.227277277277288E-01	-3.035322135660737E+04
1.229804804804816E-01	-3.029278222562170E+04
1.232332332332343E-01	-3.023252867904722E+04
1.234859859859871E-01	-3.017258387264943E+04
1.237387387387399E-01	-3.011288393528573E+04
1.239914914914926E-01	-3.005336522188229E+04
1.242442442442454E-01	-2.999415060564725E+04
1.244969969969981E-01	-2.993517641155834E+04
1.247497497497509E-01	-2.987637919099885E+04
1.250025025025036E-01	-2.981788153241602E+04
1.252552552552564E-01	-2.975961995635741E+04
1.255080080080091E-01	-2.970153121011409E+04
1.257607607607619E-01	-2.964373759522739E+04
1.260135135135146E-01	-2.958611410463988E+04
1.262662662662674E-01	-2.952878284899402E+04
1.265190190190201E-01	-2.947161905725392E+04
1.267717717717728E-01	-2.941474464819764E+04
1.270245245245256E-01	-2.935809659521234E+04
1.272772772772783E-01	-2.930161209927280E+04
1.275300300300311E-01	-2.924541278738329E+04
1.277827827827838E-01	-2.918937448106836E+04
1.280355355355366E-01	-2.913361861316487E+04
1.282882882882893E-01	-2.907802124145013E+04
1.285410410410421E-01	-2.902270360368376E+04
1.287937937937948E-01	-2.896754199398334E+04
1.290465465465475E-01	-2.891259637746068E+04
1.292992992993003E-01	-2.885792651469301E+04
1.295520520520530E-01	-2.880340905243587E+04
1.298048048048058E-01	-2.874916473889990E+04
1.300575575575585E-01	-2.869507045745535E+04
1.303103103103113E-01	-2.864124675813046E+04
1.305630630630640E-01	-2.858757076101053E+04
1.308158158158167E-01	-2.853410212033062E+04
1.310685685685695E-01	-2.848090028329663E+04
1.313213213213222E-01	-2.842784272335138E+04
1.315740740740750E-01	-2.837498895973316E+04
1.318268268268277E-01	-2.832239830359753E+04
1.320795795795805E-01	-2.826994858210221E+04
1.323323323323332E-01	-2.821769917812310E+04
1.325850850850860E-01	-2.816570926542154E+04
1.328378378378387E-01	-2.811385702523582E+04
1.330905905905914E-01	-2.806220170274991E+04
1.333433433433442E-01	-2.801074218188307E+04
1.335960960960969E-01	-2.795953745174651E+04
1.338488488488497E-01	-2.790846616511859E+04
1.341016016016024E-01	-2.785758738216385E+04
1.343543543543552E-01	-2.780690002011829E+04
1.346071071071079E-01	-2.775646288114981E+04
1.348598598598607E-01	-2.770615509035331E+04
1.351126126126134E-01	-2.765603552060350E+04
1.353653653653661E-01	-2.760610312121918E+04
1.356181181181189E-01	-2.755635684935331E+04
1.358708708708716E-01	-2.750685527077657E+04
1.361236236236244E-01	-2.745747810130984E+04
1.363763763763771E-01	-2.740828397703205E+04
1.366291291291299E-01	-2.735927188571273E+04
1.368818818818826E-01	-2.731044082259923E+04
1.371346346346353E-01	-2.726178979034779E+04
1.373873873873881E-01	-2.721331779895540E+04
1.376401401401408E-01	-2.716502386569231E+04
1.378928928928936E-01	-2.711690701503550E+04
1.381456456456463E-01	-2.706896627860253E+04
1.383983983983991E-01	-2.702120069508651E+04
1.386511511511518E-01	-2.697366830018272E+04
1.389039039039046E-01	-2.692625011076738E+04
1.391566566566573E-01	-2.687900423209441E+04
1.394094094094100E-01	-2.683192973052106E+04
1.396621621621628E-01	-2.678502567916453E+04
1.399149149149155E-01	-2.673823244746100E+04
1.401676676676683E-01	-2.669166659873953E+04
1.404204204204210E-01	-2.664526845960179E+04
1.406731731731738E-01	-2.659903712959999E+04
1.409259259259265E-01	-2.655297171474743E+04
1.411786786786793E-01	-2.650707132746064E+04
1.414314314314320E-01	-2.646133508650209E+04
1.416841841841847E-01	-2.641576211692358E+04
1.419369369369375E-01	-2.637035155001031E+04
1.421896896896902E-01	-2.632510252322535E+04
1.424424424424430E-01	-2.627995603264168E+04
1.426951951951957E-01	-2.623502757969201E+04
1.429479479479485E-01	-2.619025811584223E+04
1.432007007007012E-01	-2.614564680272436E+04
1.434534534534539E-01	-2.610119280787993E+04
1.437062062062067E-01	-2.605689530470806E+04
1.439589589589594E-01	-2.601269566530341E+04
1.442117117117122E-01	-2.596870874597105E+04
1.444644644644649E-01	-2.592487587320052E+04
1.447172172172177E-01	-2.588119624331192E+04
1.449699699699704E-01	-2.583761147902712E+04
1.452227227227232E-01	-2.579423600360703E+04
1.454754754754759E-01	-2.575101139352581E+04
1.457282282282286E-01	-2.570787945942661E+04
1.459809809809814E-01	-2.566493996064935E+04
1.462337337337341E-01	-2.562216335092118E+04
1.464864864864869E-01	-2.557950589479844E+04
1.467392392392396E-01	-2.553699550754696E+04
1.469919919919924E-01	-2.549465999485970E+04
1.472447447447451E-01	-2.545244145725184E+04
1.474974974974979E-01	-2.541036773943893E+04
1.477502502502506E-01	-2.536843810199009E+04
1.480030030030033E-01	-2.532665181052627E+04
1.482557557557561E-01	-2.528500813567713E+04
1.485085085085088E-01	-2.524350635303836E+04
1.487612612612616E-01	-2.520214574312956E+04
1.490140140140143E-01	-2.516092559135240E+04
1.492667667667671E-01	-2.511984518794934E+04
1.495195195195198E-01	-2.507890382796259E+04
1.497722722722725E-01	-2.503810081119372E+04
1.500250250250253E-01	-2.499743544216343E+04
1.502777777777780E-01	-2.495690703007199E+04
1.505305305305308E-01	-2.491651488875980E+04
1.507832832832835E-01	-2.487625833666857E+04
1.510360360360363E-01	-2.483613669680282E+04
1.512887887887890E-01	-2.479612122928631E+04
1.515415415415418E-01	-2.475626743025247E+04
1.517942942942945E-01	-2.471654653948695E+04
1.520470470470472E-01	-2.467692991835506E+04
1.522997997998000E-01	-2.463747290054206E+04
1.525525525525527E-01	-2.459814682675414E+04
1.528053053053055E-01	-2.455892315957708E+04
1.530580580580582E-01	-2.451985706930289E+04
1.533108108108110E-01	-2.448089216516917E+04
1.535635635635637E-01	-2.444208350809444E+04
1.538163163163165E-01	-2.440337483362058E+04
1.540690690690692E-01	-2.436482109287675E+04
1.543218218218219E-01	-2.432636614784894E+04
1.545745745745747E-01	-2.428806483946658E+04
1.548273273273274E-01	-2.424986115629935E+04
1.550800800800802E-01	-2.421178220361160E+04
1.553328328328329E-01	-2.417385497187772E+04
1.555855855855857E-01	-2.413602363972761E+04
1.558383383383384E-01	-2.409831523518702E+04
1.560910910910911E-01	-2.406075667097799E+04
1.563438438438439E-01	-2.402329231612529E+04
1.565965965965966E-01	-2.398594912082018E+04
1.568493493493494E-01	-2.394872650331061E+04
1.571021021021021E-01	-2.391162388558833E+04
1.573548548548549E-01	-2.387464069335899E+04
1.576076076076076E-01	-2.383777635601233E+04
1.578603603603604E-01	-2.380103030659261E+04
1.581131131131131E-01	-2.376440198176937E+04
1.583658658658658E-01	-2.372789082180858E+04
1.586186186186186E-01	-2.369149627054386E+04
1.588713713713713E-01	-2.365521777534820E+04
1.591241241241241E-01	-2.361905478710575E+04
1.593768768768768E-01	-2.358300676018398E+04
1.596296296296296E-01	-2.354704606784624E+04
1.598823823823823E-01	-2.351122637081850E+04
1.601351351351351E-01	-2.347552001887294E+04
1.603878878878878E-01	-2.343992648003692E+04
1.606406406406405E-01	-2.340441826274615E+04
1.608933933933933E-01	-2.336904879806832E+04
1.611461461461460E-01	-2.333376366868240E+04
1.613988988988988E-01	-2.329861619024204E+04
1.616516516516515E-01	-2.326357891480999E+04
1.619044044044043E-01	-2.322862451999456E+04
1.621571571571570E-01	-2.319377936817634E+04
1.624099099099097E-01	-2.315906970226027E+04
1.626626626626625E-01	-2.312444149140156E+04
1.629154154154152E-01	-2.308994770267212E+04
1.631681681681680E-01	-2.305553443442585E+04
1.634209209209207E-01	-2.302122791126417E+04
1.636736736736735E-01	-2.298705423746256E+04
1.639264264264262E-01	-2.295295970555988E+04
1.641791791791790E-01	-2.291897045676383E+04
1.644319319319317E-01	-2.288508600974681E+04
1.646846846846844E-01	-2.285130588613574E+04
1.649374374374372E-01	-2.281762961048944E+04
1.651901901901899E-01	-2.278408311870878E+04
1.654429429429427E-01	-2.275061309311845E+04
1.656956956956954E-01	-2.271724550650062E+04
1.659484484484482E-01	-2.268397989491940E+04
1.662012012012009E-01	-2.265078951370853E+04
1.664539539539537E-01	-2.261772650296875E+04
1.667067067067064E-01	-2.258476409233830E+04
1.669594594594591E-01	-2.255190182903999E+04
1.672122122122119E-01	-2.251913926303374E+04
1.674649649649646E-01	-2.248647594699590E+04
1.677177177177174E-01	-2.245388534123998E+04
1.679704704704701E-01	-2.242141922545739E+04
1.682232232232229E-01	-2.238905103380158E+04
1.684759759759756E-01	-2.235675432934084E+04
1.687287287287283E-01	-2.232458071020381E+04
1.689814814814811E-01	-2.229247777621437E+04
1.692342342342338E-01	-2.226049700392009E+04
1.694869869869866E-01	-2.222858612518174E+04
1.697397397397393E-01	-2.219679649459028E+04
1.699924924924921E-01	-2.216507597626423E+04
1.702452452452448E-01	-2.213345002485368E+04
1.704979979979976E-01	-2.210194396979364E+04
1.707507507507503E-01	-2.207050587413063E+04
1.710035035035030E-01	-2.203916110422189E+04
1.712562562562558E-01	-2.200793490070451E+04
1.715090090090085E-01	-2.197677552605965E+04
1.717617617617613E-01	-2.194570825785288E+04
1.720145145145140E-01	-2.191473269442954E+04
1.722672672672668E-01	-2.188384843649135E+04
1.725200200200195E-01	-2.185305508707903E+04
1.727727727727723E-01	-2.182235225155530E+04
1.730255255255250E-01	-2.179173953758777E+04
1.732782782782777E-01	-2.176121655513221E+04
1.735310310310305E-01	-2.173078291641586E+04
1.737837837837832E-01	-2.170041290983025E+04
1.740365365365360E-01	-2.167015683682025E+04
1.742892892892887E-01	-2.163998895773176E+04
1.745420420420415E-01	-2.160990889371367E+04
1.747947947947942E-01	-2.157989107259268E+04
1.750475475475470E-01	-2.154998554359848E+04
1.753003003002997E-01	-2.152016670623526E+04
1.755530530530524E-01	-2.149040909318371E+04
1.758058058058052E-01	-2.146076256345683E+04
1.760585585585579E-01	-2.143117658991569E+04
1.763113113113107E-01	-2.140170090417456E+04
1.765640640640634E-01	-2.137228511503425E+04
1.768168168168162E-01	-2.134295389420350E+04
1.770695695695689E-01	-2.131373178308978E+04
1.773223223223216E-01	-2.128456859507541E+04
1.775750750750744E-01	-2.125548890882794E+04
1.778278278278271E-01	-2.122649237288247E+04
1.780805805805799E-01	-2.119757863776804E+04
1.783333333333326E-01	-2.116874735599346E+04
1.785860860860854E-01	-2.113999818203335E+04
1.788388388388381E-01	-2.111133077231417E+04
1.790915915915909E-01	-2.108274478520047E+04
1.793443443443436E-01	-2.105423988098119E+04
1.795970970970963E-01	-2.102581572185612E+04
1.798498498498491E-01	-2.099747197192243E+04
1.801026026026018E-01	-2.096920829716137E+04
1.803553553553546E-01	-2.094102436542500E+04
1.806081081081073E-01	-2.091289541643650E+04
1.808608608608601E-01	-2.088487001550876E+04
1.811136136136128E-01	-2.085692337229386E+04
1.813663663663656E-01	-2.082903083374455E+04
1.816191191191183E-01	-2.080124076727697E+04
1.818718718718710E-01	-2.077350422943777E+04
1.821246246246238E-01	-2.074586945507651E+04
1.823773773773765E-01	-2.071828764058922E+04
1.826301301301293E-01	-2.069078273034919E+04
1.828828828828820E-01	-2.066337853349789E+04
1.831356356356348E-01	-2.063602645698749E+04
1.833883883883875E-01	-2.060875034778634E+04
1.836411411411402E-01	-2.058154989702742E+04
1.838938938938930E-01	-2.055442479753980E+04
1.841466466466457E-01	-2.052737474383700E+04
1.843993993993985E-01	-2.050039943210547E+04
1.846521521521512E-01	-2.047349856019313E+04
1.849049049049040E-01	-2.044667182759787E+04
1.851576576576567E-01	-2.041991893545639E+04
1.854104104104095E-01	-2.039323958653299E+04
1.856631631631622E-01	-2.036663348520845E+04
1.859159159159149E-01	-2.034007662999023E+04
1.861686686686677E-01	-2.031361617831637E+04
1.864214214214204E-01	-2.028722809701176E+04
1.866741741741732E-01	-2.026088849447979E+04
1.869269269269259E-01	-2.023464432270643E+04
1.871796796796787E-01	-2.020844812630521E+04
1.874324324324314E-01	-2.018234671961346E+04
1.876851851851842E-01	-2.015629279122111E+04
1.879379379379369E-01	-2.013033301744763E+04
1.881906906906896E-01	-2.010442023114399E+04
1.884434434434424E-01	-2.007857761523442E+04
1.886961961961951E-01	-2.005280489278238E+04
1.889489489489479E-01	-2.002710178833056E+04
1.892017017017006E-01	-2.000146802789108E+04
1.894544544544534E-01	-1.997590333893555E+04
1.897072072072061E-01	-1.995040745038536E+04
1.899599599599588E-01	-1.992498009260208E+04
1.902127127127116E-01	-1.989962099737779E+04
1.904654654654643E-01	-1.987432989792560E+04
1.907182182182171E-01	-1.984910652887022E+04
1.909709709709698E-01	-1.982392762993469E+04
1.912237237237226E-01	-1.979883896720793E+04
1.914764764764753E-01	-1.977381724716841E+04
1.917292292292281E-01	-1.974883932238086E+04
1.919819819819808E-01	-1.972395074579882E+04
1.922347347347335E-01	-1.969910552175057E+04
1.924874874874863E-01	-1.967434906037682E+04
1.927402402402390E-01	-1.964963551437597E+04
1.929929929929918E-01	-1.962498744560272E+04
1.932457457457445E-01	-1.960040460241779E+04
1.934984984984973E-01	-1.957590936597068E+04
1.937512512512500E-01	-1.955145618740508E+04
1.940040040040028E-01	-1.952706748730232E+04
1.942567567567555E-01	-1.950274301921870E+04
1.945095095095082E-01	-1.947848253798827E+04
1.947622622622610E-01	-1.945428579971449E+04
1.950150150150137E-01	-1.943013015219468E+04
1.952677677677665E-01	-1.940606021031464E+04
1.955205205205192E-01	-1.938205328727768E+04
1.957732732732720E-01	-1.935808684657321E+04
1.960260260260247E-01	-1.933420528300928E+04
1.962787787787774E-01	-1.931038602530482E+04
1.965315315315302E-01	-1.928660665295806E+04
1.967842842842829E-01	-1.926288919241411E+04
1.970370370370357E-01	-1.923925552052565E+04
1.972897897897884E-01	-1.921566114873543E+04
1.975425425425412E-01	-1.919212799414096E+04
1.977952952952939E-01	-1.916865582757905E+04
1.980480480480467E-01	-1.914526637911567E+04
1.983008008007994E-01	-1.912191546768854E+04
1.985535535535521E-01	-1.909862486372637E+04
1.988063063063049E-01	-1.907537249904741E+04
1.990590590590576E-01	-1.905220187575088E+04
1.993118118118104E-01	-1.902909088973480E+04
1.995645645645631E-01	-1.900603931984335E+04
1.998173173173159E-01	-1.898304694603570E+04
2.000700700700686E-01	-1.896009189779836E+04
2.003228228228214E-01	-1.893721729890756E+04
2.005755755755741E-01	-1.891437966847878E+04
2.008283283283268E-01	-1.889160044257538E+04
2.010810810810796E-01	-1.886890090283355E+04
2.013338338338323E-01	-1.884623780462535E+04
2.015865865865851E-01	-1.882363247079193E+04
2.018393393393378E-01	-1.880108469009215E+04
2.020920920920906E-01	-1.877859425233704E+04
2.023448448448433E-01	-1.875616094838325E+04
2.025975975975960E-01	-1.873378457012643E+04
2.028503503503488E-01	-1.871146491049483E+04
2.031031031031015E-01	-1.868920176344267E+04
2.033558558558543E-01	-1.866699492394392E+04
2.036086086086070E-01	-1.864482308510734E+04
2.038613613613598E-01	-1.862272828925043E+04
2.041141141141125E-01	-1.860066816878529E+04
2.043668668668653E-01	-1.857868460872105E+04
2.046196196196180E-01	-1.855673540293967E+04
2.048723723723707E-01	-1.853486227874720E+04
2.051251251251235E-01	-1.851302319183866E+04
2.053778778778762E-01	-1.849123888855559E+04
2.056306306306290E-01	-1.846950917290173E+04
2.058833833833817E-01	-1.844783384983785E+04
2.061361361361345E-01	-1.842621272527588E+04
2.063888888888872E-01	-1.840464560607306E+04
2.066416416416400E-01	-1.838313230002606E+04
2.068943943943927E-01	-1.836165203672108E+04
2.071471471471454E-01	-1.834024582479840E+04
2.073998998998982E-01	-1.831887235788846E+04
2.076526526526509E-01	-1.829757248259016E+04
2.079054054054037E-01	-1.827630505843095E+04
2.081581581581564E-01	-1.825511076956438E+04
2.084109109109092E-01	-1.823394864177182E+04
2.086636636636619E-01	-1.821283890528122E+04
2.089164164164146E-01	-1.819178137622717E+04
2.091691691691674E-01	-1.817077587162665E+04
2.094219219219201E-01	-1.814982220937376E+04
2.096746746746729E-01	-1.812892020823433E+04
2.099274274274256E-01	-1.810804960573923E+04
2.101801801801784E-01	-1.808725042840977E+04
2.104329329329311E-01	-1.806650237371586E+04
2.106856856856839E-01	-1.804578530795863E+04
2.109384384384366E-01	-1.802513900794848E+04
2.111911911911893E-01	-1.800452342842512E+04
2.114439439439421E-01	-1.798395835015351E+04
2.116966966966948E-01	-1.796344359882893E+04
2.119494494494476E-01	-1.794297900097090E+04
2.122022022022003E-01	-1.792256438391830E+04
2.124549549549531E-01	-1.790219957582441E+04
2.127077077077058E-01	-1.788188440565203E+04
2.129604604604586E-01	-1.786161870316863E+04
2.132132132132113E-01	-1.784138277086363E+04
2.134659659659640E-01	-1.782121553930650E+04
2.137187187187168E-01	-1.780107782825862E+04
2.139714714714695E-01	-1.778100839642658E+04
2.142242242242223E-01	-1.776096823877496E+04
2.144769769769750E-01	-1.774097663125654E+04
2.147297297297278E-01	-1.772103340928442E+04
2.149824824824805E-01	-1.770113840903751E+04
2.152352352352332E-01	-1.768129146745599E+04
2.154879879879860E-01	-1.766149242223679E+04
2.157407407407387E-01	-1.764174111182912E+04
2.159934934934915E-01	-1.762201832988262E+04
2.162462462462442E-01	-1.760236205165650E+04
2.164989989989970E-01	-1.758273407170269E+04
2.167517517517497E-01	-1.756317218856862E+04
2.170045045045025E-01	-1.754363837665898E+04
2.172572572572552E-01	-1.752415143539953E+04
2.175100100100079E-01	-1.750471120853148E+04
2.177627627627607E-01	-1.748531754051213E+04
2.180155155155134E-01	-1.746597027651074E+04
2.182682682682662E-01	-1.744665062190272E+04
2.185210210210189E-01	-1.742739574960716E+04
2.187737737737717E-01	-1.740816827200501E+04
2.190265265265244E-01	-1.738900518073525E+04
2.192792792792772E-01	-1.736986927244912E+04
2.195320320320299E-01	-1.735077894576863E+04
2.197847847847826E-01	-1.733173405088475E+04
2.200375375375354E-01	-1.731273443866629E+04
2.202902902902881E-01	-1.729377996065598E+04
2.205430430430409E-01	-1.727487046906655E+04
2.207957957957936E-01	-1.725598763803824E+04
2.210485485485464E-01	-1.723716772512331E+04
2.213013013012991E-01	-1.721837427437350E+04
2.215540540540518E-01	-1.719964335713440E+04
2.218068068068046E-01	-1.718093870649496E+04
2.220595595595573E-01	-1.716227826369114E+04
2.223123123123101E-01	-1.714366188567408E+04
2.225650650650628E-01	-1.712507158232603E+04
2.228178178178156E-01	-1.710654295489119E+04
2.230705705705683E-01	-1.708805796696326E+04
2.233233233233211E-01	-1.706959877400856E+04
2.235760760760738E-01	-1.705120069192841E+04
2.238288288288265E-01	-1.703282822200710E+04
2.240815815815793E-01	-1.701449892976169E+04
2.243343343343320E-01	-1.699621267730592E+04
2.245870870870848E-01	-1.697796932736101E+04
2.248398398398375E-01	-1.695975133097767E+04
2.250925925925903E-01	-1.694159342544842E+04
2.253453453453430E-01	-1.692346070040416E+04
2.255980980980958E-01	-1.690538769759826E+04
2.258508508508485E-01	-1.688733970479880E+04
2.261036036036012E-01	-1.686933390232016E+04
2.263563563563540E-01	-1.685137015720393E+04
2.266091091091067E-01	-1.683343127209869E+04
2.268618618618595E-01	-1.681555129509024E+04
2.271146146146122E-01	-1.679771298008304E+04
2.273673673673650E-01	-1.677989928219979E+04
2.276201201201177E-01	-1.676212708653818E+04
2.278728728728704E-01	-1.674439626373181E+04
2.281256256256232E-01	-1.672670668497150E+04
2.283783783783759E-01	-1.670905822200208E+04
2.286311311311287E-01	-1.669145074711931E+04
2.288838838838814E-01	-1.667386752580267E+04
2.291366366366342E-01	-1.665632514200598E+04
2.293893893893869E-01	-1.663883997316884E+04
2.296421421421397E-01	-1.662137883515816E+04
2.298948948948924E-01	-1.660395815852918E+04
2.301476476476451E-01	-1.658656147214755E+04
2.304004004003979E-01	-1.656922139821002E+04
2.306531531531506E-01	-1.655190517297419E+04
2.309059059059034E-01	-1.653462902073956E+04
2.311586586586561E-01	-1.651740895448661E+04
2.314114114114089E-01	-1.650021252938755E+04
2.316641641641616E-01	-1.648303978436394E+04
2.319169169169144E-01	-1.646592270901135E+04
2.321696696696671E-01	-1.644882918102549E+04
2.324224224224198E-01	-1.643179097570777E+04
2.326751751751726E-01	-1.641477618729907E+04
2.329279279279253E-01	-1.639780061810908E+04
2.331806806806781E-01	-1.638084844746149E+04
2.334334334334308E-01	-1.636395101833815E+04
2.336861861861836E-01	-1.634707686370447E+04
2.339389389389363E-01	-1.633024157024540E+04
2.341916916916890E-01	-1.631344502226570E+04
2.344444444444418E-01	-1.629668710454549E+04
2.346971971971945E-01	-1.627996770233760E+04
2.349499499499473E-01	-1.626327138766885E+04
2.352027027027000E-01	-1.624662872996738E+04
2.354554554554528E-01	-1.623000904528953E+04
2.357082082082055E-01	-1.621341239114384E+04
2.359609609609583E-01	-1.619686899914131E+04
2.362137137137110E-01	-1.618036355720584E+04
2.364664664664637E-01	-1.616388098212914E+04
2.367192192192165E-01	-1.614743624985160E+04
2.369719719719692E-01	-1.613102925012912E+04
2.372247247247220E-01	-1.611464507599870E+04
2.374774774774747E-01	-1.609831327050901E+04
2.377302302302275E-01	-1.608200418947779E+04
2.379829829829802E-01	-1.606573252177052E+04
2.382357357357330E-01	-1.604949815952124E+04
2.384884884884857E-01	-1.603328649348312E+04
2.387412412412384E-01	-1.601712647952698E+04
2.389939939939912E-01	-1.600098906770315E+04
2.392467467467439E-01	-1.598488865384525E+04
2.394994994994967E-01	-1.596881087150535E+04
2.397522522522494E-01	-1.595276999808834E+04
2.400050050050022E-01	-1.593678006734986E+04
2.402577577577549E-01	-1.592081263718053E+04
2.405105105105076E-01	-1.590486778807184E+04
2.407632632632604E-01	-1.588897350905533E+04
2.410160160160131E-01	-1.587310172894484E+04
2.412687687687659E-01	-1.585726636082148E+04
2.415215215215186E-01	-1.584145353744411E+04
2.417742742742714E-01	-1.582567704885609E+04
2.420270270270241E-01	-1.580995043216900E+04
2.422797797797769E-01	-1.579423267262738E+04
2.425325325325296E-01	-1.577856458422309E+04
2.427852852852823E-01	-1.576291898331388E+04
2.430380380380351E-01	-1.574730934500280E+04
2.432907907907878E-01	-1.573173557042959E+04
2.435435435435406E-01	-1.571618431097385E+04
2.437962962962933E-01	-1.570066884964892E+04
2.440490490490461E-01	-1.568518908890230E+04
2.443018018017988E-01	-1.566973188042305E+04
2.445545545545516E-01	-1.565431031175861E+04
2.448073073073043E-01	-1.563892428663880E+04
2.450600600600570E-01	-1.562357370913864E+04
2.453128128128098E-01	-1.560824570230389E+04
2.455655655655625E-01	-1.559295308797303E+04
2.458183183183153E-01	-1.557768312771594E+04
2.460710710710680E-01	-1.556244850879482E+04
2.463238238238208E-01	-1.554724913742622E+04
2.465765765765735E-01	-1.553207248572609E+04
2.468293293293262E-01	-1.551694339903333E+04
2.470820820820790E-01	-1.550182469314791E+04
2.473348348348317E-01	-1.548675336742126E+04
2.475875875875845E-01	-1.547169266535139E+04
2.478403403403372E-01	-1.545667916031867E+04
2.480930930930900E-01	-1.544168853438697E+04
2.483458458458427E-01	-1.542673284686740E+04
2.485985985985955E-01	-1.541180014910430E+04
2.488513513513482E-01	-1.539690235661261E+04
2.491041041041009E-01	-1.538203937995758E+04
2.493568568568537E-01	-1.536719949485397E+04
2.496096096096064E-01	-1.535238283809528E+04
2.498623623623592E-01	-1.533760103186888E+04
2.501151151151119E-01	-1.532285398835990E+04
2.503678678678647E-01	-1.530813029105907E+04
2.506206206206175E-01	-1.529344133564253E+04
2.508733733733702E-01	-1.527877586239267E+04
2.511261261261230E-01	-1.526414511402107E+04
2.513788788788758E-01	-1.524953798987212E+04
2.516316316316285E-01	-1.523496557740624E+04
2.518843843843813E-01	-1.522041693731291E+04
2.521371371371341E-01	-1.520589222733611E+04
2.523898898898869E-01	-1.519140229812223E+04
2.526426426426396E-01	-1.517694706564971E+04
2.528953953953924E-01	-1.516251592117534E+04
2.531481481481452E-01	-1.514810903085191E+04
2.534009009008980E-01	-1.513372656455246E+04
2.536536536536507E-01	-1.511937896487920E+04
2.539064064064035E-01	-1.510506614968365E+04
2.541591591591563E-01	-1.509076784222711E+04
2.544119119119090E-01	-1.507650450227371E+04
2.546646646646618E-01	-1.506227604879649E+04
2.549174174174146E-01	-1.504806273685471E+04
2.551701701701674E-01	-1.503388450575226E+04
2.554229229229201E-01	-1.501973162506183E+04
2.556756756756729E-01	-1.500560428853791E+04
2.559284284284257E-01	-1.499150269370108E+04
2.561811811811784E-01	-1.497743641238743E+04
2.564339339339312E-01	-1.496339608904905E+04
2.566866866866840E-01	-1.494938192917461E+04
2.569394394394368E-01	-1.493538505844099E+04
2.571921921921895E-01	-1.492142395495538E+04
2.574449449449423E-01	-1.490748965517718E+04
2.576976976976951E-01	-1.489358237970505E+04
2.579504504504478E-01	-1.487970235291848E+04
2.582032032032006E-01	-1.486584980297734E+04
2.584559559559534E-01	-1.485202496182052E+04
2.587087087087062E-01	-1.483821969179516E+04
2.589614614614589E-01	-1.482445108501563E+04
2.592142142142117E-01	-1.481070274723320E+04
2.594669669669645E-01	-1.479698330230656E+04
2.597197197197172E-01	-1.478328506577049E+04
2.599724724724700E-01	-1.476961645853134E+04
2.602252252252228E-01	-1.475597003456400E+04
2.604779779779756E-01	-1.474235590383082E+04
2.607307307307283E-01	-1.472876677705609E+04
2.609834834834811E-01	-1.471520136144262E+04
2.612362362362339E-01	-1.470166030580494E+04
2.614889889889866E-01	-1.468814782844554E+04
2.617417417417394E-01	-1.467466092421326E+04
2.619944944944922E-01	-1.466120028049998E+04
2.622472472472450E-01	-1.464776323580736E+04
2.624999999999977E-01	-1.463435070574436E+04
2.627527527527505E-01	-1.462096685499522E+04
