# barionic density, fermi momentum
1.025275275275275E-02	1.052595418361464E+02
1.050550550550551E-02	1.061174891141978E+02
1.075825825825826E-02	1.069617834750097E+02
1.101101101101101E-02	1.077929554506579E+02
1.126376376376376E-02	1.086115033377878E+02
1.151651651651652E-02	1.094178958308967E+02
1.176926926926927E-02	1.102125743877922E+02
1.202202202202202E-02	1.109959553595992E+02
1.227477477477477E-02	1.117684319131798E+02
1.252752752752753E-02	1.125303757700325E+02
1.278028028028028E-02	1.132821387825173E+02
1.303303303303303E-02	1.140240543655256E+02
1.328578578578579E-02	1.147564387993806E+02
1.353853853853854E-02	1.154795924177686E+02
1.379129129129129E-02	1.161938006927920E+02
1.404404404404404E-02	1.168993352277638E+02
1.429679679679680E-02	1.175964546671025E+02
1.454954954954955E-02	1.182854055315815E+02
1.480230230230230E-02	1.189664229862442E+02
1.505505505505505E-02	1.196397315474620E+02
1.530780780780781E-02	1.203055457348953E+02
1.556056056056056E-02	1.209640706734854E+02
1.581331331331331E-02	1.216155026500516E+02
1.606606606606607E-02	1.222600296285861E+02
1.631881881881882E-02	1.228978317279082E+02
1.657157157157158E-02	1.235290816649667E+02
1.682432432432433E-02	1.241539451667437E+02
1.707707707707708E-02	1.247725813534209E+02
1.732982982982984E-02	1.253851430952069E+02
1.758258258258259E-02	1.259917773449914E+02
1.783533533533535E-02	1.265926254487881E+02
1.808808808808810E-02	1.271878234357401E+02
1.834084084084086E-02	1.277775022892992E+02
1.859359359359361E-02	1.283617882010444E+02
1.884634634634636E-02	1.289408028084680E+02
1.909909909909912E-02	1.295146634179461E+02
1.935185185185187E-02	1.300834832139959E+02
1.960460460460463E-02	1.306473714558344E+02
1.985735735735738E-02	1.312064336621590E+02
2.011011011011014E-02	1.317607717849983E+02
2.036286286286289E-02	1.323104843734074E+02
2.061561561561565E-02	1.328556667277193E+02
2.086836836836840E-02	1.333964110450056E+02
2.112112112112115E-02	1.339328065563486E+02
2.137387387387391E-02	1.344649396564767E+02
2.162662662662666E-02	1.349928940262730E+02
2.187937937937942E-02	1.355167507486284E+02
2.213213213213217E-02	1.360365884180721E+02
2.238488488488493E-02	1.365524832445807E+02
2.263763763763768E-02	1.370645091519384E+02
2.289039039039044E-02	1.375727378709902E+02
2.314314314314319E-02	1.380772390281067E+02
2.339589589589594E-02	1.385780802291574E+02
2.364864864864870E-02	1.390753271392642E+02
2.390140140140145E-02	1.395690435585916E+02
2.415415415415421E-02	1.400592914944091E+02
2.440690690690696E-02	1.405461312296470E+02
2.465965965965972E-02	1.410296213881502E+02
2.491241241241247E-02	1.415098189968209E+02
2.516516516516523E-02	1.419867795448292E+02
2.541791791791798E-02	1.424605570400570E+02
2.567067067067073E-02	1.429312040629321E+02
2.592342342342349E-02	1.433987718177953E+02
2.617617617617624E-02	1.438633101819390E+02
2.642892892892900E-02	1.443248677524424E+02
2.668168168168175E-02	1.447834918909229E+02
2.693443443443451E-02	1.452392287663158E+02
2.718718718718726E-02	1.456921233957859E+02
2.743993993994001E-02	1.461422196838695E+02
2.769269269269277E-02	1.465895604599393E+02
2.794544544544552E-02	1.470341875140784E+02
2.819819819819828E-02	1.474761416314436E+02
2.845095095095103E-02	1.479154626251968E+02
2.870370370370379E-02	1.483521893680745E+02
2.895645645645654E-02	1.487863598226637E+02
2.920920920920930E-02	1.492180110704479E+02
2.946196196196205E-02	1.496471793396843E+02
2.971471471471480E-02	1.500739000321672E+02
2.996746746746756E-02	1.504982077489322E+02
3.022022022022031E-02	1.509201363149518E+02
3.047297297297307E-02	1.513397188028695E+02
3.072572572572582E-02	1.517569875558178E+02
3.097847847847858E-02	1.521719742093623E+02
3.123123123123133E-02	1.525847097126132E+02
3.148398398398408E-02	1.529952243485410E+02
3.173673673673683E-02	1.534035477535329E+02
3.198948948948958E-02	1.538097089362253E+02
3.224224224224233E-02	1.542137362956424E+02
3.249499499499509E-02	1.546156576386743E+02
3.274774774774784E-02	1.550155001969207E+02
3.300050050050059E-02	1.554132906429310E+02
3.325325325325334E-02	1.558090551058645E+02
3.350600600600609E-02	1.562028191865968E+02
3.375875875875884E-02	1.565946079722955E+02
3.401151151151159E-02	1.569844460504881E+02
3.426426426426434E-02	1.573723575226434E+02
3.451701701701709E-02	1.577583660172860E+02
3.476976976976984E-02	1.581424947026638E+02
3.502252252252260E-02	1.585247662989875E+02
3.527527527527535E-02	1.589052030902582E+02
3.552802802802810E-02	1.592838269357002E+02
3.578078078078085E-02	1.596606592808159E+02
3.603353353353360E-02	1.600357211680767E+02
3.628628628628635E-02	1.604090332472648E+02
3.653903903903910E-02	1.607806157854795E+02
3.679179179179185E-02	1.611504886768211E+02
3.704454454454460E-02	1.615186714517660E+02
3.729729729729735E-02	1.618851832862424E+02
3.755005005005010E-02	1.622500430104207E+02
3.780280280280286E-02	1.626132691172284E+02
3.805555555555561E-02	1.629748797705995E+02
3.830830830830836E-02	1.633348928134685E+02
3.856106106106111E-02	1.636933257755199E+02
3.881381381381386E-02	1.640501958806998E+02
3.906656656656661E-02	1.644055200545010E+02
3.931931931931936E-02	1.647593149310274E+02
3.957207207207211E-02	1.651115968598482E+02
3.982482482482486E-02	1.654623819126467E+02
4.007757757757761E-02	1.658116858896744E+02
4.033033033033036E-02	1.661595243260139E+02
4.058308308308312E-02	1.665059124976599E+02
4.083583583583587E-02	1.668508654274237E+02
4.108858858858862E-02	1.671943978906674E+02
4.134134134134137E-02	1.675365244208738E+02
4.159409409409412E-02	1.678772593150577E+02
4.184684684684687E-02	1.682166166390244E+02
4.209959959959962E-02	1.685546102324795E+02
4.235235235235237E-02	1.688912537139966E+02
4.260510510510512E-02	1.692265604858469E+02
4.285785785785787E-02	1.695605437386943E+02
4.311061061061063E-02	1.698932164561633E+02
4.336336336336338E-02	1.702245914192800E+02
4.361611611611613E-02	1.705546812107951E+02
4.386886886886888E-02	1.708834982193876E+02
4.412162162162163E-02	1.712110546437576E+02
4.437437437437438E-02	1.715373624966089E+02
4.462712712712713E-02	1.718624336085264E+02
4.487987987987988E-02	1.721862796317510E+02
4.513263263263263E-02	1.725089120438556E+02
4.538538538538538E-02	1.728303421513251E+02
4.563813813813813E-02	1.731505810930434E+02
4.589089089089089E-02	1.734696398436907E+02
4.614364364364364E-02	1.737875292170538E+02
4.639639639639639E-02	1.741042598692513E+02
4.664914914914914E-02	1.744198423018775E+02
4.690190190190189E-02	1.747342868650670E+02
4.715465465465464E-02	1.750476037604816E+02
4.740740740740739E-02	1.753598030442238E+02
4.766016016016014E-02	1.756708946296769E+02
4.791291291291289E-02	1.759808882902754E+02
4.816566566566564E-02	1.762897936622076E+02
4.841841841841839E-02	1.765976202470511E+02
4.867117117117115E-02	1.769043774143457E+02
4.892392392392390E-02	1.772100744041027E+02
4.917667667667665E-02	1.775147203292545E+02
4.942942942942940E-02	1.778183241780454E+02
4.968218218218215E-02	1.781208948163657E+02
4.993493493493490E-02	1.784224409900299E+02
5.018768768768765E-02	1.787229713270016E+02
5.044044044044040E-02	1.790224943395660E+02
5.069319319319315E-02	1.793210184264522E+02
5.094594594594590E-02	1.796185518749053E+02
5.119869869869866E-02	1.799151028627113E+02
5.145145145145141E-02	1.802106794601753E+02
5.170420420420416E-02	1.805052896320541E+02
5.195695695695691E-02	1.807989412394452E+02
5.220970970970966E-02	1.810916420416329E+02
5.246246246246241E-02	1.813833996978923E+02
5.271521521521516E-02	1.816742217692538E+02
5.296796796796791E-02	1.819641157202266E+02
5.322072072072066E-02	1.822530889204859E+02
5.347347347347341E-02	1.825411486465210E+02
5.372622622622616E-02	1.828283020832480E+02
5.397897897897892E-02	1.831145563255870E+02
5.423173173173167E-02	1.833999183800047E+02
5.448448448448442E-02	1.836843951660239E+02
5.473723723723717E-02	1.839679935176998E+02
5.498998998998992E-02	1.842507201850652E+02
5.524274274274267E-02	1.845325818355440E+02
5.549549549549542E-02	1.848135850553353E+02
5.574824824824817E-02	1.850937363507676E+02
5.600100100100092E-02	1.853730421496247E+02
5.625375375375367E-02	1.856515088024436E+02
5.650650650650643E-02	1.859291425837849E+02
5.675925925925918E-02	1.862059496934777E+02
5.701201201201193E-02	1.864819362578372E+02
5.726476476476468E-02	1.867571083308587E+02
5.751751751751743E-02	1.870314718953858E+02
5.777027027027018E-02	1.873050328642555E+02
5.802302302302293E-02	1.875777970814194E+02
5.827577577577568E-02	1.878497703230424E+02
5.852852852852843E-02	1.881209582985793E+02
5.878128128128118E-02	1.883913666518295E+02
5.903403403403393E-02	1.886610009619708E+02
5.928678678678669E-02	1.889298667445723E+02
5.953953953953944E-02	1.891979694525871E+02
5.979229229229219E-02	1.894653144773262E+02
6.004504504504494E-02	1.897319071494121E+02
6.029779779779769E-02	1.899977527397142E+02
6.055055055055044E-02	1.902628564602662E+02
6.080330330330319E-02	1.905272234651651E+02
6.105605605605594E-02	1.907908588514532E+02
6.130880880880869E-02	1.910537676599830E+02
6.156156156156144E-02	1.913159548762650E+02
6.181431431431419E-02	1.915774254313003E+02
6.206706706706695E-02	1.918381842023965E+02
6.231981981981970E-02	1.920982360139680E+02
6.257257257257245E-02	1.923575856383221E+02
6.282532532532521E-02	1.926162377964293E+02
6.307807807807797E-02	1.928741971586798E+02
6.333083083083073E-02	1.931314683456255E+02
6.358358358358349E-02	1.933880559287085E+02
6.383633633633624E-02	1.936439644309760E+02
6.408908908908900E-02	1.938991983277815E+02
6.434184184184176E-02	1.941537620474743E+02
6.459459459459452E-02	1.944076599720751E+02
6.484734734734728E-02	1.946608964379402E+02
6.510010010010003E-02	1.949134757364127E+02
6.535285285285279E-02	1.951654021144634E+02
6.560560560560555E-02	1.954166797753182E+02
6.585835835835831E-02	1.956673128790760E+02
6.611111111111106E-02	1.959173055433145E+02
6.636386386386382E-02	1.961666618436858E+02
6.661661661661658E-02	1.964153858145006E+02
6.686936936936934E-02	1.966634814493032E+02
6.712212212212210E-02	1.969109527014354E+02
6.737487487487485E-02	1.971578034845911E+02
6.762762762762761E-02	1.974040376733609E+02
6.788038038038037E-02	1.976496591037672E+02
6.813313313313313E-02	1.978946715737905E+02
6.838588588588589E-02	1.981390788438857E+02
6.863863863863864E-02	1.983828846374903E+02
6.889139139139140E-02	1.986260926415237E+02
6.914414414414416E-02	1.988687065068777E+02
6.939689689689692E-02	1.991107298488986E+02
6.964964964964968E-02	1.993521662478621E+02
6.990240240240243E-02	1.995930192494382E+02
7.015515515515519E-02	1.998332923651505E+02
7.040790790790795E-02	2.000729890728264E+02
7.066066066066071E-02	2.003121128170397E+02
7.091341341341346E-02	2.005506670095469E+02
7.116616616616622E-02	2.007886550297152E+02
7.141891891891898E-02	2.010260802249435E+02
7.167167167167174E-02	2.012629459110776E+02
7.192442442442450E-02	2.014992553728169E+02
7.217717717717725E-02	2.017350118641157E+02
7.242992992993001E-02	2.019702186085773E+02
7.268268268268277E-02	2.022048787998421E+02
7.293543543543553E-02	2.024389956019690E+02
7.318818818818829E-02	2.026725721498110E+02
7.344094094094104E-02	2.029056115493846E+02
7.369369369369380E-02	2.031381168782331E+02
7.394644644644656E-02	2.033700911857845E+02
7.419919919919932E-02	2.036015374937033E+02
7.445195195195208E-02	2.038324587962371E+02
7.470470470470483E-02	2.040628580605571E+02
7.495745745745759E-02	2.042927382270939E+02
7.521021021021035E-02	2.045221022098679E+02
7.546296296296311E-02	2.047509528968140E+02
7.571571571571586E-02	2.049792931501019E+02
7.596846846846862E-02	2.052071258064509E+02
7.622122122122138E-02	2.054344536774401E+02
7.647397397397414E-02	2.056612795498140E+02
7.672672672672690E-02	2.058876061857825E+02
7.697947947947965E-02	2.061134363233177E+02
7.723223223223241E-02	2.063387726764448E+02
7.748498498498517E-02	2.065636179355295E+02
7.773773773773793E-02	2.067879747675604E+02
7.799049049049069E-02	2.070118458164275E+02
7.824324324324344E-02	2.072352337031966E+02
7.849599599599620E-02	2.074581410263789E+02
7.874874874874896E-02	2.076805703621974E+02
7.900150150150172E-02	2.079025242648488E+02
7.925425425425447E-02	2.081240052667615E+02
7.950700700700723E-02	2.083450158788501E+02
7.975975975975999E-02	2.085655585907658E+02
8.001251251251275E-02	2.087856358711429E+02
8.026526526526551E-02	2.090052501678428E+02
8.051801801801826E-02	2.092244039081925E+02
8.077077077077102E-02	2.094430994992217E+02
8.102352352352378E-02	2.096613393278948E+02
8.127627627627654E-02	2.098791257613404E+02
8.152902902902930E-02	2.100964611470774E+02
8.178178178178205E-02	2.103133478132374E+02
8.203453453453481E-02	2.105297880687843E+02
8.228728728728757E-02	2.107457842037307E+02
8.254004004004033E-02	2.109613384893509E+02
8.279279279279309E-02	2.111764531783913E+02
8.304554554554584E-02	2.113911305052775E+02
8.329829829829860E-02	2.116053726863185E+02
8.355105105105136E-02	2.118191819199083E+02
8.380380380380412E-02	2.120325603867240E+02
8.405655655655687E-02	2.122455102499218E+02
8.430930930930963E-02	2.124580336553300E+02
8.456206206206239E-02	2.126701327316393E+02
8.481481481481515E-02	2.128818095905901E+02
8.506756756756791E-02	2.130930663271581E+02
8.532032032032066E-02	2.133039050197362E+02
8.557307307307342E-02	2.135143277303150E+02
8.582582582582618E-02	2.137243365046596E+02
8.607857857857894E-02	2.139339333724853E+02
8.633133133133170E-02	2.141431203476296E+02
8.658408408408445E-02	2.143518994282232E+02
8.683683683683721E-02	2.145602725968573E+02
8.708958958958997E-02	2.147682418207496E+02
8.734234234234273E-02	2.149758090519078E+02
8.759509509509548E-02	2.151829762272905E+02
8.784784784784824E-02	2.153897452689668E+02
8.810060060060100E-02	2.155961180842727E+02
8.835335335335376E-02	2.158020965659661E+02
8.860610610610652E-02	2.160076825923798E+02
8.885885885885927E-02	2.162128780275720E+02
8.911161161161203E-02	2.164176847214752E+02
8.936436436436479E-02	2.166221045100424E+02
8.961711711711755E-02	2.168261392153931E+02
8.986986986987031E-02	2.170297906459550E+02
9.012262262262306E-02	2.172330605966058E+02
9.037537537537582E-02	2.174359508488121E+02
9.062812812812858E-02	2.176384631707670E+02
9.088088088088134E-02	2.178405993175256E+02
9.113363363363410E-02	2.180423610311388E+02
9.138638638638685E-02	2.182437500407854E+02
9.163913913913961E-02	2.184447680629027E+02
9.189189189189237E-02	2.186454168013152E+02
9.214464464464513E-02	2.188456979473614E+02
9.239739739739788E-02	2.190456131800197E+02
9.265015015015064E-02	2.192451641660320E+02
9.290290290290340E-02	2.194443525600259E+02
9.315565565565616E-02	2.196431800046359E+02
9.340840840840892E-02	2.198416481306218E+02
9.366116116116167E-02	2.200397585569873E+02
9.391391391391443E-02	2.202375128910957E+02
9.416666666666719E-02	2.204349127287845E+02
9.441941941941995E-02	2.206319596544795E+02
9.467217217217271E-02	2.208286552413060E+02
9.492492492492546E-02	2.210250010511993E+02
9.517767767767822E-02	2.212209986350144E+02
9.543043043043098E-02	2.214166495326335E+02
9.568318318318374E-02	2.216119552730723E+02
9.593593593593649E-02	2.218069173745854E+02
9.618868868868925E-02	2.220015373447701E+02
9.644144144144201E-02	2.221958166806689E+02
9.669419419419477E-02	2.223897568688710E+02
9.694694694694753E-02	2.225833593856123E+02
9.719969969970028E-02	2.227766256968742E+02
9.745245245245304E-02	2.229695572584815E+02
9.770520520520580E-02	2.231621555161988E+02
9.795795795795856E-02	2.233544219058257E+02
9.821071071071132E-02	2.235463578532913E+02
9.846346346346407E-02	2.237379647747471E+02
9.871621621621683E-02	2.239292440766586E+02
9.896896896896959E-02	2.241201971558971E+02
9.922172172172235E-02	2.243108253998284E+02
9.947447447447511E-02	2.245011301864020E+02
9.972722722722786E-02	2.246911128842390E+02
9.997997997998062E-02	2.248807748527182E+02
1.002327327327334E-01	2.250701174420621E+02
1.004854854854861E-01	2.252591419934212E+02
1.007382382382389E-01	2.254478498389578E+02
1.009909909909917E-01	2.256362423019287E+02
1.012437437437444E-01	2.258243206967664E+02
1.014964964964972E-01	2.260120863291603E+02
1.017492492492499E-01	2.261995404961363E+02
1.020020020020027E-01	2.263866844861357E+02
1.022547547547554E-01	2.265735195790927E+02
1.025075075075082E-01	2.267600470465123E+02
1.027602602602610E-01	2.269462681515456E+02
1.030130130130137E-01	2.271321841490654E+02
1.032657657657665E-01	2.273177962857409E+02
1.035185185185192E-01	2.275031058001109E+02
1.037712712712720E-01	2.276881139226565E+02
1.040240240240247E-01	2.278728218758733E+02
1.042767767767775E-01	2.280572308743422E+02
1.045295295295303E-01	2.282413421247999E+02
1.047822822822830E-01	2.284251568262082E+02
1.050350350350358E-01	2.286086761698230E+02
1.052877877877885E-01	2.287919013392618E+02
1.055405405405413E-01	2.289748335105714E+02
1.057932932932941E-01	2.291574738522937E+02
1.060460460460468E-01	2.293398235255321E+02
1.062987987987996E-01	2.295218836840158E+02
1.065515515515523E-01	2.297036554741647E+02
1.068043043043051E-01	2.298851400351522E+02
1.070570570570578E-01	2.300663384989687E+02
1.073098098098106E-01	2.302472519904831E+02
1.075625625625634E-01	2.304278816275049E+02
1.078153153153161E-01	2.306082285208445E+02
1.080680680680689E-01	2.307882937743734E+02
1.083208208208216E-01	2.309680784850840E+02
1.085735735735744E-01	2.311475837431479E+02
1.088263263263271E-01	2.313268106319745E+02
1.090790790790799E-01	2.315057602282681E+02
1.093318318318327E-01	2.316844336020854E+02
1.095845845845854E-01	2.318628318168914E+02
1.098373373373382E-01	2.320409559296150E+02
1.100900900900909E-01	2.322188069907046E+02
1.103428428428437E-01	2.323963860441820E+02
1.105955955955965E-01	2.325736941276971E+02
1.108483483483492E-01	2.327507322725803E+02
1.111011011011020E-01	2.329275015038961E+02
1.113538538538547E-01	2.331040028404950E+02
1.116066066066075E-01	2.332802372950651E+02
1.118593593593602E-01	2.334562058741836E+02
1.121121121121130E-01	2.336319095783667E+02
1.123648648648658E-01	2.338073494021205E+02
1.126176176176185E-01	2.339825263339900E+02
1.128703703703713E-01	2.341574413566081E+02
1.131231231231240E-01	2.343320954467445E+02
1.133758758758768E-01	2.345064895753532E+02
1.136286286286295E-01	2.346806247076205E+02
1.138813813813823E-01	2.348545018030116E+02
1.141341341341351E-01	2.350281218153174E+02
1.143868868868878E-01	2.352014856927003E+02
1.146396396396406E-01	2.353745943777400E+02
1.148923923923933E-01	2.355474488074786E+02
1.151451451451461E-01	2.357200499134647E+02
1.153978978978989E-01	2.358923986217986E+02
1.156506506506516E-01	2.360644958531750E+02
1.159034034034044E-01	2.362363425229269E+02
1.161561561561571E-01	2.364079395410684E+02
1.164089089089099E-01	2.365792878123366E+02
1.166616616616626E-01	2.367503882362342E+02
1.169144144144154E-01	2.369212417070709E+02
1.171671671671682E-01	2.370918491140042E+02
1.174199199199209E-01	2.372622113410806E+02
1.176726726726737E-01	2.374323292672753E+02
1.179254254254264E-01	2.376022037665331E+02
1.181781781781792E-01	2.377718357078065E+02
1.184309309309319E-01	2.379412259550964E+02
1.186836836836847E-01	2.381103753674895E+02
1.189364364364375E-01	2.382792847991975E+02
1.191891891891902E-01	2.384479550995943E+02
1.194419419419430E-01	2.386163871132546E+02
1.196946946946957E-01	2.387845816799901E+02
1.199474474474485E-01	2.389525396348870E+02
1.202002002002013E-01	2.391202618083423E+02
1.204529529529540E-01	2.392877490260997E+02
1.207057057057068E-01	2.394550021092858E+02
1.209584584584595E-01	2.396220218744452E+02
1.212112112112123E-01	2.397888091335759E+02
1.214639639639650E-01	2.399553646941633E+02
1.217167167167178E-01	2.401216893592158E+02
1.219694694694706E-01	2.402877839272977E+02
1.222222222222233E-01	2.404536491925637E+02
1.224749749749761E-01	2.406192859447921E+02
1.227277277277288E-01	2.407846949694176E+02
1.229804804804816E-01	2.409498770475646E+02
1.232332332332343E-01	2.411148329560791E+02
1.234859859859871E-01	2.412795634675615E+02
1.237387387387399E-01	2.414440693503977E+02
1.239914914914926E-01	2.416083513687914E+02
1.242442442442454E-01	2.417724102827947E+02
1.244969969969981E-01	2.419362468483394E+02
1.247497497497509E-01	2.420998618172676E+02
1.250025025025036E-01	2.422632559373620E+02
1.252552552552564E-01	2.424264299523759E+02
1.255080080080091E-01	2.425893846020633E+02
1.257607607607619E-01	2.427521206222081E+02
1.260135135135146E-01	2.429146387446532E+02
1.262662662662674E-01	2.430769396973303E+02
1.265190190190201E-01	2.432390242042875E+02
1.267717717717728E-01	2.434008929857182E+02
1.270245245245256E-01	2.435625467579897E+02
1.272772772772783E-01	2.437239862336702E+02
1.275300300300311E-01	2.438852121215573E+02
1.277827827827838E-01	2.440462251267050E+02
1.280355355355366E-01	2.442070259504504E+02
1.282882882882893E-01	2.443676152904416E+02
1.285410410410421E-01	2.445279938406634E+02
1.287937937937948E-01	2.446881622914641E+02
1.290465465465475E-01	2.448481213295818E+02
1.292992992993003E-01	2.450078716381699E+02
1.295520520520530E-01	2.451674138968230E+02
1.298048048048058E-01	2.453267487816026E+02
1.300575575575585E-01	2.454858769650617E+02
1.303103103103113E-01	2.456447991162703E+02
1.305630630630640E-01	2.458035159008400E+02
1.308158158158167E-01	2.459620279809485E+02
1.310685685685695E-01	2.461203360153638E+02
1.313213213213222E-01	2.462784406594687E+02
1.315740740740750E-01	2.464363425652841E+02
1.318268268268277E-01	2.465940423814930E+02
1.320795795795805E-01	2.467515407534642E+02
1.323323323323332E-01	2.469088383232749E+02
1.325850850850860E-01	2.470659357297342E+02
1.328378378378387E-01	2.472228336084060E+02
1.330905905905914E-01	2.473795325916312E+02
1.333433433433442E-01	2.475360333085505E+02
1.335960960960969E-01	2.476923363851264E+02
1.338488488488497E-01	2.478484424441655E+02
1.341016016016024E-01	2.480043521053400E+02
1.343543543543552E-01	2.481600659852097E+02
1.346071071071079E-01	2.483155846972431E+02
1.348598598598607E-01	2.484709088518389E+02
1.351126126126134E-01	2.486260390563471E+02
1.353653653653661E-01	2.487809759150898E+02
1.356181181181189E-01	2.489357200293818E+02
1.358708708708716E-01	2.490902719975515E+02
1.361236236236244E-01	2.492446324149609E+02
1.363763763763771E-01	2.493988018740260E+02
1.366291291291299E-01	2.495527809642366E+02
1.368818818818826E-01	2.497065702721765E+02
1.371346346346353E-01	2.498601703815426E+02
1.373873873873881E-01	2.500135818731652E+02
1.376401401401408E-01	2.501668053250262E+02
1.378928928928936E-01	2.503198413122796E+02
1.381456456456463E-01	2.504726904072694E+02
1.383983983983991E-01	2.506253531795489E+02
1.386511511511518E-01	2.507778301958995E+02
1.389039039039046E-01	2.509301220203488E+02
1.391566566566573E-01	2.510822292141895E+02
1.394094094094100E-01	2.512341523359970E+02
1.396621621621628E-01	2.513858919416479E+02
1.399149149149155E-01	2.515374485843380E+02
1.401676676676683E-01	2.516888228145993E+02
1.404204204204210E-01	2.518400151803187E+02
1.406731731731738E-01	2.519910262267543E+02
1.409259259259265E-01	2.521418564965536E+02
1.411786786786793E-01	2.522925065297703E+02
1.414314314314320E-01	2.524429768638813E+02
1.416841841841847E-01	2.525932680338035E+02
1.419369369369375E-01	2.527433805719108E+02
1.421896896896902E-01	2.528933150080505E+02
1.424424424424430E-01	2.530430718695599E+02
1.426951951951957E-01	2.531926516812822E+02
1.429479479479485E-01	2.533420549655834E+02
1.432007007007012E-01	2.534912822423678E+02
1.434534534534539E-01	2.536403340290940E+02
1.437062062062067E-01	2.537892108407909E+02
1.439589589589594E-01	2.539379131900732E+02
1.442117117117122E-01	2.540864415871569E+02
1.444644644644649E-01	2.542347965398750E+02
1.447172172172177E-01	2.543829785536922E+02
1.449699699699704E-01	2.545309881317207E+02
1.452227227227232E-01	2.546788257747349E+02
1.454754754754759E-01	2.548264919811862E+02
1.457282282282286E-01	2.549739872472181E+02
1.459809809809814E-01	2.551213120666806E+02
1.462337337337341E-01	2.552684669311450E+02
1.464864864864869E-01	2.554154523299179E+02
1.467392392392396E-01	2.555622687500563E+02
1.469919919919924E-01	2.557089166763809E+02
1.472447447447451E-01	2.558553965914907E+02
1.474974974974979E-01	2.560017089757770E+02
1.477502502502506E-01	2.561478543074371E+02
1.480030030030033E-01	2.562938330624880E+02
1.482557557557561E-01	2.564396457147802E+02
1.485085085085088E-01	2.565852927360113E+02
1.487612612612616E-01	2.567307745957391E+02
1.490140140140143E-01	2.568760917613953E+02
1.492667667667671E-01	2.570212446982984E+02
1.495195195195198E-01	2.571662338696671E+02
1.497722722722725E-01	2.573110597366330E+02
1.500250250250253E-01	2.574557227582540E+02
1.502777777777780E-01	2.576002233915262E+02
1.505305305305308E-01	2.577445620913979E+02
1.507832832832835E-01	2.578887393107809E+02
1.510360360360363E-01	2.580327555005639E+02
1.512887887887890E-01	2.581766111096244E+02
1.515415415415418E-01	2.583203065848415E+02
1.517942942942945E-01	2.584638423711076E+02
1.520470470470472E-01	2.586072189113407E+02
1.522997997998000E-01	2.587504366464968E+02
1.525525525525527E-01	2.588934960155810E+02
1.528053053053055E-01	2.590363974556606E+02
1.530580580580582E-01	2.591791414018752E+02
1.533108108108110E-01	2.593217282874500E+02
1.535635635635637E-01	2.594641585437063E+02
1.538163163163165E-01	2.596064326000735E+02
1.540690690690692E-01	2.597485508841000E+02
1.543218218218219E-01	2.598905138214653E+02
1.545745745745747E-01	2.600323218359902E+02
1.548273273273274E-01	2.601739753496488E+02
1.550800800800802E-01	2.603154747825793E+02
1.553328328328329E-01	2.604568205530945E+02
1.555855855855857E-01	2.605980130776936E+02
1.558383383383384E-01	2.607390527710720E+02
1.560910910910911E-01	2.608799400461328E+02
1.563438438438439E-01	2.610206753139970E+02
1.565965965965966E-01	2.611612589840141E+02
1.568493493493494E-01	2.613016914637729E+02
1.571021021021021E-01	2.614419731591115E+02
1.573548548548549E-01	2.615821044741277E+02
1.576076076076076E-01	2.617220858111896E+02
1.578603603603604E-01	2.618619175709453E+02
1.581131131131131E-01	2.620016001523332E+02
1.583658658658658E-01	2.621411339525920E+02
1.586186186186186E-01	2.622805193672706E+02
1.588713713713713E-01	2.624197567902384E+02
1.591241241241241E-01	2.625588466136940E+02
1.593768768768768E-01	2.626977892281762E+02
1.596296296296296E-01	2.628365850225729E+02
1.598823823823823E-01	2.629752343841308E+02
1.601351351351351E-01	2.631137376984650E+02
1.603878878878878E-01	2.632520953495685E+02
1.606406406406405E-01	2.633903077198212E+02
1.608933933933933E-01	2.635283751899999E+02
1.611461461461460E-01	2.636662981392867E+02
1.613988988988988E-01	2.638040769452787E+02
1.616516516516515E-01	2.639417119839970E+02
1.619044044044043E-01	2.640792036298957E+02
1.621571571571570E-01	2.642165522558708E+02
1.624099099099097E-01	2.643537582332693E+02
1.626626626626625E-01	2.644908219318976E+02
1.629154154154152E-01	2.646277437200309E+02
1.631681681681680E-01	2.647645239644213E+02
1.634209209209207E-01	2.649011630303070E+02
1.636736736736735E-01	2.650376612814202E+02
1.639264264264262E-01	2.651740190799965E+02
1.641791791791790E-01	2.653102367867826E+02
1.644319319319317E-01	2.654463147610449E+02
1.646846846846844E-01	2.655822533605781E+02
1.649374374374372E-01	2.657180529417133E+02
1.651901901901899E-01	2.658537138593260E+02
1.654429429429427E-01	2.659892364668448E+02
1.656956956956954E-01	2.661246211162588E+02
1.659484484484482E-01	2.662598681581265E+02
1.662012012012009E-01	2.663949779415827E+02
1.664539539539537E-01	2.665299508143477E+02
1.667067067067064E-01	2.666647871227341E+02
1.669594594594591E-01	2.667994872116550E+02
1.672122122122119E-01	2.669340514246322E+02
1.674649649649646E-01	2.670684801038030E+02
1.677177177177174E-01	2.672027735899289E+02
1.679704704704701E-01	2.673369322224021E+02
1.682232232232229E-01	2.674709563392542E+02
1.684759759759756E-01	2.676048462771626E+02
1.687287287287283E-01	2.677386023714588E+02
1.689814814814811E-01	2.678722249561353E+02
1.692342342342338E-01	2.680057143638530E+02
1.694869869869866E-01	2.681390709259489E+02
1.697397397397393E-01	2.682722949724426E+02
1.699924924924921E-01	2.684053868320442E+02
1.702452452452448E-01	2.685383468321609E+02
1.704979979979976E-01	2.686711752989046E+02
1.707507507507503E-01	2.688038725570985E+02
1.710035035035030E-01	2.689364389302841E+02
1.712562562562558E-01	2.690688747407286E+02
1.715090090090085E-01	2.692011803094312E+02
1.717617617617613E-01	2.693333559561305E+02
1.720145145145140E-01	2.694654019993108E+02
1.722672672672668E-01	2.695973187562093E+02
1.725200200200195E-01	2.697291065428224E+02
1.727727727727723E-01	2.698607656739127E+02
1.730255255255250E-01	2.699922964630155E+02
1.732782782782777E-01	2.701236992224449E+02
1.735310310310305E-01	2.702549742633015E+02
1.737837837837832E-01	2.703861218954777E+02
1.740365365365360E-01	2.705171424276645E+02
1.742892892892887E-01	2.706480361673582E+02
1.745420420420415E-01	2.707788034208665E+02
1.747947947947942E-01	2.709094444933148E+02
1.750475475475470E-01	2.710399596886526E+02
1.753003003002997E-01	2.711703493096594E+02
1.755530530530524E-01	2.713006136579513E+02
1.758058058058052E-01	2.714307530339869E+02
1.760585585585579E-01	2.715607677370735E+02
1.763113113113107E-01	2.716906580653730E+02
1.765640640640634E-01	2.718204243159081E+02
1.768168168168162E-01	2.719500667845681E+02
1.770695695695689E-01	2.720795857661151E+02
1.773223223223216E-01	2.722089815541896E+02
1.775750750750744E-01	2.723382544413166E+02
1.778278278278271E-01	2.724674047189112E+02
1.780805805805799E-01	2.725964326772844E+02
1.783333333333326E-01	2.727253386056494E+02
1.785860860860854E-01	2.728541227921262E+02
1.788388388388381E-01	2.729827855237484E+02
1.790915915915909E-01	2.731113270864682E+02
1.793443443443436E-01	2.732397477651620E+02
1.795970970970963E-01	2.733680478436361E+02
1.798498498498491E-01	2.734962276046326E+02
1.801026026026018E-01	2.736242873298339E+02
1.803553553553546E-01	2.737522272998690E+02
1.806081081081073E-01	2.738800477943188E+02
1.808608608608601E-01	2.740077490917212E+02
1.811136136136128E-01	2.741353314695764E+02
1.813663663663656E-01	2.742627952043527E+02
1.816191191191183E-01	2.743901405714911E+02
1.818718718718710E-01	2.745173678454113E+02
1.821246246246238E-01	2.746444772995159E+02
1.823773773773765E-01	2.747714692061967E+02
1.826301301301293E-01	2.748983438368391E+02
1.828828828828820E-01	2.750251014618273E+02
1.831356356356348E-01	2.751517423505496E+02
1.833883883883875E-01	2.752782667714033E+02
1.836411411411402E-01	2.754046749917996E+02
1.838938938938930E-01	2.755309672781688E+02
1.841466466466457E-01	2.756571438959650E+02
1.843993993993985E-01	2.757832051096713E+02
1.846521521521512E-01	2.759091511828044E+02
1.849049049049040E-01	2.760349823779197E+02
1.851576576576567E-01	2.761606989566157E+02
1.854104104104095E-01	2.762863011795394E+02
1.856631631631622E-01	2.764117893063905E+02
1.859159159159149E-01	2.765371635959264E+02
1.861686686686677E-01	2.766624243059669E+02
1.864214214214204E-01	2.767875716933987E+02
1.866741741741732E-01	2.769126060141804E+02
1.869269269269259E-01	2.770375275233463E+02
1.871796796796787E-01	2.771623364750122E+02
1.874324324324314E-01	2.772870331223789E+02
1.876851851851842E-01	2.774116177177371E+02
1.879379379379369E-01	2.775360905124719E+02
1.881906906906896E-01	2.776604517570674E+02
1.884434434434424E-01	2.777847017011109E+02
1.886961961961951E-01	2.779088405932974E+02
1.889489489489479E-01	2.780328686814338E+02
1.892017017017006E-01	2.781567862124438E+02
1.894544544544534E-01	2.782805934323716E+02
1.897072072072061E-01	2.784042905863864E+02
1.899599599599588E-01	2.785278779187871E+02
1.902127127127116E-01	2.786513556730056E+02
1.904654654654643E-01	2.787747240916121E+02
1.907182182182171E-01	2.788979834163185E+02
1.909709709709698E-01	2.790211338879831E+02
1.912237237237226E-01	2.791441757466142E+02
1.914764764764753E-01	2.792671092313747E+02
1.917292292292281E-01	2.793899345805860E+02
1.919819819819808E-01	2.795126520317320E+02
1.922347347347335E-01	2.796352618214633E+02
1.924874874874863E-01	2.797577641856009E+02
1.927402402402390E-01	2.798801593591408E+02
1.929929929929918E-01	2.800024475762573E+02
1.932457457457445E-01	2.801246290703072E+02
1.934984984984973E-01	2.802467040738339E+02
1.937512512512500E-01	2.803686728185712E+02
1.940040040040028E-01	2.804905355354469E+02
1.942567567567555E-01	2.806122924545870E+02
1.945095095095082E-01	2.807339438053191E+02
1.947622622622610E-01	2.808554898161772E+02
1.950150150150137E-01	2.809769307149039E+02
1.952677677677665E-01	2.810982667284555E+02
1.955205205205192E-01	2.812194980830053E+02
1.957732732732720E-01	2.813406250039469E+02
1.960260260260247E-01	2.814616477158986E+02
1.962787787787774E-01	2.815825664427066E+02
1.965315315315302E-01	2.817033814074487E+02
1.967842842842829E-01	2.818240928324381E+02
1.970370370370357E-01	2.819447009392265E+02
1.972897897897884E-01	2.820652059486088E+02
1.975425425425412E-01	2.821856080806251E+02
1.977952952952939E-01	2.823059075545656E+02
1.980480480480467E-01	2.824261045889734E+02
1.983008008007994E-01	2.825461994016480E+02
1.985535535535521E-01	2.826661922096492E+02
1.988063063063049E-01	2.827860832293001E+02
1.990590590590576E-01	2.829058726761908E+02
1.993118118118104E-01	2.830255607651818E+02
1.995645645645631E-01	2.831451477104070E+02
1.998173173173159E-01	2.832646337252777E+02
2.000700700700686E-01	2.833840190224857E+02
2.003228228228214E-01	2.835033038140063E+02
2.005755755755741E-01	2.836224883111020E+02
2.008283283283268E-01	2.837415727243256E+02
2.010810810810796E-01	2.838605572635239E+02
2.013338338338323E-01	2.839794421378402E+02
2.015865865865851E-01	2.840982275557180E+02
2.018393393393378E-01	2.842169137249044E+02
2.020920920920906E-01	2.843355008524528E+02
2.023448448448433E-01	2.844539891447266E+02
2.025975975975960E-01	2.845723788074016E+02
2.028503503503488E-01	2.846906700454703E+02
2.031031031031015E-01	2.848088630632438E+02
2.033558558558543E-01	2.849269580643559E+02
2.036086086086070E-01	2.850449552517652E+02
2.038613613613598E-01	2.851628548277594E+02
2.041141141141125E-01	2.852806569939571E+02
2.043668668668653E-01	2.853983619513116E+02
2.046196196196180E-01	2.855159699001141E+02
2.048723723723707E-01	2.856334810399956E+02
2.051251251251235E-01	2.857508955699312E+02
2.053778778778762E-01	2.858682136882421E+02
2.056306306306290E-01	2.859854355925993E+02
2.058833833833817E-01	2.861025614800257E+02
2.061361361361345E-01	2.862195915468998E+02
2.063888888888872E-01	2.863365259889580E+02
2.066416416416400E-01	2.864533650012980E+02
2.068943943943927E-01	2.865701087783814E+02
2.071471471471454E-01	2.866867575140362E+02
2.073998998998982E-01	2.868033114014603E+02
2.076526526526509E-01	2.869197706332241E+02
2.079054054054037E-01	2.870361354012728E+02
2.081581581581564E-01	2.871524058969298E+02
2.084109109109092E-01	2.872685823108995E+02
2.086636636636619E-01	2.873846648332694E+02
2.089164164164146E-01	2.875006536535135E+02
2.091691691691674E-01	2.876165489604945E+02
2.094219219219201E-01	2.877323509424672E+02
2.096746746746729E-01	2.878480597870804E+02
2.099274274274256E-01	2.879636756813800E+02
2.101801801801784E-01	2.880791988118116E+02
2.104329329329311E-01	2.881946293642234E+02
2.106856856856839E-01	2.883099675238682E+02
2.109384384384366E-01	2.884252134754065E+02
2.111911911911893E-01	2.885403674029092E+02
2.114439439439421E-01	2.886554294898597E+02
2.116966966966948E-01	2.887703999191571E+02
2.119494494494476E-01	2.888852788731179E+02
2.122022022022003E-01	2.890000665334795E+02
2.124549549549531E-01	2.891147630814021E+02
2.127077077077058E-01	2.892293686974716E+02
2.129604604604586E-01	2.893438835617015E+02
2.132132132132113E-01	2.894583078535362E+02
2.134659659659640E-01	2.895726417518528E+02
2.137187187187168E-01	2.896868854349639E+02
2.139714714714695E-01	2.898010390806201E+02
2.142242242242223E-01	2.899151028660122E+02
2.144769769769750E-01	2.900290769677737E+02
2.147297297297278E-01	2.901429615619833E+02
2.149824824824805E-01	2.902567568241671E+02
2.152352352352332E-01	2.903704629293014E+02
2.154879879879860E-01	2.904840800518143E+02
2.157407407407387E-01	2.905976083655892E+02
2.159934934934915E-01	2.907110480439659E+02
2.162462462462442E-01	2.908243992597436E+02
2.164989989989970E-01	2.909376621851835E+02
2.167517517517497E-01	2.910508369920101E+02
2.170045045045025E-01	2.911639238514147E+02
2.172572572572552E-01	2.912769229340568E+02
2.175100100100079E-01	2.913898344100667E+02
2.177627627627607E-01	2.915026584490478E+02
2.180155155155134E-01	2.916153952200785E+02
2.182682682682662E-01	2.917280448917150E+02
2.185210210210189E-01	2.918406076319931E+02
2.187737737737717E-01	2.919530836084304E+02
2.190265265265244E-01	2.920654729880287E+02
2.192792792792772E-01	2.921777759372761E+02
2.195320320320299E-01	2.922899926221491E+02
2.197847847847826E-01	2.924021232081149E+02
2.200375375375354E-01	2.925141678601333E+02
2.202902902902881E-01	2.926261267426591E+02
2.205430430430409E-01	2.927380000196442E+02
2.207957957957936E-01	2.928497878545395E+02
2.210485485485464E-01	2.929614904102972E+02
2.213013013012991E-01	2.930731078493728E+02
2.215540540540518E-01	2.931846403337272E+02
2.218068068068046E-01	2.932960880248288E+02
2.220595595595573E-01	2.934074510836555E+02
2.223123123123101E-01	2.935187296706969E+02
2.225650650650628E-01	2.936299239459560E+02
2.228178178178156E-01	2.937410340689515E+02
2.230705705705683E-01	2.938520601987199E+02
2.233233233233211E-01	2.939630024938172E+02
2.235760760760738E-01	2.940738611123211E+02
2.238288288288265E-01	2.941846362118329E+02
2.240815815815793E-01	2.942953279494795E+02
2.243343343343320E-01	2.944059364819155E+02
2.245870870870848E-01	2.945164619653247E+02
2.248398398398375E-01	2.946269045554226E+02
2.250925925925903E-01	2.947372644074582E+02
2.253453453453430E-01	2.948475416762154E+02
2.255980980980958E-01	2.949577365160156E+02
2.258508508508485E-01	2.950678490807193E+02
2.261036036036012E-01	2.951778795237279E+02
2.263563563563540E-01	2.952878279979859E+02
2.266091091091067E-01	2.953976946559822E+02
2.268618618618595E-01	2.955074796497527E+02
2.271146146146122E-01	2.956171831308815E+02
2.273673673673650E-01	2.957268052505030E+02
2.276201201201177E-01	2.958363461593041E+02
2.278728728728704E-01	2.959458060075252E+02
2.281256256256232E-01	2.960551849449627E+02
2.283783783783759E-01	2.961644831209706E+02
2.286311311311287E-01	2.962737006844623E+02
2.288838838838814E-01	2.963828377839123E+02
2.291366366366342E-01	2.964918945673580E+02
2.293893893893869E-01	2.966008711824016E+02
2.296421421421397E-01	2.967097677762117E+02
2.298948948948924E-01	2.968185844955250E+02
2.301476476476451E-01	2.969273214866486E+02
2.304004004003979E-01	2.970359788954608E+02
2.306531531531506E-01	2.971445568674134E+02
2.309059059059034E-01	2.972530555475335E+02
2.311586586586561E-01	2.973614750804249E+02
2.314114114114089E-01	2.974698156102700E+02
2.316641641641616E-01	2.975780772808312E+02
2.319169169169144E-01	2.976862602354532E+02
2.321696696696671E-01	2.977943646170637E+02
2.324224224224198E-01	2.979023905681761E+02
2.326751751751726E-01	2.980103382308905E+02
2.329279279279253E-01	2.981182077468953E+02
2.331806806806781E-01	2.982259992574695E+02
2.334334334334308E-01	2.983337129034836E+02
2.336861861861836E-01	2.984413488254015E+02
2.339389389389363E-01	2.985489071632820E+02
2.341916916916890E-01	2.986563880567809E+02
2.344444444444418E-01	2.987637916451519E+02
2.346971971971945E-01	2.988711180672486E+02
2.349499499499473E-01	2.989783674615260E+02
2.352027027027000E-01	2.990855399660420E+02
2.354554554554528E-01	2.991926357184590E+02
2.357082082082055E-01	2.992996548560455E+02
2.359609609609583E-01	2.994065975156777E+02
2.362137137137110E-01	2.995134638338409E+02
2.364664664664637E-01	2.996202539466311E+02
2.367192192192165E-01	2.997269679897564E+02
2.369719719719692E-01	2.998336060985388E+02
2.372247247247220E-01	2.999401684079155E+02
2.374774774774747E-01	3.000466550524404E+02
2.377302302302275E-01	3.001530661662858E+02
2.379829829829802E-01	3.002594018832435E+02
2.382357357357330E-01	3.003656623367266E+02
2.384884884884857E-01	3.004718476597711E+02
2.387412412412384E-01	3.005779579850369E+02
2.389939939939912E-01	3.006839934448095E+02
2.392467467467439E-01	3.007899541710016E+02
2.394994994994967E-01	3.008958402951543E+02
2.397522522522494E-01	3.010016519484388E+02
2.400050050050022E-01	3.011073892616575E+02
2.402577577577549E-01	3.012130523652456E+02
2.405105105105076E-01	3.013186413892726E+02
2.407632632632604E-01	3.014241564634436E+02
2.410160160160131E-01	3.015295977171008E+02
2.412687687687659E-01	3.016349652792246E+02
2.415215215215186E-01	3.017402592784354E+02
2.417742742742714E-01	3.018454798429947E+02
2.420270270270241E-01	3.019506271008066E+02
2.422797797797769E-01	3.020557011794191E+02
2.425325325325296E-01	3.021607022060256E+02
2.427852852852823E-01	3.022656303074660E+02
2.430380380380351E-01	3.023704856102282E+02
2.432907907907878E-01	3.024752682404495E+02
2.435435435435406E-01	3.025799783239179E+02
2.437962962962933E-01	3.026846159860734E+02
2.440490490490461E-01	3.027891813520092E+02
2.443018018017988E-01	3.028936745464733E+02
2.445545545545516E-01	3.029980956938696E+02
2.448073073073043E-01	3.031024449182592E+02
2.450600600600570E-01	3.032067223433618E+02
2.453128128128098E-01	3.033109280925568E+02
2.455655655655625E-01	3.034150622888851E+02
2.458183183183153E-01	3.035191250550494E+02
2.460710710710680E-01	3.036231165134168E+02
2.463238238238208E-01	3.037270367860188E+02
2.465765765765735E-01	3.038308859945533E+02
2.468293293293262E-01	3.039346642603855E+02
2.470820820820790E-01	3.040383717045497E+02
2.473348348348317E-01	3.041420084477498E+02
2.475875875875845E-01	3.042455746103608E+02
2.478403403403372E-01	3.043490703124305E+02
2.480930930930900E-01	3.044524956736799E+02
2.483458458458427E-01	3.045558508135054E+02
2.485985985985955E-01	3.046591358509788E+02
2.488513513513482E-01	3.047623509048498E+02
2.491041041041009E-01	3.048654960935462E+02
2.493568568568537E-01	3.049685715351756E+02
2.496096096096064E-01	3.050715773475263E+02
2.498623623623592E-01	3.051745136480691E+02
2.501151151151119E-01	3.052773805539574E+02
2.503678678678647E-01	3.053801781820296E+02
2.506206206206175E-01	3.054829066488093E+02
2.508733733733702E-01	3.055855660705069E+02
2.511261261261230E-01	3.056881565630206E+02
2.513788788788758E-01	3.057906782419381E+02
2.516316316316285E-01	3.058931312225366E+02
2.518843843843813E-01	3.059955156197851E+02
2.521371371371341E-01	3.060978315483449E+02
2.523898898898869E-01	3.062000791225710E+02
2.526426426426396E-01	3.063022584565130E+02
2.528953953953924E-01	3.064043696639164E+02
2.531481481481452E-01	3.065064128582236E+02
2.534009009008980E-01	3.066083881525751E+02
2.536536536536507E-01	3.067102956598105E+02
2.539064064064035E-01	3.068121354924697E+02
2.541591591591563E-01	3.069139077627941E+02
2.544119119119090E-01	3.070156125827274E+02
2.546646646646618E-01	3.071172500639167E+02
2.549174174174146E-01	3.072188203177140E+02
2.551701701701674E-01	3.073203234551767E+02
2.554229229229201E-01	3.074217595870692E+02
2.556756756756729E-01	3.075231288238635E+02
2.559284284284257E-01	3.076244312757406E+02
2.561811811811784E-01	3.077256670525915E+02
2.564339339339312E-01	3.078268362640179E+02
2.566866866866840E-01	3.079279390193336E+02
2.569394394394368E-01	3.080289754275659E+02
2.571921921921895E-01	3.081299455974554E+02
2.574449449449423E-01	3.082308496374586E+02
2.576976976976951E-01	3.083316876557477E+02
2.579504504504478E-01	3.084324597602120E+02
2.582032032032006E-01	3.085331660584594E+02
2.584559559559534E-01	3.086338066578165E+02
2.587087087087062E-01	3.087343816653307E+02
2.589614614614589E-01	3.088348911877699E+02
2.592142142142117E-01	3.089353353316247E+02
2.594669669669645E-01	3.090357142031088E+02
2.597197197197172E-01	3.091360279081600E+02
2.599724724724700E-01	3.092362765524413E+02
2.602252252252228E-01	3.093364602413417E+02
2.604779779779756E-01	3.094365790799777E+02
2.607307307307283E-01	3.095366331731935E+02
2.609834834834811E-01	3.096366226255626E+02
2.612362362362339E-01	3.097365475413883E+02
2.614889889889866E-01	3.098364080247052E+02
2.617417417417394E-01	3.099362041792796E+02
2.619944944944922E-01	3.100359361086106E+02
2.622472472472450E-01	3.101356039159313E+02
2.624999999999977E-01	3.102352077042094E+02
2.627527527527505E-01	3.103347475761486E+02
