0.000000000000000E+00	                 NAN
5.002501250625313E-01	-3.587717346586139E-02
1.000500250125063E+00	-7.175233929051195E-02
1.500750375187594E+00	-1.076234898807729E-01
2.001000500250125E+00	-1.434886177395280E-01
2.501250625312657E+00	-1.793457155137408E-01
3.001500750375188E+00	-2.151927760424739E-01
3.501750875437719E+00	-2.510277924048809E-01
4.002001000500250E+00	-2.868487579681949E-01
4.502251125562782E+00	-3.226536664356825E-01
5.002501250625313E+00	-3.584405118945933E-01
5.502751375687844E+00	-3.942072888640684E-01
6.003001500750376E+00	-4.299519923430184E-01
6.503251625812907E+00	-4.656726178579769E-01
7.003501750875438E+00	-5.013671615109114E-01
7.503751875937970E+00	-5.370336200270112E-01
8.004002001000501E+00	-5.726699908023889E-01
8.504252126063033E+00	-6.082742719517835E-01
9.004502251125565E+00	-6.438444623562098E-01
9.504752376188097E+00	-6.793785617105037E-01
1.000500250125063E+01	-7.148745705708670E-01
1.050525262631316E+01	-7.503304904023498E-01
1.100550275137569E+01	-7.857443236262132E-01
1.150575287643823E+01	-8.211140736673119E-01
1.200600300150076E+01	-8.564377450013350E-01
1.250625312656329E+01	-8.917133432020101E-01
1.300650325162582E+01	-9.269388749882239E-01
1.350675337668835E+01	-9.621123482710630E-01
1.400700350175089E+01	-9.972317722007684E-01
1.450725362681342E+01	-1.032295157213641E+00
1.500750375187595E+01	-1.067300515078784E+00
1.550775387693848E+01	-1.102245858944837E+00
1.600800400200102E+01	-1.137129203386550E+00
1.650825412706355E+01	-1.171948564451309E+00
1.700850425212608E+01	-1.206701959705523E+00
1.750875437718861E+01	-1.241387408280929E+00
1.800900450225114E+01	-1.276002930920797E+00
1.850925462731368E+01	-1.310546550025997E+00
1.900950475237621E+01	-1.345016289700961E+00
1.950975487743874E+01	-1.379410175799578E+00
2.001000500250127E+01	-1.413726235970874E+00
2.051025512756381E+01	-1.447962499704666E+00
2.101050525262634E+01	-1.482116998377030E+00
2.151075537768887E+01	-1.516187765295676E+00
2.201100550275140E+01	-1.550172835745183E+00
2.251125562781393E+01	-1.584070247032024E+00
2.301150575287647E+01	-1.617878038529657E+00
2.351175587793900E+01	-1.651594251723218E+00
2.401200600300153E+01	-1.685216930254249E+00
2.451225612806406E+01	-1.718744119965287E+00
2.501250625312660E+01	-1.752173868944126E+00
2.551275637818913E+01	-1.785504227568140E+00
2.601300650325166E+01	-1.818733248548337E+00
2.651325662831419E+01	-1.851858986973287E+00
2.701350675337672E+01	-1.884879500352881E+00
2.751375687843926E+01	-1.917792848661904E+00
2.801400700350179E+01	-1.950597094383546E+00
2.851425712856432E+01	-1.983290302552593E+00
2.901450725362685E+01	-2.015870540798556E+00
2.951475737868939E+01	-2.048335879388649E+00
3.001500750375192E+01	-2.080684391270417E+00
3.051525762881445E+01	-2.112914152114460E+00
3.101550775387698E+01	-2.145023240356714E+00
3.151575787893951E+01	-2.177009737240713E+00
3.201600800400205E+01	-2.208871726859613E+00
3.251625812906457E+01	-2.240607296197993E+00
3.301650825412710E+01	-2.272214535173596E+00
3.351675837918963E+01	-2.303691536678627E+00
3.401700850425216E+01	-2.335036396621199E+00
3.451725862931469E+01	-2.366247213966254E+00
3.501750875437722E+01	-2.397322090776463E+00
3.551775887943975E+01	-2.428259132252954E+00
3.601800900450228E+01	-2.459056446775648E+00
3.651825912956480E+01	-2.489712145943621E+00
3.701850925462733E+01	-2.520224344615059E+00
3.751875937968986E+01	-2.550591160947171E+00
3.801900950475239E+01	-2.580810716435728E+00
3.851925962981492E+01	-2.610881135954500E+00
3.901950975487745E+01	-2.640800547794456E+00
3.951975987993998E+01	-2.670567083702650E+00
4.002001000500250E+01	-2.700178878921086E+00
4.052026013006503E+01	-2.729634072225117E+00
4.102051025512756E+01	-2.758930805961782E+00
4.152076038019009E+01	-2.788067226087968E+00
4.202101050525262E+01	-2.817041482208005E+00
4.252126063031515E+01	-2.845851727611517E+00
4.302151075537768E+01	-2.874496119310635E+00
4.352176088044020E+01	-2.902972818077224E+00
4.402201100550273E+01	-2.931279988479723E+00
4.452226113056526E+01	-2.959415798919757E+00
4.502251125562779E+01	-2.987378421668687E+00
4.552276138069032E+01	-3.015166032903672E+00
4.602301150575285E+01	-3.042776812743611E+00
4.652326163081538E+01	-3.070208945284897E+00
4.702351175587791E+01	-3.097460618636717E+00
4.752376188094043E+01	-3.124530024956407E+00
4.802401200600296E+01	-3.151415360484229E+00
4.852426213106549E+01	-3.178114825578163E+00
4.902451225612802E+01	-3.204626624748272E+00
4.952476238119055E+01	-3.230948966690875E+00
5.002501250625308E+01	-3.257080064322537E+00
5.052526263131561E+01	-3.283018134813609E+00
5.102551275637813E+01	-3.308761399621716E+00
5.152576288144066E+01	-3.334308084524835E+00
5.202601300650319E+01	-3.359656419654215E+00
5.252626313156572E+01	-3.384804639526998E+00
5.302651325662825E+01	-3.409750983078411E+00
5.352676338169078E+01	-3.434493693694058E+00
5.402701350675331E+01	-3.459031019241635E+00
5.452726363181583E+01	-3.483361212102388E+00
5.502751375687836E+01	-3.507482529202512E+00
5.552776388194089E+01	-3.531393232044131E+00
5.602801400700342E+01	-3.555091586735884E+00
5.652826413206595E+01	-3.578575864023598E+00
5.702851425712848E+01	-3.601844339320280E+00
5.752876438219101E+01	-3.624895292736170E+00
5.802901450725354E+01	-3.647727009108209E+00
5.852926463231606E+01	-3.670337778029541E+00
5.902951475737859E+01	-3.692725893878468E+00
5.952976488244112E+01	-3.714889655847365E+00
6.003001500750365E+01	-3.736827367971060E+00
6.053026513256618E+01	-3.758537339155161E+00
6.103051525762871E+01	-3.780017883203968E+00
6.153076538269124E+01	-3.801267318848126E+00
6.203101550775376E+01	-3.822283969772087E+00
6.253126563281629E+01	-3.843066164641108E+00
6.303151575787882E+01	-3.863612237128237E+00
6.353176588294135E+01	-3.883920525940532E+00
6.403201600800388E+01	-3.903989374845679E+00
6.453226613306641E+01	-3.923817132697764E+00
6.503251625812895E+01	-3.943402153462912E+00
6.553276638319149E+01	-3.962742796244754E+00
6.603301650825402E+01	-3.981837425309507E+00
6.653326663331656E+01	-4.000684410110807E+00
6.703351675837909E+01	-4.019282125314248E+00
6.753376688344163E+01	-4.037628950821500E+00
6.803401700850416E+01	-4.055723271794406E+00
6.853426713356670E+01	-4.073563478678523E+00
6.903451725862924E+01	-4.091147967226647E+00
6.953476738369177E+01	-4.108475138521683E+00
7.003501750875431E+01	-4.125543398999554E+00
7.053526763381684E+01	-4.142351160471719E+00
7.103551775887938E+01	-4.158896840147321E+00
7.153576788394192E+01	-4.175178860655123E+00
7.203601800900445E+01	-4.191195650065154E+00
7.253626813406699E+01	-4.206945641910011E+00
7.303651825912952E+01	-4.222427275205902E+00
7.353676838419206E+01	-4.237638994473429E+00
7.403701850925459E+01	-4.252579249758057E+00
7.453726863431713E+01	-4.267246496650245E+00
7.503751875937967E+01	-4.281639196305306E+00
7.553776888444220E+01	-4.295755815463096E+00
7.603801900950474E+01	-4.309594826467205E+00
7.653826913456727E+01	-4.323154707284033E+00
7.703851925962981E+01	-4.336433941521449E+00
7.753876938469234E+01	-4.349431018447262E+00
7.803901950975488E+01	-4.362144433007401E+00
7.853926963481742E+01	-4.374572685843646E+00
7.903951975987995E+01	-4.386714283311278E+00
7.953976988494249E+01	-4.398567737496307E+00
8.004002001000502E+01	-4.410131566232437E+00
8.054027013506756E+01	-4.421404293117874E+00
8.104052026013009E+01	-4.432384447531504E+00
8.154077038519263E+01	-4.443070564649233E+00
8.204102051025517E+01	-4.453461185459659E+00
8.254127063531770E+01	-4.463554856779794E+00
8.304152076038024E+01	-4.473350131270053E+00
8.354177088544277E+01	-4.482845567449445E+00
8.404202101050531E+01	-4.492039729710100E+00
8.454227113556784E+01	-4.500931188331904E+00
8.504252126063038E+01	-4.509518519496282E+00
8.554277138569292E+01	-4.517800305300284E+00
8.604302151075545E+01	-4.525775133770040E+00
8.654327163581799E+01	-4.533441598873978E+00
8.704352176088052E+01	-4.540798300535911E+00
8.754377188594306E+01	-4.547843844647659E+00
8.804402201100559E+01	-4.554576843081492E+00
8.854427213606813E+01	-4.560995913702214E+00
8.904452226113067E+01	-4.567099680379158E+00
8.954477238619320E+01	-4.572886772997663E+00
9.004502251125574E+01	-4.578355827470347E+00
9.054527263631827E+01	-4.583505485748276E+00
9.104552276138081E+01	-4.588334395831524E+00
9.154577288644334E+01	-4.592841211779884E+00
9.204602301150588E+01	-4.597024593722793E+00
9.254627313656842E+01	-4.600883207869543E+00
9.304652326163095E+01	-4.604415726518738E+00
9.354677338669349E+01	-4.607620828067681E+00
9.404702351175602E+01	-4.610497197021701E+00
9.454727363681856E+01	-4.613043524002663E+00
9.504752376188110E+01	-4.615258505757865E+00
9.554777388694363E+01	-4.617140845168194E+00
9.604802401200617E+01	-4.618689251256072E+00
9.654827413706870E+01	-4.619902439193410E+00
9.704852426213124E+01	-4.620779130309145E+00
9.754877438719377E+01	-4.621318052096157E+00
9.804902451225631E+01	-4.621517938218702E+00
9.854927463731885E+01	-4.621377528518764E+00
9.904952476238138E+01	-4.620895569022764E+00
9.954977488744392E+01	-4.620070811947656E+00
1.000500250125065E+02	-4.618902015706738E+00
1.005502751375690E+02	-4.617387944915720E+00
1.010505252626315E+02	-4.615527370397771E+00
1.015507753876941E+02	-4.613319069188890E+00
1.020510255127566E+02	-4.610761824542749E+00
1.025512756378191E+02	-4.607854425935386E+00
1.030515257628817E+02	-4.604595669069781E+00
1.035517758879442E+02	-4.600984355879632E+00
1.040520260130067E+02	-4.597019294533865E+00
1.045522761380693E+02	-4.592699299439587E+00
1.050525262631318E+02	-4.588023191246236E+00
1.055527763881943E+02	-4.582989796848182E+00
1.060530265132569E+02	-4.577597949388093E+00
1.065532766383194E+02	-4.571846488259311E+00
1.070535267633820E+02	-4.565734259108638E+00
1.075537768884445E+02	-4.559260113838093E+00
1.080540270135070E+02	-4.552422910607390E+00
1.085542771385696E+02	-4.545221513835457E+00
1.090545272636321E+02	-4.537654794201728E+00
1.095547773886946E+02	-4.529721628647891E+00
1.100550275137572E+02	-4.521420900378459E+00
1.105552776388197E+02	-4.512751498861945E+00
1.110555277638822E+02	-4.503712319831166E+00
1.115557778889448E+02	-4.494302265283807E+00
1.120560280140073E+02	-4.484520243482393E+00
1.125562781390698E+02	-4.474365168954208E+00
1.130565282641324E+02	-4.463835962491046E+00
1.135567783891949E+02	-4.452931551148637E+00
1.140570285142575E+02	-4.441650868245887E+00
1.145572786393200E+02	-4.429992853363686E+00
1.150575287643825E+02	-4.417956452344100E+00
1.155577788894451E+02	-4.405540617288565E+00
1.160580290145076E+02	-4.392744306556423E+00
1.165582791395701E+02	-4.379566484763032E+00
1.170585292646327E+02	-4.366006122777776E+00
1.175587793896952E+02	-4.352062197721651E+00
1.180590295147577E+02	-4.337733692964875E+00
1.185592796398203E+02	-4.323019598124134E+00
1.190595297648828E+02	-4.307918909059651E+00
1.195597798899453E+02	-4.292430627872278E+00
1.200600300150079E+02	-4.276553762899880E+00
1.205602801400704E+02	-4.260287328714085E+00
1.210605302651330E+02	-4.243630346116404E+00
1.215607803901955E+02	-4.226581842134465E+00
1.220610305152580E+02	-4.209140850017675E+00
1.225612806403206E+02	-4.191306409233192E+00
1.230615307653831E+02	-4.173077565461242E+00
1.235617808904456E+02	-4.154453370590446E+00
1.240620310155082E+02	-4.135432882713005E+00
1.245622811405707E+02	-4.116015166119624E+00
1.250625312656332E+02	-4.096199291294127E+00
1.255627813906958E+02	-4.075984334908142E+00
1.260630315157583E+02	-4.055369379815559E+00
1.265632816408208E+02	-4.034353515046334E+00
1.270635317658834E+02	-4.012935835800889E+00
1.275637818909459E+02	-3.991115443443775E+00
1.280640320160084E+02	-3.968891445497405E+00
1.285642821410710E+02	-3.946262955635291E+00
1.290645322661335E+02	-3.923229093675587E+00
1.295647823911960E+02	-3.899788985574190E+00
1.300650325162586E+02	-3.875941763417387E+00
1.305652826413211E+02	-3.851686565415122E+00
1.310655327663837E+02	-3.827022535893178E+00
1.315657828914462E+02	-3.801948825285763E+00
1.320660330165087E+02	-3.776464590127830E+00
1.325662831415713E+02	-3.750568993047267E+00
1.330665332666338E+02	-3.724261202756566E+00
1.335667833916963E+02	-3.697540394044836E+00
1.340670335167589E+02	-3.670405747769394E+00
1.345672836418214E+02	-3.642856450847091E+00
1.350675337668839E+02	-3.614891696245905E+00
1.355677838919465E+02	-3.586510682975785E+00
1.360680340170090E+02	-3.557712616079982E+00
1.365682841420715E+02	-3.528496706625475E+00
1.370685342671341E+02	-3.498862171694071E+00
1.375687843921966E+02	-3.468808234372801E+00
1.380690345172592E+02	-3.438334123744227E+00
1.385692846423217E+02	-3.407439074876947E+00
1.390695347673842E+02	-3.376122328815455E+00
1.395697848924468E+02	-3.344383132570329E+00
1.400700350175093E+02	-3.312220739107914E+00
1.405702851425718E+02	-3.279634407339984E+00
1.410705352676344E+02	-3.246623402113528E+00
1.415707853926969E+02	-3.213186994199958E+00
1.420710355177594E+02	-3.179324460284505E+00
1.425712856428220E+02	-3.145035082955303E+00
1.430715357678845E+02	-3.110318150692393E+00
1.435717858929470E+02	-3.075172957856779E+00
1.440720360180096E+02	-3.039598804678974E+00
1.445722861430721E+02	-3.003594997247774E+00
1.450725362681347E+02	-2.967160847498747E+00
1.455727863931972E+02	-2.930295673202636E+00
1.460730365182597E+02	-2.892998797953510E+00
1.465732866433223E+02	-2.855269551157164E+00
1.470735367683848E+02	-2.817107268018702E+00
1.475737868934473E+02	-2.778511289530996E+00
1.480740370185099E+02	-2.739480962461982E+00
1.485742871435724E+02	-2.700015639342837E+00
1.490745372686349E+02	-2.660114678454875E+00
1.495747873936975E+02	-2.619777443817782E+00
1.500750375187600E+02	-2.579003305176229E+00
1.505752876438225E+02	-2.537791637987624E+00
1.510755377688851E+02	-2.496141823409005E+00
1.515757878939476E+02	-2.454053248284140E+00
1.520760380190102E+02	-2.411525305130226E+00
1.525762881440727E+02	-2.368557392125155E+00
1.530765382691352E+02	-2.325148913093756E+00
1.535767883941978E+02	-2.281299277494583E+00
1.540770385192603E+02	-2.237007900406525E+00
1.545772886443228E+02	-2.192274202515080E+00
1.550775387693854E+02	-2.147097610098768E+00
1.555777888944479E+02	-2.101477555015293E+00
1.560780390195104E+02	-2.055413474687555E+00
1.565782891445730E+02	-2.008904812090066E+00
1.570785392696355E+02	-1.961951015734513E+00
1.575787893946980E+02	-1.914551539655690E+00
1.580790395197606E+02	-1.866705843397511E+00
1.585792896448231E+02	-1.818413391998348E+00
1.590795397698857E+02	-1.769673655976845E+00
1.595797898949482E+02	-1.720486111317626E+00
1.600800400200107E+02	-1.670850239456115E+00
1.605802901450733E+02	-1.620765527264524E+00
1.610805402701358E+02	-1.570231467036734E+00
1.615807903951983E+02	-1.519247556473971E+00
1.620810405202609E+02	-1.467813298669057E+00
1.625812906453234E+02	-1.415928202092346E+00
1.630815407703859E+02	-1.363591780576314E+00
1.635817908954485E+02	-1.310803553300332E+00
1.640820410205110E+02	-1.257563044775793E+00
1.645822911455735E+02	-1.203869784830658E+00
1.650825412706361E+02	-1.149723308594048E+00
1.655827913956986E+02	-1.095123156481293E+00
1.660830415207612E+02	-1.040068874178047E+00
1.665832916458237E+02	-9.845600126248826E-01
1.670835417708862E+02	-9.285961280018569E-01
1.675837918959488E+02	-8.721767817127954E-01
1.680840420210113E+02	-8.153015403695747E-01
1.685842921460738E+02	-7.579699757763194E-01
1.690845422711364E+02	-7.001816649135719E-01
1.695847923961989E+02	-6.419361899225748E-01
1.700850425212614E+02	-5.832331380892697E-01
1.705852926463240E+02	-5.240721018282670E-01
1.710855427713865E+02	-4.644526786666177E-01
1.715857928964490E+02	-4.043744712281807E-01
1.720860430215116E+02	-3.438370872169685E-01
1.725862931465741E+02	-2.828401394014861E-01
1.730865432716367E+02	-2.213832455977922E-01
1.735867933966992E+02	-1.594660286539806E-01
1.740870435217617E+02	-9.708811643315585E-02
1.745872936468243E+02	-3.424914179748839E-02
1.750875437718868E+02	2.905125740835501E-02
1.755877938969493E+02	9.281343837380973E-02
1.760880440220119E+02	1.570377533387841E-01
1.765882941470744E+02	2.217245496101441E-01
1.770885442721369E+02	2.868741695785673E-01
1.775887943971995E+02	3.524869507350843E-01
1.780890445222620E+02	4.185632256875635E-01
1.785892946473246E+02	4.851033221779062E-01
1.790895447723871E+02	5.521075630980476E-01
1.795897948974496E+02	6.195762665074938E-01
1.800900450225122E+02	6.875097456497770E-01
1.805902951475747E+02	7.559083089693672E-01
1.810905452726372E+02	8.247722601285545E-01
1.815907953976998E+02	8.941018980242461E-01
1.820910455227623E+02	9.638975168053321E-01
1.825912956478248E+02	1.034159405889199E+00
1.830915457728874E+02	1.104887849978866E+00
1.835917958979499E+02	1.176083129080098E+00
1.840920460230124E+02	1.247745518518599E+00
1.845922961480750E+02	1.319875288956723E+00
1.850925462731375E+02	1.392472706410985E+00
1.855927963982001E+02	1.465538032268682E+00
1.860930465232626E+02	1.539071523305665E+00
1.865932966483251E+02	1.613073431703185E+00
1.870935467733877E+02	1.687544005064865E+00
1.875937968984502E+02	1.762483486434434E+00
1.880940470235127E+02	1.837892114312581E+00
1.885942971485753E+02	1.913770122674180E+00
1.890945472736378E+02	1.990117740985994E+00
1.895947973987003E+02	2.066935194223419E+00
1.900950475237629E+02	2.144222702888044E+00
1.905952976488254E+02	2.221980483024936E+00
1.910955477738879E+02	2.300208746239946E+00
1.915957978989505E+02	2.378907699717161E+00
1.920960480240130E+02	2.458077546236183E+00
1.925962981490756E+02	2.537718484189156E+00
1.930965482741381E+02	2.617830707598785E+00
1.935967983992006E+02	2.698414406135157E+00
1.940970485242632E+02	2.779469765133484E+00
1.945972986493257E+02	2.860996965611065E+00
1.950975487743882E+02	2.942996184285363E+00
1.955977988994508E+02	3.025467593590662E+00
1.960980490245133E+02	3.108411361696170E+00
1.965982991495758E+02	3.191827652522591E+00
1.970985492746384E+02	3.275716625760623E+00
1.975987993997009E+02	3.360078436887306E+00
1.980990495247634E+02	3.444913237184238E+00
1.985992996498260E+02	3.530221173754768E+00
1.990995497748885E+02	3.616002389540853E+00
1.995997998999511E+02	3.702257023341474E+00
2.001000500250136E+02	3.788985209829434E+00
2.006003001500761E+02	3.876187079568666E+00
2.011005502751387E+02	3.963862759032253E+00
2.016008004002012E+02	4.052012370619082E+00
2.021010505252637E+02	4.140636032671949E+00
2.026013006503263E+02	4.229733859494644E+00
2.031015507753888E+02	4.319305961369167E+00
2.036018009004513E+02	4.409352444573415E+00
2.041020510255139E+02	4.499873411398482E+00
2.046023011505764E+02	4.590868960166091E+00
2.051025512756389E+02	4.682339185245837E+00
2.056028014007015E+02	4.774284177072644E+00
2.061030515257640E+02	4.866704022163901E+00
2.066033016508266E+02	4.959598803137482E+00
2.071035517758891E+02	5.052968598727972E+00
2.076038019009516E+02	5.146813483805289E+00
2.081040520260142E+02	5.241133529390595E+00
2.086043021510767E+02	5.335928802674886E+00
2.091045522761392E+02	5.431199367035362E+00
2.096048024012018E+02	5.526945282053333E+00
2.101050525262643E+02	5.623166603530876E+00
2.106053026513268E+02	5.719863383508653E+00
2.111055527763894E+02	5.817035670282678E+00
2.116058029014519E+02	5.914683508421831E+00
2.121060530265144E+02	6.012806938784905E+00
2.126063031515770E+02	6.111405998537862E+00
2.131065532766395E+02	6.210480721170825E+00
2.136068034017021E+02	6.310031136515420E+00
2.141070535267646E+02	6.410057270762053E+00
2.146073036518271E+02	6.510559146476481E+00
2.151075537768897E+02	6.611536782617179E+00
2.156078039019522E+02	6.712990194552731E+00
2.161080540270147E+02	6.814919394078260E+00
2.166083041520773E+02	6.917324389433020E+00
2.171085542771398E+02	7.020205185316939E+00
2.176088044022023E+02	7.123561782907956E+00
2.181090545272649E+02	7.227394179878758E+00
2.186093046523274E+02	7.331702370413637E+00
2.191095547773899E+02	7.436486345225944E+00
2.196098049024525E+02	7.541746091574055E+00
2.201100550275150E+02	7.647481593279110E+00
2.206103051525776E+02	7.753692830741386E+00
2.211105552776401E+02	7.860379780957231E+00
2.216108054027026E+02	7.967542417535640E+00
2.221110555277652E+02	8.075180710715529E+00
2.226113056528277E+02	8.183294627382026E+00
2.231115557778902E+02	8.291884131083151E+00
2.236118059029528E+02	8.400949182046702E+00
2.241120560280153E+02	8.510489737196934E+00
2.246123061530778E+02	8.620505750171134E+00
2.251125562781404E+02	8.730997171336014E+00
2.256128064032029E+02	8.841963947804402E+00
2.261130565282654E+02	8.953406023451976E+00
2.266133066533280E+02	9.065323338933496E+00
2.271135567783905E+02	9.177715831699544E+00
2.276138069034531E+02	9.290583436012582E+00
2.281140570285156E+02	9.403926082963608E+00
2.286143071535781E+02	9.517743700488666E+00
2.291145572786407E+02	9.632036213385106E+00
2.296148074037032E+02	9.746803543327644E+00
2.301150575287657E+02	9.862045608884927E+00
2.306153076538283E+02	9.977762325535878E+00
2.311155577788908E+02	1.009395360568553E+01
2.316158079039533E+02	1.021061935868161E+01
2.321160580290159E+02	1.032775949083054E+01
2.326163081540784E+02	1.044537390541342E+01
2.331165582791409E+02	1.056346250270229E+01
2.336168084042035E+02	1.068202517997611E+01
2.341170585292660E+02	1.080106183153691E+01
2.346173086543286E+02	1.092057234872556E+01
2.351175587793911E+02	1.104055661993783E+01
2.356178089044536E+02	1.116101453064047E+01
2.361180590295162E+02	1.128194596338656E+01
2.366183091545787E+02	1.140335079783205E+01
2.371185592796412E+02	1.152522891075100E+01
2.376188094047038E+02	1.164758017605152E+01
2.381190595297663E+02	1.177040446479199E+01
2.386193096548288E+02	1.189370164519553E+01
2.391195597798914E+02	1.201747158266721E+01
2.396198099049539E+02	1.214171413980833E+01
2.401200600300164E+02	1.226642917643284E+01
2.406203101550790E+02	1.239161654958247E+01
2.411205602801415E+02	1.251727611354235E+01
2.416208104052041E+02	1.264340771985661E+01
2.421210605302666E+02	1.277001121734358E+01
2.426213106553291E+02	1.289708645211130E+01
2.431215607803917E+02	1.302463326757288E+01
2.436218109054542E+02	1.315265150446157E+01
2.441220610305167E+02	1.328114100084653E+01
2.446223111555793E+02	1.341010159214750E+01
2.451225612806418E+02	1.353953311115043E+01
2.456228114057043E+02	1.366943538802226E+01
2.461230615307669E+02	1.379980825032635E+01
2.466233116558294E+02	1.393065152303740E+01
2.471235617808919E+02	1.406196502855633E+01
2.476238119059545E+02	1.419374858672566E+01
2.481240620310170E+02	1.432600201484382E+01
2.486243121560796E+02	1.445872512768091E+01
2.491245622811421E+02	1.459191773749268E+01
2.496248124062046E+02	1.472557965403627E+01
2.501250625312672E+02	1.485971068458372E+01
2.506253126563297E+02	1.499431063393797E+01
2.511255627813922E+02	1.512937930444716E+01
2.516258129064548E+02	1.526491649601888E+01
2.521260630315173E+02	1.540092200613500E+01
2.526263131565798E+02	1.553739562986652E+01
2.531265632816424E+02	1.567433715988784E+01
2.536268134067049E+02	1.581174638649114E+01
2.541270635317674E+02	1.594962309760106E+01
2.546273136568300E+02	1.608796707878901E+01
2.551275637818925E+02	1.622677811328725E+01
2.556278139069551E+02	1.636605598200367E+01
2.561280640320176E+02	1.650580046353588E+01
2.566283141570801E+02	1.664601133418520E+01
2.571285642821426E+02	1.678668836797107E+01
2.576288144072051E+02	1.692783133664517E+01
2.581290645322676E+02	1.706944000970532E+01
2.586293146573301E+02	1.721151415440988E+01
2.591295647823926E+02	1.735405353579145E+01
2.596298149074551E+02	1.749705791667066E+01
2.601300650325176E+02	1.764052705767099E+01
2.606303151575801E+02	1.778446071723127E+01
2.611305652826426E+02	1.792885865162054E+01
2.616308154077051E+02	1.807372061495167E+01
2.621310655327676E+02	1.821904635919481E+01
2.626313156578302E+02	1.836483563419091E+01
2.631315657828927E+02	1.851108818766616E+01
2.636318159079552E+02	1.865780376524475E+01
2.641320660330177E+02	1.880498211046299E+01
2.646323161580802E+02	1.895262296478242E+01
2.651325662831427E+02	1.910072606760357E+01
2.656328164082052E+02	1.924929115627941E+01
2.661330665332677E+02	1.939831796612813E+01
2.666333166583302E+02	1.954780623044738E+01
2.671335667833927E+02	1.969775568052697E+01
2.676338169084552E+02	1.984816604566223E+01
2.681340670335177E+02	1.999903705316717E+01
2.686343171585802E+02	2.015036842838771E+01
2.691345672836428E+02	2.030215989471480E+01
2.696348174087053E+02	2.045441117359749E+01
2.701350675337678E+02	2.060712198455576E+01
2.706353176588303E+02	2.076029204519364E+01
2.711355677838928E+02	2.091392107121229E+01
2.716358179089553E+02	2.106800877642237E+01
2.721360680340178E+02	2.122255487275754E+01
2.726363181590803E+02	2.137755907028679E+01
2.731365682841428E+02	2.153302107722706E+01
2.736368184092053E+02	2.168894059995677E+01
2.741370685342678E+02	2.184531734302712E+01
2.746373186593303E+02	2.200215100917620E+01
2.751375687843928E+02	2.215944129934007E+01
2.756378189094553E+02	2.231718791266670E+01
2.761380690345179E+02	2.247539054652725E+01
2.766383191595804E+02	2.263404889652921E+01
2.771385692846429E+02	2.279316265652844E+01
2.776388194097054E+02	2.295273151864185E+01
2.781390695347679E+02	2.311275517325899E+01
2.786393196598304E+02	2.327323330905514E+01
2.791395697848929E+02	2.343416561300324E+01
2.796398199099554E+02	2.359555177038527E+01
2.801400700350179E+02	2.375739146480561E+01
2.806403201600804E+02	2.391968437820213E+01
2.811405702851429E+02	2.408243019085887E+01
2.816408204102054E+02	2.424562858141729E+01
2.821410705352679E+02	2.440927922688888E+01
2.826413206603305E+02	2.457338180266669E+01
2.831415707853930E+02	2.473793598253712E+01
2.836418209104555E+02	2.490294143869198E+01
2.841420710355180E+02	2.506839784173980E+01
2.846423211605805E+02	2.523430486071788E+01
2.851425712856430E+02	2.540066216310373E+01
2.856428214107055E+02	2.556746941482720E+01
2.861430715357680E+02	2.573472628028094E+01
2.866433216608305E+02	2.590243242233316E+01
2.871435717858930E+02	2.607058750233824E+01
2.876438219109555E+02	2.623919118014823E+01
2.881440720360180E+02	2.640824311412490E+01
2.886443221610805E+02	2.657774296115025E+01
2.891445722861430E+02	2.674769037663833E+01
2.896448224112056E+02	2.691808501454591E+01
2.901450725362681E+02	2.708892652738467E+01
2.906453226613306E+02	2.726021456623124E+01
2.911455727863931E+02	2.743194878073911E+01
2.916458229114556E+02	2.760412881914903E+01
2.921460730365181E+02	2.777675432830068E+01
2.926463231615806E+02	2.794982495364337E+01
2.931465732866431E+02	2.812334033924657E+01
2.936468234117056E+02	2.829730012781158E+01
2.941470735367681E+02	2.847170396068191E+01
2.946473236618306E+02	2.864655147785368E+01
2.951475737868931E+02	2.882184231798738E+01
2.956478239119556E+02	2.899757611841750E+01
2.961480740370181E+02	2.917375251516393E+01
2.966483241620807E+02	2.935037114294249E+01
2.971485742871432E+02	2.952743163517493E+01
2.976488244122057E+02	2.970493362400026E+01
2.981490745372682E+02	2.988287674028430E+01
2.986493246623307E+02	3.006126061363142E+01
2.991495747873932E+02	3.024008487239365E+01
2.996498249124557E+02	3.041934914368142E+01
3.001500750375182E+02	3.059905305337463E+01
3.006503251625807E+02	3.077919622613166E+01
3.011505752876432E+02	3.095977828540043E+01
3.016508254127057E+02	3.114079885342846E+01
3.021510755377682E+02	3.132225755127286E+01
3.026513256628307E+02	3.150415399881018E+01
3.031515757878933E+02	3.168648781474730E+01
3.036518259129558E+02	3.186925861663025E+01
3.041520760380183E+02	3.205246602085521E+01
3.046523261630808E+02	3.223610964267783E+01
3.051525762881433E+02	3.242018909622317E+01
3.056528264132058E+02	3.260470399449588E+01
3.061530765382683E+02	3.278965394938950E+01
3.066533266633308E+02	3.297503857169670E+01
3.071535767883933E+02	3.316085747111839E+01
3.076538269134558E+02	3.334711025627399E+01
3.081540770385183E+02	3.353379653471063E+01
3.086543271635808E+02	3.372091591291280E+01
3.091545772886433E+02	3.390846799631208E+01
3.096548274137058E+02	3.409645238929653E+01
3.101550775387684E+02	3.428486869521970E+01
3.106553276638309E+02	3.447371651641095E+01
3.111555777888934E+02	3.466299545418389E+01
3.116558279139559E+02	3.485270510884624E+01
3.121560780390184E+02	3.504284507970902E+01
3.126563281640809E+02	3.523341496509556E+01
3.131565782891434E+02	3.542441436235111E+01
3.136568284142059E+02	3.561584286785143E+01
3.141570785392684E+02	3.580770007701256E+01
3.146573286643309E+02	3.599998558429934E+01
3.151575787893934E+02	3.619269898323449E+01
3.156578289144559E+02	3.638583986640805E+01
3.161580790395184E+02	3.657940782548570E+01
3.166583291645809E+02	3.677340245121849E+01
3.171585792896435E+02	3.696782333345067E+01
3.176588294147060E+02	3.716267006112929E+01
3.181590795397685E+02	3.735794222231277E+01
3.186593296648310E+02	3.755363940417942E+01
3.191595797898935E+02	3.774976119303653E+01
3.196598299149560E+02	3.794630717432875E+01
3.201600800400185E+02	3.814327693264681E+01
3.206603301650810E+02	3.834067005173591E+01
3.211605802901435E+02	3.853848611450474E+01
3.216608304152060E+02	3.873672470303330E+01
3.221610805402685E+02	3.893538539858190E+01
3.226613306653310E+02	3.913446778159960E+01
3.231615807903935E+02	3.933397143173204E+01
3.236618309154561E+02	3.953389592783020E+01
3.241620810405186E+02	3.973424084795903E+01
3.246623311655811E+02	3.993500576940477E+01
3.251625812906436E+02	4.013619026868389E+01
3.256628314157061E+02	4.033779392155151E+01
3.261630815407686E+02	4.053981630300831E+01
3.266633316658311E+02	4.074225698731021E+01
3.271635817908936E+02	4.094511554797555E+01
3.276638319159561E+02	4.114839155779259E+01
3.281640820410186E+02	4.135208458882903E+01
3.286643321660811E+02	4.155619421243858E+01
3.291645822911436E+02	4.176071999926944E+01
3.296648324162061E+02	4.196566151927232E+01
3.301650825412686E+02	4.217101834170779E+01
3.306653326663312E+02	4.237679003515461E+01
3.311655827913937E+02	4.258297616751673E+01
3.316658329164562E+02	4.278957630603213E+01
3.321660830415187E+02	4.299659001727957E+01
3.326663331665812E+02	4.320401686718651E+01
3.331665832916437E+02	4.341185642103670E+01
3.336668334167062E+02	4.362010824347794E+01
3.341670835417687E+02	4.382877189852962E+01
3.346673336668312E+02	4.403784694958961E+01
3.351675837918937E+02	4.424733295944247E+01
3.356678339169562E+02	4.445722949026657E+01
3.361680840420187E+02	4.466753610364140E+01
3.366683341670812E+02	4.487825236055500E+01
3.371685842921437E+02	4.508937782141118E+01
3.376688344172063E+02	4.530091204603713E+01
3.381690845422688E+02	4.551285459369007E+01
3.386693346673313E+02	4.572520502306497E+01
3.391695847923938E+02	4.593796289230158E+01
3.396698349174563E+02	4.615112775899132E+01
3.401700850425188E+02	4.636469918018463E+01
3.406703351675813E+02	4.657867671239802E+01
3.411705852926438E+02	4.679305991162090E+01
3.416708354177063E+02	4.700784833332273E+01
3.421710855427688E+02	4.722304153245994E+01
3.426713356678313E+02	4.743863906348287E+01
3.431715857928938E+02	4.765464048034238E+01
3.436718359179563E+02	4.787104533649716E+01
3.441720860430189E+02	4.808785318492028E+01
3.446723361680814E+02	4.830506357810583E+01
3.451725862931439E+02	4.852267606807584E+01
3.456728364182064E+02	4.874069020638711E+01
3.461730865432689E+02	4.895910554413746E+01
3.466733366683314E+02	4.917792163197248E+01
3.471735867933939E+02	4.939713802009322E+01
3.476738369184564E+02	4.961675425826058E+01
3.481740870435189E+02	4.983676989580357E+01
3.486743371685814E+02	5.005718448162548E+01
3.491745872936439E+02	5.027799756420995E+01
3.496748374187064E+02	5.049920869162759E+01
3.501750875437689E+02	5.072081741154255E+01
3.506753376688314E+02	5.094282327121840E+01
3.511755877938940E+02	5.116522581752520E+01
3.516758379189565E+02	5.138802459694517E+01
3.521760880440190E+02	5.161121915557908E+01
3.526763381690815E+02	5.183480903915250E+01
3.531765882941440E+02	5.205879379302240E+01
3.536768384192065E+02	5.228317296218279E+01
3.541770885442690E+02	5.250794609127075E+01
3.546773386693315E+02	5.273311272457312E+01
3.551775887943940E+02	5.295867240603206E+01
3.556778389194565E+02	5.318462467925127E+01
3.561780890445190E+02	5.341096908750239E+01
3.566783391695815E+02	5.363770517372973E+01
3.571785892946440E+02	5.386483248055771E+01
3.576788394197065E+02	5.409235055029603E+01
3.581790895447691E+02	5.432025892494499E+01
3.586793396698316E+02	5.454855714620288E+01
3.591795897948941E+02	5.477724475546972E+01
3.596798399199566E+02	5.500632129385531E+01
3.601800900450191E+02	5.523578630218299E+01
3.606803401700816E+02	5.546563932099622E+01
3.611805902951441E+02	5.569587989056475E+01
3.616808404202066E+02	5.592650755088943E+01
3.621810905452691E+02	5.615752184170776E+01
3.626813406703316E+02	5.638892230250053E+01
3.631815907953941E+02	5.662070847249623E+01
3.636818409204566E+02	5.685287989067706E+01
3.641820910455191E+02	5.708543609578487E+01
3.646823411705817E+02	5.731837662632546E+01
3.651825912956442E+02	5.755170102057548E+01
3.656828414207067E+02	5.778540881658631E+01
3.661830915457692E+02	5.801949955219084E+01
3.666833416708317E+02	5.825397276500797E+01
3.671835917958942E+02	5.848882799244780E+01
3.676838419209567E+02	5.872406477171779E+01
3.681840920460192E+02	5.895968263982712E+01
3.686843421710817E+02	5.919568113359207E+01
3.691845922961442E+02	5.943205978964227E+01
3.696848424212067E+02	5.966881814442399E+01
3.701850925462692E+02	5.990595573420671E+01
3.706853426713317E+02	6.014347209508833E+01
3.711855927963942E+02	6.038136676299877E+01
3.716858429214568E+02	6.061963927370670E+01
3.721860930465193E+02	6.085828916282350E+01
3.726863431715818E+02	6.109731596580878E+01
3.731865932966443E+02	6.133671921797514E+01
3.736868434217068E+02	6.157649845449322E+01
3.741870935467693E+02	6.181665321039628E+01
3.746873436718318E+02	6.205718302058540E+01
3.751875937968943E+02	6.229808741983436E+01
3.756878439219568E+02	6.253936594279440E+01
3.761880940470193E+02	6.278101812399882E+01
3.766883441720818E+02	6.302304349786795E+01
3.771885942971443E+02	6.326544159871395E+01
3.776888444222068E+02	6.350821196074509E+01
3.781890945472693E+02	6.375135411807133E+01
3.786893446723319E+02	6.399486760470774E+01
3.791895947973944E+02	6.423875195458044E+01
3.796898449224569E+02	6.448300670153003E+01
3.801900950475194E+02	6.472763137931707E+01
3.806903451725819E+02	6.497262552162613E+01
3.811905952976444E+02	6.521798866207041E+01
3.816908454227069E+02	6.546372033419624E+01
3.821910955477694E+02	6.570982007148785E+01
3.826913456728319E+02	6.595628740737112E+01
3.831915957978944E+02	6.620312187521870E+01
3.836918459229569E+02	6.645032300835408E+01
3.841920960480194E+02	6.669789034005606E+01
3.846923461730819E+02	6.694582340356288E+01
3.851925962981445E+02	6.719412173207661E+01
3.856928464232070E+02	6.744278485876788E+01
3.861930965482695E+02	6.769181231677959E+01
3.866933466733320E+02	6.794120363923082E+01
3.871935967983945E+02	6.819095835922258E+01
3.876938469234570E+02	6.844107600983995E+01
3.881940970485195E+02	6.869155612415750E+01
3.886943471735820E+02	6.894239823524390E+01
3.891945972986445E+02	6.919360187616439E+01
3.896948474237070E+02	6.944516657998616E+01
3.901950975487695E+02	6.969709187978185E+01
3.906953476738320E+02	6.994937730863404E+01
3.911955977988945E+02	7.020202239963879E+01
3.916958479239570E+02	7.045502668590984E+01
3.921960980490196E+02	7.070838970058259E+01
3.926963481740821E+02	7.096211097681783E+01
3.931965982991446E+02	7.121619004780598E+01
3.936968484242071E+02	7.147062644677061E+01
3.941970985492696E+02	7.172541970697279E+01
3.946973486743321E+02	7.198056936171474E+01
3.951975987993946E+02	7.223607494434270E+01
3.956978489244571E+02	7.249193598825269E+01
3.961980990495196E+02	7.274815202689246E+01
3.966983491745821E+02	7.300472259376591E+01
3.971985992996446E+02	7.326164722243743E+01
3.976988494247071E+02	7.351892544653447E+01
3.981990995497696E+02	7.377655679975175E+01
3.986993496748321E+02	7.403454081585500E+01
3.991995997998947E+02	7.429287702868487E+01
3.996998499249572E+02	7.455156497215961E+01
4.002001000500197E+02	7.481060418027954E+01
4.007003501750822E+02	7.506999418713002E+01
4.012006003001447E+02	7.532973452688560E+01
4.017008504252072E+02	7.558982473381269E+01
4.022011005502697E+02	7.585026434227416E+01
4.027013506753322E+02	7.611105288673178E+01
4.032016008003947E+02	7.637218990175000E+01
4.037018509254572E+02	7.663367492199956E+01
4.042021010505197E+02	7.689550748226128E+01
4.047023511755822E+02	7.715768711742800E+01
4.052026013006447E+02	7.742021336250980E+01
4.057028514257073E+02	7.768308575263586E+01
4.062031015507698E+02	7.794630382305866E+01
4.067033516758323E+02	7.820986710915639E+01
4.072036018008948E+02	7.847377514643779E+01
4.077038519259573E+02	7.873802747054339E+01
4.082041020510198E+02	7.900262361725038E+01
4.087043521760823E+02	7.926756312247517E+01
4.092046023011448E+02	7.953284552227615E+01
4.097048524262073E+02	7.979847035285763E+01
4.102051025512698E+02	8.006443715057293E+01
4.107053526763323E+02	8.033074545192653E+01
4.112056028013948E+02	8.059739479357870E+01
4.117058529264573E+02	8.086438471234709E+01
4.122061030515198E+02	8.113171474521090E+01
4.127063531765824E+02	8.139938442931310E+01
4.132066033016449E+02	8.166739330196435E+01
4.137068534267074E+02	8.193574090064510E+01
4.142071035517699E+02	8.220442676300911E+01
4.147073536768324E+02	8.247345042688636E+01
4.152076038018949E+02	8.274281143028566E+01
4.157078539269574E+02	8.301250931139811E+01
4.162081040520199E+02	8.328254360859950E+01
4.167083541770824E+02	8.355291386045349E+01
4.172086043021449E+02	8.382361960571438E+01
4.177088544272074E+02	8.409466038332982E+01
4.182091045522699E+02	8.436603573244406E+01
4.187093546773324E+02	8.463774519240025E+01
4.192096048023949E+02	8.490978830274344E+01
4.197098549274575E+02	8.518216460322333E+01
4.202101050525200E+02	8.545487363379721E+01
4.207103551775825E+02	8.572791493463222E+01
4.212106053026450E+02	8.600128804610870E+01
4.217108554277075E+02	8.627499250882238E+01
4.222111055527700E+02	8.654902786358713E+01
4.227113556778325E+02	8.682339365143747E+01
4.232116058028950E+02	8.709808941363195E+01
4.237118559279575E+02	8.737311469165491E+01
4.242121060530200E+02	8.764846902721928E+01
4.247123561780825E+02	8.792415196226978E+01
4.252126063031450E+02	8.820016303898421E+01
4.257128564282075E+02	8.847650179977751E+01
4.262131065532701E+02	8.875316778730274E+01
4.267133566783326E+02	8.903016054445561E+01
4.272136068033951E+02	8.930747961437419E+01
4.277138569284576E+02	8.958512454044416E+01
4.282141070535201E+02	8.986309486629943E+01
4.287143571785826E+02	9.014139013582530E+01
4.292146073036451E+02	9.042000989316085E+01
4.297148574287076E+02	9.069895368270136E+01
4.302151075537701E+02	9.097822104910000E+01
4.307153576788326E+02	9.125781153727132E+01
4.312156078038951E+02	9.153772469239311E+01
4.317158579289576E+02	9.181796005990799E+01
4.322161080540201E+02	9.209851718552738E+01
4.327163581790826E+02	9.237939561523177E+01
4.332166083041452E+02	9.266059489527504E+01
4.337168584292077E+02	9.294211457218489E+01
4.342171085542702E+02	9.322395419276666E+01
4.347173586793327E+02	9.350611330410430E+01
4.352176088043952E+02	9.378859145356307E+01
4.357178589294577E+02	9.407138818879247E+01
4.362181090545202E+02	9.435450305772690E+01
4.367183591795827E+02	9.463793560858903E+01
4.372186093046452E+02	9.492168538989142E+01
4.377188594297077E+02	9.520575195043938E+01
4.382191095547702E+02	9.549013483933163E+01
4.387193596798327E+02	9.577483360596398E+01
4.392196098048952E+02	9.605984780002996E+01
4.397198599299577E+02	9.634517697152432E+01
4.402201100550203E+02	9.663082067074436E+01
4.407203601800828E+02	9.691677844829150E+01
4.412206103051453E+02	9.720304985507431E+01
4.417208604302078E+02	9.748963444230952E+01
4.422211105552703E+02	9.777653176152512E+01
4.427213606803328E+02	9.806374136456094E+01
4.432216108053953E+02	9.835126280357201E+01
4.437218609304578E+02	9.863909563102948E+01
4.442221110555203E+02	9.892723939972336E+01
4.447223611805828E+02	9.921569366276327E+01
4.452226113056453E+02	9.950445797358191E+01
4.457228614307078E+02	9.979353188593581E+01
4.462231115557703E+02	1.000829149539069E+02
4.467233616808329E+02	1.003726067319058E+02
4.472236118058954E+02	1.006626067746723E+02
4.477238619309579E+02	1.009529146372782E+02
4.482241120560204E+02	1.012435298751279E+02
4.487243621810829E+02	1.015344520439614E+02
4.492246123061454E+02	1.018256806998556E+02
4.497248624312079E+02	1.021172153992256E+02
4.502251125562704E+02	1.024090556988275E+02
4.507253626813329E+02	1.027012011557593E+02
4.512256128063954E+02	1.029936513274625E+02
4.517258629314579E+02	1.032864057717248E+02
4.522261130565204E+02	1.035794640466807E+02
4.527263631815829E+02	1.038728257108136E+02
4.532266133066454E+02	1.041664903229582E+02
4.537268634317080E+02	1.044604574423004E+02
4.542271135567705E+02	1.047547266283810E+02
4.547273636818330E+02	1.050492974410955E+02
4.552276138068955E+02	1.053441694406973E+02
4.557278639319580E+02	1.056393421877976E+02
4.562281140570205E+02	1.059348152433690E+02
4.567283641820830E+02	1.062305881687454E+02
4.572286143071455E+02	1.065266605256238E+02
4.577288644322080E+02	1.068230318760669E+02
4.582291145572705E+02	1.071197017825036E+02
4.587293646823330E+02	1.074166698077306E+02
4.592296148073955E+02	1.077139355149146E+02
4.597298649324580E+02	1.080114984675929E+02
4.602301150575205E+02	1.083093582296758E+02
4.607303651825831E+02	1.086075143654471E+02
4.612306153076456E+02	1.089059664395663E+02
4.617308654327081E+02	1.092047140170694E+02
4.622311155577706E+02	1.095037566633717E+02
4.627313656828331E+02	1.098030939442667E+02
4.632316158078956E+02	1.101027254259304E+02
4.637318659329581E+02	1.104026506749203E+02
4.642321160580206E+02	1.107028692581786E+02
4.647323661830831E+02	1.110033807430321E+02
4.652326163081456E+02	1.113041846971945E+02
4.657328664332081E+02	1.116052806887674E+02
4.662331165582706E+02	1.119066682862415E+02
4.667333666833331E+02	1.122083470584986E+02
4.672336168083957E+02	1.125103165748118E+02
4.677338669334582E+02	1.128125764048474E+02
4.682341170585207E+02	1.131151261186668E+02
4.687343671835832E+02	1.134179652867263E+02
4.692346173086457E+02	1.137210934798798E+02
4.697348674337082E+02	1.140245102693793E+02
4.702351175587707E+02	1.143282152268759E+02
4.707353676838332E+02	1.146322079244216E+02
4.712356178088957E+02	1.149364879344706E+02
4.717358679339582E+02	1.152410548298799E+02
4.722361180590207E+02	1.155459081839108E+02
4.727363681840832E+02	1.158510475702299E+02
4.732366183091457E+02	1.161564725629105E+02
4.737368684342082E+02	1.164621827364341E+02
4.742371185592708E+02	1.167681776656905E+02
4.747373686843333E+02	1.170744569259800E+02
4.752376188093958E+02	1.173810200930137E+02
4.757378689344583E+02	1.176878667429152E+02
4.762381190595208E+02	1.179949964522214E+02
4.767383691845833E+02	1.183024087978837E+02
4.772386193096458E+02	1.186101033572690E+02
4.777388694347083E+02	1.189180797081606E+02
4.782391195597708E+02	1.192263374287598E+02
4.787393696848333E+02	1.195348760976865E+02
4.792396198098958E+02	1.198436952939800E+02
4.797398699349583E+02	1.201527945971009E+02
4.802401200600208E+02	1.204621735869311E+02
4.807403701850833E+02	1.207718318437755E+02
4.812406203101459E+02	1.210817689483624E+02
4.817408704352084E+02	1.213919844818454E+02
4.822411205602709E+02	1.217024780258035E+02
4.827413706853334E+02	1.220132491622425E+02
4.832416208103959E+02	1.223242974735953E+02
4.837418709354584E+02	1.226356225427239E+02
4.842421210605209E+02	1.229472239529200E+02
4.847423711855834E+02	1.232591012879047E+02
4.852426213106459E+02	1.235712541318316E+02
4.857428714357084E+02	1.238836820692857E+02
4.862431215607709E+02	1.241963846852852E+02
4.867433716858334E+02	1.245093615652830E+02
4.872436218108959E+02	1.248226122951658E+02
4.877438719359585E+02	1.251361364612567E+02
4.882441220610210E+02	1.254499336503150E+02
4.887443721860835E+02	1.257640034495378E+02
4.892446223111460E+02	1.260783454465601E+02
4.897448724362085E+02	1.263929592294562E+02
4.902451225612710E+02	1.267078443867402E+02
4.907453726863335E+02	1.270230005073669E+02
4.912456228113960E+02	1.273384271807323E+02
4.917458729364585E+02	1.276541239966749E+02
4.922461230615210E+02	1.279700905454762E+02
4.927463731865835E+02	1.282863264178620E+02
4.932466233116460E+02	1.286028312050015E+02
4.937468734367085E+02	1.289196044985104E+02
4.942471235617710E+02	1.292366458904496E+02
4.947473736868336E+02	1.295539549733272E+02
4.952476238118961E+02	1.298715313400991E+02
4.957478739369586E+02	1.301893745841684E+02
4.962481240620211E+02	1.305074842993882E+02
4.967483741870836E+02	1.308258600800608E+02
4.972486243121461E+02	1.311445015209385E+02
4.977488744372086E+02	1.314634082172250E+02
4.982491245622711E+02	1.317825797645754E+02
4.987493746873336E+02	1.321020157590976E+02
4.992496248123961E+02	1.324217157973516E+02
4.997498749374586E+02	1.327416794763514E+02
5.002501250625211E+02	1.330619063935658E+02
5.007503751875836E+02	1.333823961469176E+02
5.012506253126462E+02	1.337031483347856E+02
5.017508754377087E+02	1.340241625560046E+02
5.022511255627712E+02	1.343454384098661E+02
5.027513756878337E+02	1.346669754961187E+02
5.032516258128962E+02	1.349887734149692E+02
5.037518759379587E+02	1.353108317670822E+02
5.042521260630212E+02	1.356331501535826E+02
5.047523761880837E+02	1.359557281760537E+02
5.052526263131462E+02	1.362785654365393E+02
5.057528764382087E+02	1.366016615375440E+02
5.062531265632712E+02	1.369250160820336E+02
5.067533766883337E+02	1.372486286734354E+02
5.072536268133962E+02	1.375724989156394E+02
5.077538769384587E+02	1.378966264129981E+02
5.082541270635213E+02	1.382210107703275E+02
5.087543771885838E+02	1.385456515929069E+02
5.092546273136463E+02	1.388705484864808E+02
5.097548774387088E+02	1.391957010572575E+02
5.102551275637713E+02	1.395211089119112E+02
5.107553776888338E+02	1.398467716575817E+02
5.112556278138963E+02	1.401726889018743E+02
5.117558779389588E+02	1.404988602528624E+02
5.122561280640214E+02	1.408252853190848E+02
5.127563781890839E+02	1.411519637095490E+02
5.132566283141464E+02	1.414788950337301E+02
5.137568784392089E+02	1.418060789015715E+02
5.142571285642714E+02	1.421335149234852E+02
5.147573786893339E+02	1.424612027103529E+02
5.152576288143964E+02	1.427891418735259E+02
5.157578789394589E+02	1.431173320248245E+02
5.162581290645214E+02	1.434457727765408E+02
5.167583791895839E+02	1.437744637414371E+02
5.172586293146464E+02	1.441034045327466E+02
5.177588794397089E+02	1.444325947641739E+02
5.182591295647715E+02	1.447620340498963E+02
5.187593796898340E+02	1.450917220045625E+02
5.192596298148965E+02	1.454216582432945E+02
5.197598799399590E+02	1.457518423816864E+02
5.202601300650215E+02	1.460822740358064E+02
5.207603801900840E+02	1.464129528221958E+02
5.212606303151465E+02	1.467438783578699E+02
5.217608804402090E+02	1.470750502603183E+02
5.222611305652715E+02	1.474064681475051E+02
5.227613806903340E+02	1.477381316378694E+02
5.232616308153965E+02	1.480700403503251E+02
5.237618809404590E+02	1.484021939042619E+02
5.242621310655215E+02	1.487345919195449E+02
5.247623811905841E+02	1.490672340165153E+02
5.252626313156466E+02	1.494001198159905E+02
5.257628814407091E+02	1.497332489392646E+02
5.262631315657716E+02	1.500666210081085E+02
5.267633816908341E+02	1.504002356447699E+02
5.272636318158966E+02	1.507340924719736E+02
5.277638819409591E+02	1.510681911129228E+02
5.282641320660216E+02	1.514025311912973E+02
5.287643821910841E+02	1.517371123312556E+02
5.292646323161466E+02	1.520719341574343E+02
5.297648824412091E+02	1.524069962949481E+02
5.302651325662716E+02	1.527422983693909E+02
5.307653826913341E+02	1.530778400068347E+02
5.312656328163966E+02	1.534136208338313E+02
5.317658829414592E+02	1.537496404774108E+02
5.322661330665217E+02	1.540858985650838E+02
5.327663831915842E+02	1.544223947248391E+02
5.332666333166467E+02	1.547591285851472E+02
5.337668834417092E+02	1.550960997749563E+02
5.342671335667717E+02	1.554333079236962E+02
5.347673836918342E+02	1.557707526612769E+02
5.352676338168967E+02	1.561084336180875E+02
5.357678839419592E+02	1.564463504249994E+02
5.362681340670217E+02	1.567845027133633E+02
5.367683841920842E+02	1.571228901150117E+02
5.372686343171467E+02	1.574615122622570E+02
5.377688844422092E+02	1.578003687878943E+02
5.382691345672717E+02	1.581394593251980E+02
5.387693846923343E+02	1.584787835079248E+02
5.392696348173968E+02	1.588183409703129E+02
5.397698849424593E+02	1.591581313470820E+02
5.402701350675218E+02	1.594981542734329E+02
5.407703851925843E+02	1.598384093850486E+02
5.412706353176468E+02	1.601788963180942E+02
5.417708854427093E+02	1.605196147092157E+02
5.422711355677718E+02	1.608605641955419E+02
5.427713856928343E+02	1.612017444146830E+02
5.432716358178968E+02	1.615431550047323E+02
5.437718859429593E+02	1.618847956042640E+02
5.442721360680218E+02	1.622266658523355E+02
5.447723861930843E+02	1.625687653884860E+02
5.452726363181469E+02	1.629110938527375E+02
5.457728864432094E+02	1.632536508855935E+02
5.462731365682719E+02	1.635964361280406E+02
5.467733866933344E+02	1.639394492215478E+02
5.472736368183969E+02	1.642826898080662E+02
5.477738869434594E+02	1.646261575300298E+02
5.482741370685219E+02	1.649698520303548E+02
5.487743871935844E+02	1.653137729524406E+02
5.492746373186469E+02	1.656579199401679E+02
5.497748874437094E+02	1.660022926379006E+02
5.502751375687719E+02	1.663468906904856E+02
5.507753876938344E+02	1.666917137432516E+02
5.512756378188969E+02	1.670367614420103E+02
5.517758879439594E+02	1.673820334330558E+02
5.522761380690220E+02	1.677275293631644E+02
5.527763881940845E+02	1.680732488795948E+02
5.532766383191470E+02	1.684191916300895E+02
5.537768884442095E+02	1.687653572628713E+02
5.542771385692720E+02	1.691117454266469E+02
5.547773886943345E+02	1.694583557706050E+02
5.552776388193970E+02	1.698051879444163E+02
5.557778889444595E+02	1.701522415982342E+02
5.562781390695220E+02	1.704995163826933E+02
5.567783891945845E+02	1.708470119489119E+02
5.572786393196470E+02	1.711947279484894E+02
5.577788894447095E+02	1.715426640335069E+02
5.582791395697720E+02	1.718908198565283E+02
5.587793896948345E+02	1.722391950705987E+02
5.592796398198971E+02	1.725877893292459E+02
5.597798899449596E+02	1.729366022864780E+02
5.602801400700221E+02	1.732856335967861E+02
5.607803901950846E+02	1.736348829151418E+02
5.612806403201471E+02	1.739843498969988E+02
5.617808904452096E+02	1.743340341982920E+02
5.622811405702721E+02	1.746839354754372E+02
5.627813906953346E+02	1.750340533853321E+02
5.632816408203971E+02	1.753843875853549E+02
5.637818909454596E+02	1.757349377333642E+02
5.642821410705221E+02	1.760857034877005E+02
5.647823911955846E+02	1.764366845071847E+02
5.652826413206471E+02	1.767878804511171E+02
5.657828914457097E+02	1.771392909792801E+02
5.662831415707722E+02	1.774909157519353E+02
5.667833916958347E+02	1.778427544298251E+02
5.672836418208972E+02	1.781948066741718E+02
5.677838919459597E+02	1.785470721466767E+02
5.682841420710222E+02	1.788995505095219E+02
5.687843921960847E+02	1.792522414253689E+02
5.692846423211472E+02	1.796051445573582E+02
5.697848924462097E+02	1.799582595691101E+02
5.702851425712722E+02	1.803115861247234E+02
5.707853926963347E+02	1.806651238887763E+02
5.712856428213972E+02	1.810188725263259E+02
5.717858929464597E+02	1.813728317029077E+02
5.722861430715222E+02	1.817270010845352E+02
5.727863931965848E+02	1.820813803377010E+02
5.732866433216473E+02	1.824359691293750E+02
5.737868934467098E+02	1.827907671270057E+02
5.742871435717723E+02	1.831457739985189E+02
5.747873936968348E+02	1.835009894123181E+02
5.752876438218973E+02	1.838564130372835E+02
5.757878939469598E+02	1.842120445427734E+02
5.762881440720223E+02	1.845678835986222E+02
5.767883941970848E+02	1.849239298751417E+02
5.772886443221473E+02	1.852801830431195E+02
5.777888944472098E+02	1.856366427738204E+02
5.782891445722723E+02	1.859933087389842E+02
5.787893946973348E+02	1.863501806108275E+02
5.792896448223973E+02	1.867072580620420E+02
5.797898949474599E+02	1.870645407657953E+02
5.802901450725224E+02	1.874220283957295E+02
5.807903951975849E+02	1.877797206259627E+02
5.812906453226474E+02	1.881376171310865E+02
5.817908954477099E+02	1.884957175861680E+02
5.822911455727724E+02	1.888540216667482E+02
5.827913956978349E+02	1.892125290488422E+02
5.832916458228974E+02	1.895712394089389E+02
5.837918959479599E+02	1.899301524240005E+02
5.842921460730224E+02	1.902892677714624E+02
5.847923961980849E+02	1.906485851292343E+02
5.852926463231474E+02	1.910081041756968E+02
5.857928964482099E+02	1.913678245897043E+02
5.862931465732725E+02	1.917277460505826E+02
5.867933966983350E+02	1.920878682381309E+02
5.872936468233975E+02	1.924481908326188E+02
5.877938969484600E+02	1.928087135147877E+02
5.882941470735225E+02	1.931694359658504E+02
5.887943971985850E+02	1.935303578674909E+02
5.892946473236475E+02	1.938914789018628E+02
5.897948974487100E+02	1.942527987515913E+02
5.902951475737725E+02	1.946143170997710E+02
5.907953976988350E+02	1.949760336299663E+02
5.912956478238975E+02	1.953379480262116E+02
5.917958979489600E+02	1.957000599730098E+02
5.922961480740225E+02	1.960623691553336E+02
5.927963981990850E+02	1.964248752586234E+02
5.932966483241476E+02	1.967875779687888E+02
5.937968984492101E+02	1.971504769722067E+02
5.942971485742726E+02	1.975135719557222E+02
5.947973986993351E+02	1.978768626066480E+02
5.952976488243976E+02	1.982403486127633E+02
5.957978989494601E+02	1.986040296623148E+02
5.962981490745226E+02	1.989679054440152E+02
5.967983991995851E+02	1.993319756470434E+02
5.972986493246476E+02	1.996962399610447E+02
5.977988994497101E+02	2.000606980761295E+02
5.982991495747726E+02	2.004253496828736E+02
5.987993996998351E+02	2.007901944723174E+02
5.992996498248976E+02	2.011552321359667E+02
5.997998999499601E+02	2.015204623657904E+02
6.003001500750227E+02	2.018858848542222E+02
6.008004002000852E+02	2.022514992941593E+02
6.013006503251477E+02	2.026173053789620E+02
6.018009004502102E+02	2.029833028024534E+02
6.023011505752727E+02	2.033494912589193E+02
6.028014007003352E+02	2.037158704431076E+02
6.033016508253977E+02	2.040824400502288E+02
6.038019009504602E+02	2.044491997759542E+02
6.043021510755227E+02	2.048161493164165E+02
6.048024012005852E+02	2.051832883682093E+02
6.053026513256477E+02	2.055506166283868E+02
6.058029014507102E+02	2.059181337944633E+02
6.063031515757727E+02	2.062858395644126E+02
6.068034017008353E+02	2.066537336366687E+02
6.073036518258978E+02	2.070218157101239E+02
6.078039019509603E+02	2.073900854841295E+02
6.083041520760228E+02	2.077585426584953E+02
6.088044022010853E+02	2.081271869334890E+02
6.093046523261478E+02	2.084960180098363E+02
6.098049024512103E+02	2.088650355887191E+02
6.103051525762728E+02	2.092342393717772E+02
6.108054027013353E+02	2.096036290611065E+02
6.113056528263978E+02	2.099732043592592E+02
6.118059029514603E+02	2.103429649692432E+02
6.123061530765228E+02	2.107129105945216E+02
6.128064032015853E+02	2.110830409390130E+02
6.133066533266478E+02	2.114533557070899E+02
6.138069034517104E+02	2.118238546035795E+02
6.143071535767729E+02	2.121945373337635E+02
6.148074037018354E+02	2.125654036033752E+02
6.153076538268979E+02	2.129364531186029E+02
6.158079039519604E+02	2.133076855860864E+02
6.163081540770229E+02	2.136791007129185E+02
6.168084042020854E+02	2.140506982066435E+02
6.173086543271479E+02	2.144224777752573E+02
6.178089044522104E+02	2.147944391272067E+02
6.183091545772729E+02	2.151665819713897E+02
6.188094047023354E+02	2.155389060171543E+02
6.193096548273979E+02	2.159114109742983E+02
6.198099049524604E+02	2.162840965530691E+02
6.203101550775229E+02	2.166569624641634E+02
6.208104052025855E+02	2.170300084187260E+02
6.213106553276480E+02	2.174032341283511E+02
6.218109054527105E+02	2.177766393050788E+02
6.223111555777730E+02	2.181502236613990E+02
6.228114057028355E+02	2.185239869102478E+02
6.233116558278980E+02	2.188979287650066E+02
6.238119059529605E+02	2.192720489395047E+02
6.243121560780230E+02	2.196463471480164E+02
6.248124062030855E+02	2.200208231052615E+02
6.253126563281480E+02	2.203954765264052E+02
6.258129064532105E+02	2.207703071270561E+02
6.263131565782730E+02	2.211453146232682E+02
6.268134067033355E+02	2.215204987315383E+02
6.273136568283981E+02	2.218958591688070E+02
6.278139069534606E+02	2.222713956524577E+02
6.283141570785231E+02	2.226471079003157E+02
6.288144072035856E+02	2.230229956306483E+02
6.293146573286481E+02	2.233990585621651E+02
6.298149074537106E+02	2.237752964140162E+02
6.303151575787731E+02	2.241517089057925E+02
6.308154077038356E+02	2.245282957575251E+02
6.313156578288981E+02	2.249050566896851E+02
6.318159079539606E+02	2.252819914231823E+02
6.323161580790231E+02	2.256590996793661E+02
6.328164082040856E+02	2.260363811800247E+02
6.333166583291481E+02	2.264138356473833E+02
6.338169084542106E+02	2.267914628041054E+02
6.343171585792732E+02	2.271692623732910E+02
6.348174087043357E+02	2.275472340784784E+02
6.353176588293982E+02	2.279253776436401E+02
6.358179089544607E+02	2.283036927931855E+02
6.363181590795232E+02	2.286821792519595E+02
6.368184092045857E+02	2.290608367452413E+02
6.373186593296482E+02	2.294396649987456E+02
6.378189094547107E+02	2.298186637386191E+02
6.383191595797732E+02	2.301978326914447E+02
6.388194097048357E+02	2.305771715842366E+02
6.393196598298982E+02	2.309566801444419E+02
6.398199099549607E+02	2.313363580999400E+02
6.403201600800232E+02	2.317162051790429E+02
6.408204102050858E+02	2.320962211104920E+02
6.413206603301483E+02	2.324764056234617E+02
6.418209104552108E+02	2.328567584475549E+02
6.423211605802733E+02	2.332372793128056E+02
6.428214107053358E+02	2.336179679496764E+02
6.433216608303983E+02	2.339988240890597E+02
6.438219109554608E+02	2.343798474622755E+02
6.443221610805233E+02	2.347610378010731E+02
6.448224112055858E+02	2.351423948376278E+02
6.453226613306483E+02	2.355239183045429E+02
6.458229114557108E+02	2.359056079348481E+02
6.463231615807733E+02	2.362874634619997E+02
6.468234117058358E+02	2.366694846198794E+02
6.473236618308983E+02	2.370516711427936E+02
6.478239119559609E+02	2.374340227654740E+02
6.483241620810234E+02	2.378165392230769E+02
6.488244122060859E+02	2.381992202511816E+02
6.493246623311484E+02	2.385820655857915E+02
6.498249124562109E+02	2.389650749633322E+02
6.503251625812734E+02	2.393482481206514E+02
6.508254127063359E+02	2.397315847950205E+02
6.513256628313984E+02	2.401150847241300E+02
6.518259129564609E+02	2.404987476460930E+02
6.523261630815234E+02	2.408825732994420E+02
6.528264132065859E+02	2.412665614231303E+02
6.533266633316484E+02	2.416507117565302E+02
6.538269134567109E+02	2.420350240394333E+02
6.543271635817734E+02	2.424194980120491E+02
6.548274137068360E+02	2.428041334150062E+02
6.553276638318985E+02	2.431889299893497E+02
6.558279139569610E+02	2.435738874765429E+02
6.563281640820235E+02	2.439590056184647E+02
6.568284142070860E+02	2.443442841574104E+02
6.573286643321485E+02	2.447297228360912E+02
6.578289144572110E+02	2.451153213976328E+02
6.583291645822735E+02	2.455010795855771E+02
6.588294147073360E+02	2.458869971438779E+02
6.593296648323985E+02	2.462730738169042E+02
6.598299149574610E+02	2.466593093494378E+02
6.603301650825235E+02	2.470457034866733E+02
6.608304152075860E+02	2.474322559742170E+02
6.613306653326486E+02	2.478189665580877E+02
6.618309154577111E+02	2.482058349847148E+02
6.623311655827736E+02	2.485928610009389E+02
6.628314157078361E+02	2.489800443540096E+02
6.633316658328986E+02	2.493673847915881E+02
6.638319159579611E+02	2.497548820617433E+02
6.643321660830236E+02	2.501425359129535E+02
6.648324162080861E+02	2.505303460941057E+02
6.653326663331486E+02	2.509183123544934E+02
6.658329164582111E+02	2.513064344438182E+02
6.663331665832736E+02	2.516947121121880E+02
6.668334167083361E+02	2.520831451101176E+02
6.673336668333986E+02	2.524717331885274E+02
6.678339169584611E+02	2.528604760987421E+02
6.683341670835237E+02	2.532493735924925E+02
6.688344172085862E+02	2.536384254219126E+02
6.693346673336487E+02	2.540276313395405E+02
6.698349174587112E+02	2.544169910983180E+02
6.703351675837737E+02	2.548065044515891E+02
6.708354177088362E+02	2.551961711530999E+02
6.713356678338987E+02	2.555859909569988E+02
6.718359179589612E+02	2.559759636178350E+02
6.723361680840237E+02	2.563660888905589E+02
6.728364182090862E+02	2.567563665305199E+02
6.733366683341487E+02	2.571467962934694E+02
6.738369184592112E+02	2.575373779355556E+02
6.743371685842737E+02	2.579281112133261E+02
6.748374187093362E+02	2.583189958837285E+02
6.753376688343988E+02	2.587100317041053E+02
6.758379189594613E+02	2.591012184321986E+02
6.763381690845238E+02	2.594925558261453E+02
6.768384192095863E+02	2.598840436444797E+02
6.773386693346488E+02	2.602756816461312E+02
6.778389194597113E+02	2.606674695904248E+02
6.783391695847738E+02	2.610594072370795E+02
6.788394197098363E+02	2.614514943462094E+02
6.793396698348988E+02	2.618437306783214E+02
6.798399199599613E+02	2.622361159943152E+02
6.803401700850238E+02	2.626286500554846E+02
6.808404202100863E+02	2.630213326235141E+02
6.813406703351488E+02	2.634141634604804E+02
6.818409204602114E+02	2.638071423288514E+02
6.823411705852739E+02	2.642002689914853E+02
6.828414207103364E+02	2.645935432116305E+02
6.833416708353989E+02	2.649869647529245E+02
6.838419209604614E+02	2.653805333793946E+02
6.843421710855239E+02	2.657742488554559E+02
6.848424212105864E+02	2.661681109459125E+02
6.853426713356489E+02	2.665621194159549E+02
6.858429214607114E+02	2.669562740311609E+02
6.863431715857739E+02	2.673505745574956E+02
6.868434217108364E+02	2.677450207613086E+02
6.873436718358989E+02	2.681396124093365E+02
6.878439219609614E+02	2.685343492686995E+02
6.883441720860239E+02	2.689292311069033E+02
6.888444222110865E+02	2.693242576918365E+02
6.893446723361490E+02	2.697194287917725E+02
6.898449224612115E+02	2.701147441753656E+02
6.903451725862740E+02	2.705102036116547E+02
6.908454227113365E+02	2.709058068700584E+02
6.913456728363990E+02	2.713015537203785E+02
6.918459229614615E+02	2.716974439327961E+02
6.923461730865240E+02	2.720934772778737E+02
6.928464232115865E+02	2.724896535265533E+02
6.933466733366490E+02	2.728859724501556E+02
6.938469234617115E+02	2.732824338203809E+02
6.943471735867740E+02	2.736790374093075E+02
6.948474237118365E+02	2.740757829893907E+02
6.953476738368990E+02	2.744726703334646E+02
6.958479239619616E+02	2.748696992147379E+02
6.963481740870241E+02	2.752668694067972E+02
6.968484242120866E+02	2.756641806836041E+02
6.973486743371491E+02	2.760616328194951E+02
6.978489244622116E+02	2.764592255891823E+02
6.983491745872741E+02	2.768569587677507E+02
6.988494247123366E+02	2.772548321306597E+02
6.993496748373991E+02	2.776528454537415E+02
6.998499249624616E+02	2.780509985132006E+02
7.003501750875241E+02	2.784492910856146E+02
7.008504252125866E+02	2.788477229479312E+02
7.013506753376491E+02	2.792462938774698E+02
7.018509254627116E+02	2.796450036519209E+02
7.023511755877742E+02	2.800438520493436E+02
7.028514257128367E+02	2.804428388481685E+02
7.033516758378992E+02	2.808419638271928E+02
7.038519259629617E+02	2.812412267655833E+02
7.043521760880242E+02	2.816406274428748E+02
7.048524262130867E+02	2.820401656389695E+02
7.053526763381492E+02	2.824398411341364E+02
7.058529264632117E+02	2.828396537090104E+02
7.063531765882742E+02	2.832396031445932E+02
7.068534267133367E+02	2.836396892222505E+02
7.073536768383992E+02	2.840399117237141E+02
7.078539269634617E+02	2.844402704310797E+02
7.083541770885242E+02	2.848407651268062E+02
7.088544272135867E+02	2.852413955937166E+02
7.093546773386493E+02	2.856421616149958E+02
7.098549274637118E+02	2.860430629741919E+02
7.103551775887743E+02	2.864440994552140E+02
7.108554277138368E+02	2.868452708423321E+02
7.113556778388993E+02	2.872465769201781E+02
7.118559279639618E+02	2.876480174737436E+02
7.123561780890243E+02	2.880495922883782E+02
7.128564282140868E+02	2.884513011497932E+02
7.133566783391493E+02	2.888531438440569E+02
7.138569284642118E+02	2.892551201575961E+02
7.143571785892743E+02	2.896572298771949E+02
7.148574287143368E+02	2.900594727899949E+02
7.153576788393993E+02	2.904618486834946E+02
7.158579289644618E+02	2.908643573455477E+02
7.163581790895244E+02	2.912669985643636E+02
7.168584292145869E+02	2.916697721285074E+02
7.173586793396494E+02	2.920726778268969E+02
7.178589294647119E+02	2.924757154488060E+02
7.183591795897744E+02	2.928788847838611E+02
7.188594297148369E+02	2.932821856220413E+02
7.193596798398994E+02	2.936856177536790E+02
7.198599299649619E+02	2.940891809694573E+02
7.203601800900244E+02	2.944928750604114E+02
7.208604302150869E+02	2.948966998179276E+02
7.213606803401494E+02	2.953006550337417E+02
7.218609304652119E+02	2.957047404999403E+02
7.223611805902744E+02	2.961089560089589E+02
7.228614307153370E+02	2.965133013535815E+02
7.233616808403995E+02	2.969177763269418E+02
7.238619309654620E+02	2.973223807225186E+02
7.243621810905245E+02	2.977271143341411E+02
7.248624312155870E+02	2.981319769559830E+02
7.253626813406495E+02	2.985369683825656E+02
7.258629314657120E+02	2.989420884087546E+02
7.263631815907745E+02	2.993473368297620E+02
7.268634317158370E+02	2.997527134411447E+02
7.273636818408995E+02	3.001582180388035E+02
7.278639319659620E+02	3.005638504189814E+02
7.283641820910245E+02	3.009696103782670E+02
7.288644322160870E+02	3.013754977135906E+02
7.293646823411495E+02	3.017815122222235E+02
7.298649324662121E+02	3.021876537017806E+02
7.303651825912746E+02	3.025939219502168E+02
7.308654327163371E+02	3.030003167658277E+02
7.313656828413996E+02	3.034068379472486E+02
7.318659329664621E+02	3.038134852934558E+02
7.323661830915246E+02	3.042202586037632E+02
7.328664332165871E+02	3.046271576778241E+02
7.333666833416496E+02	3.050341823156292E+02
7.338669334667121E+02	3.054413323175082E+02
7.343671835917746E+02	3.058486074841257E+02
7.348674337168371E+02	3.062560076164854E+02
7.353676838418996E+02	3.066635325159246E+02
7.358679339669621E+02	3.070711819841168E+02
7.363681840920246E+02	3.074789558230721E+02
7.368684342170872E+02	3.078868538351326E+02
7.373686843421497E+02	3.082948758229769E+02
7.378689344672122E+02	3.087030215896154E+02
7.383691845922747E+02	3.091112909383911E+02
7.388694347173372E+02	3.095196836729812E+02
7.393696848423997E+02	3.099281995973943E+02
7.398699349674622E+02	3.103368385159691E+02
7.403701850925247E+02	3.107456002333767E+02
7.408704352175872E+02	3.111544845546191E+02
7.413706853426497E+02	3.115634912850261E+02
7.418709354677122E+02	3.119726202302598E+02
7.423711855927747E+02	3.123818711963082E+02
7.428714357178372E+02	3.127912439894898E+02
7.433716858428998E+02	3.132007384164500E+02
7.438719359679623E+02	3.136103542841632E+02
7.443721860930248E+02	3.140200913999290E+02
7.448724362180873E+02	3.144299495713733E+02
7.453726863431498E+02	3.148399286064499E+02
7.458729364682123E+02	3.152500283134356E+02
7.463731865932748E+02	3.156602485009334E+02
7.468734367183373E+02	3.160705889778715E+02
7.473736868433998E+02	3.164810495534999E+02
7.478739369684623E+02	3.168916300373937E+02
7.483741870935248E+02	3.173023302394499E+02
7.488744372185873E+02	3.177131499698892E+02
7.493746873436498E+02	3.181240890392522E+02
7.498749374687123E+02	3.185351472584031E+02
7.503751875937749E+02	3.189463244385250E+02
7.508754377188374E+02	3.193576203911232E+02
7.513756878438999E+02	3.197690349280215E+02
7.518759379689624E+02	3.201805678613635E+02
7.523761880940249E+02	3.205922190036119E+02
7.528764382190874E+02	3.210039881675489E+02
7.533766883441499E+02	3.214158751662714E+02
7.538769384692124E+02	3.218278798131971E+02
7.543771885942749E+02	3.222400019220590E+02
7.548774387193374E+02	3.226522413069068E+02
7.553776888443999E+02	3.230645977821060E+02
7.558779389694624E+02	3.234770711623377E+02
7.563781890945249E+02	3.238896612625981E+02
7.568784392195874E+02	3.243023678981968E+02
7.573786893446500E+02	3.247151908847588E+02
7.578789394697125E+02	3.251281300382220E+02
7.583791895947750E+02	3.255411851748369E+02
7.588794397198375E+02	3.259543561111662E+02
7.593796898449000E+02	3.263676426640856E+02
7.598799399699625E+02	3.267810446507813E+02
7.603801900950250E+02	3.271945618887517E+02
7.608804402200875E+02	3.276081941958041E+02
7.613806903451500E+02	3.280219413900571E+02
7.618809404702125E+02	3.284358032899373E+02
7.623811905952750E+02	3.288497797141827E+02
7.628814407203375E+02	3.292638704818369E+02
7.633816908454000E+02	3.296780754122545E+02
7.638819409704626E+02	3.300923943250955E+02
7.643821910955251E+02	3.305068270403275E+02
7.648824412205876E+02	3.309213733782239E+02
7.653826913456501E+02	3.313360331593673E+02
7.658829414707126E+02	3.317508062046416E+02
7.663831915957751E+02	3.321656923352395E+02
7.668834417208376E+02	3.325806913726553E+02
7.673836918459001E+02	3.329958031386902E+02
7.678839419709626E+02	3.334110274554456E+02
7.683841920960251E+02	3.338263641453300E+02
7.688844422210876E+02	3.342418130310515E+02
7.693846923461501E+02	3.346573739356223E+02
7.698849424712126E+02	3.350730466823553E+02
7.703851925962751E+02	3.354888310948647E+02
7.708854427213377E+02	3.359047269970662E+02
7.713856928464002E+02	3.363207342131739E+02
7.718859429714627E+02	3.367368525677043E+02
7.723861930965252E+02	3.371530818854704E+02
7.728864432215877E+02	3.375694219915865E+02
7.733866933466502E+02	3.379858727114639E+02
7.738869434717127E+02	3.384024338708116E+02
7.743871935967752E+02	3.388191052956366E+02
7.748874437218377E+02	3.392358868122423E+02
7.753876938469002E+02	3.396527782472284E+02
7.758879439719627E+02	3.400697794274923E+02
7.763881940970252E+02	3.404868901802225E+02
7.768884442220877E+02	3.409041103329078E+02
7.773886943471502E+02	3.413214397133279E+02
7.778889444722128E+02	3.417388781495584E+02
7.783891945972753E+02	3.421564254699672E+02
7.788894447223378E+02	3.425740815032146E+02
7.793896948474003E+02	3.429918460782557E+02
7.798899449724628E+02	3.434097190243369E+02
7.803901950975253E+02	3.438277001709949E+02
7.808904452225878E+02	3.442457893480591E+02
7.813906953476503E+02	3.446639863856481E+02
7.818909454727128E+02	3.450822911141734E+02
7.823911955977753E+02	3.455007033643330E+02
7.828914457228378E+02	3.459192229671159E+02
7.833916958479003E+02	3.463378497538002E+02
7.838919459729628E+02	3.467565835559503E+02
7.843921960980254E+02	3.471754242054213E+02
7.848924462230879E+02	3.475943715343530E+02
7.853926963481504E+02	3.480134253751745E+02
7.858929464732129E+02	3.484325855605998E+02
7.863931965982754E+02	3.488518519236283E+02
7.868934467233379E+02	3.492712242975467E+02
7.873936968484004E+02	3.496907025159259E+02
7.878939469734629E+02	3.501102864126206E+02
7.883941970985254E+02	3.505299758217713E+02
7.888944472235879E+02	3.509497705777994E+02
7.893946973486504E+02	3.513696705154133E+02
7.898949474737129E+02	3.517896754696005E+02
7.903951975987754E+02	3.522097852756328E+02
7.908954477238379E+02	3.526299997690629E+02
7.913956978489005E+02	3.530503187857244E+02
7.918959479739630E+02	3.534707421617335E+02
7.923961980990255E+02	3.538912697334847E+02
7.928964482240880E+02	3.543119013376541E+02
7.933966983491505E+02	3.547326368111960E+02
7.938969484742130E+02	3.551534759913441E+02
7.943971985992755E+02	3.555744187156111E+02
7.948974487243380E+02	3.559954648217868E+02
7.953976988494005E+02	3.564166141479396E+02
7.958979489744630E+02	3.568378665324144E+02
7.963981990995255E+02	3.572592218138333E+02
7.968984492245880E+02	3.576806798310935E+02
7.973986993496505E+02	3.581022404233693E+02
7.978989494747130E+02	3.585239034301099E+02
7.983991995997756E+02	3.589456686910388E+02
7.988994497248381E+02	3.593675360461545E+02
7.993996998499006E+02	3.597895053357286E+02
7.998999499749631E+02	3.602115764003075E+02
8.004002001000256E+02	3.606337490807099E+02
8.009004502250881E+02	3.610560232180270E+02
8.014007003501506E+02	3.614783986536223E+02
8.019009504752131E+02	3.619008752291309E+02
8.024012006002756E+02	3.623234527864586E+02
8.029014507253381E+02	3.627461311677827E+02
8.034017008504006E+02	3.631689102155509E+02
8.039019509754631E+02	3.635917897724794E+02
8.044022011005256E+02	3.640147696815561E+02
8.049024512255882E+02	3.644378497860358E+02
8.054027013506507E+02	3.648610299294424E+02
8.059029514757132E+02	3.652843099555679E+02
8.064032016007757E+02	3.657076897084730E+02
8.069034517258382E+02	3.661311690324837E+02
8.074037018509007E+02	3.665547477721938E+02
8.079039519759632E+02	3.669784257724630E+02
8.084042021010257E+02	3.674022028784165E+02
8.089044522260882E+02	3.678260789354459E+02
8.094047023511507E+02	3.682500537892075E+02
8.099049524762132E+02	3.686741272856202E+02
8.104052026012757E+02	3.690982992708699E+02
8.109054527263382E+02	3.695225695914037E+02
8.114057028514007E+02	3.699469380939336E+02
8.119059529764633E+02	3.703714046254329E+02
8.124062031015258E+02	3.707959690331371E+02
8.129064532265883E+02	3.712206311645455E+02
8.134067033516508E+02	3.716453908674159E+02
8.139069534767133E+02	3.720702479897698E+02
8.144072036017758E+02	3.724952023798868E+02
8.149074537268383E+02	3.729202538863084E+02
8.154077038519008E+02	3.733454023578351E+02
8.159079539769633E+02	3.737706476435261E+02
8.164082041020258E+02	3.741959895926993E+02
8.169084542270883E+02	3.746214280549321E+02
8.174087043521508E+02	3.750469628800586E+02
8.179089544772133E+02	3.754725939181702E+02
8.184092046022758E+02	3.758983210196163E+02
8.189094547273384E+02	3.763241440350029E+02
8.194097048524009E+02	3.767500628151903E+02
8.199099549774634E+02	3.771760772112966E+02
8.204102051025259E+02	3.776021870746936E+02
8.209104552275884E+02	3.780283922570092E+02
8.214107053526509E+02	3.784546926101248E+02
8.219109554777134E+02	3.788810879861760E+02
8.224112056027759E+02	3.793075782375518E+02
8.229114557278384E+02	3.797341632168950E+02
8.234117058529009E+02	3.801608427771004E+02
8.239119559779634E+02	3.805876167713151E+02
8.244122061030259E+02	3.810144850529375E+02
8.249124562280884E+02	3.814414474756178E+02
8.254127063531510E+02	3.818685038932588E+02
8.259129564782135E+02	3.822956541600105E+02
8.264132066032760E+02	3.827228981302754E+02
8.269134567283385E+02	3.831502356587060E+02
8.274137068534010E+02	3.835776666002010E+02
8.279139569784635E+02	3.840051908099116E+02
8.284142071035260E+02	3.844328081432359E+02
8.289144572285885E+02	3.848605184558189E+02
8.294147073536510E+02	3.852883216035541E+02
8.299149574787135E+02	3.857162174425823E+02
8.304152076037760E+02	3.861442058292914E+02
8.309154577288385E+02	3.865722866203142E+02
8.314157078539010E+02	3.870004596725303E+02
8.319159579789635E+02	3.874287248430644E+02
8.324162081040261E+02	3.878570819892869E+02
8.329164582290886E+02	3.882855309688114E+02
8.334167083541511E+02	3.887140716394970E+02
8.339169584792136E+02	3.891427038594462E+02
8.344172086042761E+02	3.895714274870040E+02
8.349174587293386E+02	3.900002423807592E+02
8.354177088544011E+02	3.904291483995436E+02
8.359179589794636E+02	3.908581454024294E+02
8.364182091045261E+02	3.912872332487327E+02
8.369184592295886E+02	3.917164117980073E+02
8.374187093546511E+02	3.921456809100528E+02
8.379189594797136E+02	3.925750404449045E+02
8.384192096047761E+02	3.930044902628416E+02
8.389194597298386E+02	3.934340302243793E+02
8.394197098549012E+02	3.938636601902743E+02
8.399199599799637E+02	3.942933800215218E+02
8.404202101050262E+02	3.947231895793549E+02
8.409204602300887E+02	3.951530887252449E+02
8.414207103551512E+02	3.955830773209002E+02
8.419209604802137E+02	3.960131552282667E+02
8.424212106052762E+02	3.964433223095282E+02
8.429214607303387E+02	3.968735784271018E+02
8.434217108554012E+02	3.973039234436428E+02
8.439219609804637E+02	3.977343572220418E+02
8.444222111055262E+02	3.981648796254249E+02
8.449224612305887E+02	3.985954905171513E+02
8.454227113556512E+02	3.990261897608148E+02
8.459229614807138E+02	3.994569772202454E+02
8.464232116057763E+02	3.998878527595024E+02
8.469234617308388E+02	4.003188162428820E+02
8.474237118559013E+02	4.007498675349123E+02
8.479239619809638E+02	4.011810065003519E+02
8.484242121060263E+02	4.016122330041920E+02
8.489244622310888E+02	4.020435469116564E+02
8.494247123561513E+02	4.024749480881987E+02
8.499249624812138E+02	4.029064363995034E+02
8.504252126062763E+02	4.033380117114866E+02
8.509254627313388E+02	4.037696738902913E+02
8.514257128564013E+02	4.042014228022928E+02
8.519259629814638E+02	4.046332583140941E+02
8.524262131065263E+02	4.050651802925277E+02
8.529264632315889E+02	4.054971886046530E+02
8.534267133566514E+02	4.059292831177585E+02
8.539269634817139E+02	4.063614636993594E+02
8.544272136067764E+02	4.067937302171984E+02
8.549274637318389E+02	4.072260825392455E+02
8.554277138569014E+02	4.076585205336951E+02
8.559279639819639E+02	4.080910440689692E+02
8.564282141070264E+02	4.085236530137147E+02
8.569284642320889E+02	4.089563472368040E+02
8.574287143571514E+02	4.093891266073338E+02
8.579289644822139E+02	4.098219909946246E+02
8.584292146072764E+02	4.102549402682213E+02
8.589294647323389E+02	4.106879742978933E+02
8.594297148574014E+02	4.111210929536322E+02
8.599299649824640E+02	4.115542961056518E+02
8.604302151075265E+02	4.119875836243888E+02
8.609304652325890E+02	4.124209553805030E+02
8.614307153576515E+02	4.128544112448746E+02
8.619309654827140E+02	4.132879510886042E+02
8.624312156077765E+02	4.137215747830149E+02
8.629314657328390E+02	4.141552821996495E+02
8.634317158579015E+02	4.145890732102712E+02
8.639319659829640E+02	4.150229476868628E+02
8.644322161080265E+02	4.154569055016256E+02
8.649324662330890E+02	4.158909465269802E+02
8.654327163581515E+02	4.163250706355662E+02
8.659329664832140E+02	4.167592777002412E+02
8.664332166082766E+02	4.171935675940797E+02
8.669334667333391E+02	4.176279401903753E+02
8.674337168584016E+02	4.180623953626368E+02
8.679339669834641E+02	4.184969329845898E+02
8.684342171085266E+02	4.189315529301784E+02
8.689344672335891E+02	4.193662550735590E+02
8.694347173586516E+02	4.198010392891064E+02
8.699349674837141E+02	4.202359054514092E+02
8.704352176087766E+02	4.206708534352711E+02
8.709354677338391E+02	4.211058831157088E+02
8.714357178589016E+02	4.215409943679552E+02
8.719359679839641E+02	4.219761870674557E+02
8.724362181090266E+02	4.224114610898684E+02
8.729364682340891E+02	4.228468163110654E+02
8.734367183591517E+02	4.232822526071297E+02
8.739369684842142E+02	4.237177698543584E+02
8.744372186092767E+02	4.241533679292585E+02
8.749374687343392E+02	4.245890467085486E+02
8.754377188594017E+02	4.250248060691607E+02
8.759379689844642E+02	4.254606458882334E+02
8.764382191095267E+02	4.258965660431187E+02
8.769384692345892E+02	4.263325664113771E+02
8.774387193596517E+02	4.267686468707786E+02
8.779389694847142E+02	4.272048072993038E+02
8.784392196097767E+02	4.276410475751387E+02
8.789394697348392E+02	4.280773675766821E+02
8.794397198599017E+02	4.285137671825373E+02
8.799399699849643E+02	4.289502462715167E+02
8.804402201100268E+02	4.293868047226399E+02
8.809404702350893E+02	4.298234424151332E+02
8.814407203601518E+02	4.302601592284303E+02
8.819409704852143E+02	4.306969550421698E+02
8.824412206102768E+02	4.311338297361970E+02
8.829414707353393E+02	4.315707831905614E+02
8.834417208604018E+02	4.320078152855197E+02
8.839419709854643E+02	4.324449259015323E+02
8.844422211105268E+02	4.328821149192643E+02
8.849424712355893E+02	4.333193822195833E+02
8.854427213606518E+02	4.337567276835624E+02
8.859429714857143E+02	4.341941511924777E+02
8.864432216107768E+02	4.346316526278067E+02
8.869434717358394E+02	4.350692318712315E+02
8.874437218609019E+02	4.355068888046363E+02
8.879439719859644E+02	4.359446233101060E+02
8.884442221110269E+02	4.363824352699258E+02
8.889444722360894E+02	4.368203245665867E+02
8.894447223611519E+02	4.372582910827751E+02
8.899449724862144E+02	4.376963347013819E+02
8.904452226112769E+02	4.381344553054956E+02
8.909454727363394E+02	4.385726527784060E+02
8.914457228614019E+02	4.390109270036010E+02
8.919459729864644E+02	4.394492778647677E+02
8.924462231115269E+02	4.398877052457942E+02
8.929464732365894E+02	4.403262090307632E+02
8.934467233616519E+02	4.407647891039573E+02
8.939469734867145E+02	4.412034453498583E+02
8.944472236117770E+02	4.416421776531413E+02
8.949474737368395E+02	4.420809858986830E+02
8.954477238619020E+02	4.425198699715527E+02
8.959479739869645E+02	4.429588297570187E+02
8.964482241120270E+02	4.433978651405431E+02
8.969484742370895E+02	4.438369760077846E+02
8.974487243621520E+02	4.442761622445971E+02
8.979489744872145E+02	4.447154237370294E+02
8.984492246122770E+02	4.451547603713241E+02
8.989494747373395E+02	4.455941720339193E+02
8.994497248624020E+02	4.460336586114445E+02
8.999499749874645E+02	4.464732199907263E+02
9.004502251125271E+02	4.469128560587803E+02
9.009504752375896E+02	4.473525667028178E+02
9.014507253626521E+02	4.477923518102414E+02
9.019509754877146E+02	4.482322112686473E+02
9.024512256127771E+02	4.486721449658195E+02
9.029514757378396E+02	4.491121527897380E+02
9.034517258629021E+02	4.495522346285712E+02
9.039519759879646E+02	4.499923903706794E+02
9.044522261130271E+02	4.504326199046121E+02
9.049524762380896E+02	4.508729231191107E+02
9.054527263631521E+02	4.513132999031041E+02
9.059529764882146E+02	4.517537501457116E+02
9.064532266132771E+02	4.521942737362428E+02
9.069534767383396E+02	4.526348705641928E+02
9.074537268634022E+02	4.530755405192488E+02
9.079539769884647E+02	4.535162834912834E+02
9.084542271135272E+02	4.539570993703583E+02
9.089544772385897E+02	4.543979880467214E+02
9.094547273636522E+02	4.548389494108080E+02
9.099549774887147E+02	4.552799833532417E+02
9.104552276137772E+02	4.557210897648295E+02
9.109554777388397E+02	4.561622685365675E+02
9.114557278639022E+02	4.566035195596349E+02
9.119559779889647E+02	4.570448427253971E+02
9.124562281140272E+02	4.574862379254060E+02
9.129564782390897E+02	4.579277050513959E+02
9.134567283641522E+02	4.583692439952876E+02
9.139569784892147E+02	4.588108546491839E+02
9.144572286142773E+02	4.592525369053721E+02
9.149574787393398E+02	4.596942906563242E+02
9.154577288644023E+02	4.601361157946947E+02
9.159579789894648E+02	4.605780122133183E+02
9.164582291145273E+02	4.610199798052155E+02
9.169584792395898E+02	4.614620184635866E+02
9.174587293646523E+02	4.619041280818156E+02
9.179589794897148E+02	4.623463085534659E+02
9.184592296147773E+02	4.627885597722843E+02
9.189594797398398E+02	4.632308816321961E+02
9.194597298649023E+02	4.636732740273075E+02
9.199599799899648E+02	4.641157368519059E+02
9.204602301150273E+02	4.645582700004586E+02
9.209604802400899E+02	4.650008733676115E+02
9.214607303651524E+02	4.654435468481896E+02
9.219609804902149E+02	4.658862903371974E+02
9.224612306152774E+02	4.663291037298176E+02
9.229614807403399E+02	4.667719869214107E+02
9.234617308654024E+02	4.672149398075165E+02
9.239619809904649E+02	4.676579622838509E+02
9.244622311155274E+02	4.681010542463075E+02
9.249624812405899E+02	4.685442155909565E+02
9.254627313656524E+02	4.689874462140466E+02
9.259629814907149E+02	4.694307460119993E+02
9.264632316157774E+02	4.698741148814173E+02
9.269634817408399E+02	4.703175527190726E+02
9.274637318659024E+02	4.707610594219174E+02
9.279639819909650E+02	4.712046348870783E+02
9.284642321160275E+02	4.716482790118533E+02
9.289644822410900E+02	4.720919916937193E+02
9.294647323661525E+02	4.725357728303235E+02
9.299649824912150E+02	4.729796223194909E+02
9.304652326162775E+02	4.734235400592164E+02
9.309654827413400E+02	4.738675259476689E+02
9.314657328664025E+02	4.743115798831915E+02
9.319659829914650E+02	4.747557017642993E+02
9.324662331165275E+02	4.751998914896782E+02
9.329664832415900E+02	4.756441489581891E+02
9.334667333666525E+02	4.760884740688610E+02
9.339669834917150E+02	4.765328667208964E+02
9.344672336167775E+02	4.769773268136685E+02
9.349674837418401E+02	4.774218542467208E+02
9.354677338669026E+02	4.778664489197683E+02
9.359679839919651E+02	4.783111107326947E+02
9.364682341170276E+02	4.787558395855530E+02
9.369684842420901E+02	4.792006353785683E+02
9.374687343671526E+02	4.796454980121317E+02
9.379689844922151E+02	4.800904273868068E+02
9.384692346172776E+02	4.805354234033222E+02
9.389694847423401E+02	4.809804859625768E+02
9.394697348674026E+02	4.814256149656368E+02
9.399699849924651E+02	4.818708103137367E+02
9.404702351175276E+02	4.823160719082778E+02
9.409704852425901E+02	4.827613996508283E+02
9.414707353676527E+02	4.832067934431242E+02
9.419709854927152E+02	4.836522531870668E+02
9.424712356177777E+02	4.840977787847244E+02
9.429714857428402E+02	4.845433701383297E+02
9.434717358679027E+02	4.849890271502840E+02
9.439719859929652E+02	4.854347497231504E+02
9.444722361180277E+02	4.858805377596594E+02
9.449724862430902E+02	4.863263911627051E+02
9.454727363681527E+02	4.867723098353453E+02
9.459729864932152E+02	4.872182936808048E+02
9.464732366182777E+02	4.876643426024689E+02
9.469734867433402E+02	4.881104565038881E+02
9.474737368684027E+02	4.885566352887755E+02
9.479739869934652E+02	4.890028788610076E+02
9.484742371185278E+02	4.894491871246231E+02
9.489744872435903E+02	4.898955599838227E+02
9.494747373686528E+02	4.903419973429718E+02
9.499749874937153E+02	4.907884991065922E+02
9.504752376187778E+02	4.912350651793733E+02
9.509754877438403E+02	4.916816954661613E+02
9.514757378689028E+02	4.921283898719647E+02
9.519759879939653E+02	4.925751483019527E+02
9.524762381190278E+02	4.930219706614552E+02
9.529764882440903E+02	4.934688568559615E+02
9.534767383691528E+02	4.939158067911201E+02
9.539769884942153E+02	4.943628203727396E+02
9.544772386192778E+02	4.948098975067890E+02
9.549774887443403E+02	4.952570380993936E+02
9.554777388694029E+02	4.957042420568392E+02
9.559779889944654E+02	4.961515092855694E+02
9.564782391195279E+02	4.965988396921848E+02
9.569784892445904E+02	4.970462331834451E+02
9.574787393696529E+02	4.974936896662667E+02
9.579789894947154E+02	4.979412090477248E+02
9.584792396197779E+02	4.983887912350472E+02
9.589794897448404E+02	4.988364361356240E+02
9.594797398699029E+02	4.992841436569980E+02
9.599799899949654E+02	4.997319137068673E+02
9.604802401200279E+02	5.001797461930884E+02
9.609804902450904E+02	5.006276410236722E+02
9.614807403701529E+02	5.010755981067844E+02
9.619809904952155E+02	5.015236173507464E+02
9.624812406202780E+02	5.019716986640327E+02
9.629814907453405E+02	5.024198419552743E+02
9.634817408704030E+02	5.028680471332544E+02
9.639819909954655E+02	5.033163141069102E+02
9.644822411205280E+02	5.037646427853338E+02
9.649824912455905E+02	5.042130330777695E+02
9.654827413706530E+02	5.046614848936155E+02
9.659829914957155E+02	5.051099981424200E+02
9.664832416207780E+02	5.055585727338875E+02
9.669834917458405E+02	5.060072085778716E+02
9.674837418709030E+02	5.064559055843781E+02
9.679839919959655E+02	5.069046636635663E+02
9.684842421210280E+02	5.073534827257462E+02
9.689844922460906E+02	5.078023626813771E+02
9.694847423711531E+02	5.082513034410704E+02
9.699849924962156E+02	5.087003049155886E+02
9.704852426212781E+02	5.091493670158421E+02
9.709854927463406E+02	5.095984896528951E+02
9.714857428714031E+02	5.100476727379570E+02
9.719859929964656E+02	5.104969161823898E+02
9.724862431215281E+02	5.109462198977046E+02
9.729864932465906E+02	5.113955837955583E+02
9.734867433716531E+02	5.118450077877609E+02
9.739869934967156E+02	5.122944917862660E+02
9.744872436217781E+02	5.127440357031807E+02
9.749874937468406E+02	5.131936394507537E+02
9.754877438719031E+02	5.136433029413860E+02
9.759879939969657E+02	5.140930260876257E+02
9.764882441220282E+02	5.145428088021634E+02
9.769884942470907E+02	5.149926509978409E+02
9.774887443721532E+02	5.154425525876472E+02
9.779889944972157E+02	5.158925134847120E+02
9.784892446222782E+02	5.163425336023176E+02
9.789894947473407E+02	5.167926128538855E+02
9.794897448724032E+02	5.172427511529884E+02
9.799899949974657E+02	5.176929484133411E+02
9.804902451225282E+02	5.181432045488033E+02
9.809904952475907E+02	5.185935194733804E+02
9.814907453726532E+02	5.190438931012218E+02
9.819909954977157E+02	5.194943253466201E+02
9.824912456227783E+02	5.199448161240141E+02
9.829914957478408E+02	5.203953653479823E+02
9.834917458729033E+02	5.208459729332506E+02
9.839919959979658E+02	5.212966387946866E+02
9.844922461230283E+02	5.217473628472993E+02
9.849924962480908E+02	5.221981450062431E+02
9.854927463731533E+02	5.226489851868096E+02
9.859929964982158E+02	5.230998833044388E+02
9.864932466232783E+02	5.235508392747083E+02
9.869934967483408E+02	5.240018530133390E+02
9.874937468734033E+02	5.244529244361927E+02
9.879939969984658E+02	5.249040534592712E+02
9.884942471235283E+02	5.253552399987177E+02
9.889944972485908E+02	5.258064839708175E+02
9.894947473736534E+02	5.262577852919931E+02
9.899949974987159E+02	5.267091438788106E+02
9.904952476237784E+02	5.271605596479733E+02
9.909954977488409E+02	5.276120325163241E+02
9.914957478739034E+02	5.280635624008462E+02
9.919959979989659E+02	5.285151492186609E+02
9.924962481240284E+02	5.289667928870283E+02
9.929964982490909E+02	5.294184933233491E+02
9.934967483741534E+02	5.298702504451583E+02
9.939969984992159E+02	5.303220641701334E+02
9.944972486242784E+02	5.307739344160859E+02
9.949974987493409E+02	5.312258611009672E+02
9.954977488744034E+02	5.316778441428645E+02
9.959979989994659E+02	5.321298834600020E+02
9.964982491245285E+02	5.325819789707418E+02
9.969984992495910E+02	5.330341305935823E+02
9.974987493746535E+02	5.334863382471574E+02
9.979989994997160E+02	5.339386018502374E+02
9.984992496247785E+02	5.343909213217280E+02
9.989994997498410E+02	5.348432965806710E+02
9.994997498749035E+02	5.352957275462444E+02
9.999999999999660E+02	5.357482141377586E+02
