0.000000000000000E+00	                 NAN
5.002501250625313E-01	-7.557389502992395E-02
1.000500250125063E+00	-1.511452910769346E-01
1.500750375187594E+00	-2.267116892370180E-01
2.001000500250125E+00	-3.022705907639520E-01
2.501250625312657E+00	-3.778194971481792E-01
3.001500750375188E+00	-4.533559101956617E-01
3.501750875437719E+00	-5.288773321066991E-01
4.002001000500250E+00	-6.043812655547107E-01
4.502251125562782E+00	-6.798652137649670E-01
5.002501250625313E+00	-7.553266805932672E-01
5.502751375687844E+00	-8.307631706045635E-01
6.003001500750376E+00	-9.061721891514898E-01
6.503251625812907E+00	-9.815512424528299E-01
7.003501750875438E+00	-1.056897837671906E+00
7.503751875937970E+00	-1.132209482994859E+00
8.004002001000501E+00	-1.207483687708814E+00
8.504252126063033E+00	-1.282717962279971E+00
9.004502251125565E+00	-1.357909818431560E+00
9.504752376188097E+00	-1.433056769221647E+00
1.000500250125063E+01	-1.508156329120840E+00
1.050525262631316E+01	-1.583206014089869E+00
1.100550275137569E+01	-1.658203341656943E+00
1.150575287643823E+01	-1.733145830995038E+00
1.200600300150076E+01	-1.808031002998964E+00
1.250625312656329E+01	-1.882856380362297E+00
1.300650325162582E+01	-1.957619487654091E+00
1.350675337668835E+01	-2.032317851395444E+00
1.400700350175089E+01	-2.106949000135860E+00
1.450725362681342E+01	-2.181510464529392E+00
1.500750375187595E+01	-2.255999777410594E+00
1.550775387693848E+01	-2.330414473870270E+00
1.600800400200102E+01	-2.404752091330945E+00
1.650825412706355E+01	-2.479010169622189E+00
1.700850425212608E+01	-2.553186251055621E+00
1.750875437718861E+01	-2.627277880499747E+00
1.800900450225114E+01	-2.701282605454480E+00
1.850925462731368E+01	-2.775197976125444E+00
1.900950475237621E+01	-2.849021545497969E+00
1.950975487743874E+01	-2.922750869410901E+00
2.001000500250127E+01	-2.996383506630018E+00
2.051025512756381E+01	-3.069917018921270E+00
2.101050525262634E+01	-3.143348971123608E+00
2.151075537768887E+01	-3.216676931221674E+00
2.201100550275140E+01	-3.289898470418024E+00
2.251125562781393E+01	-3.363011163205105E+00
2.301150575287647E+01	-3.436012587436991E+00
2.351175587793900E+01	-3.508900324400628E+00
2.401200600300153E+01	-3.581671958886901E+00
2.451225612806406E+01	-3.654325079261305E+00
2.501250625312660E+01	-3.726857277534236E+00
2.551275637818913E+01	-3.799266149430988E+00
2.601300650325166E+01	-3.871549294461385E+00
2.651325662831419E+01	-3.943704315989027E+00
2.701350675337672E+01	-4.015728821300183E+00
2.751375687843926E+01	-4.087620421672305E+00
2.801400700350179E+01	-4.159376732442198E+00
2.851425712856432E+01	-4.230995373073757E+00
2.901450725362685E+01	-4.302473967225325E+00
2.951475737868939E+01	-4.373810142816669E+00
3.001500750375192E+01	-4.445001532095553E+00
3.051525762881445E+01	-4.516045771703919E+00
3.101550775387698E+01	-4.586940502743609E+00
3.151575787893951E+01	-4.657683370841706E+00
3.201600800400205E+01	-4.728272026215492E+00
3.251625812906457E+01	-4.798704123736833E+00
3.301650825412710E+01	-4.868977322996372E+00
3.351675837918963E+01	-4.939089288367015E+00
3.401700850425216E+01	-5.009037689067192E+00
3.451725862931469E+01	-5.078820199223564E+00
3.501750875437722E+01	-5.148434497933309E+00
3.551775887943975E+01	-5.217878269325901E+00
3.601800900450228E+01	-5.287149202624541E+00
3.651825912956480E+01	-5.356244992207031E+00
3.701850925462733E+01	-5.425163337666191E+00
3.751875937968986E+01	-5.493901943869858E+00
3.801900950475239E+01	-5.562458521020318E+00
3.851925962981492E+01	-5.630830784713353E+00
3.901950975487745E+01	-5.699016455996770E+00
3.951975987993998E+01	-5.767013261428353E+00
4.002001000500250E+01	-5.834818933133526E+00
4.052026013006503E+01	-5.902431208862303E+00
4.102051025512756E+01	-5.969847832045843E+00
4.152076038019009E+01	-6.037066551852561E+00
4.202101050525262E+01	-6.104085123243593E+00
4.252126063031515E+01	-6.170901307027840E+00
4.302151075537768E+01	-6.237512869916536E+00
4.352176088044020E+01	-6.303917584577164E+00
4.402201100550273E+01	-6.370113229687071E+00
4.452226113056526E+01	-6.436097589986268E+00
4.502251125562779E+01	-6.501868456329973E+00
4.552276138069032E+01	-6.567423625740538E+00
4.602301150575285E+01	-6.632760901458759E+00
4.652326163081538E+01	-6.697878092994820E+00
4.702351175587791E+01	-6.762773016178528E+00
4.752376188094043E+01	-6.827443493209117E+00
4.802401200600296E+01	-6.891887352704536E+00
4.852426213106549E+01	-6.956102429750125E+00
4.902451225612802E+01	-7.020086565946784E+00
4.952476238119055E+01	-7.083837609458541E+00
5.002501250625308E+01	-7.147353415059705E+00
5.052526263131561E+01	-7.210631844181336E+00
5.102551275637813E+01	-7.273670764957210E+00
5.152576288144066E+01	-7.336468052269304E+00
5.202601300650319E+01	-7.399021587792554E+00
5.252626313156572E+01	-7.461329260039335E+00
5.302651325662825E+01	-7.523388964402955E+00
5.352676338169078E+01	-7.585198603201178E+00
5.402701350675331E+01	-7.646756085718650E+00
5.452726363181583E+01	-7.708059328248993E+00
5.502751375687836E+01	-7.769106254136439E+00
5.552776388194089E+01	-7.829894793816678E+00
5.602801400700342E+01	-7.890422884857308E+00
5.652826413206595E+01	-7.950688471997715E+00
5.702851425712848E+01	-8.010689507188246E+00
5.752876438219101E+01	-8.070423949629024E+00
5.802901450725354E+01	-8.129889765808016E+00
5.852926463231606E+01	-8.189084929538645E+00
5.902951475737859E+01	-8.248007421996761E+00
5.952976488244112E+01	-8.306655231757254E+00
6.003001500750365E+01	-8.365026354829695E+00
6.053026513256618E+01	-8.423118794693842E+00
6.103051525762871E+01	-8.480930562334322E+00
6.153076538269124E+01	-8.538459676274833E+00
6.203101550775376E+01	-8.595704162611767E+00
6.253126563281629E+01	-8.652662055047251E+00
6.303151575787882E+01	-8.709331394921719E+00
6.353176588294135E+01	-8.765710231245741E+00
6.403201600800388E+01	-8.821796620731391E+00
6.453226613306641E+01	-8.877588627823215E+00
6.503251625812895E+01	-8.933084324728270E+00
6.553276638319149E+01	-8.988281791445843E+00
6.603301650825402E+01	-9.043179115796718E+00
6.653326663331656E+01	-9.097774393451573E+00
6.703351675837909E+01	-9.152065727959069E+00
6.753376688344163E+01	-9.206051230773255E+00
6.803401700850416E+01	-9.259729021280435E+00
6.853426713356670E+01	-9.313097226825562E+00
6.903451725862924E+01	-9.366153982737984E+00
6.953476738369177E+01	-9.418897432356616E+00
7.003501750875431E+01	-9.471325727054662E+00
7.053526763381684E+01	-9.523437026263736E+00
7.103551775887938E+01	-9.575229497497418E+00
7.153576788394192E+01	-9.626701316374294E+00
7.203601800900445E+01	-9.677850666640396E+00
7.253626813406699E+01	-9.728675740191122E+00
7.303651825912952E+01	-9.779174737092674E+00
7.353676838419206E+01	-9.829345865603003E+00
7.403701850925459E+01	-9.879187342191813E+00
7.453726863431713E+01	-9.928697391560718E+00
7.503751875937967E+01	-9.977874246662097E+00
7.553776888444220E+01	-1.002671614871812E+01
7.603801900950474E+01	-1.007522134723877E+01
7.653826913456727E+01	-1.012338810003946E+01
7.703851925962981E+01	-1.017121467325826E+01
7.753876938469234E+01	-1.021869934137236E+01
7.803901950975488E+01	-1.026584038721427E+01
7.853926963481742E+01	-1.031263610198724E+01
7.903951975987995E+01	-1.035908478528047E+01
7.953976988494249E+01	-1.040518474508339E+01
8.004002001000502E+01	-1.045093429779986E+01
8.054027013506756E+01	-1.049633176826165E+01
8.104052026013009E+01	-1.054137548974126E+01
8.154077038519263E+01	-1.058606380396461E+01
8.204102051025517E+01	-1.063039506112285E+01
8.254127063531770E+01	-1.067436761988409E+01
8.304152076038024E+01	-1.071797984740402E+01
8.354177088544277E+01	-1.076123011933664E+01
8.404202101050531E+01	-1.080411681984430E+01
8.454227113556784E+01	-1.084663834160703E+01
8.504252126063038E+01	-1.088879308583174E+01
8.554277138569292E+01	-1.093057946226057E+01
8.604302151075545E+01	-1.097199588917917E+01
8.654327163581799E+01	-1.101304079342408E+01
8.704352176088052E+01	-1.105371261038999E+01
8.754377188594306E+01	-1.109400978403636E+01
8.804402201100559E+01	-1.113393076689346E+01
8.854427213606813E+01	-1.117347402006827E+01
8.904452226113067E+01	-1.121263801324957E+01
8.954477238619320E+01	-1.125142122471289E+01
9.004502251125574E+01	-1.128982214132463E+01
9.054527263631827E+01	-1.132783925854622E+01
9.104552276138081E+01	-1.136547108043722E+01
9.154577288644334E+01	-1.140271611965866E+01
9.204602301150588E+01	-1.143957289747532E+01
9.254627313656842E+01	-1.147603994375795E+01
9.304652326163095E+01	-1.151211579698503E+01
9.354677338669349E+01	-1.154779900424374E+01
9.404702351175602E+01	-1.158308812123114E+01
9.454727363681856E+01	-1.161798171225425E+01
9.504752376188110E+01	-1.165247835023021E+01
9.554777388694363E+01	-1.168657661668578E+01
9.604802401200617E+01	-1.172027510175640E+01
9.654827413706870E+01	-1.175357240418502E+01
9.704852426213124E+01	-1.178646713132045E+01
9.754877438719377E+01	-1.181895789911502E+01
9.804902451225631E+01	-1.185104333212252E+01
9.854927463731885E+01	-1.188272206349488E+01
9.904952476238138E+01	-1.191399273497915E+01
9.954977488744392E+01	-1.194485399691389E+01
1.000500250125065E+02	-1.197530450822485E+01
1.005502751375690E+02	-1.200534293642077E+01
1.010505252626315E+02	-1.203496795758855E+01
1.015507753876941E+02	-1.206417825638793E+01
1.020510255127566E+02	-1.209297252604604E+01
1.025512756378191E+02	-1.212134946835144E+01
1.030515257628817E+02	-1.214930779364786E+01
1.035517758879442E+02	-1.217684622082746E+01
1.040520260130067E+02	-1.220396347732404E+01
1.045522761380693E+02	-1.223065829910531E+01
1.050525262631318E+02	-1.225692943066559E+01
1.055527763881943E+02	-1.228277562501745E+01
1.060530265132569E+02	-1.230819564368343E+01
1.065532766383194E+02	-1.233318825668734E+01
1.070535267633820E+02	-1.235775224254522E+01
1.075537768884445E+02	-1.238188638825557E+01
1.080540270135070E+02	-1.240558948929024E+01
1.085542771385696E+02	-1.242886034958389E+01
1.090545272636321E+02	-1.245169778152373E+01
1.095547773886946E+02	-1.247410060593899E+01
1.100550275137572E+02	-1.249606765208969E+01
1.105552776388197E+02	-1.251759775765549E+01
1.110555277638822E+02	-1.253868976872394E+01
1.115557778889448E+02	-1.255934253977873E+01
1.120560280140073E+02	-1.257955493368728E+01
1.125562781390698E+02	-1.259932582168838E+01
1.130565282641324E+02	-1.261865408337924E+01
1.135567783891949E+02	-1.263753860670255E+01
1.140570285142575E+02	-1.265597828793307E+01
1.145572786393200E+02	-1.267397203166371E+01
1.150575287643825E+02	-1.269151875079216E+01
1.155577788894451E+02	-1.270861736650600E+01
1.160580290145076E+02	-1.272526680826881E+01
1.165582791395701E+02	-1.274146601380509E+01
1.170585292646327E+02	-1.275721392908535E+01
1.175587793896952E+02	-1.277250950831082E+01
1.180590295147577E+02	-1.278735171389810E+01
1.185592796398203E+02	-1.280173951646309E+01
1.190595297648828E+02	-1.281567189480513E+01
1.195597798899453E+02	-1.282914783589091E+01
1.200600300150079E+02	-1.284216633483761E+01
1.205602801400704E+02	-1.285472639489647E+01
1.210605302651330E+02	-1.286682702743558E+01
1.215607803901955E+02	-1.287846725192291E+01
1.220610305152580E+02	-1.288964609590870E+01
1.225612806403206E+02	-1.290036259500776E+01
1.230615307653831E+02	-1.291061579288187E+01
1.235617808904456E+02	-1.292040474122128E+01
1.240620310155082E+02	-1.292972849972681E+01
1.245622811405707E+02	-1.293858613609099E+01
1.250625312656332E+02	-1.294697672597964E+01
1.255627813906958E+02	-1.295489935301264E+01
1.260630315157583E+02	-1.296235310874506E+01
1.265632816408208E+02	-1.296933709264759E+01
1.270635317658834E+02	-1.297585041208730E+01
1.275637818909459E+02	-1.298189218230756E+01
1.280640320160084E+02	-1.298746152640871E+01
1.285642821410710E+02	-1.299255757532714E+01
1.290645322661335E+02	-1.299717946781593E+01
1.295647823911960E+02	-1.300132635042382E+01
1.300650325162586E+02	-1.300499737747472E+01
1.305652826413211E+02	-1.300819171104700E+01
1.310655327663837E+02	-1.301090852095243E+01
1.315657828914462E+02	-1.301314698471526E+01
1.320660330165087E+02	-1.301490628755067E+01
1.325662831415713E+02	-1.301618562234361E+01
1.330665332666338E+02	-1.301698418962687E+01
1.335667833916963E+02	-1.301730119755950E+01
1.340670335167589E+02	-1.301713586190516E+01
1.345672836418214E+02	-1.301648740600950E+01
1.350675337668839E+02	-1.301535506077855E+01
1.355677838919465E+02	-1.301373806465600E+01
1.360680340170090E+02	-1.301163566360091E+01
1.365682841420715E+02	-1.300904711106497E+01
1.370685342671341E+02	-1.300597166796990E+01
1.375687843921966E+02	-1.300240860268454E+01
1.380690345172592E+02	-1.299835719100176E+01
1.385692846423217E+02	-1.299381671611550E+01
1.390695347673842E+02	-1.298878646859737E+01
1.395697848924468E+02	-1.298326574637332E+01
1.400700350175093E+02	-1.297725385470039E+01
1.405702851425718E+02	-1.297075010614273E+01
1.410705352676344E+02	-1.296375382054825E+01
1.415707853926969E+02	-1.295626432502453E+01
1.420710355177594E+02	-1.294828095391523E+01
1.425712856428220E+02	-1.293980304877581E+01
1.430715357678845E+02	-1.293082995834942E+01
1.435717858929470E+02	-1.292136103854295E+01
1.440720360180096E+02	-1.291139565240240E+01
1.445722861430721E+02	-1.290093317008873E+01
1.450725362681347E+02	-1.288997296885310E+01
1.455727863931972E+02	-1.287851443301284E+01
1.460730365182597E+02	-1.286655695392602E+01
1.465732866433223E+02	-1.285409992996742E+01
1.470735367683848E+02	-1.284114276650317E+01
1.475737868934473E+02	-1.282768487586631E+01
1.480740370185099E+02	-1.281372567733138E+01
1.485742871435724E+02	-1.279926459708977E+01
1.490745372686349E+02	-1.278430106822432E+01
1.495747873936975E+02	-1.276883453068439E+01
1.500750375187600E+02	-1.275286443126035E+01
1.505752876438225E+02	-1.273639022355835E+01
1.510755377688851E+02	-1.271941136797508E+01
1.515757878939476E+02	-1.270192733167232E+01
1.520760380190102E+02	-1.268393758855115E+01
1.525762881440727E+02	-1.266544161922684E+01
1.530765382691352E+02	-1.264643891100295E+01
1.535767883941978E+02	-1.262692895784588E+01
1.540770385192603E+02	-1.260691126035894E+01
1.545772886443228E+02	-1.258638532575688E+01
1.550775387693854E+02	-1.256535066783999E+01
1.555777888944479E+02	-1.254380680696818E+01
1.560780390195104E+02	-1.252175327003519E+01
1.565782891445730E+02	-1.249918959044288E+01
1.570785392696355E+02	-1.247611530807495E+01
1.575787893946980E+02	-1.245252996927113E+01
1.580790395197606E+02	-1.242843312680131E+01
1.585792896448231E+02	-1.240382433983910E+01
1.590795397698857E+02	-1.237870317393634E+01
1.595797898949482E+02	-1.235306920099666E+01
1.600800400200107E+02	-1.232692199924921E+01
1.605802901450733E+02	-1.230026115322283E+01
1.610805402701358E+02	-1.227308625371987E+01
1.615807903951983E+02	-1.224539689778993E+01
1.620810405202609E+02	-1.221719268870345E+01
1.625812906453234E+02	-1.218847323592595E+01
1.630815407703859E+02	-1.215923815509154E+01
1.635817908954485E+02	-1.212948706797658E+01
1.640820410205110E+02	-1.209921960247371E+01
1.645822911455735E+02	-1.206843539256536E+01
1.650825412706361E+02	-1.203713407829753E+01
1.655827913956986E+02	-1.200531530575373E+01
1.660830415207612E+02	-1.197297872702845E+01
1.665832916458237E+02	-1.194012400020091E+01
1.670835417708862E+02	-1.190675078930889E+01
1.675837918959488E+02	-1.187285876432250E+01
1.680840420210113E+02	-1.183844760111774E+01
1.685842921460738E+02	-1.180351698145029E+01
1.690845422711364E+02	-1.176806659292913E+01
1.695847923961989E+02	-1.173209612899066E+01
1.700850425212614E+02	-1.169560528887212E+01
1.705852926463240E+02	-1.165859377758520E+01
1.710855427713865E+02	-1.162106130589029E+01
1.715857928964490E+02	-1.158300759026983E+01
1.720860430215116E+02	-1.154443235290219E+01
1.725862931465741E+02	-1.150533532163587E+01
1.730865432716367E+02	-1.146571622996268E+01
1.735867933966992E+02	-1.142557481699194E+01
1.740870435217617E+02	-1.138491082742451E+01
1.745872936468243E+02	-1.134372401152615E+01
1.750875437718868E+02	-1.130201412510192E+01
1.755877938969493E+02	-1.125978092946985E+01
1.760880440220119E+02	-1.121702419143483E+01
1.765882941470744E+02	-1.117374368326293E+01
1.770885442721369E+02	-1.112993918265485E+01
1.775887943971995E+02	-1.108561047272039E+01
1.780890445222620E+02	-1.104075734195237E+01
1.785892946473246E+02	-1.099537958420046E+01
1.790895447723871E+02	-1.094947699864591E+01
1.795897948974496E+02	-1.090304938977485E+01
1.800900450225122E+02	-1.085609656735306E+01
1.805902951475747E+02	-1.080861834640018E+01
1.810905452726372E+02	-1.076061454716344E+01
1.815907953976998E+02	-1.071208499509265E+01
1.820910455227623E+02	-1.066302952081372E+01
1.825912956478248E+02	-1.061344796010380E+01
1.830915457728874E+02	-1.056334015386491E+01
1.835917958979499E+02	-1.051270594809915E+01
1.840920460230124E+02	-1.046154519388239E+01
1.845922961480750E+02	-1.040985774733929E+01
1.850925462731375E+02	-1.035764346961761E+01
1.855927963982001E+02	-1.030490222686316E+01
1.860930465232626E+02	-1.025163389019377E+01
1.865932966483251E+02	-1.019783833567453E+01
1.870935467733877E+02	-1.014351544429252E+01
1.875937968984502E+02	-1.008866510193110E+01
1.880940470235127E+02	-1.003328719934512E+01
1.885942971485753E+02	-9.977381632135916E+00
1.890945472736378E+02	-9.920948300725598E+00
1.895947973987003E+02	-9.863987110332744E+00
1.900950475237629E+02	-9.806497970946992E+00
1.905952976488254E+02	-9.748480797304182E+00
1.910955477738879E+02	-9.689935508861481E+00
1.915957978989505E+02	-9.630862029772544E+00
1.920960480240130E+02	-9.571260288862675E+00
1.925962981490756E+02	-9.511130219604468E+00
1.930965482741381E+02	-9.450471760092455E+00
1.935967983992006E+02	-9.389284853019177E+00
1.940970485242632E+02	-9.327569445649999E+00
1.945972986493257E+02	-9.265325489799380E+00
1.950975487743882E+02	-9.202552941805550E+00
1.955977988994508E+02	-9.139251762506774E+00
1.960980490245133E+02	-9.075421917216545E+00
1.965982991495758E+02	-9.011063375699933E+00
1.970985492746384E+02	-8.946176112148635E+00
1.975987993997009E+02	-8.880760105157378E+00
1.980990495247634E+02	-8.814815337699486E+00
1.985992996498260E+02	-8.748341797102938E+00
1.990995497748885E+02	-8.681339475026704E+00
1.995997998999511E+02	-8.613808367436462E+00
2.001000500250136E+02	-8.545748474580421E+00
2.006003001500761E+02	-8.477159800966660E+00
2.011005502751387E+02	-8.408042355338154E+00
2.016008004002012E+02	-8.338396150650141E+00
2.021010505252637E+02	-8.268221204045545E+00
2.026013006503263E+02	-8.197517536832208E+00
2.031015507753888E+02	-8.126285174459298E+00
2.036018009004513E+02	-8.054524146493549E+00
2.041020510255139E+02	-7.982234486596468E+00
2.046023011505764E+02	-7.909416232500348E+00
2.051025512756389E+02	-7.836069425985727E+00
2.056028014007015E+02	-7.762194112857998E+00
2.061030515257640E+02	-7.687790342924387E+00
2.066033016508266E+02	-7.612858169970679E+00
2.071035517758891E+02	-7.537397651738956E+00
2.076038019009516E+02	-7.461408849903648E+00
2.081040520260142E+02	-7.384891830050236E+00
2.086043021510767E+02	-7.307846661650871E+00
2.091045522761392E+02	-7.230273418043112E+00
2.096048024012018E+02	-7.152172176406282E+00
2.101050525262643E+02	-7.073543017740036E+00
2.106053026513268E+02	-6.994386026840630E+00
2.111055527763894E+02	-6.914701292279716E+00
2.116058029014519E+02	-6.834488906381381E+00
2.121060530265144E+02	-6.753748965200032E+00
2.126063031515770E+02	-6.672481568498313E+00
2.131065532766395E+02	-6.590686819725022E+00
2.136068034017021E+02	-6.508364825993141E+00
2.141070535267646E+02	-6.425515698057524E+00
2.146073036518271E+02	-6.342139550293439E+00
2.151075537768897E+02	-6.258236500674741E+00
2.156078039019522E+02	-6.173806670752015E+00
2.161080540270147E+02	-6.088850185630776E+00
2.166083041520773E+02	-6.003367173950039E+00
2.171085542771398E+02	-5.917357767861063E+00
2.176088044022023E+02	-5.830822103005346E+00
2.181090545272649E+02	-5.743760318493855E+00
2.186093046523274E+02	-5.656172556885252E+00
2.191095547773899E+02	-5.568058964164976E+00
2.196098049024525E+02	-5.479419689724011E+00
2.201100550275150E+02	-5.390254886337885E+00
2.206103051525776E+02	-5.300564710145409E+00
2.211105552776401E+02	-5.210349320628183E+00
2.216108054027026E+02	-5.119608880589482E+00
2.221110555277652E+02	-5.028343556133393E+00
2.226113056528277E+02	-4.936553516644267E+00
2.231115557778902E+02	-4.844238934766310E+00
2.236118059029528E+02	-4.751399986382722E+00
2.241120560280153E+02	-4.658036850595153E+00
2.246123061530778E+02	-4.564149709703543E+00
2.251125562781404E+02	-4.469738749185922E+00
2.256128064032029E+02	-4.374804157677858E+00
2.261130565282654E+02	-4.279346126952362E+00
2.266133066533280E+02	-4.183364851899825E+00
2.271135567783905E+02	-4.086860530508034E+00
2.276138069034531E+02	-3.989833363842223E+00
2.281140570285156E+02	-3.892283556025234E+00
2.286143071535781E+02	-3.794211314217733E+00
2.291145572786407E+02	-3.695616848598064E+00
2.296148074037032E+02	-3.596500372343399E+00
2.301150575287657E+02	-3.496862101609565E+00
2.306153076538283E+02	-3.396702255511883E+00
2.311155577788908E+02	-3.296021056105417E+00
2.316158079039533E+02	-3.194818728365760E+00
2.321160580290159E+02	-3.093095500170136E+00
2.326163081540784E+02	-2.990851602277644E+00
2.331165582791409E+02	-2.888087268310642E+00
2.336168084042035E+02	-2.784802734735280E+00
2.341170585292660E+02	-2.680998240842825E+00
2.346173086543286E+02	-2.576674028730679E+00
2.351175587793911E+02	-2.471830343283557E+00
2.356178089044536E+02	-2.366467432154764E+00
2.361180590295162E+02	-2.260585545747603E+00
2.366183091545787E+02	-2.154184937196703E+00
2.371185592796412E+02	-2.047265862349491E+00
2.376188094047038E+02	-1.939828579747854E+00
2.381190595297663E+02	-1.831873350609555E+00
2.386193096548288E+02	-1.723400438810501E+00
2.391195597798914E+02	-1.614410110865691E+00
2.396198099049539E+02	-1.504902635911975E+00
2.401200600300164E+02	-1.394878285689231E+00
2.406203101550790E+02	-1.284337334522888E+00
2.411205602801415E+02	-1.173280059305824E+00
2.416208104052041E+02	-1.061706739480627E+00
2.421210605302666E+02	-9.496176570214914E-01
2.426213106553291E+02	-8.370130964171949E-01
2.431215607803917E+02	-7.238933446526232E-01
2.436218109054542E+02	-6.102586911922572E-01
2.441220610305167E+02	-4.961094279617555E-01
2.446223111555793E+02	-3.814458493311292E-01
2.451225612806418E+02	-2.662682520971487E-01
2.456228114057043E+02	-1.505769354664039E-01
2.461230615307669E+02	-3.437220103793948E-02
2.466233116558294E+02	8.234564721402649E-02
2.471235617808919E+02	1.995763029566149E-01
2.476238119059545E+02	3.173194575157936E-01
2.481240620310170E+02	4.355747998926063E-01
2.486243121560796E+02	5.543420167807938E-01
2.491245622811421E+02	6.736207925827102E-01
2.496248124062046E+02	7.934108094266605E-01
2.501250625312672E+02	9.137117471827025E-01
2.506253126563297E+02	1.034523283479871E+00
2.511255627813922E+02	1.155845093722462E+00
2.516258129064548E+02	1.277676851106037E+00
2.521260630315173E+02	1.400018226633932E+00
2.526263131565798E+02	1.522868889133662E+00
2.531265632816424E+02	1.646228505272745E+00
2.536268134067049E+02	1.770096739574996E+00
2.541270635317674E+02	1.894473254436349E+00
2.546273136568300E+02	2.019357710140952E+00
2.551275637818925E+02	2.144749764876821E+00
2.556278139069551E+02	2.270649074751844E+00
2.561280640320176E+02	2.397055293809530E+00
2.566283141570801E+02	2.523968074044348E+00
2.571285642821426E+02	2.651387065417538E+00
2.576288144072051E+02	2.779311915872540E+00
2.581290645322676E+02	2.907742271350315E+00
2.586293146573301E+02	3.036677775805089E+00
2.591295647823926E+02	3.166118071219159E+00
2.596298149074551E+02	3.296062797618220E+00
2.601300650325176E+02	3.426511593087014E+00
2.606303151575801E+02	3.557464093783551E+00
2.611305652826426E+02	3.688919933954935E+00
2.616308154077051E+02	3.820878745951802E+00
2.621310655327676E+02	3.953340160243442E+00
2.626313156578302E+02	4.086303805432237E+00
2.631315657828927E+02	4.219769308268951E+00
2.636318159079552E+02	4.353736293666884E+00
2.641320660330177E+02	4.488204384716823E+00
2.646323161580802E+02	4.623173202701366E+00
2.651325662831427E+02	4.758642367109474E+00
2.656328164082052E+02	4.894611495650793E+00
2.661330665332677E+02	5.031080204269983E+00
2.666333166583302E+02	5.168048107160985E+00
2.671335667833927E+02	5.305514816781454E+00
2.676338169084552E+02	5.443479943866350E+00
2.681340670335177E+02	5.581943097442377E+00
2.686343171585802E+02	5.720903884841960E+00
2.691345672836428E+02	5.860361911717007E+00
2.696348174087053E+02	6.000316782052948E+00
2.701350675337678E+02	6.140768098182207E+00
2.706353176588303E+02	6.281715460798466E+00
2.711355677838928E+02	6.423158468969632E+00
2.716358179089553E+02	6.565096720151985E+00
2.721360680340178E+02	6.707529810203312E+00
2.726363181590803E+02	6.850457333396946E+00
2.731365682841428E+02	6.993878882434103E+00
2.736368184092053E+02	7.137794048458602E+00
2.741370685342678E+02	7.282202421068803E+00
2.746373186593303E+02	7.427103588331761E+00
2.751375687843928E+02	7.572497136795675E+00
2.756378189094553E+02	7.718382651503532E+00
2.761380690345179E+02	7.864759716005665E+00
2.766383191595804E+02	8.011627912373172E+00
2.771385692846429E+02	8.158986821210135E+00
2.776388194097054E+02	8.306836021667152E+00
2.781390695347679E+02	8.455175091453327E+00
2.786393196598304E+02	8.604003606849687E+00
2.791395697848929E+02	8.753321142721632E+00
2.796398199099554E+02	8.903127272530753E+00
2.801400700350179E+02	9.053421568348654E+00
2.806403201600804E+02	9.204203600868141E+00
2.811405702851429E+02	9.355472939416359E+00
2.816408204102054E+02	9.507229151966897E+00
2.821410705352679E+02	9.659471805151838E+00
2.826413206603305E+02	9.812200464274440E+00
2.831415707853930E+02	9.965414693320838E+00
2.836418209104555E+02	1.011911405497204E+01
2.841420710355180E+02	1.027329811061634E+01
2.846423211605805E+02	1.042796642036092E+01
2.851425712856430E+02	1.058311854304401E+01
2.856428214107055E+02	1.073875403624669E+01
2.861430715357680E+02	1.089487245630414E+01
2.866433216608305E+02	1.105147335831822E+01
2.871435717858930E+02	1.120855629616847E+01
2.876438219109555E+02	1.136612082252361E+01
2.881440720360180E+02	1.152416648885401E+01
2.886443221610805E+02	1.168269284544181E+01
2.891445722861430E+02	1.184169944139359E+01
2.896448224112056E+02	1.200118582465069E+01
2.901450725362681E+02	1.216115154200128E+01
2.906453226613306E+02	1.232159613909124E+01
2.911455727863931E+02	1.248251916043540E+01
2.916458229114556E+02	1.264392014942854E+01
2.921460730365181E+02	1.280579864835659E+01
2.926463231615806E+02	1.296815419840794E+01
2.931465732866431E+02	1.313098633968360E+01
2.936468234117056E+02	1.329429461120895E+01
2.941470735367681E+02	1.345807855094409E+01
2.946473236618306E+02	1.362233769579467E+01
2.951475737868931E+02	1.378707158162268E+01
2.956478239119556E+02	1.395227974325707E+01
2.961480740370181E+02	1.411796171450470E+01
2.966483241620807E+02	1.428411702816032E+01
2.971485742871432E+02	1.445074521601737E+01
2.976488244122057E+02	1.461784580887871E+01
2.981490745372682E+02	1.478541833656629E+01
2.986493246623307E+02	1.495346232793236E+01
2.991495747873932E+02	1.512197731086911E+01
2.996498249124557E+02	1.529096281231904E+01
3.001500750375182E+02	1.546041835828544E+01
3.006503251625807E+02	1.563034347384206E+01
3.011505752876432E+02	1.580073768314338E+01
3.016508254127057E+02	1.597160050943501E+01
3.021510755377682E+02	1.614293147506288E+01
3.026513256628307E+02	1.631473010148369E+01
3.031515757878933E+02	1.648699590927492E+01
3.036518259129558E+02	1.665972841814369E+01
3.041520760380183E+02	1.683292714693795E+01
3.046523261630808E+02	1.700659161365473E+01
3.051525762881433E+02	1.718072133545093E+01
3.056528264132058E+02	1.735531582865218E+01
3.061530765382683E+02	1.753037460876271E+01
3.066533266633308E+02	1.770589719047507E+01
3.071535767883933E+02	1.788188308767872E+01
3.076538269134558E+02	1.805833181347037E+01
3.081540770385183E+02	1.823524288016284E+01
3.086543271635808E+02	1.841261579929449E+01
3.091545772886433E+02	1.859045008163832E+01
3.096548274137058E+02	1.876874523721159E+01
3.101550775387684E+02	1.894750077528391E+01
3.106553276638309E+02	1.912671620438772E+01
3.111555777888934E+02	1.930639103232636E+01
3.116558279139559E+02	1.948652476618338E+01
3.121560780390184E+02	1.966711691233155E+01
3.126563281640809E+02	1.984816697644141E+01
3.131565782891434E+02	2.002967446349078E+01
3.136568284142059E+02	2.021163887777266E+01
3.141570785392684E+02	2.039405972290496E+01
3.146573286643309E+02	2.057693650183813E+01
3.151575787893934E+02	2.076026871686480E+01
3.156578289144559E+02	2.094405586962779E+01
3.161580790395184E+02	2.112829746112880E+01
3.166583291645809E+02	2.131299299173719E+01
3.171585792896435E+02	2.149814196119797E+01
3.176588294147060E+02	2.168374386864042E+01
3.181590795397685E+02	2.186979821258666E+01
3.186593296648310E+02	2.205630449095963E+01
3.191595797898935E+02	2.224326220109174E+01
3.196598299149560E+02	2.243067083973278E+01
3.201600800400185E+02	2.261852990305812E+01
3.206603301650810E+02	2.280683888667721E+01
3.211605802901435E+02	2.299559728564111E+01
3.216608304152060E+02	2.318480459445095E+01
3.221610805402685E+02	2.337446030706587E+01
3.226613306653310E+02	2.356456391691091E+01
3.231615807903935E+02	2.375511491688468E+01
3.236618309154561E+02	2.394611279936800E+01
3.241620810405186E+02	2.413755705623072E+01
3.246623311655811E+02	2.432944717884016E+01
3.251625812906436E+02	2.452178265806879E+01
3.256628314157061E+02	2.471456298430166E+01
3.261630815407686E+02	2.490778764744397E+01
3.266633316658311E+02	2.510145613692930E+01
3.271635817908936E+02	2.529556794172669E+01
3.276638319159561E+02	2.549012255034768E+01
3.281640820410186E+02	2.568511945085515E+01
3.286643321660811E+02	2.588055813086936E+01
3.291645822911436E+02	2.607643807757603E+01
3.296648324162061E+02	2.627275877773366E+01
3.301650825412686E+02	2.646951971768073E+01
3.306653326663312E+02	2.666672038334309E+01
3.311655827913937E+02	2.686436026024040E+01
3.316658329164562E+02	2.706243883349492E+01
3.321660830415187E+02	2.726095558783709E+01
3.326663331665812E+02	2.745991000761359E+01
3.331665832916437E+02	2.765930157679361E+01
3.336668334167062E+02	2.785912977897669E+01
3.341670835417687E+02	2.805939409739909E+01
3.346673336668312E+02	2.826009401494110E+01
3.351675837918937E+02	2.846122901413355E+01
3.356678339169562E+02	2.866279857716506E+01
3.361680840420187E+02	2.886480218588872E+01
3.366683341670812E+02	2.906723932182854E+01
3.371685842921437E+02	2.927010946618674E+01
3.376688344172063E+02	2.947341209985012E+01
3.381690845422688E+02	2.967714670339666E+01
3.386693346673313E+02	2.988131275710214E+01
3.391695847923938E+02	3.008590974094722E+01
3.396698349174563E+02	3.029093713462311E+01
3.401700850425188E+02	3.049639441753897E+01
3.406703351675813E+02	3.070228106882746E+01
3.411705852926438E+02	3.090859656735194E+01
3.416708354177063E+02	3.111534039171266E+01
3.421710855427688E+02	3.132251202025276E+01
3.426713356678313E+02	3.153011093106471E+01
3.431715857928938E+02	3.173813660199704E+01
3.436718359179563E+02	3.194658851066004E+01
3.441720860430189E+02	3.215546613443206E+01
3.446723361680814E+02	3.236476895046616E+01
3.451725862931439E+02	3.257449643569527E+01
3.456728364182064E+02	3.278464806683911E+01
3.461730865432689E+02	3.299522332040993E+01
3.466733366683314E+02	3.320622167271864E+01
3.471735867933939E+02	3.341764259988071E+01
3.476738369184564E+02	3.362948557782209E+01
3.481740870435189E+02	3.384175008228470E+01
3.486743371685814E+02	3.405443558883360E+01
3.491745872936439E+02	3.426754157286138E+01
3.496748374187064E+02	3.448106750959442E+01
3.501750875437689E+02	3.469501287409935E+01
3.506753376688314E+02	3.490937714128734E+01
3.511755877938940E+02	3.512415978592162E+01
3.516758379189565E+02	3.533936028262173E+01
3.521760880440190E+02	3.555497810586934E+01
3.526763381690815E+02	3.577101273001449E+01
3.531765882941440E+02	3.598746362928046E+01
3.536768384192065E+02	3.620433027777011E+01
3.541770885442690E+02	3.642161214946998E+01
3.546773386693315E+02	3.663930871825744E+01
3.551775887943940E+02	3.685741945790471E+01
3.556778389194565E+02	3.707594384208511E+01
3.561780890445190E+02	3.729488134437821E+01
3.566783391695815E+02	3.751423143827452E+01
3.571785892946440E+02	3.773399359718189E+01
3.576788394197065E+02	3.795416729443014E+01
3.581790895447691E+02	3.817475200327567E+01
3.586793396698316E+02	3.839574719690859E+01
3.591795897948941E+02	3.861715234845508E+01
3.596798399199566E+02	3.883896693098529E+01
3.601800900450191E+02	3.906119041751663E+01
3.606803401700816E+02	3.928382228101918E+01
3.611805902951441E+02	3.950686199442151E+01
3.616808404202066E+02	3.973030903061465E+01
3.621810905452691E+02	3.995416286245762E+01
3.626813406703316E+02	4.017842296278229E+01
3.631815907953941E+02	4.040308880439812E+01
3.636818409204566E+02	4.062815986009724E+01
3.641820910455191E+02	4.085363560265949E+01
3.646823411705817E+02	4.107951550485615E+01
3.651825912956442E+02	4.130579903945647E+01
3.656828414207067E+02	4.153248567923077E+01
3.661830915457692E+02	4.175957489695617E+01
3.666833416708317E+02	4.198706616542103E+01
3.671835917958942E+02	4.221495895742925E+01
3.676838419209567E+02	4.244325274580558E+01
3.681840920460192E+02	4.267194700339962E+01
3.686843421710817E+02	4.290104120309030E+01
3.691845922961442E+02	4.313053481779156E+01
3.696848424212067E+02	4.336042732045507E+01
3.701850925462692E+02	4.359071818407637E+01
3.706853426713317E+02	4.382140688169869E+01
3.711855927963942E+02	4.405249288641664E+01
3.716858429214568E+02	4.428397567138182E+01
3.721860930465193E+02	4.451585470980655E+01
3.726863431715818E+02	4.474812947496821E+01
3.731865932966443E+02	4.498079944021373E+01
3.736868434217068E+02	4.521386407896375E+01
3.741870935467693E+02	4.544732286471719E+01
3.746873436718318E+02	4.568117527105471E+01
3.751875937968943E+02	4.591542077164371E+01
3.756878439219568E+02	4.615005884024237E+01
3.761880940470193E+02	4.638508895070311E+01
3.766883441720818E+02	4.662051057697767E+01
3.771885942971443E+02	4.685632319312060E+01
3.776888444222068E+02	4.709252627329346E+01
3.781890945472693E+02	4.732911929176896E+01
3.786893446723319E+02	4.756610172293443E+01
3.791895947973944E+02	4.780347304129708E+01
3.796898449224569E+02	4.804123272148638E+01
3.801900950475194E+02	4.827938023825885E+01
3.806903451725819E+02	4.851791506650221E+01
3.811905952976444E+02	4.875683668123867E+01
3.816908454227069E+02	4.899614455762884E+01
3.821910955477694E+02	4.923583817097597E+01
3.826913456728319E+02	4.947591699672932E+01
3.831915957978944E+02	4.971638051048802E+01
3.836918459229569E+02	4.995722818800522E+01
3.841920960480194E+02	5.019845950519135E+01
3.846923461730819E+02	5.044007393811762E+01
3.851925962981445E+02	5.068207096302058E+01
3.856928464232070E+02	5.092445005630481E+01
3.861930965482695E+02	5.116721069454718E+01
3.866933466733320E+02	5.141035235449993E+01
3.871935967983945E+02	5.165387451309516E+01
3.876938469234570E+02	5.189777664744673E+01
3.881940970485195E+02	5.214205823485531E+01
3.886943471735820E+02	5.238671875281176E+01
3.891945972986445E+02	5.263175767899975E+01
3.896948474237070E+02	5.287717449129974E+01
3.901950975487695E+02	5.312296866779189E+01
3.906953476738320E+02	5.336913968676100E+01
3.911955977988945E+02	5.361568702669763E+01
3.916958479239570E+02	5.386261016630328E+01
3.921960980490196E+02	5.410990858449281E+01
3.926963481740821E+02	5.435758176039826E+01
3.931965982991446E+02	5.460562917337131E+01
3.936968484242071E+02	5.485405030298750E+01
3.941970985492696E+02	5.510284462904923E+01
3.946973486743321E+02	5.535201163158843E+01
3.951975987993946E+02	5.560155079087008E+01
3.956978489244571E+02	5.585146158739587E+01
3.961980990495196E+02	5.610174350190664E+01
3.966983491745821E+02	5.635239601538558E+01
3.971985992996446E+02	5.660341860906186E+01
3.976988494247071E+02	5.685481076441351E+01
3.981990995497696E+02	5.710657196316953E+01
3.986993496748321E+02	5.735870168731446E+01
3.991995997998947E+02	5.761119941909067E+01
3.996998499249572E+02	5.786406464100111E+01
4.002001000500197E+02	5.811729683581234E+01
4.007003501750822E+02	5.837089548655808E+01
4.012006003001447E+02	5.862486007654155E+01
4.017008504252072E+02	5.887919008933824E+01
4.022011005502697E+02	5.913388500879972E+01
4.027013506753322E+02	5.938894431905544E+01
4.032016008003947E+02	5.964436750451591E+01
4.037018509254572E+02	5.990015404987588E+01
4.042021010505197E+02	6.015630344011709E+01
4.047023511755822E+02	6.041281516051015E+01
4.052026013006447E+02	6.066968869661878E+01
4.057028514257073E+02	6.092692353430118E+01
4.062031015507698E+02	6.118451915971383E+01
4.067033516758323E+02	6.144247505931281E+01
4.072036018008948E+02	6.170079071985856E+01
4.077038519259573E+02	6.195946562841630E+01
4.082041020510198E+02	6.221849927236036E+01
4.087043521760823E+02	6.247789113937597E+01
4.092046023011448E+02	6.273764071746172E+01
4.097048524262073E+02	6.299774749493264E+01
4.102051025512698E+02	6.325821096042279E+01
4.107053526763323E+02	6.351903060288726E+01
4.112056028013948E+02	6.378020591160526E+01
4.117058529264573E+02	6.404173637618203E+01
4.122061030515198E+02	6.430362148655200E+01
4.127063531765824E+02	6.456586073298047E+01
4.132066033016449E+02	6.482845360606694E+01
4.137068534267074E+02	6.509139959674701E+01
4.142071035517699E+02	6.535469819629446E+01
4.147073536768324E+02	6.561834889632462E+01
4.152076038018949E+02	6.588235118879550E+01
4.157078539269574E+02	6.614670456601146E+01
4.162081040520199E+02	6.641140852062426E+01
4.167083541770824E+02	6.667646254563641E+01
4.172086043021449E+02	6.694186613440280E+01
4.177088544272074E+02	6.720761878063348E+01
4.182091045522699E+02	6.747371997839531E+01
4.187093546773324E+02	6.774016922211479E+01
4.192096048023949E+02	6.800696600657989E+01
4.197098549274575E+02	6.827410982694238E+01
4.202101050525200E+02	6.854160017872033E+01
4.207103551775825E+02	6.880943655779959E+01
4.212106053026450E+02	6.907761846043644E+01
4.217108554277075E+02	6.934614538326002E+01
4.222111055527700E+02	6.961501682327344E+01
4.227113556778325E+02	6.988423227785688E+01
4.232116058028950E+02	7.015379124476897E+01
4.237118559279575E+02	7.042369322214967E+01
4.242121060530200E+02	7.069393770852128E+01
4.247123561780825E+02	7.096452420279149E+01
4.252126063031450E+02	7.123545220425427E+01
4.257128564282075E+02	7.150672121259328E+01
4.262131065532701E+02	7.177833072788223E+01
4.267133566783326E+02	7.205028025058886E+01
4.272136068033951E+02	7.232256928157437E+01
4.277138569284576E+02	7.259519732209765E+01
4.282141070535201E+02	7.286816387381594E+01
4.287143571785826E+02	7.314146843878723E+01
4.292146073036451E+02	7.341511051947151E+01
4.297148574287076E+02	7.368908961873376E+01
4.302151075537701E+02	7.396340523984441E+01
4.307153576788326E+02	7.423805688648235E+01
4.312156078038951E+02	7.451304406273636E+01
4.317158579289576E+02	7.478836627310625E+01
4.322161080540201E+02	7.506402302250626E+01
4.327163581790826E+02	7.534001381626473E+01
4.332166083041452E+02	7.561633816012778E+01
4.337168584292077E+02	7.589299556025964E+01
4.342171085542702E+02	7.616998552324537E+01
4.347173586793327E+02	7.644730755609226E+01
4.352176088043952E+02	7.672496116623068E+01
4.357178589294577E+02	7.700294586151756E+01
4.362181090545202E+02	7.728126115023599E+01
4.367183591795827E+02	7.755990654109866E+01
4.372186093046452E+02	7.783888154324831E+01
4.377188594297077E+02	7.811818566626027E+01
4.382191095547702E+02	7.839781842014298E+01
4.387193596798327E+02	7.867777931534044E+01
4.392196098048952E+02	7.895806786273340E+01
4.397198599299577E+02	7.923868357364137E+01
4.402201100550203E+02	7.951962595982366E+01
4.407203601800828E+02	7.980089453348103E+01
4.412206103051453E+02	8.008248880725739E+01
4.417208604302078E+02	8.036440829424112E+01
4.422211105552703E+02	8.064665250796691E+01
4.427213606803328E+02	8.092922096241671E+01
4.432216108053953E+02	8.121211317202153E+01
4.437218609304578E+02	8.149532865166293E+01
4.442221110555203E+02	8.177886691667442E+01
4.447223611805828E+02	8.206272748284249E+01
4.452226113056453E+02	8.234690986640879E+01
4.457228614307078E+02	8.263141358407108E+01
4.462231115557703E+02	8.291623815298414E+01
4.467233616808329E+02	8.320138309076202E+01
4.472236118058954E+02	8.348684791547913E+01
4.477238619309579E+02	8.377263214567137E+01
4.482241120560204E+02	8.405873530033750E+01
4.487243621810829E+02	8.434515689894027E+01
4.492246123061454E+02	8.463189646140859E+01
4.497248624312079E+02	8.491895350813746E+01
4.502251125562704E+02	8.520632755999088E+01
4.507253626813329E+02	8.549401813830167E+01
4.512256128063954E+02	8.578202476487331E+01
4.517258629314579E+02	8.607034696198127E+01
4.522261130565204E+02	8.635898425237434E+01
4.527263631815829E+02	8.664793615927505E+01
4.532266133066454E+02	8.693720220638249E+01
4.537268634317080E+02	8.722678191787134E+01
4.542271135567705E+02	8.751667481839513E+01
4.547273636818330E+02	8.780688043308578E+01
4.552276138068955E+02	8.809739828755579E+01
4.557278639319580E+02	8.838822790789908E+01
4.562281140570205E+02	8.867936882069216E+01
4.567283641820830E+02	8.897082055299489E+01
4.572286143071455E+02	8.926258263235195E+01
4.577288644322080E+02	8.955465458679413E+01
4.582291145572705E+02	8.984703594483881E+01
4.587293646823330E+02	9.013972623549142E+01
4.592296148073955E+02	9.043272498824678E+01
4.597298649324580E+02	9.072603173308931E+01
4.602301150575205E+02	9.101964600049502E+01
4.607303651825831E+02	9.131356732143189E+01
4.612306153076456E+02	9.160779522736118E+01
4.617308654327081E+02	9.190232925023793E+01
4.622311155577706E+02	9.219716892251347E+01
4.627313656828331E+02	9.249231377713386E+01
4.632316158078956E+02	9.278776334754343E+01
4.637318659329581E+02	9.308351716768379E+01
4.642321160580206E+02	9.337957477199632E+01
4.647323661830831E+02	9.367593569542191E+01
4.652326163081456E+02	9.397259947340251E+01
4.657328664332081E+02	9.426956564188208E+01
4.662331165582706E+02	9.456683373730692E+01
4.667333666833331E+02	9.486440329662736E+01
4.672336168083957E+02	9.516227385729809E+01
4.677338669334582E+02	9.546044495727887E+01
4.682341170585207E+02	9.575891613503615E+01
4.687343671835832E+02	9.605768692954337E+01
4.692346173086457E+02	9.635675688028203E+01
4.697348674337082E+02	9.665612552724218E+01
4.702351175587707E+02	9.695579241092349E+01
4.707353676838332E+02	9.725575707233611E+01
4.712356178088957E+02	9.755601905300136E+01
4.717358679339582E+02	9.785657789495275E+01
4.722361180590207E+02	9.815743314073649E+01
4.727363681840832E+02	9.845858433341209E+01
4.732366183091457E+02	9.876003101655334E+01
4.737368684342082E+02	9.906177273425004E+01
4.742371185592708E+02	9.936380903110637E+01
4.747373686843333E+02	9.966613945224447E+01
4.752376188093958E+02	9.996876354330254E+01
4.757378689344583E+02	1.002716808504375E+02
4.762381190595208E+02	1.005748909203247E+02
4.767383691845833E+02	1.008783933001588E+02
4.772386193096458E+02	1.011821875376547E+02
4.777388694347083E+02	1.014862731810480E+02
4.782391195597708E+02	1.017906497790955E+02
4.787393696848333E+02	1.020953168810762E+02
4.792396198098958E+02	1.024002740367920E+02
4.797398699349583E+02	1.027055207965679E+02
4.802401200600208E+02	1.030110567112530E+02
4.807403701850833E+02	1.033168813322206E+02
4.812406203101459E+02	1.036229942113696E+02
4.817408704352084E+02	1.039293949011245E+02
4.822411205602709E+02	1.042360829544368E+02
4.827413706853334E+02	1.045430579247841E+02
4.832416208103959E+02	1.048503193661717E+02
4.837418709354584E+02	1.051578668331336E+02
4.842421210605209E+02	1.054656998807322E+02
4.847423711855834E+02	1.057738180645586E+02
4.852426213106459E+02	1.060822209407344E+02
4.857428714357084E+02	1.063909080659110E+02
4.862431215607709E+02	1.066998789972711E+02
4.867433716858334E+02	1.070091332925283E+02
4.872436218108959E+02	1.073186705099280E+02
4.877438719359585E+02	1.076284902082484E+02
4.882441220610210E+02	1.079385919467998E+02
4.887443721860835E+02	1.082489752854265E+02
4.892446223111460E+02	1.085596397845064E+02
4.897448724362085E+02	1.088705850049515E+02
4.902451225612710E+02	1.091818105082085E+02
4.907453726863335E+02	1.094933158562595E+02
4.912456228113960E+02	1.098051006116216E+02
4.917458729364585E+02	1.101171643373487E+02
4.922461230615210E+02	1.104295065970303E+02
4.927463731865835E+02	1.107421269547939E+02
4.932466233116460E+02	1.110550249753030E+02
4.937468734367085E+02	1.113682002237596E+02
4.942471235617710E+02	1.116816522659033E+02
4.947473736868336E+02	1.119953806680127E+02
4.952476238118961E+02	1.123093849969049E+02
4.957478739369586E+02	1.126236648199356E+02
4.962481240620211E+02	1.129382197050015E+02
4.967483741870836E+02	1.132530492205379E+02
4.972486243121461E+02	1.135681529355210E+02
4.977488744372086E+02	1.138835304194673E+02
4.982491245622711E+02	1.141991812424344E+02
4.987493746873336E+02	1.145151049750215E+02
4.992496248123961E+02	1.148313011883686E+02
4.997498749374586E+02	1.151477694541580E+02
5.002501250625211E+02	1.154645093446146E+02
5.007503751875836E+02	1.157815204325051E+02
5.012506253126462E+02	1.160988022911393E+02
5.017508754377087E+02	1.164163544943704E+02
5.022511255627712E+02	1.167341766165941E+02
5.027513756878337E+02	1.170522682327509E+02
5.032516258128962E+02	1.173706289183237E+02
5.037518759379587E+02	1.176892582493407E+02
5.042521260630212E+02	1.180081558023741E+02
5.047523761880837E+02	1.183273211545408E+02
5.052526263131462E+02	1.186467538835023E+02
5.057528764382087E+02	1.189664535674654E+02
5.062531265632712E+02	1.192864197851821E+02
5.067533766883337E+02	1.196066521159497E+02
5.072536268133962E+02	1.199271501396117E+02
5.077538769384587E+02	1.202479134365574E+02
5.082541270635213E+02	1.205689415877221E+02
5.087543771885838E+02	1.208902341745870E+02
5.092546273136463E+02	1.212117907791807E+02
5.097548774387088E+02	1.215336109840775E+02
5.102551275637713E+02	1.218556943723993E+02
5.107553776888338E+02	1.221780405278147E+02
5.112556278138963E+02	1.225006490345391E+02
5.117558779389588E+02	1.228235194773360E+02
5.122561280640214E+02	1.231466514415155E+02
5.127563781890839E+02	1.234700445129355E+02
5.132566283141464E+02	1.237936982780022E+02
5.137568784392089E+02	1.241176123236692E+02
5.142571285642714E+02	1.244417862374374E+02
5.147573786893339E+02	1.247662196073573E+02
5.152576288143964E+02	1.250909120220262E+02
5.157578789394589E+02	1.254158630705901E+02
5.162581290645214E+02	1.257410723427438E+02
5.167583791895839E+02	1.260665394287303E+02
5.172586293146464E+02	1.263922639193407E+02
5.177588794397089E+02	1.267182454059152E+02
5.182591295647715E+02	1.270444834803428E+02
5.187593796898340E+02	1.273709777350609E+02
5.192596298148965E+02	1.276977277630562E+02
5.197598799399590E+02	1.280247331578635E+02
5.202601300650215E+02	1.283519935135675E+02
5.207603801900840E+02	1.286795084248012E+02
5.212606303151465E+02	1.290072774867466E+02
5.217608804402090E+02	1.293353002951353E+02
5.222611305652715E+02	1.296635764462475E+02
5.227613806903340E+02	1.299921055369130E+02
5.232616308153965E+02	1.303208871645098E+02
5.237618809404590E+02	1.306499209269659E+02
5.242621310655215E+02	1.309792064227582E+02
5.247623811905841E+02	1.313087432509126E+02
5.252626313156466E+02	1.316385310110041E+02
5.257628814407091E+02	1.319685693031572E+02
5.262631315657716E+02	1.322988577280449E+02
5.267633816908341E+02	1.326293958868899E+02
5.272636318158966E+02	1.329601833814635E+02
5.277638819409591E+02	1.332912198140866E+02
5.282641320660216E+02	1.336225047876282E+02
5.287643821910841E+02	1.339540379055072E+02
5.292646323161466E+02	1.342858187716910E+02
5.297648824412091E+02	1.346178469906956E+02
5.302651325662716E+02	1.349501221675863E+02
5.307653826913341E+02	1.352826439079769E+02
5.312656328163966E+02	1.356154118180301E+02
5.317658829414592E+02	1.359484255044567E+02
5.322661330665217E+02	1.362816845745167E+02
5.327663831915842E+02	1.366151886360178E+02
5.332666333166467E+02	1.369489372973173E+02
5.337668834417092E+02	1.372829301673195E+02
5.342671335667717E+02	1.376171668554775E+02
5.347673836918342E+02	1.379516469717928E+02
5.352676338168967E+02	1.382863701268138E+02
5.357678839419592E+02	1.386213359316384E+02
5.362681340670217E+02	1.389565439979108E+02
5.367683841920842E+02	1.392919939378239E+02
5.372686343171467E+02	1.396276853641173E+02
5.377688844422092E+02	1.399636178900794E+02
5.382691345672717E+02	1.402997911295440E+02
5.387693846923343E+02	1.406362046968932E+02
5.392696348173968E+02	1.409728582070561E+02
5.397698849424593E+02	1.413097512755089E+02
5.402701350675218E+02	1.416468835182737E+02
5.407703851925843E+02	1.419842545519197E+02
5.412706353176468E+02	1.423218639935629E+02
5.417708854427093E+02	1.426597114608648E+02
5.422711355677718E+02	1.429977965720337E+02
5.427713856928343E+02	1.433361189458229E+02
5.432716358178968E+02	1.436746782015332E+02
5.437718859429593E+02	1.440134739590088E+02
5.442721360680218E+02	1.443525058386410E+02
5.447723861930843E+02	1.446917734613655E+02
5.452726363181469E+02	1.450312764486638E+02
5.457728864432094E+02	1.453710144225614E+02
5.462731365682719E+02	1.457109870056287E+02
5.467733866933344E+02	1.460511938209809E+02
5.472736368183969E+02	1.463916344922772E+02
5.477738869434594E+02	1.467323086437208E+02
5.482741370685219E+02	1.470732159000590E+02
5.487743871935844E+02	1.474143558865831E+02
5.492746373186469E+02	1.477557282291262E+02
5.497748874437094E+02	1.480973325540660E+02
5.502751375687719E+02	1.484391684883234E+02
5.507753876938344E+02	1.487812356593608E+02
5.512756378188969E+02	1.491235336951842E+02
5.517758879439594E+02	1.494660622243414E+02
5.522761380690220E+02	1.498088208759220E+02
5.527763881940845E+02	1.501518092795576E+02
5.532766383191470E+02	1.504950270654217E+02
5.537768884442095E+02	1.508384738642284E+02
5.542771385692720E+02	1.511821493072334E+02
5.547773886943345E+02	1.515260530262328E+02
5.552776388193970E+02	1.518701846535635E+02
5.557778889444595E+02	1.522145438221024E+02
5.562781390695220E+02	1.525591301652660E+02
5.567783891945845E+02	1.529039433170118E+02
5.572786393196470E+02	1.532489829118354E+02
5.577788894447095E+02	1.535942485847719E+02
5.582791395697720E+02	1.539397399713957E+02
5.587793896948345E+02	1.542854567078192E+02
5.592796398198971E+02	1.546313984306939E+02
5.597798899449596E+02	1.549775647772079E+02
5.602801400700221E+02	1.553239553850889E+02
5.607803901950846E+02	1.556705698926000E+02
5.612806403201471E+02	1.560174079385432E+02
5.617808904452096E+02	1.563644691622561E+02
5.622811405702721E+02	1.567117532036131E+02
5.627813906953346E+02	1.570592597030252E+02
5.632816408203971E+02	1.574069883014391E+02
5.637818909454596E+02	1.577549386403361E+02
5.642821410705221E+02	1.581031103617347E+02
5.647823911955846E+02	1.584515031081865E+02
5.652826413206471E+02	1.588001165227781E+02
5.657828914457097E+02	1.591489502491311E+02
5.662831415707722E+02	1.594980039314004E+02
5.667833916958347E+02	1.598472772142749E+02
5.672836418208972E+02	1.601967697429766E+02
5.677838919459597E+02	1.605464811632597E+02
5.682841420710222E+02	1.608964111214120E+02
5.687843921960847E+02	1.612465592642533E+02
5.692846423211472E+02	1.615969252391349E+02
5.697848924462097E+02	1.619475086939399E+02
5.702851425712722E+02	1.622983092770826E+02
5.707853926963347E+02	1.626493266375078E+02
5.712856428213972E+02	1.630005604246914E+02
5.717858929464597E+02	1.633520102886391E+02
5.722861430715222E+02	1.637036758798859E+02
5.727863931965848E+02	1.640555568494967E+02
5.732866433216473E+02	1.644076528490651E+02
5.737868934467098E+02	1.647599635307136E+02
5.742871435717723E+02	1.651124885470929E+02
5.747873936968348E+02	1.654652275513814E+02
5.752876438218973E+02	1.658181801972850E+02
5.757878939469598E+02	1.661713461390369E+02
5.762881440720223E+02	1.665247250313966E+02
5.767883941970848E+02	1.668783165296508E+02
5.772886443221473E+02	1.672321202896110E+02
5.777888944472098E+02	1.675861359676156E+02
5.782891445722723E+02	1.679403632205266E+02
5.787893946973348E+02	1.682948017057320E+02
5.792896448223973E+02	1.686494510811438E+02
5.797898949474599E+02	1.690043110051980E+02
5.802901450725224E+02	1.693593811368536E+02
5.807903951975849E+02	1.697146611355938E+02
5.812906453226474E+02	1.700701506614233E+02
5.817908954477099E+02	1.704258493748706E+02
5.822911455727724E+02	1.707817569369846E+02
5.827913956978349E+02	1.711378730093367E+02
5.832916458228974E+02	1.714941972540193E+02
5.837918959479599E+02	1.718507293336448E+02
5.842921460730224E+02	1.722074689113463E+02
5.847923961980849E+02	1.725644156507775E+02
5.852926463231474E+02	1.729215692161098E+02
5.857928964482099E+02	1.732789292720349E+02
5.862931465732725E+02	1.736364954837622E+02
5.867933966983350E+02	1.739942675170199E+02
5.872936468233975E+02	1.743522450380539E+02
5.877938969484600E+02	1.747104277136264E+02
5.882941470735225E+02	1.750688152110171E+02
5.887943971985850E+02	1.754274071980223E+02
5.892946473236475E+02	1.757862033429530E+02
5.897948974487100E+02	1.761452033146371E+02
5.902951475737725E+02	1.765044067824167E+02
5.907953976988350E+02	1.768638134161486E+02
5.912956478238975E+02	1.772234228862038E+02
5.917958979489600E+02	1.775832348634668E+02
5.922961480740225E+02	1.779432490193354E+02
5.927963981990850E+02	1.783034650257205E+02
5.932966483241476E+02	1.786638825550443E+02
5.937968984492101E+02	1.790245012802420E+02
5.942971485742726E+02	1.793853208747592E+02
5.947973986993351E+02	1.797463410125532E+02
5.952976488243976E+02	1.801075613680910E+02
5.957978989494601E+02	1.804689816163501E+02
5.962981490745226E+02	1.808306014328174E+02
5.967983991995851E+02	1.811924204934883E+02
5.972986493246476E+02	1.815544384748677E+02
5.977988994497101E+02	1.819166550539679E+02
5.982991495747726E+02	1.822790699083089E+02
5.987993996998351E+02	1.826416827159178E+02
5.992996498248976E+02	1.830044931553288E+02
5.997998999499601E+02	1.833675009055813E+02
6.003001500750227E+02	1.837307056462214E+02
6.008004002000852E+02	1.840941070573001E+02
6.013006503251477E+02	1.844577048193727E+02
6.018009004502102E+02	1.848214986134990E+02
6.023011505752727E+02	1.851854881212425E+02
6.028014007003352E+02	1.855496730246702E+02
6.033016508253977E+02	1.859140530063517E+02
6.038019009504602E+02	1.862786277493586E+02
6.043021510755227E+02	1.866433969372642E+02
6.048024012005852E+02	1.870083602541436E+02
6.053026513256477E+02	1.873735173845727E+02
6.058029014507102E+02	1.877388680136268E+02
6.063031515757727E+02	1.881044118268814E+02
6.068034017008353E+02	1.884701485104120E+02
6.073036518258978E+02	1.888360777507918E+02
6.078039019509603E+02	1.892021992350926E+02
6.083041520760228E+02	1.895685126508844E+02
6.088044022010853E+02	1.899350176862334E+02
6.093046523261478E+02	1.903017140297042E+02
6.098049024512103E+02	1.906686013703556E+02
6.103051525762728E+02	1.910356793977438E+02
6.108054027013353E+02	1.914029478019190E+02
6.113056528263978E+02	1.917704062734269E+02
6.118059029514603E+02	1.921380545033068E+02
6.123061530765228E+02	1.925058921830921E+02
6.128064032015853E+02	1.928739190048089E+02
6.133066533266478E+02	1.932421346609764E+02
6.138069034517104E+02	1.936105388446049E+02
6.143071535767729E+02	1.939791312491981E+02
6.148074037018354E+02	1.943479115687483E+02
6.153076538268979E+02	1.947168794977405E+02
6.158079039519604E+02	1.950860347311482E+02
6.163081540770229E+02	1.954553769644354E+02
6.168084042020854E+02	1.958249058935542E+02
6.173086543271479E+02	1.961946212149455E+02
6.178089044522104E+02	1.965645226255381E+02
6.183091545772729E+02	1.969346098227482E+02
6.188094047023354E+02	1.973048825044787E+02
6.193096548273979E+02	1.976753403691180E+02
6.198099049524604E+02	1.980459831155420E+02
6.203101550775229E+02	1.984168104431103E+02
6.208104052025855E+02	1.987878220516674E+02
6.213106553276480E+02	1.991590176415426E+02
6.218109054527105E+02	1.995303969135477E+02
6.223111555777730E+02	1.999019595689788E+02
6.228114057028355E+02	2.002737053096141E+02
6.233116558278980E+02	2.006456338377129E+02
6.238119059529605E+02	2.010177448560170E+02
6.243121560780230E+02	2.013900380677483E+02
6.248124062030855E+02	2.017625131766093E+02
6.253126563281480E+02	2.021351698867829E+02
6.258129064532105E+02	2.025080079029302E+02
6.263131565782730E+02	2.028810269301915E+02
6.268134067033355E+02	2.032542266741854E+02
6.273136568283981E+02	2.036276068410077E+02
6.278139069534606E+02	2.040011671372318E+02
6.283141570785231E+02	2.043749072699069E+02
6.288144072035856E+02	2.047488269465582E+02
6.293146573286481E+02	2.051229258751869E+02
6.298149074537106E+02	2.054972037642685E+02
6.303151575787731E+02	2.058716603227533E+02
6.308154077038356E+02	2.062462952600644E+02
6.313156578288981E+02	2.066211082860992E+02
6.318159079539606E+02	2.069960991112260E+02
6.323161580790231E+02	2.073712674462873E+02
6.328164082040856E+02	2.077466130025960E+02
6.333166583291481E+02	2.081221354919352E+02
6.338169084542106E+02	2.084978346265598E+02
6.343171585792732E+02	2.088737101191933E+02
6.348174087043357E+02	2.092497616830295E+02
6.353176588293982E+02	2.096259890317298E+02
6.358179089544607E+02	2.100023918794245E+02
6.363181590795232E+02	2.103789699407113E+02
6.368184092045857E+02	2.107557229306545E+02
6.373186593296482E+02	2.111326505647855E+02
6.378189094547107E+02	2.115097525591004E+02
6.383191595797732E+02	2.118870286300622E+02
6.388194097048357E+02	2.122644784945973E+02
6.393196598298982E+02	2.126421018700970E+02
6.398199099549607E+02	2.130198984744154E+02
6.403201600800232E+02	2.133978680258708E+02
6.408204102050858E+02	2.137760102432424E+02
6.413206603301483E+02	2.141543248457729E+02
6.418209104552108E+02	2.145328115531649E+02
6.423211605802733E+02	2.149114700855830E+02
6.428214107053358E+02	2.152903001636506E+02
6.433216608303983E+02	2.156693015084521E+02
6.438219109554608E+02	2.160484738415295E+02
6.443221610805233E+02	2.164278168848848E+02
6.448224112055858E+02	2.168073303609762E+02
6.453226613306483E+02	2.171870139927204E+02
6.458229114557108E+02	2.175668675034900E+02
6.463231615807733E+02	2.179468906171148E+02
6.468234117058358E+02	2.183270830578793E+02
6.473236618308983E+02	2.187074445505229E+02
6.478239119559609E+02	2.190879748202395E+02
6.483241620810234E+02	2.194686735926778E+02
6.488244122060859E+02	2.198495405939383E+02
6.493246623311484E+02	2.202305755505752E+02
6.498249124562109E+02	2.206117781895942E+02
6.503251625812734E+02	2.209931482384526E+02
6.508254127063359E+02	2.213746854250594E+02
6.513256628313984E+02	2.217563894777724E+02
6.518259129564609E+02	2.221382601254011E+02
6.523261630815234E+02	2.225202970972024E+02
6.528264132065859E+02	2.229025001228831E+02
6.533266633316484E+02	2.232848689325969E+02
6.538269134567109E+02	2.236674032569462E+02
6.543271635817734E+02	2.240501028269790E+02
6.548274137068360E+02	2.244329673741905E+02
6.553276638318985E+02	2.248159966305213E+02
6.558279139569610E+02	2.251991903283570E+02
6.563281640820235E+02	2.255825482005280E+02
6.568284142070860E+02	2.259660699803079E+02
6.573286643321485E+02	2.263497554014145E+02
6.578289144572110E+02	2.267336041980080E+02
6.583291645822735E+02	2.271176161046914E+02
6.588294147073360E+02	2.275017908565079E+02
6.593296648323985E+02	2.278861281889429E+02
6.598299149574610E+02	2.282706278379216E+02
6.603301650825235E+02	2.286552895398099E+02
6.608304152075860E+02	2.290401130314117E+02
6.613306653326486E+02	2.294250980499708E+02
6.618309154577111E+02	2.298102443331680E+02
6.623311655827736E+02	2.301955516191227E+02
6.628314157078361E+02	2.305810196463896E+02
6.633316658328986E+02	2.309666481539614E+02
6.638319159579611E+02	2.313524368812660E+02
6.643321660830236E+02	2.317383855681653E+02
6.648324162080861E+02	2.321244939549580E+02
6.653326663331486E+02	2.325107617823744E+02
6.658329164582111E+02	2.328971887915798E+02
6.663331665832736E+02	2.332837747241710E+02
6.668334167083361E+02	2.336705193221784E+02
6.673336668333986E+02	2.340574223280633E+02
6.678339169584611E+02	2.344444834847175E+02
6.683341670835237E+02	2.348317025354640E+02
6.688344172085862E+02	2.352190792240551E+02
6.693346673336487E+02	2.356066132946729E+02
6.698349174587112E+02	2.359943044919277E+02
6.703351675837737E+02	2.363821525608582E+02
6.708354177088362E+02	2.367701572469298E+02
6.713356678338987E+02	2.371583182960359E+02
6.718359179589612E+02	2.375466354544953E+02
6.723361680840237E+02	2.379351084690529E+02
6.728364182090862E+02	2.383237370868787E+02
6.733366683341487E+02	2.387125210555670E+02
6.738369184592112E+02	2.391014601231362E+02
6.743371685842737E+02	2.394905540380274E+02
6.748374187093362E+02	2.398798025491063E+02
6.753376688343988E+02	2.402692054056582E+02
6.758379189594613E+02	2.406587623573923E+02
6.763381690845238E+02	2.410484731544368E+02
6.768384192095863E+02	2.414383375473412E+02
6.773386693346488E+02	2.418283552870755E+02
6.778389194597113E+02	2.422185261250275E+02
6.783391695847738E+02	2.426088498130041E+02
6.788394197098363E+02	2.429993261032311E+02
6.793396698348988E+02	2.433899547483502E+02
6.798399199599613E+02	2.437807355014207E+02
6.803401700850238E+02	2.441716681159185E+02
6.808404202100863E+02	2.445627523457342E+02
6.813406703351488E+02	2.449539879451746E+02
6.818409204602114E+02	2.453453746689598E+02
6.823411705852739E+02	2.457369122722249E+02
6.828414207103364E+02	2.461286005105171E+02
6.833416708353989E+02	2.465204391397971E+02
6.838419209604614E+02	2.469124279164375E+02
6.843421710855239E+02	2.473045665972218E+02
6.848424212105864E+02	2.476968549393459E+02
6.853426713356489E+02	2.480892927004144E+02
6.858429214607114E+02	2.484818796384424E+02
6.863431715857739E+02	2.488746155118541E+02
6.868434217108364E+02	2.492675000794821E+02
6.873436718358989E+02	2.496605331005670E+02
6.878439219609614E+02	2.500537143347570E+02
6.883441720860239E+02	2.504470435421066E+02
6.888444222110865E+02	2.508405204830767E+02
6.893446723361490E+02	2.512341449185344E+02
6.898449224612115E+02	2.516279166097500E+02
6.903451725862740E+02	2.520218353184005E+02
6.908454227113365E+02	2.524159008065650E+02
6.913456728363990E+02	2.528101128367271E+02
6.918459229614615E+02	2.532044711717718E+02
6.923461730865240E+02	2.535989755749869E+02
6.928464232115865E+02	2.539936258100616E+02
6.933466733366490E+02	2.543884216410853E+02
6.938469234617115E+02	2.547833628325494E+02
6.943471735867740E+02	2.551784491493430E+02
6.948474237118365E+02	2.555736803567550E+02
6.953476738368990E+02	2.559690562204738E+02
6.958479239619616E+02	2.563645765065837E+02
6.963481740870241E+02	2.567602409815680E+02
6.968484242120866E+02	2.571560494123067E+02
6.973486743371491E+02	2.575520015660745E+02
6.978489244622116E+02	2.579480972105439E+02
6.983491745872741E+02	2.583443361137800E+02
6.988494247123366E+02	2.587407180442437E+02
6.993496748373991E+02	2.591372427707901E+02
6.998499249624616E+02	2.595339100626658E+02
7.003501750875241E+02	2.599307196895121E+02
7.008504252125866E+02	2.603276714213608E+02
7.013506753376491E+02	2.607247650286353E+02
7.018509254627116E+02	2.611220002821511E+02
7.023511755877742E+02	2.615193769531122E+02
7.028514257128367E+02	2.619168948131142E+02
7.033516758378992E+02	2.623145536341401E+02
7.038519259629617E+02	2.627123531885624E+02
7.043521760880242E+02	2.631102932491411E+02
7.048524262130867E+02	2.635083735890244E+02
7.053526763381492E+02	2.639065939817457E+02
7.058529264632117E+02	2.643049542012259E+02
7.063531765882742E+02	2.647034540217717E+02
7.068534267133367E+02	2.651020932180733E+02
7.073536768383992E+02	2.655008715652067E+02
7.078539269634617E+02	2.658997888386315E+02
7.083541770885242E+02	2.662988448141899E+02
7.088544272135867E+02	2.666980392681079E+02
7.093546773386493E+02	2.670973719769923E+02
7.098549274637118E+02	2.674968427178326E+02
7.103551775887743E+02	2.678964512679987E+02
7.108554277138368E+02	2.682961974052401E+02
7.113556778388993E+02	2.686960809076879E+02
7.118559279639618E+02	2.690961015538511E+02
7.123561780890243E+02	2.694962591226171E+02
7.128564282140868E+02	2.698965533932524E+02
7.133566783391493E+02	2.702969841454002E+02
7.138569284642118E+02	2.706975511590800E+02
7.143571785892743E+02	2.710982542146891E+02
7.148574287143368E+02	2.714990930929995E+02
7.153576788393993E+02	2.719000675751583E+02
7.158579289644618E+02	2.723011774426880E+02
7.163581790895244E+02	2.727024224774842E+02
7.168584292145869E+02	2.731038024618164E+02
7.173586793396494E+02	2.735053171783261E+02
7.178589294647119E+02	2.739069664100280E+02
7.183591795897744E+02	2.743087499403085E+02
7.188594297148369E+02	2.747106675529241E+02
7.193596798398994E+02	2.751127190320030E+02
7.198599299649619E+02	2.755149041620423E+02
7.203601800900244E+02	2.759172227279093E+02
7.208604302150869E+02	2.763196745148398E+02
7.213606803401494E+02	2.767222593084373E+02
7.218609304652119E+02	2.771249768946737E+02
7.223611805902744E+02	2.775278270598877E+02
7.228614307153370E+02	2.779308095907838E+02
7.233616808403995E+02	2.783339242744345E+02
7.238619309654620E+02	2.787371708982749E+02
7.243621810905245E+02	2.791405492501068E+02
7.248624312155870E+02	2.795440591180951E+02
7.253626813406495E+02	2.799477002907693E+02
7.258629314657120E+02	2.803514725570215E+02
7.263631815907745E+02	2.807553757061058E+02
7.268634317158370E+02	2.811594095276392E+02
7.273636818408995E+02	2.815635738115997E+02
7.278639319659620E+02	2.819678683483249E+02
7.283641820910245E+02	2.823722929285145E+02
7.288644322160870E+02	2.827768473432274E+02
7.293646823411495E+02	2.831815313838798E+02
7.298649324662121E+02	2.835863448422492E+02
7.303651825912746E+02	2.839912875104686E+02
7.308654327163371E+02	2.843963591810299E+02
7.313656828413996E+02	2.848015596467812E+02
7.318659329664621E+02	2.852068887009265E+02
7.323661830915246E+02	2.856123461370261E+02
7.328664332165871E+02	2.860179317489953E+02
7.333666833416496E+02	2.864236453311037E+02
7.338669334667121E+02	2.868294866779759E+02
7.343671835917746E+02	2.872354555845874E+02
7.348674337168371E+02	2.876415518462697E+02
7.353676838418996E+02	2.880477752587046E+02
7.358679339669621E+02	2.884541256179252E+02
7.363681840920246E+02	2.888606027203180E+02
7.368684342170872E+02	2.892672063626180E+02
7.373686843421497E+02	2.896739363419114E+02
7.378689344672122E+02	2.900807924556335E+02
7.383691845922747E+02	2.904877745015678E+02
7.388694347173372E+02	2.908948822778480E+02
7.393696848423997E+02	2.913021155829537E+02
7.398699349674622E+02	2.917094742157125E+02
7.403701850925247E+02	2.921169579752990E+02
7.408704352175872E+02	2.925245666612335E+02
7.413706853426497E+02	2.929323000733820E+02
7.418709354677122E+02	2.933401580119560E+02
7.423711855927747E+02	2.937481402775100E+02
7.428714357178372E+02	2.941562466709444E+02
7.433716858428998E+02	2.945644769935008E+02
7.438719359679623E+02	2.949728310467657E+02
7.443721860930248E+02	2.953813086326667E+02
7.448724362180873E+02	2.957899095534728E+02
7.453726863431498E+02	2.961986336117948E+02
7.458729364682123E+02	2.966074806105834E+02
7.463731865932748E+02	2.970164503531307E+02
7.468734367183373E+02	2.974255426430668E+02
7.473736868433998E+02	2.978347572843607E+02
7.478739369684623E+02	2.982440940813211E+02
7.483741870935248E+02	2.986535528385933E+02
7.488744372185873E+02	2.990631333611606E+02
7.493746873436498E+02	2.994728354543424E+02
7.498749374687123E+02	2.998826589237947E+02
7.503751875937749E+02	3.002926035755094E+02
7.508754377188374E+02	3.007026692158125E+02
7.513756878438999E+02	3.011128556513654E+02
7.518759379689624E+02	3.015231626891633E+02
7.523761880940249E+02	3.019335901365341E+02
7.528764382190874E+02	3.023441378011404E+02
7.533766883441499E+02	3.027548054909748E+02
7.538769384692124E+02	3.031655930143635E+02
7.543771885942749E+02	3.035765001799629E+02
7.548774387193374E+02	3.039875267967611E+02
7.553776888443999E+02	3.043986726740753E+02
7.558779389694624E+02	3.048099376215532E+02
7.563781890945249E+02	3.052213214491711E+02
7.568784392195874E+02	3.056328239672333E+02
7.573786893446500E+02	3.060444449863734E+02
7.578789394697125E+02	3.064561843175521E+02
7.583791895947750E+02	3.068680417720566E+02
7.588794397198375E+02	3.072800171614999E+02
7.593796898449000E+02	3.076921102978221E+02
7.598799399699625E+02	3.081043209932880E+02
7.603801900950250E+02	3.085166490604875E+02
7.608804402200875E+02	3.089290943123343E+02
7.613806903451500E+02	3.093416565620661E+02
7.618809404702125E+02	3.097543356232431E+02
7.623811905952750E+02	3.101671313097494E+02
7.628814407203375E+02	3.105800434357897E+02
7.633816908454000E+02	3.109930718158919E+02
7.638819409704626E+02	3.114062162649033E+02
7.643821910955251E+02	3.118194765979928E+02
7.648824412205876E+02	3.122328526306482E+02
7.653826913456501E+02	3.126463441786786E+02
7.658829414707126E+02	3.130599510582095E+02
7.663831915957751E+02	3.134736730856874E+02
7.668834417208376E+02	3.138875100778745E+02
7.673836918459001E+02	3.143014618518511E+02
7.678839419709626E+02	3.147155282250142E+02
7.683841920960251E+02	3.151297090150776E+02
7.688844422210876E+02	3.155440040400698E+02
7.693846923461501E+02	3.159584131183355E+02
7.698849424712126E+02	3.163729360685336E+02
7.703851925962751E+02	3.167875727096370E+02
7.708854427213377E+02	3.172023228609322E+02
7.713856928464002E+02	3.176171863420194E+02
7.718859429714627E+02	3.180321629728107E+02
7.723861930965252E+02	3.184472525735296E+02
7.728864432215877E+02	3.188624549647130E+02
7.733866933466502E+02	3.192777699672082E+02
7.738869434717127E+02	3.196931974021711E+02
7.743871935967752E+02	3.201087370910707E+02
7.748874437218377E+02	3.205243888556821E+02
7.753876938469002E+02	3.209401525180920E+02
7.758879439719627E+02	3.213560279006945E+02
7.763881940970252E+02	3.217720148261902E+02
7.768884442220877E+02	3.221881131175900E+02
7.773886943471502E+02	3.226043225982091E+02
7.778889444722128E+02	3.230206430916704E+02
7.783891945972753E+02	3.234370744219022E+02
7.788894447223378E+02	3.238536164131374E+02
7.793896948474003E+02	3.242702688899144E+02
7.798899449724628E+02	3.246870316770766E+02
7.803901950975253E+02	3.251039045997695E+02
7.808904452225878E+02	3.255208874834430E+02
7.813906953476503E+02	3.259379801538488E+02
7.818909454727128E+02	3.263551824370422E+02
7.823911955977753E+02	3.267724941593794E+02
7.828914457228378E+02	3.271899151475168E+02
7.833916958479003E+02	3.276074452284133E+02
7.838919459729628E+02	3.280250842293265E+02
7.843921960980254E+02	3.284428319778148E+02
7.848924462230879E+02	3.288606883017344E+02
7.853926963481504E+02	3.292786530292422E+02
7.858929464732129E+02	3.296967259887905E+02
7.863931965982754E+02	3.301149070091315E+02
7.868934467233379E+02	3.305331959193143E+02
7.873936968484004E+02	3.309515925486824E+02
7.878939469734629E+02	3.313700967268782E+02
7.883941970985254E+02	3.317887082838390E+02
7.888944472235879E+02	3.322074270497953E+02
7.893946973486504E+02	3.326262528552747E+02
7.898949474737129E+02	3.330451855310978E+02
7.903951975987754E+02	3.334642249083785E+02
7.908954477238379E+02	3.338833708185241E+02
7.913956978489005E+02	3.343026230932346E+02
7.918959479739630E+02	3.347219815645013E+02
7.923961980990255E+02	3.351414460646099E+02
7.928964482240880E+02	3.355610164261331E+02
7.933966983491505E+02	3.359806924819370E+02
7.938969484742130E+02	3.364004740651763E+02
7.943971985992755E+02	3.368203610092973E+02
7.948974487243380E+02	3.372403531480331E+02
7.953976988494005E+02	3.376604503154066E+02
7.958979489744630E+02	3.380806523457290E+02
7.963981990995255E+02	3.385009590735990E+02
7.968984492245880E+02	3.389213703339011E+02
7.973986993496505E+02	3.393418859618087E+02
7.978989494747130E+02	3.397625057927796E+02
7.983991995997756E+02	3.401832296625578E+02
7.988994497248381E+02	3.406040574071729E+02
7.993996998499006E+02	3.410249888629386E+02
7.998999499749631E+02	3.414460238664526E+02
8.004002001000256E+02	3.418671622545972E+02
8.009004502250881E+02	3.422884038645372E+02
8.014007003501506E+02	3.427097485337211E+02
8.019009504752131E+02	3.431311960998775E+02
8.024012006002756E+02	3.435527464010186E+02
8.029014507253381E+02	3.439743992754371E+02
8.034017008504006E+02	3.443961545617070E+02
8.039019509754631E+02	3.448180120986827E+02
8.044022011005256E+02	3.452399717254970E+02
8.049024512255882E+02	3.456620332815640E+02
8.054027013506507E+02	3.460841966065756E+02
8.059029514757132E+02	3.465064615405010E+02
8.064032016007757E+02	3.469288279235896E+02
8.069034517258382E+02	3.473512955963671E+02
8.074037018509007E+02	3.477738643996352E+02
8.079039519759632E+02	3.481965341744732E+02
8.084042021010257E+02	3.486193047622362E+02
8.089044522260882E+02	3.490421760045542E+02
8.094047023511507E+02	3.494651477433334E+02
8.099049524762132E+02	3.498882198207527E+02
8.104052026012757E+02	3.503113920792672E+02
8.109054527263382E+02	3.507346643616034E+02
8.114057028514007E+02	3.511580365107629E+02
8.119059529764633E+02	3.515815083700188E+02
8.124062031015258E+02	3.520050797829156E+02
8.129064532265883E+02	3.524287505932718E+02
8.134067033516508E+02	3.528525206451746E+02
8.139069534767133E+02	3.532763897829847E+02
8.144072036017758E+02	3.537003578513290E+02
8.149074537268383E+02	3.541244246951084E+02
8.154077038519008E+02	3.545485901594915E+02
8.159079539769633E+02	3.549728540899151E+02
8.164082041020258E+02	3.553972163320845E+02
8.169084542270883E+02	3.558216767319738E+02
8.174087043521508E+02	3.562462351358247E+02
8.179089544772133E+02	3.566708913901441E+02
8.184092046022758E+02	3.570956453417073E+02
8.189094547273384E+02	3.575204968375557E+02
8.194097048524009E+02	3.579454457249935E+02
8.199099549774634E+02	3.583704918515946E+02
8.204102051025259E+02	3.587956350651930E+02
8.209104552275884E+02	3.592208752138900E+02
8.214107053526509E+02	3.596462121460494E+02
8.219109554777134E+02	3.600716457102988E+02
8.224112056027759E+02	3.604971757555277E+02
8.229114557278384E+02	3.609228021308893E+02
8.234117058529009E+02	3.613485246857970E+02
8.239119559779634E+02	3.617743432699283E+02
8.244122061030259E+02	3.622002577332182E+02
8.249124562280884E+02	3.626262679258649E+02
8.254127063531510E+02	3.630523736983259E+02
8.259129564782135E+02	3.634785749013181E+02
8.264132066032760E+02	3.639048713858177E+02
8.269134567283385E+02	3.643312630030596E+02
8.274137068534010E+02	3.647577496045363E+02
8.279139569784635E+02	3.651843310419999E+02
8.284142071035260E+02	3.656110071674591E+02
8.289144572285885E+02	3.660377778331783E+02
8.294147073536510E+02	3.664646428916778E+02
8.299149574787135E+02	3.668916021957373E+02
8.304152076037760E+02	3.673186555983896E+02
8.309154577288385E+02	3.677458029529224E+02
8.314157078539010E+02	3.681730441128793E+02
8.319159579789635E+02	3.686003789320565E+02
8.324162081040261E+02	3.690278072645063E+02
8.329164582290886E+02	3.694553289645310E+02
8.334167083541511E+02	3.698829438866893E+02
8.339169584792136E+02	3.703106518857907E+02
8.344172086042761E+02	3.707384528168953E+02
8.349174587293386E+02	3.711663465353171E+02
8.354177088544011E+02	3.715943328966198E+02
8.359179589794636E+02	3.720224117566183E+02
8.364182091045261E+02	3.724505829713775E+02
8.369184592295886E+02	3.728788463972110E+02
8.374187093546511E+02	3.733072018906843E+02
8.379189594797136E+02	3.737356493086100E+02
8.384192096047761E+02	3.741641885080487E+02
8.389194597298386E+02	3.745928193463092E+02
8.394197098549012E+02	3.750215416809497E+02
8.399199599799637E+02	3.754503553697730E+02
8.404202101050262E+02	3.758792602708304E+02
8.409204602300887E+02	3.763082562424188E+02
8.414207103551512E+02	3.767373431430806E+02
8.419209604802137E+02	3.771665208316035E+02
8.424212106052762E+02	3.775957891670219E+02
8.429214607303387E+02	3.780251480086116E+02
8.434217108554012E+02	3.784545972158947E+02
8.439219609804637E+02	3.788841366486374E+02
8.444222111055262E+02	3.793137661668470E+02
8.449224612305887E+02	3.797434856307758E+02
8.454227113556512E+02	3.801732949009160E+02
8.459229614807138E+02	3.806031938380045E+02
8.464232116057763E+02	3.810331823030168E+02
8.469234617308388E+02	3.814632601571724E+02
8.474237118559013E+02	3.818934272619296E+02
8.479239619809638E+02	3.823236834789873E+02
8.484242121060263E+02	3.827540286702837E+02
8.489244622310888E+02	3.831844626979970E+02
8.494247123561513E+02	3.836149854245448E+02
8.499249624812138E+02	3.840455967125824E+02
8.504252126062763E+02	3.844762964250032E+02
8.509254627313388E+02	3.849070844249375E+02
8.514257128564013E+02	3.853379605757558E+02
8.519259629814638E+02	3.857689247410619E+02
8.524262131065263E+02	3.861999767846983E+02
8.529264632315889E+02	3.866311165707420E+02
8.534267133566514E+02	3.870623439635068E+02
8.539269634817139E+02	3.874936588275410E+02
8.544272136067764E+02	3.879250610276268E+02
8.549274637318389E+02	3.883565504287832E+02
8.554277138569014E+02	3.887881268962595E+02
8.559279639819639E+02	3.892197902955427E+02
8.564282141070264E+02	3.896515404923486E+02
8.569284642320889E+02	3.900833773526285E+02
8.574287143571514E+02	3.905153007425655E+02
8.579289644822139E+02	3.909473105285730E+02
8.584292146072764E+02	3.913794065772975E+02
8.589294647323389E+02	3.918115887556156E+02
8.594297148574014E+02	3.922438569306354E+02
8.599299649824640E+02	3.926762109696931E+02
8.604302151075265E+02	3.931086507403573E+02
8.609304652325890E+02	3.935411761104235E+02
8.614307153576515E+02	3.939737869479180E+02
8.619309654827140E+02	3.944064831210947E+02
8.624312156077765E+02	3.948392644984361E+02
8.629314657328390E+02	3.952721309486512E+02
8.634317158579015E+02	3.957050823406780E+02
8.639319659829640E+02	3.961381185436805E+02
8.644322161080265E+02	3.965712394270489E+02
8.649324662330890E+02	3.970044448604003E+02
8.654327163581515E+02	3.974377347135763E+02
8.659329664832140E+02	3.978711088566455E+02
8.664332166082766E+02	3.983045671598988E+02
8.669334667333391E+02	3.987381094938546E+02
8.674337168584016E+02	3.991717357292529E+02
8.679339669834641E+02	3.996054457370585E+02
8.684342171085266E+02	4.000392393884602E+02
8.689344672335891E+02	4.004731165548674E+02
8.694347173586516E+02	4.009070771079146E+02
8.699349674837141E+02	4.013411209194562E+02
8.704352176087766E+02	4.017752478615691E+02
8.709354677338391E+02	4.022094578065517E+02
8.714357178589016E+02	4.026437506269231E+02
8.719359679839641E+02	4.030781261954235E+02
8.724362181090266E+02	4.035125843850113E+02
8.729364682340891E+02	4.039471250688664E+02
8.734367183591517E+02	4.043817481203880E+02
8.739369684842142E+02	4.048164534131927E+02
8.744372186092767E+02	4.052512408211165E+02
8.749374687343392E+02	4.056861102182138E+02
8.754377188594017E+02	4.061210614787570E+02
8.759379689844642E+02	4.065560944772341E+02
8.764382191095267E+02	4.069912090883525E+02
8.769384692345892E+02	4.074264051870340E+02
8.774387193596517E+02	4.078616826484177E+02
8.779389694847142E+02	4.082970413478584E+02
8.784392196097767E+02	4.087324811609246E+02
8.789394697348392E+02	4.091680019634035E+02
8.794397198599017E+02	4.096036036312931E+02
8.799399699849643E+02	4.100392860408080E+02
8.804402201100268E+02	4.104750490683754E+02
8.809404702350893E+02	4.109108925906361E+02
8.814407203601518E+02	4.113468164844452E+02
8.819409704852143E+02	4.117828206268696E+02
8.824412206102768E+02	4.122189048951872E+02
8.829414707353393E+02	4.126550691668896E+02
8.834417208604018E+02	4.130913133196795E+02
8.839419709854643E+02	4.135276372314710E+02
8.844422211105268E+02	4.139640407803886E+02
8.849424712355893E+02	4.144005238447669E+02
8.854427213606518E+02	4.148370863031511E+02
8.859429714857143E+02	4.152737280342956E+02
8.864432216107768E+02	4.157104489171643E+02
8.869434717358394E+02	4.161472488309297E+02
8.874437218609019E+02	4.165841276549735E+02
8.879439719859644E+02	4.170210852688859E+02
8.884442221110269E+02	4.174581215524623E+02
8.889444722360894E+02	4.178952363857088E+02
8.894447223611519E+02	4.183324296488356E+02
8.899449724862144E+02	4.187697012222622E+02
8.904452226112769E+02	4.192070509866123E+02
8.909454727363394E+02	4.196444788227166E+02
8.914457228614019E+02	4.200819846116107E+02
8.919459729864644E+02	4.205195682345350E+02
8.924462231115269E+02	4.209572295729372E+02
8.929464732365894E+02	4.213949685084651E+02
8.934467233616519E+02	4.218327849229743E+02
8.939469734867145E+02	4.222706786985239E+02
8.944472236117770E+02	4.227086497173725E+02
8.949474737368395E+02	4.231466978619860E+02
8.954477238619020E+02	4.235848230150304E+02
8.959479739869645E+02	4.240230250593748E+02
8.964482241120270E+02	4.244613038780903E+02
8.969484742370895E+02	4.248996593544484E+02
8.974487243621520E+02	4.253380913719237E+02
8.979489744872145E+02	4.257765998141896E+02
8.984492246122770E+02	4.262151845651200E+02
8.989494747373395E+02	4.266538455087899E+02
8.994497248624020E+02	4.270925825294730E+02
8.999499749874645E+02	4.275313955116440E+02
9.004502251125271E+02	4.279702843399742E+02
9.009504752375896E+02	4.284092488993351E+02
9.014507253626521E+02	4.288482890747957E+02
9.019509754877146E+02	4.292874047516226E+02
9.024512256127771E+02	4.297265958152806E+02
9.029514757378396E+02	4.301658621514320E+02
9.034517258629021E+02	4.306052036459344E+02
9.039519759879646E+02	4.310446201848434E+02
9.044522261130271E+02	4.314841116544091E+02
9.049524762380896E+02	4.319236779410788E+02
9.054527263631521E+02	4.323633189314948E+02
9.059529764882146E+02	4.328030345124939E+02
9.064532266132771E+02	4.332428245711071E+02
9.069534767383396E+02	4.336826889945614E+02
9.074537268634022E+02	4.341226276702759E+02
9.079539769884647E+02	4.345626404858655E+02
9.084542271135272E+02	4.350027273291359E+02
9.089544772385897E+02	4.354428880880866E+02
9.094547273636522E+02	4.358831226509103E+02
9.099549774887147E+02	4.363234309059924E+02
9.104552276137772E+02	4.367638127419077E+02
9.109554777388397E+02	4.372042680474250E+02
9.114557278639022E+02	4.376447967115027E+02
9.119559779889647E+02	4.380853986232908E+02
9.124562281140272E+02	4.385260736721298E+02
9.129564782390897E+02	4.389668217475499E+02
9.134567283641522E+02	4.394076427392708E+02
9.139569784892147E+02	4.398485365372027E+02
9.144572286142773E+02	4.402895030314437E+02
9.149574787393398E+02	4.407305421122815E+02
9.154577288644023E+02	4.411716536701924E+02
9.159579789894648E+02	4.416128375958394E+02
9.164582291145273E+02	4.420540937800739E+02
9.169584792395898E+02	4.424954221139358E+02
9.174587293646523E+02	4.429368224886505E+02
9.179589794897148E+02	4.433782947956306E+02
9.184592296147773E+02	4.438198389264750E+02
9.189594797398398E+02	4.442614547729689E+02
9.194597298649023E+02	4.447031422270834E+02
9.199599799899648E+02	4.451449011809742E+02
9.204602301150273E+02	4.455867315269825E+02
9.209604802400899E+02	4.460286331576328E+02
9.214607303651524E+02	4.464706059656374E+02
9.219609804902149E+02	4.469126498438887E+02
9.224612306152774E+02	4.473547646854649E+02
9.229614807403399E+02	4.477969503836269E+02
9.234617308654024E+02	4.482392068318189E+02
9.239619809904649E+02	4.486815339236678E+02
9.244622311155274E+02	4.491239315529826E+02
9.249624812405899E+02	4.495663996137529E+02
9.254627313656524E+02	4.500089380001540E+02
9.259629814907149E+02	4.504515466065371E+02
9.264632316157774E+02	4.508942253274396E+02
9.269634817408399E+02	4.513369740575759E+02
9.274637318659024E+02	4.517797926918423E+02
9.279639819909650E+02	4.522226811253161E+02
9.284642321160275E+02	4.526656392532506E+02
9.289644822410900E+02	4.531086669710828E+02
9.294647323661525E+02	4.535517641744265E+02
9.299649824912150E+02	4.539949307590750E+02
9.304652326162775E+02	4.544381666209986E+02
9.309654827413400E+02	4.548814716563472E+02
9.314657328664025E+02	4.553248457614478E+02
9.319659829914650E+02	4.557682888328056E+02
9.324662331165275E+02	4.562118007671007E+02
9.329664832415900E+02	4.566553814611930E+02
9.334667333666525E+02	4.570990308121170E+02
9.339669834917150E+02	4.575427487170832E+02
9.344672336167775E+02	4.579865350734784E+02
9.349674837418401E+02	4.584303897788640E+02
9.354677338669026E+02	4.588743127309795E+02
9.359679839919651E+02	4.593183038277361E+02
9.364682341170276E+02	4.597623629672199E+02
9.369684842420901E+02	4.602064900476938E+02
9.374687343671526E+02	4.606506849675903E+02
9.379689844922151E+02	4.610949476255195E+02
9.384692346172776E+02	4.615392779202620E+02
9.389694847423401E+02	4.619836757507734E+02
9.394697348674026E+02	4.624281410161810E+02
9.399699849924651E+02	4.628726736157848E+02
9.404702351175276E+02	4.633172734490552E+02
9.409704852425901E+02	4.637619404156358E+02
9.414707353676527E+02	4.642066744153427E+02
9.419709854927152E+02	4.646514753481595E+02
9.424712356177777E+02	4.650963431142444E+02
9.429714857428402E+02	4.655412776139235E+02
9.434717358679027E+02	4.659862787476950E+02
9.439719859929652E+02	4.664313464162238E+02
9.444722361180277E+02	4.668764805203482E+02
9.449724862430902E+02	4.673216809610731E+02
9.454727363681527E+02	4.677669476395726E+02
9.459729864932152E+02	4.682122804571900E+02
9.464732366182777E+02	4.686576793154377E+02
9.469734867433402E+02	4.691031441159930E+02
9.474737368684027E+02	4.695486747607048E+02
9.479739869934652E+02	4.699942711515861E+02
9.484742371185278E+02	4.704399331908188E+02
9.489744872435903E+02	4.708856607807519E+02
9.494747373686528E+02	4.713314538238991E+02
9.499749874937153E+02	4.717773122229402E+02
9.504752376187778E+02	4.722232358807238E+02
9.509754877438403E+02	4.726692247002604E+02
9.514757378689028E+02	4.731152785847277E+02
9.519759879939653E+02	4.735613974374683E+02
9.524762381190278E+02	4.740075811619886E+02
9.529764882440903E+02	4.744538296619615E+02
9.534767383691528E+02	4.749001428412190E+02
9.539769884942153E+02	4.753465206037628E+02
9.544772386192778E+02	4.757929628537545E+02
9.549774887443403E+02	4.762394694955190E+02
9.554777388694029E+02	4.766860404335457E+02
9.559779889944654E+02	4.771326755724847E+02
9.564782391195279E+02	4.775793748171498E+02
9.569784892445904E+02	4.780261380725156E+02
9.574787393696529E+02	4.784729652437184E+02
9.579789894947154E+02	4.789198562360576E+02
9.584792396197779E+02	4.793668109549907E+02
9.589794897448404E+02	4.798138293061389E+02
9.594797398699029E+02	4.802609111952825E+02
9.599799899949654E+02	4.807080565283605E+02
9.604802401200279E+02	4.811552652114755E+02
9.609804902450904E+02	4.816025371508859E+02
9.614807403701529E+02	4.820498722530126E+02
9.619809904952155E+02	4.824972704244325E+02
9.624812406202780E+02	4.829447315718828E+02
9.629814907453405E+02	4.833922556022600E+02
9.634817408704030E+02	4.838398424226165E+02
9.639819909954655E+02	4.842874919401656E+02
9.644822411205280E+02	4.847352040622740E+02
9.649824912455905E+02	4.851829786964691E+02
9.654827413706530E+02	4.856308157504351E+02
9.659829914957155E+02	4.860787151320105E+02
9.664832416207780E+02	4.865266767491932E+02
9.669834917458405E+02	4.869747005101347E+02
9.674837418709030E+02	4.874227863231428E+02
9.679839919959655E+02	4.878709340966832E+02
9.684842421210280E+02	4.883191437393745E+02
9.689844922460906E+02	4.887674151599908E+02
9.694847423711531E+02	4.892157482674610E+02
9.699849924962156E+02	4.896641429708682E+02
9.704852426212781E+02	4.901125991794502E+02
9.709854927463406E+02	4.905611168025991E+02
9.714857428714031E+02	4.910096957498584E+02
9.719859929964656E+02	4.914583359309273E+02
9.724862431215281E+02	4.919070372556575E+02
9.729864932465906E+02	4.923557996340517E+02
9.734867433716531E+02	4.928046229762677E+02
9.739869934967156E+02	4.932535071926134E+02
9.744872436217781E+02	4.937024521935501E+02
9.749874937468406E+02	4.941514578896891E+02
9.754877438719031E+02	4.946005241917949E+02
9.759879939969657E+02	4.950496510107811E+02
9.764882441220282E+02	4.954988382577142E+02
9.769884942470907E+02	4.959480858438088E+02
9.774887443721532E+02	4.963973936804327E+02
9.779889944972157E+02	4.968467616791016E+02
9.784892446222782E+02	4.972961897514807E+02
9.789894947473407E+02	4.977456778093855E+02
9.794897448724032E+02	4.981952257647812E+02
9.799899949974657E+02	4.986448335297807E+02
9.804902451225282E+02	4.990945010166455E+02
9.809904952475907E+02	4.995442281377854E+02
9.814907453726532E+02	4.999940148057614E+02
9.819909954977157E+02	5.004438609332769E+02
9.824912456227783E+02	5.008937664331869E+02
9.829914957478408E+02	5.013437312184913E+02
9.834917458729033E+02	5.017937552023394E+02
9.839919959979658E+02	5.022438382980253E+02
9.844922461230283E+02	5.026939804189896E+02
9.849924962480908E+02	5.031441814788199E+02
9.854927463731533E+02	5.035944413912496E+02
9.859929964982158E+02	5.040447600701568E+02
9.864932466232783E+02	5.044951374295659E+02
9.869934967483408E+02	5.049455733836469E+02
9.874937468734033E+02	5.053960678467141E+02
9.879939969984658E+02	5.058466207332259E+02
9.884942471235283E+02	5.062972319577840E+02
9.889944972485908E+02	5.067479014351382E+02
9.894947473736534E+02	5.071986290801763E+02
9.899949974987159E+02	5.076494148079357E+02
9.904952476237784E+02	5.081002585335930E+02
9.909954977488409E+02	5.085511601724685E+02
9.914957478739034E+02	5.090021196400262E+02
9.919959979989659E+02	5.094531368518718E+02
9.924962481240284E+02	5.099042117237536E+02
9.929964982490909E+02	5.103553441715618E+02
9.934967483741534E+02	5.108065341113279E+02
9.939969984992159E+02	5.112577814592267E+02
9.944972486242784E+02	5.117090861315700E+02
9.949974987493409E+02	5.121604480448167E+02
9.954977488744034E+02	5.126118671155602E+02
9.959979989994659E+02	5.130633432605384E+02
9.964982491245285E+02	5.135148763966268E+02
9.969984992495910E+02	5.139664664408429E+02
9.974987493746535E+02	5.144181133103424E+02
9.979989994997160E+02	5.148698169224222E+02
9.984992496247785E+02	5.153215771945154E+02
9.989994997498410E+02	5.157733940441963E+02
9.994997498749035E+02	5.162252673891783E+02
9.999999999999660E+02	5.166771971473096E+02
