0.000000000000000E+00	                 NAN
5.002501250625313E-01	-1.334899085758878E-01
1.000500250125063E+00	-2.669756065652824E-01
1.500750375187594E+00	-4.004528837631638E-01
2.001000500250125E+00	-5.339175307273063E-01
2.501250625312657E+00	-6.673653391592840E-01
3.001500750375188E+00	-8.007921022850222E-01
3.501750875437719E+00	-9.341936152347223E-01
4.002001000500250E+00	-1.067565675422023E+00
4.502251125562782E+00	-1.200904082922229E+00
5.002501250625313E+00	-1.334204640849484E+00
5.502751375687844E+00	-1.467463155732697E+00
6.003001500750376E+00	-1.600675437890103E+00
6.503251625812907E+00	-1.733837301802299E+00
7.003501750875438E+00	-1.866944566483616E+00
7.503751875937970E+00	-1.999993055851683E+00
8.004002001000501E+00	-2.132978599094992E+00
8.504252126063033E+00	-2.265897031038415E+00
9.004502251125565E+00	-2.398744192506468E+00
9.504752376188097E+00	-2.531515930684160E+00
1.000500250125063E+01	-2.664208099475367E+00
1.050525262631316E+01	-2.796816559858573E+00
1.100550275137569E+01	-2.929337180239775E+00
1.150575287643823E+01	-3.061765836802561E+00
1.200600300150076E+01	-3.194098413855068E+00
1.250625312656329E+01	-3.326330804173883E+00
1.300650325162582E+01	-3.458458909344582E+00
1.350675337668835E+01	-3.590478640098944E+00
1.400700350175089E+01	-3.722385916648612E+00
1.450725362681342E+01	-3.854176669015192E+00
1.500750375187595E+01	-3.985846837356558E+00
1.550775387693848E+01	-4.117392372289405E+00
1.600800400200102E+01	-4.248809235207801E+00
1.650825412706355E+01	-4.380093398597754E+00
1.700850425212608E+01	-4.511240846347654E+00
1.750875437718861E+01	-4.642247574054476E+00
1.800900450225114E+01	-4.773109589325731E+00
1.850925462731368E+01	-4.903822912076961E+00
1.900950475237621E+01	-5.034383574824822E+00
1.950975487743874E+01	-5.164787622975616E+00
2.001000500250127E+01	-5.295031115109182E+00
2.051025512756381E+01	-5.425110123258133E+00
2.101050525262634E+01	-5.555020733182303E+00
2.151075537768887E+01	-5.684759044638451E+00
2.201100550275140E+01	-5.814321171645005E+00
2.251125562781393E+01	-5.943703242741904E+00
2.301150575287647E+01	-6.072901401245570E+00
2.351175587793900E+01	-6.201911805498632E+00
2.401200600300153E+01	-6.330730629114829E+00
2.451225612806406E+01	-6.459354061218647E+00
2.501250625312660E+01	-6.587778306679837E+00
2.551275637818913E+01	-6.715999586342807E+00
2.601300650325166E+01	-6.844014137250738E+00
2.651325662831419E+01	-6.971818212864573E+00
2.701350675337672E+01	-7.099408083276607E+00
2.751375687843926E+01	-7.226780035418951E+00
2.801400700350179E+01	-7.353930373266628E+00
2.851425712856432E+01	-7.480855418035365E+00
2.901450725362685E+01	-7.607551508374158E+00
2.951475737868939E+01	-7.734015000552450E+00
3.001500750375192E+01	-7.860242268641990E+00
3.051525762881445E+01	-7.986229704693510E+00
3.101550775387698E+01	-8.111973718907947E+00
3.151575787893951E+01	-8.237470739802415E+00
3.201600800400205E+01	-8.362717214370974E+00
3.251625812906457E+01	-8.487709608240003E+00
3.301650825412710E+01	-8.612444405818479E+00
3.351675837918963E+01	-8.736918110442780E+00
3.401700850425216E+01	-8.861127244516588E+00
3.451725862931469E+01	-8.985068349645346E+00
3.501750875437722E+01	-9.108737986765703E+00
3.551775887943975E+01	-9.232132736269790E+00
3.601800900450228E+01	-9.355249198124348E+00
3.651825912956480E+01	-9.478083991984974E+00
3.701850925462733E+01	-9.600633757305125E+00
3.751875937968986E+01	-9.722895153440298E+00
3.801900950475239E+01	-9.844864859747197E+00
3.851925962981492E+01	-9.966539575678048E+00
3.901950975487745E+01	-1.008791602087008E+01
3.951975987993998E+01	-1.020899093523006E+01
4.002001000500250E+01	-1.032976107901438E+01
4.052026013006503E+01	-1.045022323290409E+01
4.102051025512756E+01	-1.057037419807548E+01
4.152076038019009E+01	-1.069021079626624E+01
4.202101050525262E+01	-1.080972986983656E+01
4.252126063031515E+01	-1.092892828182637E+01
4.302151075537768E+01	-1.104780291600771E+01
4.352176088044020E+01	-1.116635067693299E+01
4.402201100550273E+01	-1.128456848997887E+01
4.452226113056526E+01	-1.140245330138578E+01
4.502251125562779E+01	-1.152000207829356E+01
4.552276138069032E+01	-1.163721180877270E+01
4.602301150575285E+01	-1.175407950185171E+01
4.652326163081538E+01	-1.187060218754045E+01
4.702351175587791E+01	-1.198677691684959E+01
4.752376188094043E+01	-1.210260076180611E+01
4.802401200600296E+01	-1.221807081546521E+01
4.852426213106549E+01	-1.233318419191836E+01
4.902451225612802E+01	-1.244793802629777E+01
4.952476238119055E+01	-1.256232947477724E+01
5.002501250625308E+01	-1.267635571456967E+01
5.052526263131561E+01	-1.279001394392086E+01
5.102551275637813E+01	-1.290330138210023E+01
5.152576288144066E+01	-1.301621526938803E+01
5.202601300650319E+01	-1.312875286705953E+01
5.252626313156572E+01	-1.324091145736585E+01
5.302651325662825E+01	-1.335268834351174E+01
5.352676338169078E+01	-1.346408084963067E+01
5.402701350675331E+01	-1.357508632075644E+01
5.452726363181583E+01	-1.368570212279230E+01
5.502751375687836E+01	-1.379592564247723E+01
5.552776388194089E+01	-1.390575428734925E+01
5.602801400700342E+01	-1.401518548570631E+01
5.652826413206595E+01	-1.412421668656453E+01
5.702851425712848E+01	-1.423284535961379E+01
5.752876438219101E+01	-1.434106899517098E+01
5.802901450725354E+01	-1.444888510413074E+01
5.852926463231606E+01	-1.455629121791403E+01
5.902951475737859E+01	-1.466328488841422E+01
5.952976488244112E+01	-1.476986368794126E+01
6.003001500750365E+01	-1.487602520916333E+01
6.053026513256618E+01	-1.498176706504676E+01
6.103051525762871E+01	-1.508708688879389E+01
6.153076538269124E+01	-1.519198233377868E+01
6.203101550775376E+01	-1.529645107348088E+01
6.253126563281629E+01	-1.540049080141805E+01
6.303151575787882E+01	-1.550409923107594E+01
6.353176588294135E+01	-1.560727409583712E+01
6.403201600800388E+01	-1.571001314890806E+01
6.453226613306641E+01	-1.581231416324448E+01
6.503251625812895E+01	-1.591417493147529E+01
6.553276638319149E+01	-1.601559326582495E+01
6.603301650825402E+01	-1.611656699803456E+01
6.653326663331656E+01	-1.621709397928136E+01
6.703351675837909E+01	-1.631717208009722E+01
6.753376688344163E+01	-1.641679919028557E+01
6.803401700850416E+01	-1.651597321883727E+01
6.853426713356670E+01	-1.661469209384541E+01
6.903451725862924E+01	-1.671295376241879E+01
6.953476738369177E+01	-1.681075619059449E+01
7.003501750875431E+01	-1.690809736324945E+01
7.053526763381684E+01	-1.700497528401101E+01
7.103551775887938E+01	-1.710138797516657E+01
7.153576788394192E+01	-1.719733347757240E+01
7.203601800900445E+01	-1.729280985056154E+01
7.253626813406699E+01	-1.738781517185106E+01
7.303651825912952E+01	-1.748234753744846E+01
7.353676838419206E+01	-1.757640506155752E+01
7.403701850925459E+01	-1.766998587648327E+01
7.453726863431713E+01	-1.776308813253658E+01
7.503751875937967E+01	-1.785570999793792E+01
7.553776888444220E+01	-1.794784965872100E+01
7.603801900950474E+01	-1.803950531863538E+01
7.653826913456727E+01	-1.813067519904907E+01
7.703851925962981E+01	-1.822135753885038E+01
7.753876938469234E+01	-1.831155059434967E+01
7.803901950975488E+01	-1.840125263918046E+01
7.853926963481742E+01	-1.849046196420039E+01
7.903951975987995E+01	-1.857917687739187E+01
7.953976988494249E+01	-1.866739570376238E+01
8.004002001000502E+01	-1.875511678524472E+01
8.054027013506756E+01	-1.884233848059679E+01
8.104052026013009E+01	-1.892905916530150E+01
8.154077038519263E+01	-1.901527723146620E+01
8.204102051025517E+01	-1.910099108772245E+01
8.254127063531770E+01	-1.918619915912528E+01
8.304152076038024E+01	-1.927089988705245E+01
8.354177088544277E+01	-1.935509172910390E+01
8.404202101050531E+01	-1.943877315900110E+01
8.454227113556784E+01	-1.952194266648624E+01
8.504252126063038E+01	-1.960459875722161E+01
8.554277138569292E+01	-1.968673995268902E+01
8.604302151075545E+01	-1.976836479008936E+01
8.654327163581799E+01	-1.984947182224195E+01
8.704352176088052E+01	-1.993005961748455E+01
8.754377188594306E+01	-2.001012675957294E+01
8.804402201100559E+01	-2.008967184758103E+01
8.854427213606813E+01	-2.016869349580105E+01
8.904452226113067E+01	-2.024719033364376E+01
8.954477238619320E+01	-2.032516100553933E+01
9.004502251125574E+01	-2.040260417083773E+01
9.054527263631827E+01	-2.047951850371024E+01
9.104552276138081E+01	-2.055590269305021E+01
9.154577288644334E+01	-2.063175544237524E+01
9.204602301150588E+01	-2.070707546972847E+01
9.254627313656842E+01	-2.078186150758118E+01
9.304652326163095E+01	-2.085611230273506E+01
9.354677338669349E+01	-2.092982661622490E+01
9.404702351175602E+01	-2.100300322322211E+01
9.454727363681856E+01	-2.107564091293780E+01
9.504752376188110E+01	-2.114773848852688E+01
9.554777388694363E+01	-2.121929476699223E+01
9.604802401200617E+01	-2.129030857908924E+01
9.654827413706870E+01	-2.136077876923089E+01
9.704852426213124E+01	-2.143070419539320E+01
9.754877438719377E+01	-2.150008372902082E+01
9.804902451225631E+01	-2.156891625493355E+01
9.854927463731885E+01	-2.163720067123276E+01
9.904952476238138E+01	-2.170493588920857E+01
9.954977488744392E+01	-2.177212083324748E+01
1.000500250125065E+02	-2.183875444074015E+01
1.005502751375690E+02	-2.190483566199001E+01
1.010505252626315E+02	-2.197036346012206E+01
1.015507753876941E+02	-2.203533681099232E+01
1.020510255127566E+02	-2.209975470309757E+01
1.025512756378191E+02	-2.216361613748569E+01
1.030515257628817E+02	-2.222692012766657E+01
1.035517758879442E+02	-2.228966569952316E+01
1.040520260130067E+02	-2.235185189122360E+01
1.045522761380693E+02	-2.241347775313305E+01
1.050525262631318E+02	-2.247454234772695E+01
1.055527763881943E+02	-2.253504474950380E+01
1.060530265132569E+02	-2.259498404489933E+01
1.065532766383194E+02	-2.265435933220060E+01
1.070535267633820E+02	-2.271316972146094E+01
1.075537768884445E+02	-2.277141433441490E+01
1.080540270135070E+02	-2.282909230439465E+01
1.085542771385696E+02	-2.288620277624590E+01
1.090545272636321E+02	-2.294274490624476E+01
1.095547773886946E+02	-2.299871786201551E+01
1.100550275137572E+02	-2.305412082244804E+01
1.105552776388197E+02	-2.310895297761657E+01
1.110555277638822E+02	-2.316321352869853E+01
1.115557778889448E+02	-2.321690168789415E+01
1.120560280140073E+02	-2.327001667834615E+01
1.125562781390698E+02	-2.332255773406062E+01
1.130565282641324E+02	-2.337452409982787E+01
1.135567783891949E+02	-2.342591503114413E+01
1.140570285142575E+02	-2.347672979413362E+01
1.145572786393200E+02	-2.352696766547102E+01
1.150575287643825E+02	-2.357662793230504E+01
1.155577788894451E+02	-2.362570989218160E+01
1.160580290145076E+02	-2.367421285296841E+01
1.165582791395701E+02	-2.372213613277948E+01
1.170585292646327E+02	-2.376947905990055E+01
1.175587793896952E+02	-2.381624097271462E+01
1.180590295147577E+02	-2.386242121962859E+01
1.185592796398203E+02	-2.390801915899969E+01
1.190595297648828E+02	-2.395303415906299E+01
1.195597798899453E+02	-2.399746559785932E+01
1.200600300150079E+02	-2.404131286316344E+01
1.205602801400704E+02	-2.408457535241304E+01
1.210605302651330E+02	-2.412725247263803E+01
1.215607803901955E+02	-2.416934364039049E+01
1.220610305152580E+02	-2.421084828167498E+01
1.225612806403206E+02	-2.425176583187958E+01
1.230615307653831E+02	-2.429209573570704E+01
1.235617808904456E+02	-2.433183744710688E+01
1.240620310155082E+02	-2.437099042920777E+01
1.245622811405707E+02	-2.440955415425019E+01
1.250625312656332E+02	-2.444752810352024E+01
1.255627813906958E+02	-2.448491176728298E+01
1.260630315157583E+02	-2.452170464471730E+01
1.265632816408208E+02	-2.455790624385027E+01
1.270635317658834E+02	-2.459351608149281E+01
1.275637818909459E+02	-2.462853368317543E+01
1.280640320160084E+02	-2.466295858308456E+01
1.285642821410710E+02	-2.469679032399884E+01
1.290645322661335E+02	-2.473002845722721E+01
1.295647823911960E+02	-2.476267254254583E+01
1.300650325162586E+02	-2.479472214813651E+01
1.305652826413211E+02	-2.482617685052557E+01
1.310655327663837E+02	-2.485703623452247E+01
1.315657828914462E+02	-2.488729989315968E+01
1.320660330165087E+02	-2.491696742763267E+01
1.325662831415713E+02	-2.494603844724017E+01
1.330665332666338E+02	-2.497451256932527E+01
1.335667833916963E+02	-2.500238941921654E+01
1.340670335167589E+02	-2.502966863017014E+01
1.345672836418214E+02	-2.505634984331149E+01
1.350675337668839E+02	-2.508243270757876E+01
1.355677838919465E+02	-2.510791687966505E+01
1.360680340170090E+02	-2.513280202396277E+01
1.365682841420715E+02	-2.515708781250669E+01
1.370685342671341E+02	-2.518077392491915E+01
1.375687843921966E+02	-2.520386004835450E+01
1.380690345172592E+02	-2.522634587744406E+01
1.385692846423217E+02	-2.524823111424226E+01
1.390695347673842E+02	-2.526951546817233E+01
1.395697848924468E+02	-2.529019865597272E+01
1.400700350175093E+02	-2.531028040164438E+01
1.405702851425718E+02	-2.532976043639735E+01
1.410705352676344E+02	-2.534863849859897E+01
1.415707853926969E+02	-2.536691433372170E+01
1.420710355177594E+02	-2.538458769429167E+01
1.425712856428220E+02	-2.540165833983727E+01
1.430715357678845E+02	-2.541812603683866E+01
1.435717858929470E+02	-2.543399055867727E+01
1.440720360180096E+02	-2.544925168558558E+01
1.445722861430721E+02	-2.546390920459797E+01
1.450725362681347E+02	-2.547796290950083E+01
1.455727863931972E+02	-2.549141260078429E+01
1.460730365182597E+02	-2.550425808559311E+01
1.465732866433223E+02	-2.551649917767904E+01
1.470735367683848E+02	-2.552813569735258E+01
1.475737868934473E+02	-2.553916747143595E+01
1.480740370185099E+02	-2.554959433321559E+01
1.485742871435724E+02	-2.555941612239587E+01
1.490745372686349E+02	-2.556863268505225E+01
1.495747873936975E+02	-2.557724387358576E+01
1.500750375187600E+02	-2.558524954667675E+01
1.505752876438225E+02	-2.559264956924008E+01
1.510755377688851E+02	-2.559944381237969E+01
1.515757878939476E+02	-2.560563215334426E+01
1.520760380190102E+02	-2.561121447548248E+01
1.525762881440727E+02	-2.561619066819964E+01
1.530765382691352E+02	-2.562056062691332E+01
1.535767883941978E+02	-2.562432425301031E+01
1.540770385192603E+02	-2.562748145380365E+01
1.545772886443228E+02	-2.563003214248982E+01
1.550775387693854E+02	-2.563197623810640E+01
1.555777888944479E+02	-2.563331366548982E+01
1.560780390195104E+02	-2.563404435523367E+01
1.565782891445730E+02	-2.563416824364748E+01
1.570785392696355E+02	-2.563368527271516E+01
1.575787893946980E+02	-2.563259539005423E+01
1.580790395197606E+02	-2.563089854887568E+01
1.585792896448231E+02	-2.562859470794285E+01
1.590795397698857E+02	-2.562568383153246E+01
1.595797898949482E+02	-2.562216588939424E+01
1.600800400200107E+02	-2.561804085671173E+01
1.605802901450733E+02	-2.561330871406329E+01
1.610805402701358E+02	-2.560796944738300E+01
1.615807903951983E+02	-2.560202304792267E+01
1.620810405202609E+02	-2.559546951221276E+01
1.625812906453234E+02	-2.558830884202527E+01
1.630815407703859E+02	-2.558054104433552E+01
1.635817908954485E+02	-2.557216613128463E+01
1.640820410205110E+02	-2.556318412014286E+01
1.645822911455735E+02	-2.555359503327227E+01
1.650825412706361E+02	-2.554339889809009E+01
1.655827913956986E+02	-2.553259574703284E+01
1.660830415207612E+02	-2.552118561751954E+01
1.665832916458237E+02	-2.550916855191633E+01
1.670835417708862E+02	-2.549654459750070E+01
1.675837918959488E+02	-2.548331380642622E+01
1.680840420210113E+02	-2.546947623568755E+01
1.685842921460738E+02	-2.545503194708508E+01
1.690845422711364E+02	-2.543998100719097E+01
1.695847923961989E+02	-2.542432348731458E+01
1.700850425212614E+02	-2.540805946346828E+01
1.705852926463240E+02	-2.539118901633350E+01
1.710855427713865E+02	-2.537371223122736E+01
1.715857928964490E+02	-2.535562919806915E+01
1.720860430215116E+02	-2.533694001134694E+01
1.725862931465741E+02	-2.531764477008514E+01
1.730865432716367E+02	-2.529774357781142E+01
1.735867933966992E+02	-2.527723654252432E+01
1.740870435217617E+02	-2.525612377666101E+01
1.745872936468243E+02	-2.523440539706533E+01
1.750875437718868E+02	-2.521208152495592E+01
1.755877938969493E+02	-2.518915228589469E+01
1.760880440220119E+02	-2.516561780975536E+01
1.765882941470744E+02	-2.514147823069248E+01
1.770885442721369E+02	-2.511673368711035E+01
1.775887943971995E+02	-2.509138432163232E+01
1.780890445222620E+02	-2.506543028107029E+01
1.785892946473246E+02	-2.503887171639448E+01
1.790895447723871E+02	-2.501170878270329E+01
1.795897948974496E+02	-2.498394163919338E+01
1.800900450225122E+02	-2.495557044912982E+01
1.805902951475747E+02	-2.492659537981712E+01
1.810905452726372E+02	-2.489701660256927E+01
1.815907953976998E+02	-2.486683429268126E+01
1.820910455227623E+02	-2.483604862939967E+01
1.825912956478248E+02	-2.480465979589439E+01
1.830915457728874E+02	-2.477266797922977E+01
1.835917958979499E+02	-2.474007337033675E+01
1.840920460230124E+02	-2.470687616398405E+01
1.845922961480750E+02	-2.467307655875106E+01
1.850925462731375E+02	-2.463867475699931E+01
1.855927963982001E+02	-2.460367096484549E+01
1.860930465232626E+02	-2.456806539213378E+01
1.865932966483251E+02	-2.453185825240857E+01
1.870935467733877E+02	-2.449504976288787E+01
1.875937968984502E+02	-2.445764014443594E+01
1.880940470235127E+02	-2.441962962153667E+01
1.885942971485753E+02	-2.438101842226783E+01
1.890945472736378E+02	-2.434180677827362E+01
1.895947973987003E+02	-2.430199492473938E+01
1.900950475237629E+02	-2.426158310036533E+01
1.905952976488254E+02	-2.422057154734080E+01
1.910955477738879E+02	-2.417896051131839E+01
1.915957978989505E+02	-2.413675024138877E+01
1.920960480240130E+02	-2.409394099005522E+01
1.925962981490756E+02	-2.405053301320876E+01
1.930965482741381E+02	-2.400652657010269E+01
1.935967983992006E+02	-2.396192192332825E+01
1.940970485242632E+02	-2.391671933878956E+01
1.945972986493257E+02	-2.387091908567959E+01
1.950975487743882E+02	-2.382452143645520E+01
1.955977988994508E+02	-2.377752666681374E+01
1.960980490245133E+02	-2.372993505566805E+01
1.965982991495758E+02	-2.368174688512374E+01
1.970985492746384E+02	-2.363296244045432E+01
1.975987993997009E+02	-2.358358201007846E+01
1.980990495247634E+02	-2.353360588553602E+01
1.985992996498260E+02	-2.348303436146514E+01
1.990995497748885E+02	-2.343186773557923E+01
1.995997998999511E+02	-2.338010630864343E+01
2.001000500250136E+02	-2.332775038445206E+01
2.006003001500761E+02	-2.327480026980626E+01
2.011005502751387E+02	-2.322125627449086E+01
2.016008004002012E+02	-2.316711871125241E+01
2.021010505252637E+02	-2.311238789577669E+01
2.026013006503263E+02	-2.305706414666653E+01
2.031015507753888E+02	-2.300114778542024E+01
2.036018009004513E+02	-2.294463913640919E+01
2.041020510255139E+02	-2.288753852685656E+01
2.046023011505764E+02	-2.282984628681527E+01
2.051025512756389E+02	-2.277156274914708E+01
2.056028014007015E+02	-2.271268824950090E+01
2.061030515257640E+02	-2.265322312629181E+01
2.066033016508266E+02	-2.259316772067962E+01
2.071035517758891E+02	-2.253252237654877E+01
2.076038019009516E+02	-2.247128744048626E+01
2.081040520260142E+02	-2.240946326176268E+01
2.086043021510767E+02	-2.234705019230984E+01
2.091045522761392E+02	-2.228404858670174E+01
2.096048024012018E+02	-2.222045880213346E+01
2.101050525262643E+02	-2.215628119840176E+01
2.106053026513268E+02	-2.209151613788416E+01
2.111055527763894E+02	-2.202616398551964E+01
2.116058029014519E+02	-2.196022510878851E+01
2.121060530265144E+02	-2.189369987769314E+01
2.126063031515770E+02	-2.182658866473793E+01
2.131065532766395E+02	-2.175889184490998E+01
2.136068034017021E+02	-2.169060979566021E+01
2.141070535267646E+02	-2.162174289688335E+01
2.146073036518271E+02	-2.155229153089945E+01
2.151075537768897E+02	-2.148225608243510E+01
2.156078039019522E+02	-2.141163693860369E+01
2.161080540270147E+02	-2.134043448888758E+01
2.166083041520773E+02	-2.126864912511874E+01
2.171085542771398E+02	-2.119628124146089E+01
2.176088044022023E+02	-2.112333123439046E+01
2.181090545272649E+02	-2.104979950267872E+01
2.186093046523274E+02	-2.097568644737339E+01
2.191095547773899E+02	-2.090099247178060E+01
2.196098049024525E+02	-2.082571798144701E+01
2.201100550275150E+02	-2.074986338414166E+01
2.206103051525776E+02	-2.067342908983841E+01
2.211105552776401E+02	-2.059641551069834E+01
2.216108054027026E+02	-2.051882306105205E+01
2.221110555277652E+02	-2.044065215738232E+01
2.226113056528277E+02	-2.036190321830637E+01
2.231115557778902E+02	-2.028257666455931E+01
2.236118059029528E+02	-2.020267291897653E+01
2.241120560280153E+02	-2.012219240647661E+01
2.246123061530778E+02	-2.004113555404447E+01
2.251125562781404E+02	-1.995950279071459E+01
2.256128064032029E+02	-1.987729454755450E+01
2.261130565282654E+02	-1.979451125764746E+01
2.266133066533280E+02	-1.971115335607647E+01
2.271135567783905E+02	-1.962722127990750E+01
2.276138069034531E+02	-1.954271546817333E+01
2.281140570285156E+02	-1.945763636185742E+01
2.286143071535781E+02	-1.937198440387743E+01
2.291145572786407E+02	-1.928576003906898E+01
2.296148074037032E+02	-1.919896371417022E+01
2.301150575287657E+02	-1.911159587780566E+01
2.306153076538283E+02	-1.902365698047026E+01
2.311155577788908E+02	-1.893514747451385E+01
2.316158079039533E+02	-1.884606781412543E+01
2.321160580290159E+02	-1.875641845531783E+01
2.326163081540784E+02	-1.866619985591203E+01
2.331165582791409E+02	-1.857541247552209E+01
2.336168084042035E+02	-1.848405677553947E+01
2.341170585292660E+02	-1.839213321911839E+01
2.346173086543286E+02	-1.829964227116028E+01
2.351175587793911E+02	-1.820658439829910E+01
2.356178089044536E+02	-1.811296006888614E+01
2.361180590295162E+02	-1.801876975297549E+01
2.366183091545787E+02	-1.792401392230914E+01
2.371185592796412E+02	-1.782869305030235E+01
2.376188094047038E+02	-1.773280761202906E+01
2.381190595297663E+02	-1.763635808420719E+01
2.386193096548288E+02	-1.753934494518495E+01
2.391195597798914E+02	-1.744176867492550E+01
2.396198099049539E+02	-1.734362975499357E+01
2.401200600300164E+02	-1.724492866854084E+01
2.406203101550790E+02	-1.714566590029187E+01
2.411205602801415E+02	-1.704584193653031E+01
2.416208104052041E+02	-1.694545726508500E+01
2.421210605302666E+02	-1.684451237531559E+01
2.426213106553291E+02	-1.674300775809962E+01
2.431215607803917E+02	-1.664094390581803E+01
2.436218109054542E+02	-1.653832131234230E+01
2.441220610305167E+02	-1.643514047302008E+01
2.446223111555793E+02	-1.633140188466263E+01
2.451225612806418E+02	-1.622710604553058E+01
2.456228114057043E+02	-1.612225345532141E+01
2.461230615307669E+02	-1.601684461515569E+01
2.466233116558294E+02	-1.591088002756391E+01
2.471235617808919E+02	-1.580436019647399E+01
2.476238119059545E+02	-1.569728562719752E+01
2.481240620310170E+02	-1.558965682641744E+01
2.486243121560796E+02	-1.548147430217460E+01
2.491245622811421E+02	-1.537273856385562E+01
2.496248124062046E+02	-1.526345012217945E+01
2.501250625312672E+02	-1.515360948918570E+01
2.506253126563297E+02	-1.504321717822103E+01
2.511255627813922E+02	-1.493227370392722E+01
2.516258129064548E+02	-1.482077958222862E+01
2.521260630315173E+02	-1.470873533031985E+01
2.526263131565798E+02	-1.459614146665348E+01
2.531265632816424E+02	-1.448299851092762E+01
2.536268134067049E+02	-1.436930698407411E+01
2.541270635317674E+02	-1.425506740824616E+01
2.546273136568300E+02	-1.414028030680635E+01
2.551275637818925E+02	-1.402494620431506E+01
2.556278139069551E+02	-1.390906562651793E+01
2.561280640320176E+02	-1.379263910033450E+01
2.566283141570801E+02	-1.367566715384640E+01
2.571285642821426E+02	-1.355815031628555E+01
2.576288144072051E+02	-1.344008911802268E+01
2.581290645322676E+02	-1.332148409055571E+01
2.586293146573301E+02	-1.320233576649804E+01
2.591295647823926E+02	-1.308264467956758E+01
2.596298149074551E+02	-1.296241136457519E+01
2.601300650325176E+02	-1.284163635741294E+01
2.606303151575801E+02	-1.272032019504360E+01
2.611305652826426E+02	-1.259846341548916E+01
2.616308154077051E+02	-1.247606655781942E+01
2.621310655327676E+02	-1.235313016214133E+01
2.626313156578302E+02	-1.222965476958814E+01
2.631315657828927E+02	-1.210564092230788E+01
2.636318159079552E+02	-1.198108916345296E+01
2.641320660330177E+02	-1.185600003716922E+01
2.646323161580802E+02	-1.173037408858534E+01
2.651325662831427E+02	-1.160421186380182E+01
2.656328164082052E+02	-1.147751390988060E+01
2.661330665332677E+02	-1.135028077483474E+01
2.666333166583302E+02	-1.122251300761724E+01
2.671335667833927E+02	-1.109421115811114E+01
2.676338169084552E+02	-1.096537577711905E+01
2.681340670335177E+02	-1.083600741635269E+01
2.686343171585802E+02	-1.070610662842262E+01
2.691345672836428E+02	-1.057567396682822E+01
2.696348174087053E+02	-1.044470998594710E+01
2.701350675337678E+02	-1.031321524102560E+01
2.706353176588303E+02	-1.018119028816835E+01
2.711355677838928E+02	-1.004863568432819E+01
2.716358179089553E+02	-9.915551987296567E+00
2.721360680340178E+02	-9.781939755693486E+00
2.726363181590803E+02	-9.647799548957494E+00
2.731365682841428E+02	-9.513131927336644E+00
2.736368184092053E+02	-9.377937451877415E+00
2.741370685342678E+02	-9.242216684416746E+00
2.746373186593303E+02	-9.105970187570904E+00
2.751375687843928E+02	-8.969198524727005E+00
2.756378189094553E+02	-8.831902260032962E+00
2.761380690345179E+02	-8.694081958388267E+00
2.766383191595804E+02	-8.555738185434222E+00
2.771385692846429E+02	-8.416871507545352E+00
2.776388194097054E+02	-8.277482491819171E+00
2.781390695347679E+02	-8.137571706068059E+00
2.786393196598304E+02	-7.997139718808853E+00
2.791395697848929E+02	-7.856187099254328E+00
2.796398199099554E+02	-7.714714417304720E+00
2.801400700350179E+02	-7.572722243537385E+00
2.806403201600804E+02	-7.430211149198840E+00
2.811405702851429E+02	-7.287181706195440E+00
2.816408204102054E+02	-7.143634487084512E+00
2.821410705352679E+02	-6.999570065065882E+00
2.826413206603305E+02	-6.854989013972101E+00
2.831415707853930E+02	-6.709891908260943E+00
2.836418209104555E+02	-6.564279323006076E+00
2.841420710355180E+02	-6.418151833888373E+00
2.846423211605805E+02	-6.271510017187779E+00
2.851425712856430E+02	-6.124354449774216E+00
2.856428214107055E+02	-5.976685709099058E+00
2.861430715357680E+02	-5.828504373187798E+00
2.866433216608305E+02	-5.679811020629927E+00
2.871435717858930E+02	-5.530606230572175E+00
2.876438219109555E+02	-5.380890582709412E+00
2.881440720360180E+02	-5.230664657276009E+00
2.886443221610805E+02	-5.079929035038845E+00
2.891445722861430E+02	-4.928684297287816E+00
2.896448224112056E+02	-4.776931025828787E+00
2.901450725362681E+02	-4.624669802974836E+00
2.906453226613306E+02	-4.471901211538693E+00
2.911455727863931E+02	-4.318625834824047E+00
2.916458229114556E+02	-4.164844256618721E+00
2.921460730365181E+02	-4.010557061185921E+00
2.926463231615806E+02	-3.855764833256501E+00
2.931465732866431E+02	-3.700468158021465E+00
2.936468234117056E+02	-3.544667621124063E+00
2.941470735367681E+02	-3.388363808651775E+00
2.946473236618306E+02	-3.231557307129378E+00
2.951475737868931E+02	-3.074248703510648E+00
2.956478239119556E+02	-2.916438585170965E+00
2.961480740370181E+02	-2.758127539899988E+00
2.966483241620807E+02	-2.599316155893689E+00
2.971485742871432E+02	-2.440005021747595E+00
2.976488244122057E+02	-2.280194726448769E+00
2.981490745372682E+02	-2.119885859368821E+00
2.986493246623307E+02	-1.959079010256005E+00
2.991495747873932E+02	-1.797774769228852E+00
2.996498249124557E+02	-1.635973726768270E+00
3.001500750375182E+02	-1.473676473710270E+00
3.006503251625807E+02	-1.310883601239539E+00
3.011505752876432E+02	-1.147595700881197E+00
3.016508254127057E+02	-9.838133644949494E-01
3.021510755377682E+02	-8.195371842669488E-01
3.026513256628307E+02	-6.547677527036626E-01
3.031515757878933E+02	-4.895056626241967E-01
3.036518259129558E+02	-3.237515071542134E-01
3.041520760380183E+02	-1.575058797180873E-01
3.046523261630808E+02	9.230625967290962E-03
3.051525762881433E+02	1.764574158992218E-01
3.056528264132058E+02	3.441738957966436E-01
3.061530765382683E+02	5.123794711059872E-01
3.066533266633308E+02	6.810735470087934E-01
3.071535767883933E+02	8.502555284272262E-01
3.076538269134558E+02	1.019924820031633E+00
3.081540770385183E+02	1.190080826246970E+00
3.086543271635808E+02	1.360722951258708E+00
3.091545772886433E+02	1.531850599020061E+00
3.096548274137058E+02	1.703463173258172E+00
3.101550775387684E+02	1.875560077480031E+00
3.106553276638309E+02	2.048140714979922E+00
3.111555777888934E+02	2.221204488844648E+00
3.116558279139559E+02	2.394750801960640E+00
3.121560780390184E+02	2.568779057019810E+00
3.126563281640809E+02	2.743288656525920E+00
3.131565782891434E+02	2.918279002800716E+00
3.136568284142059E+02	3.093749497990189E+00
3.141570785392684E+02	3.269699544070590E+00
3.146573286643309E+02	3.446128542854524E+00
3.151575787893934E+02	3.623035895996907E+00
3.156578289144559E+02	3.800421005001454E+00
3.161580790395184E+02	3.978283271226019E+00
3.166583291645809E+02	4.156622095888849E+00
3.171585792896435E+02	4.335436880074781E+00
3.176588294147060E+02	4.514727024740296E+00
3.181590795397685E+02	4.694491930720403E+00
3.186593296648310E+02	4.874730998733412E+00
3.191595797898935E+02	5.055443629387696E+00
3.196598299149560E+02	5.236629223186526E+00
3.201600800400185E+02	5.418287180534605E+00
3.206603301650810E+02	5.600416901742790E+00
3.211605802901435E+02	5.783017787034908E+00
3.216608304152060E+02	5.966089236552079E+00
3.221610805402685E+02	6.149630650359370E+00
3.226613306653310E+02	6.333641428450562E+00
3.231615807903935E+02	6.518120970754239E+00
3.236618309154561E+02	6.703068677138674E+00
3.241620810405186E+02	6.888483947418138E+00
3.246623311655811E+02	7.074366181356993E+00
3.251625812906436E+02	7.260714778676345E+00
3.256628314157061E+02	7.447529139058986E+00
3.261630815407686E+02	7.634808662153716E+00
3.266633316658311E+02	7.822552747582506E+00
3.271635817908936E+02	8.010760794944190E+00
3.276638319159561E+02	8.199432203820038E+00
3.281640820410186E+02	8.388566373779668E+00
3.286643321660811E+02	8.578162704384908E+00
3.291645822911436E+02	8.768220595196169E+00
3.296648324162061E+02	8.958739445776871E+00
3.301650825412686E+02	9.149718655698564E+00
3.306653326663312E+02	9.341157624546156E+00
3.311655827913937E+02	9.533055751922234E+00
3.316658329164562E+02	9.725412437453258E+00
3.321660830415187E+02	9.918227080793486E+00
3.326663331665812E+02	1.011149908163031E+01
3.331665832916437E+02	1.030522783968854E+01
3.336668334167062E+02	1.049941275473640E+01
3.341670835417687E+02	1.069405322658929E+01
3.346673336668312E+02	1.088914865511487E+01
3.351675837918937E+02	1.108469844023807E+01
3.356678339169562E+02	1.128070198194558E+01
3.361680840420187E+02	1.147715868029070E+01
3.366683341670812E+02	1.167406793539749E+01
3.371685842921437E+02	1.187142914746653E+01
3.376688344172063E+02	1.206924171677815E+01
3.381690845422688E+02	1.226750504369801E+01
3.386693346673313E+02	1.246621852868140E+01
3.391695847923938E+02	1.266538157227762E+01
3.396698349174563E+02	1.286499357513446E+01
3.401700850425188E+02	1.306505393800290E+01
3.406703351675813E+02	1.326556206174121E+01
3.411705852926438E+02	1.346651734731984E+01
3.416708354177063E+02	1.366791919582533E+01
3.421710855427688E+02	1.386976700846498E+01
3.426713356678313E+02	1.407206018657104E+01
3.431715857928938E+02	1.427479813160483E+01
3.436718359179563E+02	1.447798024516163E+01
3.441720860430189E+02	1.468160592897442E+01
3.446723361680814E+02	1.488567458491787E+01
3.451725862931439E+02	1.509018561501324E+01
3.456728364182064E+02	1.529513842143206E+01
3.461730865432689E+02	1.550053240650027E+01
3.466733366683314E+02	1.570636697270265E+01
3.471735867933939E+02	1.591264152268678E+01
3.476738369184564E+02	1.611935545926684E+01
3.481740870435189E+02	1.632650818542771E+01
3.486743371685814E+02	1.653409910432947E+01
3.491745872936439E+02	1.674212761931096E+01
3.496748374187064E+02	1.695059313389351E+01
3.501750875437689E+02	1.715949505178577E+01
3.506753376688314E+02	1.736883277688617E+01
3.511755877938940E+02	1.757860571328843E+01
3.516758379189565E+02	1.778881326528432E+01
3.521760880440190E+02	1.799945483736781E+01
3.526763381690815E+02	1.821052983423880E+01
3.531765882941440E+02	1.842203766080729E+01
3.536768384192065E+02	1.863397772219673E+01
3.541770885442690E+02	1.884634942374754E+01
3.546773386693315E+02	1.905915217102159E+01
3.551775887943940E+02	1.927238536980497E+01
3.556778389194565E+02	1.948604842611257E+01
3.561780890445190E+02	1.970014074619110E+01
3.566783391695815E+02	1.991466173652259E+01
3.571785892946440E+02	2.012961080382871E+01
3.576788394197065E+02	2.034498735507367E+01
3.581790895447691E+02	2.056079079746752E+01
3.586793396698316E+02	2.077702053847111E+01
3.591795897948941E+02	2.099367598579761E+01
3.596798399199566E+02	2.121075654741747E+01
3.601800900450191E+02	2.142826163156133E+01
3.606803401700816E+02	2.164619064672314E+01
3.611805902951441E+02	2.186454300166440E+01
3.616808404202066E+02	2.208331810541659E+01
3.621810905452691E+02	2.230251536728514E+01
3.626813406703316E+02	2.252213419685262E+01
3.631815907953941E+02	2.274217400398186E+01
3.636818409204566E+02	2.296263419881950E+01
3.641820910455191E+02	2.318351419179936E+01
3.646823411705817E+02	2.340481339364482E+01
3.651825912956442E+02	2.362653121537346E+01
3.656828414207067E+02	2.384866706829899E+01
3.661830915457692E+02	2.407122036403507E+01
3.666833416708317E+02	2.429419051449861E+01
3.671835917958942E+02	2.451757693191189E+01
3.676838419209567E+02	2.474137902880710E+01
3.681840920460192E+02	2.496559621802840E+01
3.686843421710817E+02	2.519022791273511E+01
3.691845922961442E+02	2.541527352640571E+01
3.696848424212067E+02	2.564073247283903E+01
3.701850925462692E+02	2.586660416615916E+01
3.706853426713317E+02	2.609288802081767E+01
3.711855927963942E+02	2.631958345159580E+01
3.716858429214568E+02	2.654668987360867E+01
3.721860930465193E+02	2.677420670230737E+01
3.726863431715818E+02	2.700213335348246E+01
3.731865932966443E+02	2.723046924326604E+01
3.736868434217068E+02	2.745921378813580E+01
3.741870935467693E+02	2.768836640491639E+01
3.746873436718318E+02	2.791792651078333E+01
3.751875937968943E+02	2.814789352326557E+01
3.756878439219568E+02	2.837826686024823E+01
3.761880940470193E+02	2.860904593997481E+01
3.766883441720818E+02	2.884023018105108E+01
3.771885942971443E+02	2.907181900244677E+01
3.776888444222068E+02	2.930381182349862E+01
3.781890945472693E+02	2.953620806391331E+01
3.786893446723319E+02	2.976900714376950E+01
3.791895947973944E+02	3.000220848352137E+01
3.796898449224569E+02	3.023581150400031E+01
3.801900950475194E+02	3.046981562641815E+01
3.806903451725819E+02	3.070422027236958E+01
3.811905952976444E+02	3.093902486383428E+01
3.816908454227069E+02	3.117422882318050E+01
3.821910955477694E+02	3.140983157316634E+01
3.826913456728319E+02	3.164583253694326E+01
3.831915957978944E+02	3.188223113805782E+01
3.836918459229569E+02	3.211902680045478E+01
3.841920960480194E+02	3.235621894847924E+01
3.846923461730819E+02	3.259380700687882E+01
3.851925962981445E+02	3.283179040080665E+01
3.856928464232070E+02	3.307016855582356E+01
3.861930965482695E+02	3.330894089789990E+01
3.866933466733320E+02	3.354810685341869E+01
3.871935967983945E+02	3.378766584917787E+01
3.876938469234570E+02	3.402761731239167E+01
3.881940970485195E+02	3.426796067069426E+01
3.886943471735820E+02	3.450869535214133E+01
3.891945972986445E+02	3.474982078521242E+01
3.896948474237070E+02	3.499133639881313E+01
3.901950975487695E+02	3.523324162227709E+01
3.906953476738320E+02	3.547553588536931E+01
3.911955977988945E+02	3.571821861828681E+01
3.916958479239570E+02	3.596128925166221E+01
3.921960980490196E+02	3.620474721656484E+01
3.926963481740821E+02	3.644859194450345E+01
3.931965982991446E+02	3.669282286742816E+01
3.936968484242071E+02	3.693743941773266E+01
3.941970985492696E+02	3.718244102825662E+01
3.946973486743321E+02	3.742782713228689E+01
3.951975987993946E+02	3.767359716356020E+01
3.956978489244571E+02	3.791975055626534E+01
3.961980990495196E+02	3.816628674504511E+01
3.966983491745821E+02	3.841320516499758E+01
3.971985992996446E+02	3.866050525167924E+01
3.976988494247071E+02	3.890818644110664E+01
3.981990995497696E+02	3.915624816975730E+01
3.986993496748321E+02	3.940468987457319E+01
3.991995997998947E+02	3.965351099296214E+01
3.996998499249572E+02	3.990271096279906E+01
4.002001000500197E+02	4.015228922242881E+01
4.007003501750822E+02	4.040224521066767E+01
4.012006003001447E+02	4.065257836680490E+01
4.017008504252072E+02	4.090328813060518E+01
4.022011005502697E+02	4.115437394231043E+01
4.027013506753322E+02	4.140583524264110E+01
4.032016008003947E+02	4.165767147279814E+01
4.037018509254572E+02	4.190988207446526E+01
4.042021010505197E+02	4.216246648981036E+01
4.047023511755822E+02	4.241542416148701E+01
4.052026013006447E+02	4.266875453263691E+01
4.057028514257073E+02	4.292245704689111E+01
4.062031015507698E+02	4.317653114837179E+01
4.067033516758323E+02	4.343097628169369E+01
4.072036018008948E+02	4.368579189196691E+01
4.077038519259573E+02	4.394097742479710E+01
4.082041020510198E+02	4.419653232628838E+01
4.087043521760823E+02	4.445245604304404E+01
4.092046023011448E+02	4.470874802216849E+01
4.097048524262073E+02	4.496540771126951E+01
4.102051025512698E+02	4.522243455845881E+01
4.107053526763323E+02	4.547982801235406E+01
4.112056028013948E+02	4.573758752208113E+01
4.117058529264573E+02	4.599571253727430E+01
4.122061030515198E+02	4.625420250807906E+01
4.127063531765824E+02	4.651305688515254E+01
4.132066033016449E+02	4.677227511966646E+01
4.137068534267074E+02	4.703185666330705E+01
4.142071035517699E+02	4.729180096827758E+01
4.147073536768324E+02	4.755210748729968E+01
4.152076038018949E+02	4.781277567361411E+01
4.157078539269574E+02	4.807380498098360E+01
4.162081040520199E+02	4.833519486369255E+01
4.167083541770824E+02	4.859694477655000E+01
4.172086043021449E+02	4.885905417489016E+01
4.177088544272074E+02	4.912152251457394E+01
4.182091045522699E+02	4.938434925199061E+01
4.187093546773324E+02	4.964753384405890E+01
4.192096048023949E+02	4.991107574822848E+01
4.197098549274575E+02	5.017497442248106E+01
4.202101050525200E+02	5.043922932533218E+01
4.207103551775825E+02	5.070383991583213E+01
4.212106053026450E+02	5.096880565356753E+01
4.217108554277075E+02	5.123412599866293E+01
4.222111055527700E+02	5.149980041178031E+01
4.227113556778325E+02	5.176582835412307E+01
4.232116058028950E+02	5.203220928743514E+01
4.237118559279575E+02	5.229894267400329E+01
4.242121060530200E+02	5.256602797665818E+01
4.247123561780825E+02	5.283346465877509E+01
4.252126063031450E+02	5.310125218427544E+01
4.257128564282075E+02	5.336939001762863E+01
4.262131065532701E+02	5.363787762385198E+01
4.267133566783326E+02	5.390671446851326E+01
4.272136068033951E+02	5.417590001772993E+01
4.277138569284576E+02	5.444543373817277E+01
4.282141070535201E+02	5.471531509706494E+01
4.287143571785826E+02	5.498554356218415E+01
4.292146073036451E+02	5.525611860186353E+01
4.297148574287076E+02	5.552703968499281E+01
4.302151075537701E+02	5.579830628101854E+01
4.307153576788326E+02	5.606991785994694E+01
4.312156078038951E+02	5.634187389234359E+01
4.317158579289576E+02	5.661417384933412E+01
4.322161080540201E+02	5.688681720260712E+01
4.327163581790826E+02	5.715980342441310E+01
4.332166083041452E+02	5.743313198756692E+01
4.337168584292077E+02	5.770680236544803E+01
4.342171085542702E+02	5.798081403200183E+01
4.347173586793327E+02	5.825516646174060E+01
4.352176088043952E+02	5.852985912974412E+01
4.357178589294577E+02	5.880489151166120E+01
4.362181090545202E+02	5.908026308371018E+01
4.367183591795827E+02	5.935597332268003E+01
4.372186093046452E+02	5.963202170593155E+01
4.377188594297077E+02	5.990840771139790E+01
4.382191095547702E+02	6.018513081758545E+01
4.387193596798327E+02	6.046219050357502E+01
4.392196098048952E+02	6.073958624902218E+01
4.397198599299577E+02	6.101731753415942E+01
4.402201100550203E+02	6.129538383979536E+01
4.407203601800828E+02	6.157378464731664E+01
4.412206103051453E+02	6.185251943868860E+01
4.417208604302078E+02	6.213158769645560E+01
4.422211105552703E+02	6.241098890374292E+01
4.427213606803328E+02	6.269072254425623E+01
4.432216108053953E+02	6.297078810228351E+01
4.437218609304578E+02	6.325118506269519E+01
4.442221110555203E+02	6.353191291094527E+01
4.447223611805828E+02	6.381297113307153E+01
4.452226113056453E+02	6.409435921569741E+01
4.457228614307078E+02	6.437607664603183E+01
4.462231115557703E+02	6.465812291186967E+01
4.467233616808329E+02	6.494049750159365E+01
4.472236118058954E+02	6.522319990417373E+01
4.477238619309579E+02	6.550622960916940E+01
4.482241120560204E+02	6.578958610672885E+01
4.487243621810829E+02	6.607326888759007E+01
4.492246123061454E+02	6.635727744308241E+01
4.497248624312079E+02	6.664161126512590E+01
4.502251125562704E+02	6.692626984623348E+01
4.507253626813329E+02	6.721125267950998E+01
4.512256128063954E+02	6.749655925865386E+01
4.517258629314579E+02	6.778218907795736E+01
4.522261130565204E+02	6.806814163230780E+01
4.527263631815829E+02	6.835441641718717E+01
4.532266133066454E+02	6.864101292867377E+01
4.537268634317080E+02	6.892793066344177E+01
4.542271135567705E+02	6.921516911876296E+01
4.547273636818330E+02	6.950272779250594E+01
4.552276138068955E+02	6.979060618313844E+01
4.557278639319580E+02	7.007880378972607E+01
4.562281140570205E+02	7.036732011193419E+01
4.567283641820830E+02	7.065615465002816E+01
4.572286143071455E+02	7.094530690487284E+01
4.577288644322080E+02	7.123477637793496E+01
4.582291145572705E+02	7.152456257128216E+01
4.587293646823330E+02	7.181466498758374E+01
4.592296148073955E+02	7.210508313011218E+01
4.597298649324580E+02	7.239581650274209E+01
4.602301150575205E+02	7.268686460995218E+01
4.607303651825831E+02	7.297822695682436E+01
4.612306153076456E+02	7.326990304904547E+01
4.617308654327081E+02	7.356189239290660E+01
4.622311155577706E+02	7.385419449530480E+01
4.627313656828331E+02	7.414680886374185E+01
4.632316158078956E+02	7.443973500632666E+01
4.637318659329581E+02	7.473297243177404E+01
4.642321160580206E+02	7.502652064940605E+01
4.647323661830831E+02	7.532037916915192E+01
4.652326163081456E+02	7.561454750154877E+01
4.657328664332081E+02	7.590902515774235E+01
4.662331165582706E+02	7.620381164948617E+01
4.667333666833331E+02	7.649890648914334E+01
4.672336168083957E+02	7.679430918968575E+01
4.677338669334582E+02	7.709001926469546E+01
4.682341170585207E+02	7.738603622836422E+01
4.687343671835832E+02	7.768235959549440E+01
4.692346173086457E+02	7.797898888149911E+01
4.697348674337082E+02	7.827592360240243E+01
4.702351175587707E+02	7.857316327483954E+01
4.707353676838332E+02	7.887070741605771E+01
4.712356178088957E+02	7.916855554391600E+01
4.717358679339582E+02	7.946670717688596E+01
4.722361180590207E+02	7.976516183405181E+01
4.727363681840832E+02	8.006391903511042E+01
4.732366183091457E+02	8.036297830037142E+01
4.737368684342082E+02	8.066233915075912E+01
4.742371185592708E+02	8.096200110781018E+01
4.747373686843333E+02	8.126196369367636E+01
4.752376188093958E+02	8.156222643112284E+01
4.757378689344583E+02	8.186278884352953E+01
4.762381190595208E+02	8.216365045489107E+01
4.767383691845833E+02	8.246481078981714E+01
4.772386193096458E+02	8.276626937353245E+01
4.777388694347083E+02	8.306802573187696E+01
4.782391195597708E+02	8.337007939130638E+01
4.787393696848333E+02	8.367242987889210E+01
4.792396198098958E+02	8.397507672232166E+01
4.797398699349583E+02	8.427801944989847E+01
4.802401200600208E+02	8.458125759054292E+01
4.807403701850833E+02	8.488479067379080E+01
4.812406203101459E+02	8.518861822979557E+01
4.817408704352084E+02	8.549273978932706E+01
4.822411205602709E+02	8.579715488377275E+01
4.827413706853334E+02	8.610186304513633E+01
4.832416208103959E+02	8.640686380603927E+01
4.837418709354584E+02	8.671215669972054E+01
4.842421210605209E+02	8.701774126003704E+01
4.847423711855834E+02	8.732361702146181E+01
4.852426213106459E+02	8.762978351908799E+01
4.857428714357084E+02	8.793624028862484E+01
4.862431215607709E+02	8.824298686640003E+01
4.867433716858334E+02	8.855002278936007E+01
4.872436218108959E+02	8.885734759506880E+01
4.877438719359585E+02	8.916496082170886E+01
4.882441220610210E+02	8.947286200808077E+01
4.887443721860835E+02	8.978105069360419E+01
4.892446223111460E+02	9.008952641831667E+01
4.897448724362085E+02	9.039828872287472E+01
4.902451225612710E+02	9.070733714855322E+01
4.907453726863335E+02	9.101667123724633E+01
4.912456228113960E+02	9.132629053146542E+01
4.917458729364585E+02	9.163619457434243E+01
4.922461230615210E+02	9.194638290962700E+01
4.927463731865835E+02	9.225685508168823E+01
4.932466233116460E+02	9.256761063551301E+01
4.937468734367085E+02	9.287864911670835E+01
4.942471235617710E+02	9.318997007149909E+01
4.947473736868336E+02	9.350157304672956E+01
4.952476238118961E+02	9.381345758986294E+01
4.957478739369586E+02	9.412562324898039E+01
4.962481240620211E+02	9.443806957278332E+01
4.967483741870836E+02	9.475079611059067E+01
4.972486243121461E+02	9.506380241234075E+01
4.977488744372086E+02	9.537708802859083E+01
4.982491245622711E+02	9.569065251051614E+01
4.987493746873336E+02	9.600449540991190E+01
4.992496248123961E+02	9.631861627919022E+01
4.997498749374586E+02	9.663301467138280E+01
5.002501250625211E+02	9.694769014014025E+01
5.007503751875836E+02	9.726264223973095E+01
5.012506253126462E+02	9.757787052504153E+01
5.017508754377087E+02	9.789337455157784E+01
5.022511255627712E+02	9.820915387546279E+01
5.027513756878337E+02	9.852520805343858E+01
5.032516258128962E+02	9.884153664286458E+01
5.037518759379587E+02	9.915813920171854E+01
5.042521260630212E+02	9.947501528859613E+01
5.047523761880837E+02	9.979216446271067E+01
5.052526263131462E+02	1.001095862838932E+02
5.057528764382087E+02	1.004272803125923E+02
5.062531265632712E+02	1.007452461098739E+02
5.067533766883337E+02	1.010634832374211E+02
5.072536268133962E+02	1.013819912575345E+02
5.077538769384587E+02	1.017007697331318E+02
5.082541270635213E+02	1.020198182277474E+02
5.087543771885838E+02	1.023391363055319E+02
5.092546273136463E+02	1.026587235312539E+02
5.097548774387088E+02	1.029785794702973E+02
5.102551275637713E+02	1.032987036886626E+02
5.107553776888338E+02	1.036190957529665E+02
5.112556278138963E+02	1.039397552304418E+02
5.117558779389588E+02	1.042606816889373E+02
5.122561280640214E+02	1.045818746969165E+02
5.127563781890839E+02	1.049033338234592E+02
5.132566283141464E+02	1.052250586382607E+02
5.137568784392089E+02	1.055470487116307E+02
5.142571285642714E+02	1.058693036144939E+02
5.147573786893339E+02	1.061918229183900E+02
5.152576288143964E+02	1.065146061954732E+02
5.157578789394589E+02	1.068376530185112E+02
5.162581290645214E+02	1.071609629608869E+02
5.167583791895839E+02	1.074845355965969E+02
5.172586293146464E+02	1.078083705002504E+02
5.177588794397089E+02	1.081324672470710E+02
5.182591295647715E+02	1.084568254128952E+02
5.187593796898340E+02	1.087814445741726E+02
5.192596298148965E+02	1.091063243079655E+02
5.197598799399590E+02	1.094314641919482E+02
5.202601300650215E+02	1.097568638044079E+02
5.207603801900840E+02	1.100825227242436E+02
5.212606303151465E+02	1.104084405309657E+02
5.217608804402090E+02	1.107346168046967E+02
5.222611305652715E+02	1.110610511261698E+02
5.227613806903340E+02	1.113877430767296E+02
5.232616308153965E+02	1.117146922383309E+02
5.237618809404590E+02	1.120418981935393E+02
5.242621310655215E+02	1.123693605255304E+02
5.247623811905841E+02	1.126970788180899E+02
5.252626313156466E+02	1.130250526556126E+02
5.257628814407091E+02	1.133532816231032E+02
5.262631315657716E+02	1.136817653061751E+02
5.267633816908341E+02	1.140105032910502E+02
5.272636318158966E+02	1.143394951645593E+02
5.277638819409591E+02	1.146687405141411E+02
5.282641320660216E+02	1.149982389278420E+02
5.287643821910841E+02	1.153279899943160E+02
5.292646323161466E+02	1.156579933028244E+02
5.297648824412091E+02	1.159882484432353E+02
5.302651325662716E+02	1.163187550060233E+02
5.307653826913341E+02	1.166495125822691E+02
5.312656328163966E+02	1.169805207636599E+02
5.317658829414592E+02	1.173117791424876E+02
5.322661330665217E+02	1.176432873116501E+02
5.327663831915842E+02	1.179750448646497E+02
5.332666333166467E+02	1.183070513955941E+02
5.337668834417092E+02	1.186393064991939E+02
5.342671335667717E+02	1.189718097707646E+02
5.347673836918342E+02	1.193045608062251E+02
5.352676338168967E+02	1.196375592020968E+02
5.357678839419592E+02	1.199708045555051E+02
5.362681340670217E+02	1.203042964641766E+02
5.367683841920842E+02	1.206380345264408E+02
5.372686343171467E+02	1.209720183412285E+02
5.377688844422092E+02	1.213062475080729E+02
5.382691345672717E+02	1.216407216271064E+02
5.387693846923343E+02	1.219754402990632E+02
5.392696348173968E+02	1.223104031252776E+02
5.397698849424593E+02	1.226456097076837E+02
5.402701350675218E+02	1.229810596488149E+02
5.407703851925843E+02	1.233167525518039E+02
5.412706353176468E+02	1.236526880203817E+02
5.417708854427093E+02	1.239888656588782E+02
5.422711355677718E+02	1.243252850722208E+02
5.427713856928343E+02	1.246619458659340E+02
5.432716358178968E+02	1.249988476461405E+02
5.437718859429593E+02	1.253359900195584E+02
5.442721360680218E+02	1.256733725935031E+02
5.447723861930843E+02	1.260109949758852E+02
5.452726363181469E+02	1.263488567752115E+02
5.457728864432094E+02	1.266869576005826E+02
5.462731365682719E+02	1.270252970616950E+02
5.467733866933344E+02	1.273638747688385E+02
5.472736368183969E+02	1.277026903328971E+02
5.477738869434594E+02	1.280417433653482E+02
5.482741370685219E+02	1.283810334782615E+02
5.487743871935844E+02	1.287205602843006E+02
5.492746373186469E+02	1.290603233967190E+02
5.497748874437094E+02	1.294003224293631E+02
5.502751375687719E+02	1.297405569966709E+02
5.507753876938344E+02	1.300810267136698E+02
5.512756378188969E+02	1.304217311959789E+02
5.517758879439594E+02	1.307626700598056E+02
5.522761380690220E+02	1.311038429219477E+02
5.527763881940845E+02	1.314452493997914E+02
5.532766383191470E+02	1.317868891113122E+02
5.537768884442095E+02	1.321287616750722E+02
5.542771385692720E+02	1.324708667102222E+02
5.547773886943345E+02	1.328132038364994E+02
5.552776388193970E+02	1.331557726742282E+02
5.557778889444595E+02	1.334985728443184E+02
5.562781390695220E+02	1.338416039682656E+02
5.567783891945845E+02	1.341848656681514E+02
5.572786393196470E+02	1.345283575666411E+02
5.577788894447095E+02	1.348720792869844E+02
5.582791395697720E+02	1.352160304530154E+02
5.587793896948345E+02	1.355602106891504E+02
5.592796398198971E+02	1.359046196203897E+02
5.597798899449596E+02	1.362492568723150E+02
5.602801400700221E+02	1.365941220710901E+02
5.607803901950846E+02	1.369392148434597E+02
5.612806403201471E+02	1.372845348167501E+02
5.617808904452096E+02	1.376300816188672E+02
5.622811405702721E+02	1.379758548782970E+02
5.627813906953346E+02	1.383218542241049E+02
5.632816408203971E+02	1.386680792859351E+02
5.637818909454596E+02	1.390145296940094E+02
5.642821410705221E+02	1.393612050791290E+02
5.647823911955846E+02	1.397081050726708E+02
5.652826413206471E+02	1.400552293065886E+02
5.657828914457097E+02	1.404025774134137E+02
5.662831415707722E+02	1.407501490262517E+02
5.667833916958347E+02	1.410979437787848E+02
5.672836418208972E+02	1.414459613052691E+02
5.677838919459597E+02	1.417942012405341E+02
5.682841420710222E+02	1.421426632199847E+02
5.687843921960847E+02	1.424913468795979E+02
5.692846423211472E+02	1.428402518559233E+02
5.697848924462097E+02	1.431893777860831E+02
5.702851425712722E+02	1.435387243077702E+02
5.707853926963347E+02	1.438882910592494E+02
5.712856428213972E+02	1.442380776793557E+02
5.717858929464597E+02	1.445880838074942E+02
5.722861430715222E+02	1.449383090836384E+02
5.727863931965848E+02	1.452887531483322E+02
5.732866433216473E+02	1.456394156426867E+02
5.737868934467098E+02	1.459902962083813E+02
5.742871435717723E+02	1.463413944876625E+02
5.747873936968348E+02	1.466927101233435E+02
5.752876438218973E+02	1.470442427588037E+02
5.757878939469598E+02	1.473959920379879E+02
5.762881440720223E+02	1.477479576054059E+02
5.767883941970848E+02	1.481001391061329E+02
5.772886443221473E+02	1.484525361858063E+02
5.777888944472098E+02	1.488051484906286E+02
5.782891445722723E+02	1.491579756673641E+02
5.787893946973348E+02	1.495110173633395E+02
5.792896448223973E+02	1.498642732264435E+02
5.797898949474599E+02	1.502177429051261E+02
5.802901450725224E+02	1.505714260483967E+02
5.807903951975849E+02	1.509253223058265E+02
5.812906453226474E+02	1.512794313275442E+02
5.817908954477099E+02	1.516337527642389E+02
5.822911455727724E+02	1.519882862671574E+02
5.827913956978349E+02	1.523430314881043E+02
5.832916458228974E+02	1.526979880794408E+02
5.837918959479599E+02	1.530531556940857E+02
5.842921460730224E+02	1.534085339855123E+02
5.847923961980849E+02	1.537641226077517E+02
5.852926463231474E+02	1.541199212153874E+02
5.857928964482099E+02	1.544759294635580E+02
5.862931465732725E+02	1.548321470079561E+02
5.867933966983350E+02	1.551885735048275E+02
5.872936468233975E+02	1.555452086109702E+02
5.877938969484600E+02	1.559020519837338E+02
5.882941470735225E+02	1.562591032810195E+02
5.887943971985850E+02	1.566163621612797E+02
5.892946473236475E+02	1.569738282835158E+02
5.897948974487100E+02	1.573315013072802E+02
5.902951475737725E+02	1.576893808926733E+02
5.907953976988350E+02	1.580474667003439E+02
5.912956478238975E+02	1.584057583914893E+02
5.917958979489600E+02	1.587642556278529E+02
5.922961480740225E+02	1.591229580717256E+02
5.927963981990850E+02	1.594818653859439E+02
5.932966483241476E+02	1.598409772338897E+02
5.937968984492101E+02	1.602002932794898E+02
5.942971485742726E+02	1.605598131872147E+02
5.947973986993351E+02	1.609195366220794E+02
5.952976488243976E+02	1.612794632496409E+02
5.957978989494601E+02	1.616395927359993E+02
5.962981490745226E+02	1.619999247477960E+02
5.967983991995851E+02	1.623604589522135E+02
5.972986493246476E+02	1.627211950169755E+02
5.977988994497101E+02	1.630821326103448E+02
5.982991495747726E+02	1.634432714011243E+02
5.987993996998351E+02	1.638046110586544E+02
5.992996498248976E+02	1.641661512528156E+02
5.997998999499601E+02	1.645278916540236E+02
6.003001500750227E+02	1.648898319332325E+02
6.008004002000852E+02	1.652519717619322E+02
6.013006503251477E+02	1.656143108121484E+02
6.018009004502102E+02	1.659768487564412E+02
6.023011505752727E+02	1.663395852679059E+02
6.028014007003352E+02	1.667025200201711E+02
6.033016508253977E+02	1.670656526873988E+02
6.038019009504602E+02	1.674289829442833E+02
6.043021510755227E+02	1.677925104660507E+02
6.048024012005852E+02	1.681562349284589E+02
6.053026513256477E+02	1.685201560077963E+02
6.058029014507102E+02	1.688842733808808E+02
6.063031515757727E+02	1.692485867250604E+02
6.068034017008353E+02	1.696130957182116E+02
6.073036518258978E+02	1.699778000387388E+02
6.078039019509603E+02	1.703426993655741E+02
6.083041520760228E+02	1.707077933781771E+02
6.088044022010853E+02	1.710730817565326E+02
6.093046523261478E+02	1.714385641811525E+02
6.098049024512103E+02	1.718042403330717E+02
6.103051525762728E+02	1.721701098938512E+02
6.108054027013353E+02	1.725361725455747E+02
6.113056528263978E+02	1.729024279708501E+02
6.118059029514603E+02	1.732688758528063E+02
6.123061530765228E+02	1.736355158750954E+02
6.128064032015853E+02	1.740023477218895E+02
6.133066533266478E+02	1.743693710778825E+02
6.138069034517104E+02	1.747365856282871E+02
6.143071535767729E+02	1.751039910588366E+02
6.148074037018354E+02	1.754715870557811E+02
6.153076538268979E+02	1.758393733058905E+02
6.158079039519604E+02	1.762073494964507E+02
6.163081540770229E+02	1.765755153152657E+02
6.168084042020854E+02	1.769438704506541E+02
6.173086543271479E+02	1.773124145914510E+02
6.178089044522104E+02	1.776811474270060E+02
6.183091545772729E+02	1.780500686471828E+02
6.188094047023354E+02	1.784191779423587E+02
6.193096548273979E+02	1.787884750034235E+02
6.198099049524604E+02	1.791579595217799E+02
6.203101550775229E+02	1.795276311893416E+02
6.208104052025855E+02	1.798974896985336E+02
6.213106553276480E+02	1.802675347422909E+02
6.218109054527105E+02	1.806377660140579E+02
6.223111555777730E+02	1.810081832077889E+02
6.228114057028355E+02	1.813787860179462E+02
6.233116558278980E+02	1.817495741394992E+02
6.238119059529605E+02	1.821205472679247E+02
6.243121560780230E+02	1.824917050992061E+02
6.248124062030855E+02	1.828630473298322E+02
6.253126563281480E+02	1.832345736567973E+02
6.258129064532105E+02	1.836062837775996E+02
6.263131565782730E+02	1.839781773902417E+02
6.268134067033355E+02	1.843502541932287E+02
6.273136568283981E+02	1.847225138855692E+02
6.278139069534606E+02	1.850949561667725E+02
6.283141570785231E+02	1.854675807368496E+02
6.288144072035856E+02	1.858403872963117E+02
6.293146573286481E+02	1.862133755461707E+02
6.298149074537106E+02	1.865865451879370E+02
6.303151575787731E+02	1.869598959236195E+02
6.308154077038356E+02	1.873334274557256E+02
6.313156578288981E+02	1.877071394872598E+02
6.318159079539606E+02	1.880810317217221E+02
6.323161580790231E+02	1.884551038631100E+02
6.328164082040856E+02	1.888293556159157E+02
6.333166583291481E+02	1.892037866851259E+02
6.338169084542106E+02	1.895783967762213E+02
6.343171585792732E+02	1.899531855951757E+02
6.348174087043357E+02	1.903281528484563E+02
6.353176588293982E+02	1.907032982430216E+02
6.358179089544607E+02	1.910786214863216E+02
6.363181590795232E+02	1.914541222862973E+02
6.368184092045857E+02	1.918298003513790E+02
6.373186593296482E+02	1.922056553904875E+02
6.378189094547107E+02	1.925816871130309E+02
6.383191595797732E+02	1.929578952289069E+02
6.388194097048357E+02	1.933342794484993E+02
6.393196598298982E+02	1.937108394826792E+02
6.398199099549607E+02	1.940875750428035E+02
6.403201600800232E+02	1.944644858407153E+02
6.408204102050858E+02	1.948415715887411E+02
6.413206603301483E+02	1.952188319996930E+02
6.418209104552108E+02	1.955962667868652E+02
6.423211605802733E+02	1.959738756640355E+02
6.428214107053358E+02	1.963516583454632E+02
6.433216608303983E+02	1.967296145458899E+02
6.438219109554608E+02	1.971077439805370E+02
6.443221610805233E+02	1.974860463651070E+02
6.448224112055858E+02	1.978645214157810E+02
6.453226613306483E+02	1.982431688492190E+02
6.458229114557108E+02	1.986219883825599E+02
6.463231615807733E+02	1.990009797334193E+02
6.468234117058358E+02	1.993801426198902E+02
6.473236618308983E+02	1.997594767605408E+02
6.478239119559609E+02	2.001389818744155E+02
6.483241620810234E+02	2.005186576810343E+02
6.488244122060859E+02	2.008985039003892E+02
6.493246623311484E+02	2.012785202529480E+02
6.498249124562109E+02	2.016587064596501E+02
6.503251625812734E+02	2.020390622419067E+02
6.508254127063359E+02	2.024195873216023E+02
6.513256628313984E+02	2.028002814210899E+02
6.518259129564609E+02	2.031811442631944E+02
6.523261630815234E+02	2.035621755712097E+02
6.528264132065859E+02	2.039433750688985E+02
6.533266633316484E+02	2.043247424804915E+02
6.538269134567109E+02	2.047062775306878E+02
6.543271635817734E+02	2.050879799446518E+02
6.548274137068360E+02	2.054698494480158E+02
6.553276638318985E+02	2.058518857668764E+02
6.558279139569610E+02	2.062340886277960E+02
6.563281640820235E+02	2.066164577578007E+02
6.568284142070860E+02	2.069989928843801E+02
6.573286643321485E+02	2.073816937354871E+02
6.578289144572110E+02	2.077645600395361E+02
6.583291645822735E+02	2.081475915254044E+02
6.588294147073360E+02	2.085307879224286E+02
6.593296648323985E+02	2.089141489604066E+02
6.598299149574610E+02	2.092976743695953E+02
6.603301650825235E+02	2.096813638807115E+02
6.608304152075860E+02	2.100652172249289E+02
6.613306653326486E+02	2.104492341338796E+02
6.618309154577111E+02	2.108334143396529E+02
6.623311655827736E+02	2.112177575747939E+02
6.628314157078361E+02	2.116022635723027E+02
6.633316658328986E+02	2.119869320656355E+02
6.638319159579611E+02	2.123717627887025E+02
6.643321660830236E+02	2.127567554758668E+02
6.648324162080861E+02	2.131419098619459E+02
6.653326663331486E+02	2.135272256822079E+02
6.658329164582111E+02	2.139127026723735E+02
6.663331665832736E+02	2.142983405686140E+02
6.668334167083361E+02	2.146841391075517E+02
6.673336668333986E+02	2.150700980262581E+02
6.678339169584611E+02	2.154562170622534E+02
6.683341670835237E+02	2.158424959535063E+02
6.688344172085862E+02	2.162289344384339E+02
6.693346673336487E+02	2.166155322558990E+02
6.698349174587112E+02	2.170022891452118E+02
6.703351675837737E+02	2.173892048461280E+02
6.708354177088362E+02	2.177762790988479E+02
6.713356678338987E+02	2.181635116440168E+02
6.718359179589612E+02	2.185509022227229E+02
6.723361680840237E+02	2.189384505764988E+02
6.728364182090862E+02	2.193261564473176E+02
6.733366683341487E+02	2.197140195775960E+02
6.738369184592112E+02	2.201020397101909E+02
6.743371685842737E+02	2.204902165883988E+02
6.748374187093362E+02	2.208785499559581E+02
6.753376688343988E+02	2.212670395570443E+02
6.758379189594613E+02	2.216556851362728E+02
6.763381690845238E+02	2.220444864386951E+02
6.768384192095863E+02	2.224334432098017E+02
6.773386693346488E+02	2.228225551955185E+02
6.778389194597113E+02	2.232118221422077E+02
6.783391695847738E+02	2.236012437966658E+02
6.788394197098363E+02	2.239908199061252E+02
6.793396698348988E+02	2.243805502182511E+02
6.798399199599613E+02	2.247704344811418E+02
6.803401700850238E+02	2.251604724433292E+02
6.808404202100863E+02	2.255506638537760E+02
6.813406703351488E+02	2.259410084618768E+02
6.818409204602114E+02	2.263315060174567E+02
6.823411705852739E+02	2.267221562707704E+02
6.828414207103364E+02	2.271129589725022E+02
6.833416708353989E+02	2.275039138737645E+02
6.838419209604614E+02	2.278950207260986E+02
6.843421710855239E+02	2.282862792814722E+02
6.848424212105864E+02	2.286776892922804E+02
6.853426713356489E+02	2.290692505113437E+02
6.858429214607114E+02	2.294609626919084E+02
6.863431715857739E+02	2.298528255876453E+02
6.868434217108364E+02	2.302448389526492E+02
6.873436718358989E+02	2.306370025414384E+02
6.878439219609614E+02	2.310293161089543E+02
6.883441720860239E+02	2.314217794105598E+02
6.888444222110865E+02	2.318143922020391E+02
6.893446723361490E+02	2.322071542395986E+02
6.898449224612115E+02	2.326000652798630E+02
6.903451725862740E+02	2.329931250798784E+02
6.908454227113365E+02	2.333863333971079E+02
6.913456728363990E+02	2.337796899894342E+02
6.918459229614615E+02	2.341731946151567E+02
6.923461730865240E+02	2.345668470329924E+02
6.928464232115865E+02	2.349606470020742E+02
6.933466733366490E+02	2.353545942819505E+02
6.938469234617115E+02	2.357486886325852E+02
6.943471735867740E+02	2.361429298143562E+02
6.948474237118365E+02	2.365373175880547E+02
6.953476738368990E+02	2.369318517148864E+02
6.958479239619616E+02	2.373265319564672E+02
6.963481740870241E+02	2.377213580748264E+02
6.968484242120866E+02	2.381163298324039E+02
6.973486743371491E+02	2.385114469920504E+02
6.978489244622116E+02	2.389067093170260E+02
6.983491745872741E+02	2.393021165709999E+02
6.988494247123366E+02	2.396976685180505E+02
6.993496748373991E+02	2.400933649226640E+02
6.998499249624616E+02	2.404892055497322E+02
7.003501750875241E+02	2.408851901645567E+02
7.008504252125866E+02	2.412813185328426E+02
7.013506753376491E+02	2.416775904207001E+02
7.018509254627116E+02	2.420740055946466E+02
7.023511755877742E+02	2.424705638216008E+02
7.028514257128367E+02	2.428672648688872E+02
7.033516758378992E+02	2.432641085042309E+02
7.038519259629617E+02	2.436610944957609E+02
7.043521760880242E+02	2.440582226120067E+02
7.048524262130867E+02	2.444554926218992E+02
7.053526763381492E+02	2.448529042947692E+02
7.058529264632117E+02	2.452504574003473E+02
7.063531765882742E+02	2.456481517087636E+02
7.068534267133367E+02	2.460459869905452E+02
7.073536768383992E+02	2.464439630166179E+02
7.078539269634617E+02	2.468420795583050E+02
7.083541770885242E+02	2.472403363873251E+02
7.088544272135867E+02	2.476387332757933E+02
7.093546773386493E+02	2.480372699962199E+02
7.098549274637118E+02	2.484359463215094E+02
7.103551775887743E+02	2.488347620249603E+02
7.108554277138368E+02	2.492337168802645E+02
7.113556778388993E+02	2.496328106615073E+02
7.118559279639618E+02	2.500320431431645E+02
7.123561780890243E+02	2.504314141001040E+02
7.128564282140868E+02	2.508309233075851E+02
7.133566783391493E+02	2.512305705412570E+02
7.138569284642118E+02	2.516303555771570E+02
7.143571785892743E+02	2.520302781917131E+02
7.148574287143368E+02	2.524303381617406E+02
7.153576788393993E+02	2.528305352644432E+02
7.158579289644618E+02	2.532308692774111E+02
7.163581790895244E+02	2.536313399786205E+02
7.168584292145869E+02	2.540319471464347E+02
7.173586793396494E+02	2.544326905595995E+02
7.178589294647119E+02	2.548335699972486E+02
7.183591795897744E+02	2.552345852388974E+02
7.188594297148369E+02	2.556357360644448E+02
7.193596798398994E+02	2.560370222541733E+02
7.198599299649619E+02	2.564384435887461E+02
7.203601800900244E+02	2.568399998492095E+02
7.208604302150869E+02	2.572416908169891E+02
7.213606803401494E+02	2.576435162738910E+02
7.218609304652119E+02	2.580454760021011E+02
7.223611805902744E+02	2.584475697841843E+02
7.228614307153370E+02	2.588497974030839E+02
7.233616808403995E+02	2.592521586421208E+02
7.238619309654620E+02	2.596546532849926E+02
7.243621810905245E+02	2.600572811157736E+02
7.248624312155870E+02	2.604600419189143E+02
7.253626813406495E+02	2.608629354792403E+02
7.258629314657120E+02	2.612659615819514E+02
7.263631815907745E+02	2.616691200126215E+02
7.268634317158370E+02	2.620724105571988E+02
7.273636818408995E+02	2.624758330020036E+02
7.278639319659620E+02	2.628793871337275E+02
7.283641820910245E+02	2.632830727394353E+02
7.288644322160870E+02	2.636868896065624E+02
7.293646823411495E+02	2.640908375229130E+02
7.298649324662121E+02	2.644949162766634E+02
7.303651825912746E+02	2.648991256563571E+02
7.308654327163371E+02	2.653034654509072E+02
7.313656828413996E+02	2.657079354495943E+02
7.318659329664621E+02	2.661125354420665E+02
7.323661830915246E+02	2.665172652183380E+02
7.328664332165871E+02	2.669221245687901E+02
7.333666833416496E+02	2.673271132841688E+02
7.338669334667121E+02	2.677322311555860E+02
7.343671835917746E+02	2.681374779745158E+02
7.348674337168371E+02	2.685428535327990E+02
7.353676838418996E+02	2.689483576226364E+02
7.358679339669621E+02	2.693539900365931E+02
7.363681840920246E+02	2.697597505675959E+02
7.368684342170872E+02	2.701656390089327E+02
7.373686843421497E+02	2.705716551542518E+02
7.378689344672122E+02	2.709777987975621E+02
7.383691845922747E+02	2.713840697332307E+02
7.388694347173372E+02	2.717904677559859E+02
7.393696848423997E+02	2.721969926609123E+02
7.398699349674622E+02	2.726036442434523E+02
7.403701850925247E+02	2.730104222994067E+02
7.408704352175872E+02	2.734173266249314E+02
7.413706853426497E+02	2.738243570165392E+02
7.418709354677122E+02	2.742315132710982E+02
7.423711855927747E+02	2.746387951858296E+02
7.428714357178372E+02	2.750462025583111E+02
7.433716858428998E+02	2.754537351864715E+02
7.438719359679623E+02	2.758613928685949E+02
7.443721860930248E+02	2.762691754033169E+02
7.448724362180873E+02	2.766770825896233E+02
7.453726863431498E+02	2.770851142268530E+02
7.458729364682123E+02	2.774932701146947E+02
7.463731865932748E+02	2.779015500531875E+02
7.468734367183373E+02	2.783099538427194E+02
7.473736868433998E+02	2.787184812840273E+02
7.478739369684623E+02	2.791271321781963E+02
7.483741870935248E+02	2.795359063266596E+02
7.488744372185873E+02	2.799448035311970E+02
7.493746873436498E+02	2.803538235939347E+02
7.498749374687123E+02	2.807629663173454E+02
7.503751875937749E+02	2.811722315042466E+02
7.508754377188374E+02	2.815816189577999E+02
7.513756878438999E+02	2.819911284815121E+02
7.518759379689624E+02	2.824007598792336E+02
7.523761880940249E+02	2.828105129551568E+02
7.528764382190874E+02	2.832203875138179E+02
7.533766883441499E+02	2.836303833600927E+02
7.538769384692124E+02	2.840405002992007E+02
7.543771885942749E+02	2.844507381367002E+02
7.548774387193374E+02	2.848610966784914E+02
7.553776888443999E+02	2.852715757308118E+02
7.558779389694624E+02	2.856821751002399E+02
7.563781890945249E+02	2.860928945936913E+02
7.568784392195874E+02	2.865037340184190E+02
7.573786893446500E+02	2.869146931820151E+02
7.578789394697125E+02	2.873257718924070E+02
7.583791895947750E+02	2.877369699578574E+02
7.588794397198375E+02	2.881482871869662E+02
7.593796898449000E+02	2.885597233886672E+02
7.598799399699625E+02	2.889712783722289E+02
7.603801900950250E+02	2.893829519472537E+02
7.608804402200875E+02	2.897947439236765E+02
7.613806903451500E+02	2.902066541117658E+02
7.618809404702125E+02	2.906186823221212E+02
7.623811905952750E+02	2.910308283656744E+02
7.628814407203375E+02	2.914430920536882E+02
7.633816908454000E+02	2.918554731977560E+02
7.638819409704626E+02	2.922679716097996E+02
7.643821910955251E+02	2.926805871020716E+02
7.648824412205876E+02	2.930933194871517E+02
7.653826913456501E+02	2.935061685779502E+02
7.658829414707126E+02	2.939191341877024E+02
7.663831915957751E+02	2.943322161299726E+02
7.668834417208376E+02	2.947454142186494E+02
7.673836918459001E+02	2.951587282679499E+02
7.678839419709626E+02	2.955721580924132E+02
7.683841920960251E+02	2.959857035069069E+02
7.688844422210876E+02	2.963993643266197E+02
7.693846923461501E+02	2.968131403670665E+02
7.698849424712126E+02	2.972270314440829E+02
7.703851925962751E+02	2.976410373738284E+02
7.708854427213377E+02	2.980551579727846E+02
7.713856928464002E+02	2.984693930577540E+02
7.718859429714627E+02	2.988837424458602E+02
7.723861930965252E+02	2.992982059545462E+02
7.728864432215877E+02	2.997127834015766E+02
7.733866933466502E+02	3.001274746050345E+02
7.738869434717127E+02	3.005422793833199E+02
7.743871935967752E+02	3.009571975551544E+02
7.748874437218377E+02	3.013722289395733E+02
7.753876938469002E+02	3.017873733559320E+02
7.758879439719627E+02	3.022026306239013E+02
7.763881940970252E+02	3.026180005634661E+02
7.768884442220877E+02	3.030334829949306E+02
7.773886943471502E+02	3.034490777389099E+02
7.778889444722128E+02	3.038647846163364E+02
7.783891945972753E+02	3.042806034484541E+02
7.788894447223378E+02	3.046965340568215E+02
7.793896948474003E+02	3.051125762633083E+02
7.798899449724628E+02	3.055287298900990E+02
7.803901950975253E+02	3.059449947596866E+02
7.808904452225878E+02	3.063613706948769E+02
7.813906953476503E+02	3.067778575187855E+02
7.818909454727128E+02	3.071944550548392E+02
7.823911955977753E+02	3.076111631267731E+02
7.828914457228378E+02	3.080279815586304E+02
7.833916958479003E+02	3.084449101747645E+02
7.838919459729628E+02	3.088619487998350E+02
7.843921960980254E+02	3.092790972588100E+02
7.848924462230879E+02	3.096963553769634E+02
7.853926963481504E+02	3.101137229798765E+02
7.858929464732129E+02	3.105311998934345E+02
7.863931965982754E+02	3.109487859438288E+02
7.868934467233379E+02	3.113664809575563E+02
7.873936968484004E+02	3.117842847614158E+02
7.878939469734629E+02	3.122021971825112E+02
7.883941970985254E+02	3.126202180482497E+02
7.888944472235879E+02	3.130383471863390E+02
7.893946973486504E+02	3.134565844247918E+02
7.898949474737129E+02	3.138749295919189E+02
7.903951975987754E+02	3.142933825163344E+02
7.908954477238379E+02	3.147119430269514E+02
7.913956978489005E+02	3.151306109529838E+02
7.918959479739630E+02	3.155493861239441E+02
7.923961980990255E+02	3.159682683696449E+02
7.928964482240880E+02	3.163872575201950E+02
7.933966983491505E+02	3.168063534060026E+02
7.938969484742130E+02	3.172255558577722E+02
7.943971985992755E+02	3.176448647065059E+02
7.948974487243380E+02	3.180642797835009E+02
7.953976988494005E+02	3.184838009203513E+02
7.958979489744630E+02	3.189034279489453E+02
7.963981990995255E+02	3.193231607014663E+02
7.968984492245880E+02	3.197429990103915E+02
7.973986993496505E+02	3.201629427084920E+02
7.978989494747130E+02	3.205829916288320E+02
7.983991995997756E+02	3.210031456047673E+02
7.988994497248381E+02	3.214234044699476E+02
7.993996998499006E+02	3.218437680583126E+02
7.998999499749631E+02	3.222642362040938E+02
8.004002001000256E+02	3.226848087418121E+02
8.009004502250881E+02	3.231054855062804E+02
8.014007003501506E+02	3.235262663325996E+02
8.019009504752131E+02	3.239471510561597E+02
8.024012006002756E+02	3.243681395126394E+02
8.029014507253381E+02	3.247892315380053E+02
8.034017008504006E+02	3.252104269685121E+02
8.039019509754631E+02	3.256317256406996E+02
8.044022011005256E+02	3.260531273913967E+02
8.049024512255882E+02	3.264746320577163E+02
8.054027013506507E+02	3.268962394770571E+02
8.059029514757132E+02	3.273179494871031E+02
8.064032016007757E+02	3.277397619258227E+02
8.069034517258382E+02	3.281616766314680E+02
8.074037018509007E+02	3.285836934425744E+02
8.079039519759632E+02	3.290058121979604E+02
8.084042021010257E+02	3.294280327367265E+02
8.089044522260882E+02	3.298503548982566E+02
8.094047023511507E+02	3.302727785222141E+02
8.099049524762132E+02	3.306953034485446E+02
8.104052026012757E+02	3.311179295174737E+02
8.109054527263382E+02	3.315406565695063E+02
8.114057028514007E+02	3.319634844454283E+02
8.119059529764633E+02	3.323864129863036E+02
8.124062031015258E+02	3.328094420334731E+02
8.129064532265883E+02	3.332325714285586E+02
8.134067033516508E+02	3.336558010134568E+02
8.139069534767133E+02	3.340791306303436E+02
8.144072036017758E+02	3.345025601216691E+02
8.149074537268383E+02	3.349260893301604E+02
8.154077038519008E+02	3.353497180988213E+02
8.159079539769633E+02	3.357734462709287E+02
8.164082041020258E+02	3.361972736900340E+02
8.169084542270883E+02	3.366212001999644E+02
8.174087043521508E+02	3.370452256448195E+02
8.179089544772133E+02	3.374693498689714E+02
8.184092046022758E+02	3.378935727170661E+02
8.189094547273384E+02	3.383178940340208E+02
8.194097048524009E+02	3.387423136650241E+02
8.199099549774634E+02	3.391668314555369E+02
8.204102051025259E+02	3.395914472512885E+02
8.209104552275884E+02	3.400161608982812E+02
8.214107053526509E+02	3.404409722427846E+02
8.219109554777134E+02	3.408658811313390E+02
8.224112056027759E+02	3.412908874107523E+02
8.229114557278384E+02	3.417159909281018E+02
8.234117058529009E+02	3.421411915307309E+02
8.239119559779634E+02	3.425664890662519E+02
8.244122061030259E+02	3.429918833825429E+02
8.249124562280884E+02	3.434173743277485E+02
8.254127063531510E+02	3.438429617502800E+02
8.259129564782135E+02	3.442686454988124E+02
8.264132066032760E+02	3.446944254222875E+02
8.269134567283385E+02	3.451203013699094E+02
8.274137068534010E+02	3.455462731911477E+02
8.279139569784635E+02	3.459723407357352E+02
8.284142071035260E+02	3.463985038536681E+02
8.289144572285885E+02	3.468247623952039E+02
8.294147073536510E+02	3.472511162108616E+02
8.299149574787135E+02	3.476775651514249E+02
8.304152076037760E+02	3.481041090679364E+02
8.309154577288385E+02	3.485307478116987E+02
8.314157078539010E+02	3.489574812342765E+02
8.319159579789635E+02	3.493843091874927E+02
8.324162081040261E+02	3.498112315234302E+02
8.329164582290886E+02	3.502382480944306E+02
8.334167083541511E+02	3.506653587530936E+02
8.339169584792136E+02	3.510925633522771E+02
8.344172086042761E+02	3.515198617450956E+02
8.349174587293386E+02	3.519472537849223E+02
8.354177088544011E+02	3.523747393253840E+02
8.359179589794636E+02	3.528023182203670E+02
8.364182091045261E+02	3.532299903240101E+02
8.369184592295886E+02	3.536577554907088E+02
8.374187093546511E+02	3.540856135751132E+02
8.379189594797136E+02	3.545135644321274E+02
8.384192096047761E+02	3.549416079169085E+02
8.389194597298386E+02	3.553697438848675E+02
8.394197098549012E+02	3.557979721916686E+02
8.399199599799637E+02	3.562262926932277E+02
8.404202101050262E+02	3.566547052457131E+02
8.409204602300887E+02	3.570832097055437E+02
8.414207103551512E+02	3.575118059293910E+02
8.419209604802137E+02	3.579404937741748E+02
8.424212106052762E+02	3.583692730970675E+02
8.429214607303387E+02	3.587981437554890E+02
8.434217108554012E+02	3.592271056071091E+02
8.439219609804637E+02	3.596561585098472E+02
8.444222111055262E+02	3.600853023218702E+02
8.449224612305887E+02	3.605145369015922E+02
8.454227113556512E+02	3.609438621076766E+02
8.459229614807138E+02	3.613732777990318E+02
8.464232116057763E+02	3.618027838348135E+02
8.469234617308388E+02	3.622323800744237E+02
8.474237118559013E+02	3.626620663775107E+02
8.479239619809638E+02	3.630918426039657E+02
8.484242121060263E+02	3.635217086139265E+02
8.489244622310888E+02	3.639516642677750E+02
8.494247123561513E+02	3.643817094261364E+02
8.499249624812138E+02	3.648118439498797E+02
8.504252126062763E+02	3.652420677001170E+02
8.509254627313388E+02	3.656723805382018E+02
8.514257128564013E+02	3.661027823257317E+02
8.519259629814638E+02	3.665332729245444E+02
8.524262131065263E+02	3.669638521967195E+02
8.529264632315889E+02	3.673945200045766E+02
8.534267133566514E+02	3.678252762106768E+02
8.539269634817139E+02	3.682561206778206E+02
8.544272136067764E+02	3.686870532690471E+02
8.549274637318389E+02	3.691180738476363E+02
8.554277138569014E+02	3.695491822771046E+02
8.559279639819639E+02	3.699803784212092E+02
8.564282141070264E+02	3.704116621439418E+02
8.569284642320889E+02	3.708430333095349E+02
8.574287143571514E+02	3.712744917824562E+02
8.579289644822139E+02	3.717060374274088E+02
8.584292146072764E+02	3.721376701093335E+02
8.589294647323389E+02	3.725693896934060E+02
8.594297148574014E+02	3.730011960450377E+02
8.599299649824640E+02	3.734330890298741E+02
8.604302151075265E+02	3.738650685137951E+02
8.609304652325890E+02	3.742971343629151E+02
8.614307153576515E+02	3.747292864435814E+02
8.619309654827140E+02	3.751615246223742E+02
8.624312156077765E+02	3.755938487661076E+02
8.629314657328390E+02	3.760262587418258E+02
8.634317158579015E+02	3.764587544168073E+02
8.639319659829640E+02	3.768913356585594E+02
8.644322161080265E+02	3.773240023348228E+02
8.649324662330890E+02	3.777567543135665E+02
8.654327163581515E+02	3.781895914629910E+02
8.659329664832140E+02	3.786225136515264E+02
8.664332166082766E+02	3.790555207478312E+02
8.669334667333391E+02	3.794886126207937E+02
8.674337168584016E+02	3.799217891395309E+02
8.679339669834641E+02	3.803550501733862E+02
8.684342171085266E+02	3.807883955919326E+02
8.689344672335891E+02	3.812218252649688E+02
8.694347173586516E+02	3.816553390625211E+02
8.699349674837141E+02	3.820889368548415E+02
8.704352176087766E+02	3.825226185124092E+02
8.709354677338391E+02	3.829563839059272E+02
8.714357178589016E+02	3.833902329063250E+02
8.719359679839641E+02	3.838241653847570E+02
8.724362181090266E+02	3.842581812126006E+02
8.729364682340891E+02	3.846922802614578E+02
8.734367183591517E+02	3.851264624031544E+02
8.739369684842142E+02	3.855607275097393E+02
8.744372186092767E+02	3.859950754534834E+02
8.749374687343392E+02	3.864295061068805E+02
8.754377188594017E+02	3.868640193426469E+02
8.759379689844642E+02	3.872986150337184E+02
8.764382191095267E+02	3.877332930532539E+02
8.769384692345892E+02	3.881680532746320E+02
8.774387193596517E+02	3.886028955714512E+02
8.779389694847142E+02	3.890378198175314E+02
8.784392196097767E+02	3.894728258869096E+02
8.789394697348392E+02	3.899079136538450E+02
8.794397198599017E+02	3.903430829928125E+02
8.799399699849643E+02	3.907783337785071E+02
8.804402201100268E+02	3.912136658858403E+02
8.809404702350893E+02	3.916490791899418E+02
8.814407203601518E+02	3.920845735661597E+02
8.819409704852143E+02	3.925201488900570E+02
8.824412206102768E+02	3.929558050374126E+02
8.829414707353393E+02	3.933915418842233E+02
8.834417208604018E+02	3.938273593066993E+02
8.839419709854643E+02	3.942632571812672E+02
8.844422211105268E+02	3.946992353845692E+02
8.849424712355893E+02	3.951352937934589E+02
8.854427213606518E+02	3.955714322850065E+02
8.859429714857143E+02	3.960076507364948E+02
8.864432216107768E+02	3.964439490254188E+02
8.869434717358394E+02	3.968803270294878E+02
8.874437218609019E+02	3.973167846266236E+02
8.879439719859644E+02	3.977533216949590E+02
8.884442221110269E+02	3.981899381128375E+02
8.889444722360894E+02	3.986266337588163E+02
8.894447223611519E+02	3.990634085116612E+02
8.899449724862144E+02	3.995002622503503E+02
8.904452226112769E+02	3.999371948540702E+02
8.909454727363394E+02	4.003742062022170E+02
8.914457228614019E+02	4.008112961743981E+02
8.919459729864644E+02	4.012484646504274E+02
8.924462231115269E+02	4.016857115103298E+02
8.929464732365894E+02	4.021230366343361E+02
8.934467233616519E+02	4.025604399028857E+02
8.939469734867145E+02	4.029979211966257E+02
8.944472236117770E+02	4.034354803964098E+02
8.949474737368395E+02	4.038731173832987E+02
8.954477238619020E+02	4.043108320385587E+02
8.959479739869645E+02	4.047486242436632E+02
8.964482241120270E+02	4.051864938802895E+02
8.969484742370895E+02	4.056244408303203E+02
8.974487243621520E+02	4.060624649758444E+02
8.979489744872145E+02	4.065005661991546E+02
8.984492246122770E+02	4.069387443827455E+02
8.989494747373395E+02	4.073769994093178E+02
8.994497248624020E+02	4.078153311617747E+02
8.999499749874645E+02	4.082537395232226E+02
9.004502251125271E+02	4.086922243769687E+02
9.009504752375896E+02	4.091307856065254E+02
9.014507253626521E+02	4.095694230956035E+02
9.019509754877146E+02	4.100081367281171E+02
9.024512256127771E+02	4.104469263881812E+02
9.029514757378396E+02	4.108857919601117E+02
9.034517258629021E+02	4.113247333284227E+02
9.039519759879646E+02	4.117637503778312E+02
9.044522261130271E+02	4.122028429932521E+02
9.049524762380896E+02	4.126420110597997E+02
9.054527263631521E+02	4.130812544627872E+02
9.059529764882146E+02	4.135205730877261E+02
9.064532266132771E+02	4.139599668203257E+02
9.069534767383396E+02	4.143994355464935E+02
9.074537268634022E+02	4.148389791523346E+02
9.079539769884647E+02	4.152785975241512E+02
9.084542271135272E+02	4.157182905484411E+02
9.089544772385897E+02	4.161580581118989E+02
9.094547273636522E+02	4.165979001014147E+02
9.099549774887147E+02	4.170378164040765E+02
9.104552276137772E+02	4.174778069071643E+02
9.109554777388397E+02	4.179178714981545E+02
9.114557278639022E+02	4.183580100647179E+02
9.119559779889647E+02	4.187982224947189E+02
9.124562281140272E+02	4.192385086762167E+02
9.129564782390897E+02	4.196788684974632E+02
9.134567283641522E+02	4.201193018469037E+02
9.139569784892147E+02	4.205598086131749E+02
9.144572286142773E+02	4.210003886851072E+02
9.149574787393398E+02	4.214410419517241E+02
9.154577288644023E+02	4.218817683022386E+02
9.159579789894648E+02	4.223225676260553E+02
9.164582291145273E+02	4.227634398127702E+02
9.169584792395898E+02	4.232043847521696E+02
9.174587293646523E+02	4.236454023342318E+02
9.179589794897148E+02	4.240864924491221E+02
9.184592296147773E+02	4.245276549871976E+02
9.189594797398398E+02	4.249688898390033E+02
9.194597298649023E+02	4.254101968952737E+02
9.199599799899648E+02	4.258515760469311E+02
9.204602301150273E+02	4.262930271850876E+02
9.209604802400899E+02	4.267345502010404E+02
9.214607303651524E+02	4.271761449862784E+02
9.219609804902149E+02	4.276178114324713E+02
9.224612306152774E+02	4.280595494314819E+02
9.229614807403399E+02	4.285013588753565E+02
9.234617308654024E+02	4.289432396563267E+02
9.239619809904649E+02	4.293851916668117E+02
9.244622311155274E+02	4.298272147994149E+02
9.249624812405899E+02	4.302693089469249E+02
9.254627313656524E+02	4.307114740023175E+02
9.259629814907149E+02	4.311537098587461E+02
9.264632316157774E+02	4.315960164095579E+02
9.269634817408399E+02	4.320383935482753E+02
9.274637318659024E+02	4.324808411686077E+02
9.279639819909650E+02	4.329233591644497E+02
9.284642321160275E+02	4.333659474298726E+02
9.289644822410900E+02	4.338086058591363E+02
9.294647323661525E+02	4.342513343466784E+02
9.299649824912150E+02	4.346941327871204E+02
9.304652326162775E+02	4.351370010752651E+02
9.309654827413400E+02	4.355799391060950E+02
9.314657328664025E+02	4.360229467747736E+02
9.319659829914650E+02	4.364660239766469E+02
9.324662331165275E+02	4.369091706072379E+02
9.329664832415900E+02	4.373523865622504E+02
9.334667333666525E+02	4.377956717375690E+02
9.339669834917150E+02	4.382390260292556E+02
9.344672336167775E+02	4.386824493335509E+02
9.349674837418401E+02	4.391259415468746E+02
9.354677338669026E+02	4.395695025658252E+02
9.359679839919651E+02	4.400131322871763E+02
9.364682341170276E+02	4.404568306078814E+02
9.369684842420901E+02	4.409005974250708E+02
9.374687343671526E+02	4.413444326360502E+02
9.379689844922151E+02	4.417883361383024E+02
9.384692346172776E+02	4.422323078294866E+02
9.389694847423401E+02	4.426763476074370E+02
9.394697348674026E+02	4.431204553701654E+02
9.399699849924651E+02	4.435646310158556E+02
9.404702351175276E+02	4.440088744428680E+02
9.409704852425901E+02	4.444531855497366E+02
9.414707353676527E+02	4.448975642351720E+02
9.419709854927152E+02	4.453420103980544E+02
9.424712356177777E+02	4.457865239374407E+02
9.429714857428402E+02	4.462311047525606E+02
9.434717358679027E+02	4.466757527428163E+02
9.439719859929652E+02	4.471204678077812E+02
9.444722361180277E+02	4.475652498472040E+02
9.449724862430902E+02	4.480100987610018E+02
9.454727363681527E+02	4.484550144492656E+02
9.459729864932152E+02	4.488999968122588E+02
9.464732366182777E+02	4.493450457504113E+02
9.469734867433402E+02	4.497901611643279E+02
9.474737368684027E+02	4.502353429547821E+02
9.479739869934652E+02	4.506805910227175E+02
9.484742371185278E+02	4.511259052692477E+02
9.489744872435903E+02	4.515712855956553E+02
9.494747373686528E+02	4.520167319033929E+02
9.499749874937153E+02	4.524622440940801E+02
9.504752376187778E+02	4.529078220695066E+02
9.509754877438403E+02	4.533534657316295E+02
9.514757378689028E+02	4.537991749825740E+02
9.519759879939653E+02	4.542449497246326E+02
9.524762381190278E+02	4.546907898602663E+02
9.529764882440903E+02	4.551366952921014E+02
9.534767383691528E+02	4.555826659229306E+02
9.539769884942153E+02	4.560287016557139E+02
9.544772386192778E+02	4.564748023935781E+02
9.549774887443403E+02	4.569209680398136E+02
9.554777388694029E+02	4.573671984978778E+02
9.559779889944654E+02	4.578134936713920E+02
9.564782391195279E+02	4.582598534641438E+02
9.569784892445904E+02	4.587062777800841E+02
9.574787393696529E+02	4.591527665233280E+02
9.579789894947154E+02	4.595993195981551E+02
9.584792396197779E+02	4.600459369090073E+02
9.589794897448404E+02	4.604926183604916E+02
9.594797398699029E+02	4.609393638573781E+02
9.599799899949654E+02	4.613861733045959E+02
9.604802401200279E+02	4.618330466072404E+02
9.609804902450904E+02	4.622799836705681E+02
9.614807403701529E+02	4.627269843999970E+02
9.619809904952155E+02	4.631740487011058E+02
9.624812406202780E+02	4.636211764796345E+02
9.629814907453405E+02	4.640683676414874E+02
9.634817408704030E+02	4.645156220927232E+02
9.639819909954655E+02	4.649629397395653E+02
9.644822411205280E+02	4.654103204883966E+02
9.649824912455905E+02	4.658577642457583E+02
9.654827413706530E+02	4.663052709183528E+02
9.659829914957155E+02	4.667528404130397E+02
9.664832416207780E+02	4.672004726368387E+02
9.669834917458405E+02	4.676481674969278E+02
9.674837418709030E+02	4.680959249006422E+02
9.679839919959655E+02	4.685437447554761E+02
9.684842421210280E+02	4.689916269690828E+02
9.689844922460906E+02	4.694395714492692E+02
9.694847423711531E+02	4.698875781040023E+02
9.699849924962156E+02	4.703356468414045E+02
9.704852426212781E+02	4.707837775697556E+02
9.709854927463406E+02	4.712319701974915E+02
9.714857428714031E+02	4.716802246332025E+02
9.719859929964656E+02	4.721285407856357E+02
9.724862431215281E+02	4.725769185636950E+02
9.729864932465906E+02	4.730253578764354E+02
9.734867433716531E+02	4.734738586330717E+02
9.739869934967156E+02	4.739224207429681E+02
9.744872436217781E+02	4.743710441156480E+02
9.749874937468406E+02	4.748197286607839E+02
9.754877438719031E+02	4.752684742882054E+02
9.759879939969657E+02	4.757172809078954E+02
9.764882441220282E+02	4.761661484299860E+02
9.769884942470907E+02	4.766150767647655E+02
9.774887443721532E+02	4.770640658226759E+02
9.779889944972157E+02	4.775131155143081E+02
9.784892446222782E+02	4.779622257504063E+02
9.789894947473407E+02	4.784113964418664E+02
9.794897448724032E+02	4.788606274997348E+02
9.799899949974657E+02	4.793099188352131E+02
9.804902451225282E+02	4.797592703596466E+02
9.809904952475907E+02	4.802086819845367E+02
9.814907453726532E+02	4.806581536215334E+02
9.819909954977157E+02	4.811076851824371E+02
9.824912456227783E+02	4.815572765791965E+02
9.829914957478408E+02	4.820069277239112E+02
9.834917458729033E+02	4.824566385288296E+02
9.839919959979658E+02	4.829064089063492E+02
9.844922461230283E+02	4.833562387690143E+02
9.849924962480908E+02	4.838061280295208E+02
9.854927463731533E+02	4.842560766007098E+02
9.859929964982158E+02	4.847060843955716E+02
9.864932466232783E+02	4.851561513272428E+02
9.869934967483408E+02	4.856062773090098E+02
9.874937468734033E+02	4.860564622543030E+02
9.879939969984658E+02	4.865067060767018E+02
9.884942471235283E+02	4.869570086899294E+02
9.889944972485908E+02	4.874073700078586E+02
9.894947473736534E+02	4.878577899445044E+02
9.899949974987159E+02	4.883082684140307E+02
9.904952476237784E+02	4.887588053307456E+02
9.909954977488409E+02	4.892094006091010E+02
9.914957478739034E+02	4.896600541636958E+02
9.919959979989659E+02	4.901107659092707E+02
9.924962481240284E+02	4.905615357607133E+02
9.929964982490909E+02	4.910123636330551E+02
9.934967483741534E+02	4.914632494414685E+02
9.939969984992159E+02	4.919141931012735E+02
9.944972486242784E+02	4.923651945279296E+02
9.949974987493409E+02	4.928162536370423E+02
9.954977488744034E+02	4.932673703443578E+02
9.959979989994659E+02	4.937185445657640E+02
9.964982491245285E+02	4.941697762172940E+02
9.969984992495910E+02	4.946210652151210E+02
9.974987493746535E+02	4.950724114755590E+02
9.979989994997160E+02	4.955238149150647E+02
9.984992496247785E+02	4.959752754502357E+02
9.989994997498410E+02	4.964267929978105E+02
9.994997498749035E+02	4.968783674746692E+02
9.999999999999660E+02	4.973299987978286E+02
