0.000000000000000E+00	                 NAN
5.002501250625313E-01	-2.207323590987409E-03
1.000500250125063E+00	-4.412937236909276E-03
1.500750375187594E+00	-6.615131027497778E-03
2.001000500250125E+00	-8.812195122083200E-03
2.501250625312657E+00	-1.100241978438277E-02
3.001500750375188E+00	-1.318409541728993E-02
3.501750875437719E+00	-1.535551259765455E-02
4.002001000500250E+00	-1.751496211105241E-02
4.502251125562782E+00	-1.966073498654008E-02
5.002501250625313E+00	-2.179112253140314E-02
5.502751375687844E+00	-2.390441636588481E-02
6.003001500750376E+00	-2.599890845789776E-02
6.503251625812907E+00	-2.807289115771461E-02
7.003501750875438E+00	-3.012465723263258E-02
7.503751875937970E+00	-3.215249990164182E-02
8.004002001000501E+00	-3.415471287001814E-02
8.504252126063033E+00	-3.612959036393981E-02
9.004502251125565E+00	-3.807542716505985E-02
9.504752376188097E+00	-3.999051864501091E-02
1.000500250125063E+01	-4.187316079992875E-02
1.050525262631316E+01	-4.372165028493491E-02
1.100550275137569E+01	-4.553428444852159E-02
1.150575287643823E+01	-4.730936136700237E-02
1.200600300150076E+01	-4.904517987881185E-02
1.250625312656329E+01	-5.074003961885332E-02
1.300650325162582E+01	-5.239224105273799E-02
1.350675337668835E+01	-5.400008551101365E-02
1.400700350175089E+01	-5.556187522334710E-02
1.450725362681342E+01	-5.707591335263373E-02
1.500750375187595E+01	-5.854050402905209E-02
1.550775387693848E+01	-5.995395238413082E-02
1.600800400200102E+01	-6.131456458464157E-02
1.650825412706355E+01	-6.262064786655941E-02
1.700850425212608E+01	-6.387051056885795E-02
1.750875437718861E+01	-6.506246216735079E-02
1.800900450225114E+01	-6.619481330835342E-02
1.850925462731368E+01	-6.726587584237365E-02
1.900950475237621E+01	-6.827396285768828E-02
1.950975487743874E+01	-6.921738871388428E-02
2.001000500250127E+01	-7.009446907525785E-02
2.051025512756381E+01	-7.090352094427388E-02
2.101050525262634E+01	-7.164286269478026E-02
2.151075537768887E+01	-7.231081410531814E-02
2.201100550275140E+01	-7.290569639223321E-02
2.251125562781393E+01	-7.342583224273369E-02
2.301150575287647E+01	-7.386954584794481E-02
2.351175587793900E+01	-7.423516293575005E-02
2.401200600300153E+01	-7.452101080366091E-02
2.451225612806406E+01	-7.472541835155155E-02
2.501250625312660E+01	-7.484671611431182E-02
2.551275637818913E+01	-7.488323629438298E-02
2.601300650325166E+01	-7.483331279427219E-02
2.651325662831419E+01	-7.469528124891767E-02
2.701350675337672E+01	-7.446747905795803E-02
2.751375687843926E+01	-7.414824541794118E-02
2.801400700350179E+01	-7.373592135441953E-02
2.851425712856432E+01	-7.322884975392441E-02
2.901450725362685E+01	-7.262537539587299E-02
2.951475737868939E+01	-7.192384498438287E-02
3.001500750375192E+01	-7.112260717984498E-02
3.051525762881445E+01	-7.022001263068844E-02
3.101550775387698E+01	-6.921441400469419E-02
3.151575787893951E+01	-6.810416602041158E-02
3.201600800400205E+01	-6.688762547845784E-02
3.251625812906457E+01	-6.556315129256518E-02
3.301650825412710E+01	-6.412910452070264E-02
3.351675837918963E+01	-6.258384839591002E-02
3.401700850425216E+01	-6.092574835715681E-02
3.451725862931469E+01	-5.915317208000204E-02
3.501750875437722E+01	-5.726448950710505E-02
3.551775887943975E+01	-5.525807287873619E-02
3.601800900450228E+01	-5.313229676303166E-02
3.651825912956480E+01	-5.088553808620588E-02
3.701850925462733E+01	-4.851617616265003E-02
3.751875937968986E+01	-4.602259272481035E-02
3.801900950475239E+01	-4.340317195304522E-02
3.851925962981492E+01	-4.065630050526892E-02
3.901950975487745E+01	-3.778036754656000E-02
3.951975987993998E+01	-3.477376477848537E-02
4.002001000500250E+01	-3.163488646847412E-02
4.052026013006503E+01	-2.836212947892136E-02
4.102051025512756E+01	-2.495389329617836E-02
4.152076038019009E+01	-2.140858005953561E-02
4.202101050525262E+01	-1.772459458979370E-02
4.252126063031515E+01	-1.390034441796928E-02
4.302151075537768E+01	-9.934239813752299E-03
4.352176088044020E+01	-5.824693813728743E-03
4.402201100550273E+01	-1.570122249709982E-03
4.452226113056526E+01	2.831056223492112E-03
4.502251125562779E+01	7.380420099934781E-03
4.552276138069032E+01	1.207954499498243E-02
4.602301150575285E+01	1.693000361768782E-02
4.652326163081538E+01	2.193336574329408E-02
4.702351175587791E+01	2.709119818608485E-02
4.752376188094043E+01	3.240506477213501E-02
4.802401200600296E+01	3.787652631245919E-02
4.852426213106549E+01	4.350714057607519E-02
4.902451225612802E+01	4.929846226340828E-02
4.952476238119055E+01	5.525204297981645E-02
5.002501250625308E+01	6.136943120916527E-02
5.052526263131561E+01	6.765217228769416E-02
5.102551275637813E+01	7.410180837796077E-02
5.152576288144066E+01	8.071987844300565E-02
5.202601300650319E+01	8.750791822064485E-02
5.252626313156572E+01	9.446746019781926E-02
5.302651325662825E+01	1.016000335854628E-01
5.352676338169078E+01	1.089071642929937E-01
5.402701350675331E+01	1.163903749034247E-01
5.452726363181583E+01	1.240511846485575E-01
5.502751375687836E+01	1.318911093840285E-01
5.552776388194089E+01	1.399116615650087E-01
5.602801400700342E+01	1.481143502217108E-01
5.652826413206595E+01	1.565006809351530E-01
5.702851425712848E+01	1.650721558131778E-01
5.752876438219101E+01	1.738302734665922E-01
5.802901450725354E+01	1.827765289854355E-01
5.852926463231606E+01	1.919124139154960E-01
5.902951475737859E+01	2.012394162349693E-01
5.952976488244112E+01	2.107590203311815E-01
6.003001500750365E+01	2.204727069777803E-01
6.053026513256618E+01	2.303819533117988E-01
6.103051525762871E+01	2.404882328109892E-01
6.153076538269124E+01	2.507930152714763E-01
6.203101550775376E+01	2.612977667853116E-01
6.253126563281629E+01	2.720039497185525E-01
6.303151575787882E+01	2.829130226891223E-01
6.353176588294135E+01	2.940264405452737E-01
6.403201600800388E+01	3.053456543439168E-01
6.453226613306641E+01	3.168721113291895E-01
6.503251625812895E+01	3.286072549113328E-01
6.553276638319149E+01	3.405525246457017E-01
6.603301650825402E+01	3.527093562117756E-01
6.653326663331656E+01	3.650791813926872E-01
6.703351675837909E+01	3.776634280546034E-01
6.753376688344163E+01	3.904635201265307E-01
6.803401700850416E+01	4.034808775802219E-01
6.853426713356670E+01	4.167169164101665E-01
6.903451725862924E+01	4.301730486139377E-01
6.953476738369177E+01	4.438506821726520E-01
7.003501750875431E+01	4.577512210316002E-01
7.053526763381684E+01	4.718760650810339E-01
7.103551775887938E+01	4.862266101372938E-01
7.153576788394192E+01	5.008042479238100E-01
7.203601800900445E+01	5.156103660528260E-01
7.253626813406699E+01	5.306463480066128E-01
7.303651825912952E+01	5.459135731195346E-01
7.353676838419206E+01	5.614134165598017E-01
7.403701850925459E+01	5.771472493117642E-01
7.453726863431713E+01	5.931164381581766E-01
7.503751875937967E+01	6.093223456628039E-01
7.553776888444220E+01	6.257663301529846E-01
7.603801900950474E+01	6.424497457027343E-01
7.653826913456727E+01	6.593739421157068E-01
7.703851925962981E+01	6.765402649085388E-01
7.753876938469234E+01	6.939500552943656E-01
7.803901950975488E+01	7.116046501663931E-01
7.853926963481742E+01	7.295053820819248E-01
7.903951975987995E+01	7.476535792461760E-01
7.953976988494249E+01	7.660505654968119E-01
8.004002001000502E+01	7.846976602881455E-01
8.054027013506756E+01	8.035961786758890E-01
8.104052026013009E+01	8.227474313019627E-01
8.154077038519263E+01	8.421527243794742E-01
8.204102051025517E+01	8.618133596780098E-01
8.254127063531770E+01	8.817306345087843E-01
8.304152076038024E+01	9.019058417106436E-01
8.354177088544277E+01	9.223402696355265E-01
8.404202101050531E+01	9.430352021344675E-01
8.454227113556784E+01	9.639919185438544E-01
8.504252126063038E+01	9.852116936717579E-01
8.554277138569292E+01	1.006695797784516E+00
8.604302151075545E+01	1.028445496593321E+00
8.654327163581799E+01	1.050462051241382E+00
8.704352176088052E+01	1.072746718290787E+00
8.754377188594306E+01	1.095300749710034E+00
8.804402201100559E+01	1.118125392861458E+00
8.854427213606813E+01	1.141221890488822E+00
8.904452226113067E+01	1.164591480705454E+00
8.954477238619320E+01	1.188235396981938E+00
9.004502251125574E+01	1.212154868134888E+00
9.054527263631827E+01	1.236351118314843E+00
9.104552276138081E+01	1.260825366995419E+00
9.154577288644334E+01	1.285578828961746E+00
9.204602301150588E+01	1.310612714299793E+00
9.254627313656842E+01	1.335928228385342E+00
9.304652326163095E+01	1.361526571873597E+00
9.354677338669349E+01	1.387408940688658E+00
9.404702351175602E+01	1.413576526013259E+00
9.454727363681856E+01	1.440030514278888E+00
9.504752376188110E+01	1.466772087155789E+00
9.554777388694363E+01	1.493802421543407E+00
9.604802401200617E+01	1.521122689560869E+00
9.654827413706870E+01	1.548734058537732E+00
9.704852426213124E+01	1.576637691004777E+00
9.754877438719377E+01	1.604834744685377E+00
9.804902451225631E+01	1.633326372486337E+00
9.854927463731885E+01	1.662113722489778E+00
9.904952476238138E+01	1.691197937944537E+00
9.954977488744392E+01	1.720580157258013E+00
1.000500250125065E+02	1.750261513988363E+00
1.005502751375690E+02	1.780243136836418E+00
1.010505252626315E+02	1.810526149638221E+00
1.015507753876941E+02	1.841111671357623E+00
1.020510255127566E+02	1.872000816078895E+00
1.025512756378191E+02	1.903194692999847E+00
1.030515257628817E+02	1.934694406424654E+00
1.035517758879442E+02	1.966501055757476E+00
1.040520260130067E+02	1.998615735495520E+00
1.045522761380693E+02	2.031039535223144E+00
1.050525262631318E+02	2.063773539605307E+00
1.055527763881943E+02	2.096818828381743E+00
1.060530265132569E+02	2.130176476361171E+00
1.065532766383194E+02	2.163847553415494E+00
1.070535267633820E+02	2.197833124474442E+00
1.075537768884445E+02	2.232134249520399E+00
1.080540270135070E+02	2.266751983582992E+00
1.085542771385696E+02	2.301687376734307E+00
1.090545272636321E+02	2.336941474084369E+00
1.095547773886946E+02	2.372515315776027E+00
1.100550275137572E+02	2.408409936980988E+00
1.105552776388197E+02	2.444626367895367E+00
1.110555277638822E+02	2.481165633735586E+00
1.115557778889448E+02	2.518028754734587E+00
1.120560280140073E+02	2.555216746138044E+00
1.125562781390698E+02	2.592730618200747E+00
1.130565282641324E+02	2.630571376183326E+00
1.135567783891949E+02	2.668740020348878E+00
1.140570285142575E+02	2.707237545959956E+00
1.145572786393200E+02	2.746064943275826E+00
1.150575287643825E+02	2.785223197549470E+00
1.155577788894451E+02	2.824713289025254E+00
1.160580290145076E+02	2.864536192936413E+00
1.165582791395701E+02	2.904692879502875E+00
1.170585292646327E+02	2.945184313929104E+00
1.175587793896952E+02	2.986011456402295E+00
1.180590295147577E+02	3.027175262090580E+00
1.185592796398203E+02	3.068676681141469E+00
1.190595297648828E+02	3.110516658680382E+00
1.195597798899453E+02	3.152696134809361E+00
1.200600300150079E+02	3.195216044606141E+00
1.205602801400704E+02	3.238077318122976E+00
1.210605302651330E+02	3.281280880385964E+00
1.215607803901955E+02	3.324827651394301E+00
1.220610305152580E+02	3.368718546120093E+00
1.225612806403206E+02	3.412954474507615E+00
1.230615307653831E+02	3.457536341473457E+00
1.235617808904456E+02	3.502465046906437E+00
1.240620310155082E+02	3.547741485667601E+00
1.245622811405707E+02	3.593366547590648E+00
1.250625312656332E+02	3.639341117482317E+00
1.255627813906958E+02	3.685666075123066E+00
1.260630315157583E+02	3.732342295267472E+00
1.265632816408208E+02	3.779370647645678E+00
1.270635317658834E+02	3.826751996963878E+00
1.275637818909459E+02	3.874487202905854E+00
1.280640320160084E+02	3.922577120133909E+00
1.285642821410710E+02	3.971022598290986E+00
1.290645322661335E+02	4.019824482001454E+00
1.295647823911960E+02	4.068983610873573E+00
1.300650325162586E+02	4.118500819500966E+00
1.305652826413211E+02	4.168376937464771E+00
1.310655327663837E+02	4.218612789335907E+00
1.315657828914462E+02	4.269209194677231E+00
1.320660330165087E+02	4.320166968046124E+00
1.325662831415713E+02	4.371486918996908E+00
1.330665332666338E+02	4.423169852083760E+00
1.335667833916963E+02	4.475216566863622E+00
1.340670335167589E+02	4.527627857898779E+00
1.345672836418214E+02	4.580404514760602E+00
1.350675337668839E+02	4.633547322032257E+00
1.355677838919465E+02	4.687057059312451E+00
1.360680340170090E+02	4.740934501218760E+00
1.365682841420715E+02	4.795180417391521E+00
1.370685342671341E+02	4.849795572497300E+00
1.375687843921966E+02	4.904780726233071E+00
1.380690345172592E+02	4.960136633330109E+00
1.385692846423217E+02	5.015864043558281E+00
1.390695347673842E+02	5.071963701730112E+00
1.395697848924468E+02	5.128436347705531E+00
1.400700350175093E+02	5.185282716396074E+00
1.405702851425718E+02	5.242503537769892E+00
1.410705352676344E+02	5.300099536856209E+00
1.415707853926969E+02	5.358071433750467E+00
1.420710355177594E+02	5.416419943619189E+00
1.425712856428220E+02	5.475145776705233E+00
1.430715357678845E+02	5.534249638333051E+00
1.435717858929470E+02	5.593732228913979E+00
1.440720360180096E+02	5.653594243951915E+00
1.445722861430721E+02	5.713836374048640E+00
1.450725362681347E+02	5.774459304909897E+00
1.455727863931972E+02	5.835463717350905E+00
1.460730365182597E+02	5.896850287302527E+00
1.465732866433223E+02	5.958619685817240E+00
1.470735367683848E+02	6.020772579075469E+00
1.475737868934473E+02	6.083309628391504E+00
1.480740370185099E+02	6.146231490220373E+00
1.485742871435724E+02	6.209538816163814E+00
1.490745372686349E+02	6.273232252977522E+00
1.495747873936975E+02	6.337312442577172E+00
1.500750375187600E+02	6.401780022045727E+00
1.505752876438225E+02	6.466635623640258E+00
1.510755377688851E+02	6.531879874798847E+00
1.515757878939476E+02	6.597513398147612E+00
1.520760380190102E+02	6.663536811508521E+00
1.525762881440727E+02	6.729950727905873E+00
1.530765382691352E+02	6.796755755574395E+00
1.535767883941978E+02	6.863952497966466E+00
1.540770385192603E+02	6.931541553759871E+00
1.545772886443228E+02	6.999523516865253E+00
1.550775387693854E+02	7.067898976434378E+00
1.555777888944479E+02	7.136668516867616E+00
1.560780390195104E+02	7.205832717822261E+00
1.565782891445730E+02	7.275392154220327E+00
1.570785392696355E+02	7.345347396256955E+00
1.575787893946980E+02	7.415699009408740E+00
1.580790395197606E+02	7.486447554441781E+00
1.585792896448231E+02	7.557593587420655E+00
1.590795397698857E+02	7.629137659716321E+00
1.595797898949482E+02	7.701080318015187E+00
1.600800400200107E+02	7.773422104327778E+00
1.605802901450733E+02	7.846163555997578E+00
1.610805402701358E+02	7.919305205709662E+00
1.615807903951983E+02	7.992847581499746E+00
1.620810405202609E+02	8.066791206763696E+00
1.625812906453234E+02	8.141136600265810E+00
1.630815407703859E+02	8.215884276148955E+00
1.635817908954485E+02	8.291034743943158E+00
1.640820410205110E+02	8.366588508575262E+00
1.645822911455735E+02	8.442546070378455E+00
1.650825412706361E+02	8.518907925101672E+00
1.655827913956986E+02	8.595674563919175E+00
1.660830415207612E+02	8.672846473440302E+00
1.665832916458237E+02	8.750424135719328E+00
1.670835417708862E+02	8.828408028265073E+00
1.675837918959488E+02	8.906798624050793E+00
1.680840420210113E+02	8.985596391524467E+00
1.685842921460738E+02	9.064801794618546E+00
1.690845422711364E+02	9.144415292760243E+00
1.695847923961989E+02	9.224437340881479E+00
1.700850425212614E+02	9.304868389429231E+00
1.705852926463240E+02	9.385708884376186E+00
1.710855427713865E+02	9.466959267230692E+00
1.715857928964490E+02	9.548619975047188E+00
1.720860430215116E+02	9.630691440437261E+00
1.725862931465741E+02	9.713174091579361E+00
1.730865432716367E+02	9.796068352230321E+00
1.735867933966992E+02	9.879374641735552E+00
1.740870435217617E+02	9.963093375039819E+00
1.745872936468243E+02	1.004722496269829E+01
1.750875437718868E+02	1.013176981088722E+01
1.755877938969493E+02	1.021672832141510E+01
1.760880440220119E+02	1.030210089173340E+01
1.765882941470744E+02	1.038788791494773E+01
1.770885442721369E+02	1.047408977982903E+01
1.775887943971995E+02	1.056070687082479E+01
1.780890445222620E+02	1.064773956806997E+01
1.785892946473246E+02	1.073518824739864E+01
1.790895447723871E+02	1.082305328035503E+01
1.795897948974496E+02	1.091133503420519E+01
1.800900450225122E+02	1.100003387194806E+01
1.805902951475747E+02	1.108915015232725E+01
1.810905452726372E+02	1.117868422984256E+01
1.815907953976998E+02	1.126863645476132E+01
1.820910455227623E+02	1.135900717313032E+01
1.825912956478248E+02	1.144979672678733E+01
1.830915457728874E+02	1.154100545337272E+01
1.835917958979499E+02	1.163263368634142E+01
1.840920460230124E+02	1.172468175497488E+01
1.845922961480750E+02	1.181714998439230E+01
1.850925462731375E+02	1.191003869556346E+01
1.855927963982001E+02	1.200334820531955E+01
1.860930465232626E+02	1.209707882636633E+01
1.865932966483251E+02	1.219123086729525E+01
1.870935467733877E+02	1.228580463259587E+01
1.875937968984502E+02	1.238080042266813E+01
1.880940470235127E+02	1.247621853383430E+01
1.885942971485753E+02	1.257205925835095E+01
1.890945472736378E+02	1.266832288442163E+01
1.895947973987003E+02	1.276500969620884E+01
1.900950475237629E+02	1.286211997384640E+01
1.905952976488254E+02	1.295965399345172E+01
1.910955477738879E+02	1.305761202713825E+01
1.915957978989505E+02	1.315599434302786E+01
1.920960480240130E+02	1.325480120526328E+01
1.925962981490756E+02	1.335403287402028E+01
1.930965482741381E+02	1.345368960552082E+01
1.935967983992006E+02	1.355377165204484E+01
1.940970485242632E+02	1.365427926194340E+01
1.945972986493257E+02	1.375521267965067E+01
1.950975487743882E+02	1.385657214569727E+01
1.955977988994508E+02	1.395835789672228E+01
1.960980490245133E+02	1.406057016548630E+01
1.965982991495758E+02	1.416320918088374E+01
1.970985492746384E+02	1.426627516795611E+01
1.975987993997009E+02	1.436976834790426E+01
1.980990495247634E+02	1.447368893810156E+01
1.985992996498260E+02	1.457803715210628E+01
1.990995497748885E+02	1.468281319967457E+01
1.995997998999511E+02	1.478801728677345E+01
2.001000500250136E+02	1.489364961559377E+01
2.006003001500761E+02	1.499971038456246E+01
2.011005502751387E+02	1.510619978835624E+01
2.016008004002012E+02	1.521311801791396E+01
2.021010505252637E+02	1.532046526044991E+01
2.026013006503263E+02	1.542824169946655E+01
2.031015507753888E+02	1.553644751476764E+01
2.036018009004513E+02	1.564508288247112E+01
2.041020510255139E+02	1.575414797502205E+01
2.046023011505764E+02	1.586364296120618E+01
2.051025512756389E+02	1.597356800616220E+01
2.056028014007015E+02	1.608392327139549E+01
2.061030515257640E+02	1.619470891479065E+01
2.066033016508266E+02	1.630592509062521E+01
2.071035517758891E+02	1.641757194958188E+01
2.076038019009516E+02	1.652964963876289E+01
2.081040520260142E+02	1.664215830170164E+01
2.086043021510767E+02	1.675509807837719E+01
2.091045522761392E+02	1.686846910522655E+01
2.096048024012018E+02	1.698227151515837E+01
2.101050525262643E+02	1.709650543756553E+01
2.106053026513268E+02	1.721117099833904E+01
2.111055527763894E+02	1.732626831988068E+01
2.116058029014519E+02	1.744179752111646E+01
2.121060530265144E+02	1.755775871750976E+01
2.126063031515770E+02	1.767415202107446E+01
2.131065532766395E+02	1.779097754038852E+01
2.136068034017021E+02	1.790823538060653E+01
2.141070535267646E+02	1.802592564347390E+01
2.146073036518271E+02	1.814404842733924E+01
2.151075537768897E+02	1.826260382716791E+01
2.156078039019522E+02	1.838159193455542E+01
2.161080540270147E+02	1.850101283774049E+01
2.166083041520773E+02	1.862086662161855E+01
2.171085542771398E+02	1.874115336775461E+01
2.176088044022023E+02	1.886187315439693E+01
2.181090545272649E+02	1.898302605649002E+01
2.186093046523274E+02	1.910461214568795E+01
2.191095547773899E+02	1.922663149036779E+01
2.196098049024525E+02	1.934908415564252E+01
2.201100550275150E+02	1.947197020337478E+01
2.206103051525776E+02	1.959528969218962E+01
2.211105552776401E+02	1.971904267748826E+01
2.216108054027026E+02	1.984322921146091E+01
2.221110555277652E+02	1.996784934310023E+01
2.226113056528277E+02	2.009290311821493E+01
2.231115557778902E+02	2.021839057944223E+01
2.236118059029528E+02	2.034431176626174E+01
2.241120560280153E+02	2.047066671500860E+01
2.246123061530778E+02	2.059745545888674E+01
2.251125562781404E+02	2.072467802798178E+01
2.256128064032029E+02	2.085233444927468E+01
2.261130565282654E+02	2.098042474665471E+01
2.266133066533280E+02	2.110894894093298E+01
2.271135567783905E+02	2.123790704985524E+01
2.276138069034531E+02	2.136729908811546E+01
2.281140570285156E+02	2.149712506736870E+01
2.286143071535781E+02	2.162738499624442E+01
2.291145572786407E+02	2.175807888036013E+01
2.296148074037032E+02	2.188920672233371E+01
2.301150575287657E+02	2.202076852179712E+01
2.306153076538283E+02	2.215276427540954E+01
2.311155577788908E+02	2.228519397687052E+01
2.316158079039533E+02	2.241805761693294E+01
2.321160580290159E+02	2.255135518341618E+01
2.326163081540784E+02	2.268508666121949E+01
2.331165582791409E+02	2.281925203233462E+01
2.336168084042035E+02	2.295385127585945E+01
2.341170585292660E+02	2.308888436801072E+01
2.346173086543286E+02	2.322435128213726E+01
2.351175587793911E+02	2.336025198873293E+01
2.356178089044536E+02	2.349658645544991E+01
2.361180590295162E+02	2.363335464711128E+01
2.366183091545787E+02	2.377055652572446E+01
2.371185592796412E+02	2.390819205049411E+01
2.376188094047038E+02	2.404626117783499E+01
2.381190595297663E+02	2.418476386138525E+01
2.386193096548288E+02	2.432370005201881E+01
2.391195597798914E+02	2.446306969785903E+01
2.396198099049539E+02	2.460287274429092E+01
2.401200600300164E+02	2.474310913397485E+01
2.406203101550790E+02	2.488377880685860E+01
2.411205602801415E+02	2.502488170019095E+01
2.416208104052041E+02	2.516641774853400E+01
2.421210605302666E+02	2.530838688377654E+01
2.426213106553291E+02	2.545078903514636E+01
2.431215607803917E+02	2.559362412922360E+01
2.436218109054542E+02	2.573689208995285E+01
2.441220610305167E+02	2.588059283865684E+01
2.446223111555793E+02	2.602472629404821E+01
2.451225612806418E+02	2.616929237224312E+01
2.456228114057043E+02	2.631429098677336E+01
2.461230615307669E+02	2.645972204859928E+01
2.466233116558294E+02	2.660558546612265E+01
2.471235617808919E+02	2.675188114519892E+01
2.476238119059545E+02	2.689860898915038E+01
2.481240620310170E+02	2.704576889877796E+01
2.486243121560796E+02	2.719336077237497E+01
2.491245622811421E+02	2.734138450573860E+01
2.496248124062046E+02	2.748983999218336E+01
2.501250625312672E+02	2.763872712255261E+01
2.506253126563297E+02	2.778804578523201E+01
2.511255627813922E+02	2.793779586616193E+01
2.516258129064548E+02	2.808797724884920E+01
2.521260630315173E+02	2.823858981438013E+01
2.526263131565798E+02	2.838963344143303E+01
2.531265632816424E+02	2.854110800629005E+01
2.536268134067049E+02	2.869301338285027E+01
2.541270635317674E+02	2.884534944264141E+01
2.546273136568300E+02	2.899811605483271E+01
2.551275637818925E+02	2.915131308624663E+01
2.556278139069551E+02	2.930494040137171E+01
2.561280640320176E+02	2.945899786237470E+01
2.566283141570801E+02	2.961348532911239E+01
2.571285642821426E+02	2.976840265914461E+01
2.576288144072051E+02	2.992374970774537E+01
2.581290645322676E+02	3.007952632791591E+01
2.586293146573301E+02	3.023573237039653E+01
2.591295647823926E+02	3.039236768367866E+01
2.596298149074551E+02	3.054943211401655E+01
2.601300650325176E+02	3.070692550544064E+01
2.606303151575801E+02	3.086484769976786E+01
2.611305652826426E+02	3.102319853661487E+01
2.616308154077051E+02	3.118197785340973E+01
2.621310655327676E+02	3.134118548540366E+01
2.626313156578302E+02	3.150082126568282E+01
2.631315657828927E+02	3.166088502518093E+01
2.636318159079552E+02	3.182137659269043E+01
2.641320660330177E+02	3.198229579487472E+01
2.646323161580802E+02	3.214364245627971E+01
2.651325662831427E+02	3.230541639934594E+01
2.656328164082052E+02	3.246761744442000E+01
2.661330665332677E+02	3.263024540976647E+01
2.666333166583302E+02	3.279330011157950E+01
2.671335667833927E+02	3.295678136399479E+01
2.676338169084552E+02	3.312068897910092E+01
2.681340670335177E+02	3.328502276695093E+01
2.686343171585802E+02	3.344978253557420E+01
2.691345672836428E+02	3.361496809098801E+01
2.696348174087053E+02	3.378057923720883E+01
2.701350675337678E+02	3.394661577626385E+01
2.706353176588303E+02	3.411307750820271E+01
2.711355677838928E+02	3.427996423110881E+01
2.716358179089553E+02	3.444727574111062E+01
2.721360680340178E+02	3.461501183239324E+01
2.726363181590803E+02	3.478317229720977E+01
2.731365682841428E+02	3.495175692589237E+01
2.736368184092053E+02	3.512076550686413E+01
2.741370685342678E+02	3.529019782664955E+01
2.746373186593303E+02	3.546005366988658E+01
2.751375687843928E+02	3.563033281933721E+01
2.756378189094553E+02	3.580103505589918E+01
2.761380690345179E+02	3.597216015861648E+01
2.766383191595804E+02	3.614370790469127E+01
2.771385692846429E+02	3.631567806949440E+01
2.776388194097054E+02	3.648807042657657E+01
2.781390695347679E+02	3.666088474767938E+01
2.786393196598304E+02	3.683412080274650E+01
2.791395697848929E+02	3.700777835993466E+01
2.796398199099554E+02	3.718185718562395E+01
2.801400700350179E+02	3.735635704442996E+01
2.806403201600804E+02	3.753127769921301E+01
2.811405702851429E+02	3.770661891109066E+01
2.816408204102054E+02	3.788238043944739E+01
2.821410705352679E+02	3.805856204194572E+01
2.826413206603305E+02	3.823516347453727E+01
2.831415707853930E+02	3.841218449147306E+01
2.836418209104555E+02	3.858962484531418E+01
2.841420710355180E+02	3.876748428694279E+01
2.846423211605805E+02	3.894576256557247E+01
2.851425712856430E+02	3.912445942875891E+01
2.856428214107055E+02	3.930357462241068E+01
2.861430715357680E+02	3.948310789079900E+01
2.866433216608305E+02	3.966305897656954E+01
2.871435717858930E+02	3.984342762075136E+01
2.876438219109555E+02	4.002421356276838E+01
2.881440720360180E+02	4.020541654044973E+01
2.886443221610805E+02	4.038703629003967E+01
2.891445722861430E+02	4.056907254620808E+01
2.896448224112056E+02	4.075152504206096E+01
2.901450725362681E+02	4.093439350915045E+01
2.906453226613306E+02	4.111767767748523E+01
2.911455727863931E+02	4.130137727554089E+01
2.916458229114556E+02	4.148549203026931E+01
2.921460730365181E+02	4.167002166710984E+01
2.926463231615806E+02	4.185496590999898E+01
2.931465732866431E+02	4.204032448138008E+01
2.936468234117056E+02	4.222609710221406E+01
2.941470735367681E+02	4.241228349198886E+01
2.946473236618306E+02	4.259888336872967E+01
2.951475737868931E+02	4.278589644900899E+01
2.956478239119556E+02	4.297332244795604E+01
2.961480740370181E+02	4.316116107926737E+01
2.966483241620807E+02	4.334941205521622E+01
2.971485742871432E+02	4.353807508666216E+01
2.976488244122057E+02	4.372714988306149E+01
2.981490745372682E+02	4.391663615247640E+01
2.986493246623307E+02	4.410653360158520E+01
2.991495747873932E+02	4.429684193569145E+01
2.996498249124557E+02	4.448756085873381E+01
3.001500750375182E+02	4.467869007329620E+01
3.006503251625807E+02	4.487022928061626E+01
3.011505752876432E+02	4.506217818059599E+01
3.016508254127057E+02	4.525453647181070E+01
3.021510755377682E+02	4.544730385151854E+01
3.026513256628307E+02	4.564048001567005E+01
3.031515757878933E+02	4.583406465891784E+01
3.036518259129558E+02	4.602805747462486E+01
3.041520760380183E+02	4.622245815487554E+01
3.046523261630808E+02	4.641726639048358E+01
3.051525762881433E+02	4.661248187100165E+01
3.056528264132058E+02	4.680810428473126E+01
3.061530765382683E+02	4.700413331873108E+01
3.066533266633308E+02	4.720056865882685E+01
3.071535767883933E+02	4.739740998961986E+01
3.076538269134558E+02	4.759465699449663E+01
3.081540770385183E+02	4.779230935563788E+01
3.086543271635808E+02	4.799036675402721E+01
3.091545772886433E+02	4.818882886946056E+01
3.096548274137058E+02	4.838769538055516E+01
3.101550775387684E+02	4.858696596475801E+01
3.106553276638309E+02	4.878664029835534E+01
3.111555777888934E+02	4.898671805648138E+01
3.116558279139559E+02	4.918719891312691E+01
3.121560780390184E+02	4.938808254114849E+01
3.126563281640809E+02	4.958936861227687E+01
3.131565782891434E+02	4.979105679712615E+01
3.136568284142059E+02	4.999314676520203E+01
3.141570785392684E+02	5.019563818491099E+01
3.146573286643309E+02	5.039853072356840E+01
3.151575787893934E+02	5.060182404740772E+01
3.156578289144559E+02	5.080551782158869E+01
3.161580790395184E+02	5.100961171020595E+01
3.166583291645809E+02	5.121410537629765E+01
3.171585792896435E+02	5.141899848185415E+01
3.176588294147060E+02	5.162429068782569E+01
3.181590795397685E+02	5.182998165413181E+01
3.186593296648310E+02	5.203607103966931E+01
3.191595797898935E+02	5.224255850232038E+01
3.196598299149560E+02	5.244944369896103E+01
3.201600800400185E+02	5.265672628546974E+01
3.206603301650810E+02	5.286440591673551E+01
3.211605802901435E+02	5.307248224666591E+01
3.216608304152060E+02	5.328095492819529E+01
3.221610805402685E+02	5.348982361329320E+01
3.226613306653310E+02	5.369908795297255E+01
3.231615807903935E+02	5.390874759729718E+01
3.236618309154561E+02	5.411880219539063E+01
3.241620810405186E+02	5.432925139544380E+01
3.246623311655811E+02	5.454009484472272E+01
3.251625812906436E+02	5.475133218957694E+01
3.256628314157061E+02	5.496296307544776E+01
3.261630815407686E+02	5.517498714687457E+01
3.266633316658311E+02	5.538740404750507E+01
3.271635817908936E+02	5.560021342010123E+01
3.276638319159561E+02	5.581341490654751E+01
3.281640820410186E+02	5.602700814785959E+01
3.286643321660811E+02	5.624099278419078E+01
3.291645822911436E+02	5.645536845484065E+01
3.296648324162061E+02	5.667013479826250E+01
3.301650825412686E+02	5.688529145207053E+01
3.306653326663312E+02	5.710083805304816E+01
3.311655827913937E+02	5.731677423715502E+01
3.316658329164562E+02	5.753309963953518E+01
3.321660830415187E+02	5.774981389452381E+01
3.326663331665812E+02	5.796691663565559E+01
3.331665832916437E+02	5.818440749567122E+01
3.336668334167062E+02	5.840228610652571E+01
3.341670835417687E+02	5.862055209939524E+01
3.346673336668312E+02	5.883920510468454E+01
3.351675837918937E+02	5.905824475203457E+01
3.356678339169562E+02	5.927767067032971E+01
3.361680840420187E+02	5.949748248770459E+01
3.366683341670812E+02	5.971767983155183E+01
3.371685842921437E+02	5.993826232852894E+01
3.376688344172063E+02	6.015922960456618E+01
3.381690845422688E+02	6.038058128487233E+01
3.386693346673313E+02	6.060231699394319E+01
3.391695847923938E+02	6.082443635556808E+01
3.396698349174563E+02	6.104693899283671E+01
3.401700850425188E+02	6.126982452814650E+01
3.406703351675813E+02	6.149309258320949E+01
3.411705852926438E+02	6.171674277905930E+01
3.416708354177063E+02	6.194077473605802E+01
3.421710855427688E+02	6.216518807390304E+01
3.426713356678313E+02	6.238998241163426E+01
3.431715857928938E+02	6.261515736764039E+01
3.436718359179563E+02	6.284071255966603E+01
3.441720860430189E+02	6.306664760481885E+01
3.446723361680814E+02	6.329296211957575E+01
3.451725862931439E+02	6.351965571978951E+01
3.456728364182064E+02	6.374672802069597E+01
3.461730865432689E+02	6.397417863692044E+01
3.466733366683314E+02	6.420200718248429E+01
3.471735867933939E+02	6.443021327081181E+01
3.476738369184564E+02	6.465879651473620E+01
3.481740870435189E+02	6.488775652650645E+01
3.486743371685814E+02	6.511709291779442E+01
3.491745872936439E+02	6.534680529970012E+01
3.496748374187064E+02	6.557689328275910E+01
3.501750875437689E+02	6.580735647694860E+01
3.506753376688314E+02	6.603819449169350E+01
3.511755877938940E+02	6.626940693587369E+01
3.516758379189565E+02	6.650099341782936E+01
3.521760880440190E+02	6.673295354536776E+01
3.526763381690815E+02	6.696528692576953E+01
3.531765882941440E+02	6.719799316579486E+01
3.536768384192065E+02	6.743107187168965E+01
3.541770885442690E+02	6.766452264919150E+01
3.546773386693315E+02	6.789834510353660E+01
3.551775887943940E+02	6.813253883946487E+01
3.556778389194565E+02	6.836710346122675E+01
3.561780890445190E+02	6.860203857258915E+01
3.566783391695815E+02	6.883734377684101E+01
3.571785892946440E+02	6.907301867680002E+01
3.576788394197065E+02	6.930906287481849E+01
3.581790895447691E+02	6.954547597278827E+01
3.586793396698316E+02	6.978225757214852E+01
3.591795897948941E+02	7.001940727388956E+01
3.596798399199566E+02	7.025692467856078E+01
3.601800900450191E+02	7.049480938627465E+01
3.606803401700816E+02	7.073306099671356E+01
3.611805902951441E+02	7.097167910913561E+01
3.616808404202066E+02	7.121066332238001E+01
3.621810905452691E+02	7.145001323487281E+01
3.626813406703316E+02	7.168972844463298E+01
3.631815907953941E+02	7.192980854927742E+01
3.636818409204566E+02	7.217025314602751E+01
3.641820910455191E+02	7.241106183171405E+01
3.646823411705817E+02	7.265223420278284E+01
3.651825912956442E+02	7.289376985530072E+01
3.656828414207067E+02	7.313566838496058E+01
3.661830915457692E+02	7.337792938708731E+01
3.666833416708317E+02	7.362055245664317E+01
3.671835917958942E+02	7.386353718823284E+01
3.676838419209567E+02	7.410688317610936E+01
3.681840920460192E+02	7.435059001417943E+01
3.686843421710817E+02	7.459465729600828E+01
3.691845922961442E+02	7.483908461482622E+01
3.696848424212067E+02	7.508387156353223E+01
3.701850925462692E+02	7.532901773470076E+01
3.706853426713317E+02	7.557452272058663E+01
3.711855927963942E+02	7.582038611312936E+01
3.716858429214568E+02	7.606660750395969E+01
3.721860930465193E+02	7.631318648440384E+01
3.726863431715818E+02	7.656012264548929E+01
3.731865932966443E+02	7.680741557794931E+01
3.736868434217068E+02	7.705506487222874E+01
3.741870935467693E+02	7.730307011848845E+01
3.746873436718318E+02	7.755143090661068E+01
3.751875937968943E+02	7.780014682620413E+01
3.756878439219568E+02	7.804921746660915E+01
3.761880940470193E+02	7.829864241690200E+01
3.766883441720818E+02	7.854842126590046E+01
3.771885942971443E+02	7.879855360216868E+01
3.776888444222068E+02	7.904903901402196E+01
3.781890945472693E+02	7.929987708953155E+01
3.786893446723319E+02	7.955106741652935E+01
3.791895947973944E+02	7.980260958261368E+01
3.796898449224569E+02	8.005450317515277E+01
3.801900950475194E+02	8.030674778129020E+01
3.806903451725819E+02	8.055934298795000E+01
3.811905952976444E+02	8.081228838184057E+01
3.816908454227069E+02	8.106558354946009E+01
3.821910955477694E+02	8.131922807710066E+01
3.826913456728319E+02	8.157322155085342E+01
3.831915957978944E+02	8.182756355661257E+01
3.836918459229569E+02	8.208225368008101E+01
3.841920960480194E+02	8.233729150677374E+01
3.846923461730819E+02	8.259267662202302E+01
3.851925962981445E+02	8.284840861098291E+01
3.856928464232070E+02	8.310448705863394E+01
3.861930965482695E+02	8.336091154978698E+01
3.866933466733320E+02	8.361768166908797E+01
3.871935967983945E+02	8.387479700102313E+01
3.876938469234570E+02	8.413225712992187E+01
3.881940970485195E+02	8.439006163996237E+01
3.886943471735820E+02	8.464821011517574E+01
3.891945972986445E+02	8.490670213945015E+01
3.896948474237070E+02	8.516553729653498E+01
3.901950975487695E+02	8.542471517004509E+01
3.906953476738320E+02	8.568423534346618E+01
3.911955977988945E+02	8.594409740015737E+01
3.916958479239570E+02	8.620430092335664E+01
3.921960980490196E+02	8.646484549618458E+01
3.926963481740821E+02	8.672573070164844E+01
3.931965982991446E+02	8.698695612264657E+01
3.936968484242071E+02	8.724852134197238E+01
3.941970985492696E+02	8.751042594231876E+01
3.946973486743321E+02	8.777266950628172E+01
3.951975987993946E+02	8.803525161636446E+01
3.956978489244571E+02	8.829817185498183E+01
3.961980990495196E+02	8.856142980446441E+01
3.966983491745821E+02	8.882502504706139E+01
3.971985992996446E+02	8.908895716494612E+01
3.976988494247071E+02	8.935322574021922E+01
3.981990995497696E+02	8.961783035491209E+01
3.986993496748321E+02	8.988277059099164E+01
3.991995997998947E+02	9.014804603036424E+01
3.996998499249572E+02	9.041365625487862E+01
4.002001000500197E+02	9.067960084633040E+01
4.007003501750822E+02	9.094587938646606E+01
4.012006003001447E+02	9.121249145698619E+01
4.017008504252072E+02	9.147943663954970E+01
4.022011005502697E+02	9.174671451577757E+01
4.027013506753322E+02	9.201432466725629E+01
4.032016008003947E+02	9.228226667554145E+01
4.037018509254572E+02	9.255054012216215E+01
4.042021010505197E+02	9.281914458862411E+01
4.047023511755822E+02	9.308807965641324E+01
4.052026013006447E+02	9.335734490699980E+01
4.057028514257073E+02	9.362693992184114E+01
4.062031015507698E+02	9.389686428238645E+01
4.067033516758323E+02	9.416711757007886E+01
4.072036018008948E+02	9.443769936636096E+01
4.077038519259573E+02	9.470860925267590E+01
4.082041020510198E+02	9.497984681047313E+01
4.087043521760823E+02	9.525141162121042E+01
4.092046023011448E+02	9.552330326635797E+01
4.097048524262073E+02	9.579552132740162E+01
4.102051025512698E+02	9.606806538584658E+01
4.107053526763323E+02	9.634093502321997E+01
4.112056028013948E+02	9.661412982107572E+01
4.117058529264573E+02	9.688764936099636E+01
4.122061030515198E+02	9.716149322459728E+01
4.127063531765824E+02	9.743566099352955E+01
4.132066033016449E+02	9.771015224948400E+01
4.137068534267074E+02	9.798496657419349E+01
4.142071035517699E+02	9.826010354943702E+01
4.147073536768324E+02	9.853556275704227E+01
4.152076038018949E+02	9.881134377888924E+01
4.157078539269574E+02	9.908744619691362E+01
4.162081040520199E+02	9.936386959310943E+01
4.167083541770824E+02	9.964061354953253E+01
4.172086043021449E+02	9.991767764830405E+01
4.177088544272074E+02	1.001950614716125E+02
4.182091045522699E+02	1.004727646017184E+02
4.187093546773324E+02	1.007507866209559E+02
4.192096048023949E+02	1.010291271117365E+02
4.197098549274575E+02	1.013077856565523E+02
4.202101050525200E+02	1.015867618379787E+02
4.207103551775825E+02	1.018660552386775E+02
4.212106053026450E+02	1.021456654413999E+02
4.217108554277075E+02	1.024255920289899E+02
4.222111055527700E+02	1.027058345843860E+02
4.227113556778325E+02	1.029863926906254E+02
4.232116058028950E+02	1.032672659308467E+02
4.237118559279575E+02	1.035484538882923E+02
4.242121060530200E+02	1.038299561463118E+02
4.247123561780825E+02	1.041117722883645E+02
4.252126063031450E+02	1.043939018980222E+02
4.257128564282075E+02	1.046763445589729E+02
4.262131065532701E+02	1.049590998550217E+02
4.267133566783326E+02	1.052421673700965E+02
4.272136068033951E+02	1.055255466882473E+02
4.277138569284576E+02	1.058092373936522E+02
4.282141070535201E+02	1.060932390706180E+02
4.287143571785826E+02	1.063775513035836E+02
4.292146073036451E+02	1.066621736771230E+02
4.297148574287076E+02	1.069471057759478E+02
4.302151075537701E+02	1.072323471849093E+02
4.307153576788326E+02	1.075178974890019E+02
4.312156078038951E+02	1.078037562733658E+02
4.317158579289576E+02	1.080899231232885E+02
4.322161080540201E+02	1.083763976242092E+02
4.327163581790826E+02	1.086631793617194E+02
4.332166083041452E+02	1.089502679215673E+02
4.337168584292077E+02	1.092376628896587E+02
4.342171085542702E+02	1.095253638520611E+02
4.347173586793327E+02	1.098133703950051E+02
4.352176088043952E+02	1.101016821048869E+02
4.357178589294577E+02	1.103902985682720E+02
4.362181090545202E+02	1.106792193718960E+02
4.367183591795827E+02	1.109684441026681E+02
4.372186093046452E+02	1.112579723476735E+02
4.377188594297077E+02	1.115478036941757E+02
4.382191095547702E+02	1.118379377296182E+02
4.387193596798327E+02	1.121283740416284E+02
4.392196098048952E+02	1.124191122180180E+02
4.397198599299577E+02	1.127101518467877E+02
4.402201100550203E+02	1.130014925161271E+02
4.407203601800828E+02	1.132931338144190E+02
4.412206103051453E+02	1.135850753302407E+02
4.417208604302078E+02	1.138773166523661E+02
4.422211105552703E+02	1.141698573697691E+02
4.427213606803328E+02	1.144626970716245E+02
4.432216108053953E+02	1.147558353473112E+02
4.437218609304578E+02	1.150492717864139E+02
4.442221110555203E+02	1.153430059787261E+02
4.447223611805828E+02	1.156370375142507E+02
4.452226113056453E+02	1.159313659832044E+02
4.457228614307078E+02	1.162259909760180E+02
4.462231115557703E+02	1.165209120833390E+02
4.467233616808329E+02	1.168161288960346E+02
4.472236118058954E+02	1.171116410051928E+02
4.477238619309579E+02	1.174074480021252E+02
4.482241120560204E+02	1.177035494783686E+02
4.487243621810829E+02	1.179999450256872E+02
4.492246123061454E+02	1.182966342360751E+02
4.497248624312079E+02	1.185936167017575E+02
4.502251125562704E+02	1.188908920151936E+02
4.507253626813329E+02	1.191884597690785E+02
4.512256128063954E+02	1.194863195563443E+02
4.517258629314579E+02	1.197844709701631E+02
4.522261130565204E+02	1.200829136039488E+02
4.527263631815829E+02	1.203816470513585E+02
4.532266133066454E+02	1.206806709062955E+02
4.537268634317080E+02	1.209799847629099E+02
4.542271135567705E+02	1.212795882156016E+02
4.547273636818330E+02	1.215794808590214E+02
4.552276138068955E+02	1.218796622880740E+02
4.557278639319580E+02	1.221801320979187E+02
4.562281140570205E+02	1.224808898839717E+02
4.567283641820830E+02	1.227819352419084E+02
4.572286143071455E+02	1.230832677676646E+02
4.577288644322080E+02	1.233848870574384E+02
4.582291145572705E+02	1.236867927076927E+02
4.587293646823330E+02	1.239889843151558E+02
4.592296148073955E+02	1.242914614768245E+02
4.597298649324580E+02	1.245942237899648E+02
4.602301150575205E+02	1.248972708521146E+02
4.607303651825831E+02	1.252006022610842E+02
4.612306153076456E+02	1.255042176149595E+02
4.617308654327081E+02	1.258081165121024E+02
4.622311155577706E+02	1.261122985511539E+02
4.627313656828331E+02	1.264167633310340E+02
4.632316158078956E+02	1.267215104509451E+02
4.637318659329581E+02	1.270265395103726E+02
4.642321160580206E+02	1.273318501090870E+02
4.647323661830831E+02	1.276374418471456E+02
4.652326163081456E+02	1.279433143248936E+02
4.657328664332081E+02	1.282494671429663E+02
4.662331165582706E+02	1.285558999022905E+02
4.667333666833331E+02	1.288626122040862E+02
4.672336168083957E+02	1.291696036498678E+02
4.677338669334582E+02	1.294768738414458E+02
4.682341170585207E+02	1.297844223809287E+02
4.687343671835832E+02	1.300922488707245E+02
4.692346173086457E+02	1.304003529135420E+02
4.697348674337082E+02	1.307087341123918E+02
4.702351175587707E+02	1.310173920705891E+02
4.707353676838332E+02	1.313263263917539E+02
4.712356178088957E+02	1.316355366798132E+02
4.717358679339582E+02	1.319450225390028E+02
4.722361180590207E+02	1.322547835738676E+02
4.727363681840832E+02	1.325648193892640E+02
4.732366183091457E+02	1.328751295903606E+02
4.737368684342082E+02	1.331857137826411E+02
4.742371185592708E+02	1.334965715719038E+02
4.747373686843333E+02	1.338077025642642E+02
4.752376188093958E+02	1.341191063661559E+02
4.757378689344583E+02	1.344307825843323E+02
4.762381190595208E+02	1.347427308258678E+02
4.767383691845833E+02	1.350549506981590E+02
4.772386193096458E+02	1.353674418089263E+02
4.777388694347083E+02	1.356802037662152E+02
4.782391195597708E+02	1.359932361783975E+02
4.787393696848333E+02	1.363065386541724E+02
4.792396198098958E+02	1.366201108025686E+02
4.797398699349583E+02	1.369339522329446E+02
4.802401200600208E+02	1.372480625549908E+02
4.807403701850833E+02	1.375624413787296E+02
4.812406203101459E+02	1.378770883145183E+02
4.817408704352084E+02	1.381920029730490E+02
4.822411205602709E+02	1.385071849653507E+02
4.827413706853334E+02	1.388226339027896E+02
4.832416208103959E+02	1.391383493970710E+02
4.837418709354584E+02	1.394543310602407E+02
4.842421210605209E+02	1.397705785046857E+02
4.847423711855834E+02	1.400870913431347E+02
4.852426213106459E+02	1.404038691886615E+02
4.857428714357084E+02	1.407209116546835E+02
4.862431215607709E+02	1.410382183549646E+02
4.867433716858334E+02	1.413557889036160E+02
4.872436218108959E+02	1.416736229150965E+02
4.877438719359585E+02	1.419917200042151E+02
4.882441220610210E+02	1.423100797861303E+02
4.887443721860835E+02	1.426287018763528E+02
4.892446223111460E+02	1.429475858907460E+02
4.897448724362085E+02	1.432667314455268E+02
4.902451225612710E+02	1.435861381572669E+02
4.907453726863335E+02	1.439058056428941E+02
4.912456228113960E+02	1.442257335196921E+02
4.917458729364585E+02	1.445459214053041E+02
4.922461230615210E+02	1.448663689177307E+02
4.927463731865835E+02	1.451870756753340E+02
4.932466233116460E+02	1.455080412968356E+02
4.937468734367085E+02	1.458292654013202E+02
4.942471235617710E+02	1.461507476082346E+02
4.947473736868336E+02	1.464724875373904E+02
4.952476238118961E+02	1.467944848089634E+02
4.957478739369586E+02	1.471167390434955E+02
4.962481240620211E+02	1.474392498618956E+02
4.967483741870836E+02	1.477620168854405E+02
4.972486243121461E+02	1.480850397357749E+02
4.977488744372086E+02	1.484083180349140E+02
4.982491245622711E+02	1.487318514052430E+02
4.987493746873336E+02	1.490556394695191E+02
4.992496248123961E+02	1.493796818508711E+02
4.997498749374586E+02	1.497039781728012E+02
5.002501250625211E+02	1.500285280591863E+02
5.007503751875836E+02	1.503533311342778E+02
5.012506253126462E+02	1.506783870227027E+02
5.017508754377087E+02	1.510036953494653E+02
5.022511255627712E+02	1.513292557399467E+02
5.027513756878337E+02	1.516550678199070E+02
5.032516258128962E+02	1.519811312154851E+02
5.037518759379587E+02	1.523074455531999E+02
5.042521260630212E+02	1.526340104599515E+02
5.047523761880837E+02	1.529608255630209E+02
5.052526263131462E+02	1.532878904900722E+02
5.057528764382087E+02	1.536152048691523E+02
5.062531265632712E+02	1.539427683286921E+02
5.067533766883337E+02	1.542705804975070E+02
5.072536268133962E+02	1.545986410047981E+02
5.077538769384587E+02	1.549269494801530E+02
5.082541270635213E+02	1.552555055535460E+02
5.087543771885838E+02	1.555843088553384E+02
5.092546273136463E+02	1.559133590162813E+02
5.097548774387088E+02	1.562426556675138E+02
5.102551275637713E+02	1.565721984405652E+02
5.107553776888338E+02	1.569019869673555E+02
5.112556278138963E+02	1.572320208801956E+02
5.117558779389588E+02	1.575622998117889E+02
5.122561280640214E+02	1.578928233952304E+02
5.127563781890839E+02	1.582235912640090E+02
5.132566283141464E+02	1.585546030520079E+02
5.137568784392089E+02	1.588858583935041E+02
5.142571285642714E+02	1.592173569231699E+02
5.147573786893339E+02	1.595490982760739E+02
5.152576288143964E+02	1.598810820876810E+02
5.157578789394589E+02	1.602133079938528E+02
5.162581290645214E+02	1.605457756308492E+02
5.167583791895839E+02	1.608784846353284E+02
5.172586293146464E+02	1.612114346443468E+02
5.177588794397089E+02	1.615446252953607E+02
5.182591295647715E+02	1.618780562262268E+02
5.187593796898340E+02	1.622117270752024E+02
5.192596298148965E+02	1.625456374809457E+02
5.197598799399590E+02	1.628797870825166E+02
5.202601300650215E+02	1.632141755193781E+02
5.207603801900840E+02	1.635488024313953E+02
5.212606303151465E+02	1.638836674588369E+02
5.217608804402090E+02	1.642187702423762E+02
5.222611305652715E+02	1.645541104230902E+02
5.227613806903340E+02	1.648896876424614E+02
5.232616308153965E+02	1.652255015423777E+02
5.237618809404590E+02	1.655615517651328E+02
5.242621310655215E+02	1.658978379534274E+02
5.247623811905841E+02	1.662343597503689E+02
5.252626313156466E+02	1.665711167994722E+02
5.257628814407091E+02	1.669081087446604E+02
5.262631315657716E+02	1.672453352302649E+02
5.267633816908341E+02	1.675827959010259E+02
5.272636318158966E+02	1.679204904020934E+02
5.277638819409591E+02	1.682584183790269E+02
5.282641320660216E+02	1.685965794777960E+02
5.287643821910841E+02	1.689349733447816E+02
5.292646323161466E+02	1.692735996267753E+02
5.297648824412091E+02	1.696124579709801E+02
5.302651325662716E+02	1.699515480250117E+02
5.307653826913341E+02	1.702908694368973E+02
5.312656328163966E+02	1.706304218550775E+02
5.317658829414592E+02	1.709702049284061E+02
5.322661330665217E+02	1.713102183061500E+02
5.327663831915842E+02	1.716504616379905E+02
5.332666333166467E+02	1.719909345740238E+02
5.337668834417092E+02	1.723316367647594E+02
5.342671335667717E+02	1.726725678611228E+02
5.347673836918342E+02	1.730137275144554E+02
5.352676338168967E+02	1.733551153765130E+02
5.357678839419592E+02	1.736967310994694E+02
5.362681340670217E+02	1.740385743359131E+02
5.367683841920842E+02	1.743806447388507E+02
5.372686343171467E+02	1.747229419617053E+02
5.377688844422092E+02	1.750654656583184E+02
5.382691345672717E+02	1.754082154829480E+02
5.387693846923343E+02	1.757511910902709E+02
5.392696348173968E+02	1.760943921353823E+02
5.397698849424593E+02	1.764378182737967E+02
5.402701350675218E+02	1.767814691614466E+02
5.407703851925843E+02	1.771253444546844E+02
5.412706353176468E+02	1.774694438102821E+02
5.417708854427093E+02	1.778137668854315E+02
5.422711355677718E+02	1.781583133377447E+02
5.427713856928343E+02	1.785030828252536E+02
5.432716358178968E+02	1.788480750064120E+02
5.437718859429593E+02	1.791932895400931E+02
5.442721360680218E+02	1.795387260855928E+02
5.447723861930843E+02	1.798843843026274E+02
5.452726363181469E+02	1.802302638513355E+02
5.457728864432094E+02	1.805763643922769E+02
5.462731365682719E+02	1.809226855864343E+02
5.467733866933344E+02	1.812692270952122E+02
5.472736368183969E+02	1.816159885804383E+02
5.477738869434594E+02	1.819629697043622E+02
5.482741370685219E+02	1.823101701296574E+02
5.487743871935844E+02	1.826575895194204E+02
5.492746373186469E+02	1.830052275371704E+02
5.497748874437094E+02	1.833530838468507E+02
5.502751375687719E+02	1.837011581128288E+02
5.507753876938344E+02	1.840494499998954E+02
5.512756378188969E+02	1.843979591732659E+02
5.517758879439594E+02	1.847466852985797E+02
5.522761380690220E+02	1.850956280419009E+02
5.527763881940845E+02	1.854447870697174E+02
5.532766383191470E+02	1.857941620489437E+02
5.537768884442095E+02	1.861437526469173E+02
5.542771385692720E+02	1.864935585314019E+02
5.547773886943345E+02	1.868435793705860E+02
5.552776388193970E+02	1.871938148330840E+02
5.557778889444595E+02	1.875442645879352E+02
5.562781390695220E+02	1.878949283046043E+02
5.567783891945845E+02	1.882458056529829E+02
5.572786393196470E+02	1.885968963033875E+02
5.577788894447095E+02	1.889481999265606E+02
5.582791395697720E+02	1.892997161936713E+02
5.587793896948345E+02	1.896514447763143E+02
5.592796398198971E+02	1.900033853465117E+02
5.597798899449596E+02	1.903555375767105E+02
5.602801400700221E+02	1.907079011397852E+02
5.607803901950846E+02	1.910604757090361E+02
5.612806403201471E+02	1.914132609581912E+02
5.617808904452096E+02	1.917662565614041E+02
5.622811405702721E+02	1.921194621932559E+02
5.627813906953346E+02	1.924728775287546E+02
5.632816408203971E+02	1.928265022433346E+02
5.637818909454596E+02	1.931803360128575E+02
5.642821410705221E+02	1.935343785136124E+02
5.647823911955846E+02	1.938886294223150E+02
5.652826413206471E+02	1.942430884161075E+02
5.657828914457097E+02	1.945977551725610E+02
5.662831415707722E+02	1.949526293696721E+02
5.667833916958347E+02	1.953077106858660E+02
5.672836418208972E+02	1.956629987999943E+02
5.677838919459597E+02	1.960184933913358E+02
5.682841420710222E+02	1.963741941395973E+02
5.687843921960847E+02	1.967301007249127E+02
5.692846423211472E+02	1.970862128278428E+02
5.697848924462097E+02	1.974425301293763E+02
5.702851425712722E+02	1.977990523109290E+02
5.707853926963347E+02	1.981557790543442E+02
5.712856428213972E+02	1.985127100418926E+02
5.717858929464597E+02	1.988698449562722E+02
5.722861430715222E+02	1.992271834806080E+02
5.727863931965848E+02	1.995847252984531E+02
5.732866433216473E+02	1.999424700937870E+02
5.737868934467098E+02	2.003004175510171E+02
5.742871435717723E+02	2.006585673549779E+02
5.747873936968348E+02	2.010169191909316E+02
5.752876438218973E+02	2.013754727445663E+02
5.757878939469598E+02	2.017342277019987E+02
5.762881440720223E+02	2.020931837497716E+02
5.767883941970848E+02	2.024523405748557E+02
5.772886443221473E+02	2.028116978646478E+02
5.777888944472098E+02	2.031712553069728E+02
5.782891445722723E+02	2.035310125900814E+02
5.787893946973348E+02	2.038909694026518E+02
5.792896448223973E+02	2.042511254337890E+02
5.797898949474599E+02	2.046114803730243E+02
5.802901450725224E+02	2.049720339103162E+02
5.807903951975849E+02	2.053327857360495E+02
5.812906453226474E+02	2.056937355410352E+02
5.817908954477099E+02	2.060548830165114E+02
5.822911455727724E+02	2.064162278541421E+02
5.827913956978349E+02	2.067777697460174E+02
5.832916458228974E+02	2.071395083846543E+02
5.837918959479599E+02	2.075014434629950E+02
5.842921460730224E+02	2.078635746744077E+02
5.847923961980849E+02	2.082259017126879E+02
5.852926463231474E+02	2.085884242720547E+02
5.857928964482099E+02	2.089511420471544E+02
5.862931465732725E+02	2.093140547330580E+02
5.867933966983350E+02	2.096771620252629E+02
5.872936468233975E+02	2.100404636196910E+02
5.877938969484600E+02	2.104039592126895E+02
5.882941470735225E+02	2.107676485010309E+02
5.887943971985850E+02	2.111315311819127E+02
5.892946473236475E+02	2.114956069529566E+02
5.897948974487100E+02	2.118598755122097E+02
5.902951475737725E+02	2.122243365581435E+02
5.907953976988350E+02	2.125889897896537E+02
5.912956478238975E+02	2.129538349060604E+02
5.917958979489600E+02	2.133188716071077E+02
5.922961480740225E+02	2.136840995929637E+02
5.927963981990850E+02	2.140495185642206E+02
5.932966483241476E+02	2.144151282218939E+02
5.937968984492101E+02	2.147809282674228E+02
5.942971485742726E+02	2.151469184026698E+02
5.947973986993351E+02	2.155130983299205E+02
5.952976488243976E+02	2.158794677518836E+02
5.957978989494601E+02	2.162460263716909E+02
5.962981490745226E+02	2.166127738928967E+02
5.967983991995851E+02	2.169797100194771E+02
5.972986493246476E+02	2.173468344558321E+02
5.977988994497101E+02	2.177141469067823E+02
5.982991495747726E+02	2.180816470775713E+02
5.987993996998351E+02	2.184493346738637E+02
5.992996498248976E+02	2.188172094017467E+02
5.997998999499601E+02	2.191852709677277E+02
6.003001500750227E+02	2.195535190787360E+02
6.008004002000852E+02	2.199219534421222E+02
6.013006503251477E+02	2.202905737656571E+02
6.018009004502102E+02	2.206593797575323E+02
6.023011505752727E+02	2.210283711263603E+02
6.028014007003352E+02	2.213975475811728E+02
6.033016508253977E+02	2.217669088314225E+02
6.038019009504602E+02	2.221364545869816E+02
6.043021510755227E+02	2.225061845581413E+02
6.048024012005852E+02	2.228760984556129E+02
6.053026513256477E+02	2.232461959905268E+02
6.058029014507102E+02	2.236164768744314E+02
6.063031515757727E+02	2.239869408192949E+02
6.068034017008353E+02	2.243575875375037E+02
6.073036518258978E+02	2.247284167418620E+02
6.078039019509603E+02	2.250994281455922E+02
6.083041520760228E+02	2.254706214623348E+02
6.088044022010853E+02	2.258419964061474E+02
6.093046523261478E+02	2.262135526915054E+02
6.098049024512103E+02	2.265852900333004E+02
6.103051525762728E+02	2.269572081468419E+02
6.108054027013353E+02	2.273293067478552E+02
6.113056528263978E+02	2.277015855524824E+02
6.118059029514603E+02	2.280740442772813E+02
6.123061530765228E+02	2.284466826392256E+02
6.128064032015853E+02	2.288195003557045E+02
6.133066533266478E+02	2.291924971445230E+02
6.138069034517104E+02	2.295656727239007E+02
6.143071535767729E+02	2.299390268124722E+02
6.148074037018354E+02	2.303125591292863E+02
6.153076538268979E+02	2.306862693938065E+02
6.158079039519604E+02	2.310601573259099E+02
6.163081540770229E+02	2.314342226458878E+02
6.168084042020854E+02	2.318084650744445E+02
6.173086543271479E+02	2.321828843326979E+02
6.178089044522104E+02	2.325574801421783E+02
6.183091545772729E+02	2.329322522248293E+02
6.188094047023354E+02	2.333072003030065E+02
6.193096548273979E+02	2.336823240994771E+02
6.198099049524604E+02	2.340576233374210E+02
6.203101550775229E+02	2.344330977404290E+02
6.208104052025855E+02	2.348087470325030E+02
6.213106553276480E+02	2.351845709380569E+02
6.218109054527105E+02	2.355605691819134E+02
6.223111555777730E+02	2.359367414893074E+02
6.228114057028355E+02	2.363130875858832E+02
6.233116558278980E+02	2.366896071976940E+02
6.238119059529605E+02	2.370663000512037E+02
6.243121560780230E+02	2.374431658732844E+02
6.248124062030855E+02	2.378202043912178E+02
6.253126563281480E+02	2.381974153326939E+02
6.258129064532105E+02	2.385747984258103E+02
6.263131565782730E+02	2.389523533990734E+02
6.268134067033355E+02	2.393300799813971E+02
6.273136568283981E+02	2.397079779021022E+02
6.278139069534606E+02	2.400860468909171E+02
6.283141570785231E+02	2.404642866779761E+02
6.288144072035856E+02	2.408426969938201E+02
6.293146573286481E+02	2.412212775693969E+02
6.298149074537106E+02	2.416000281360589E+02
6.303151575787731E+02	2.419789484255647E+02
6.308154077038356E+02	2.423580381700774E+02
6.313156578288981E+02	2.427372971021655E+02
6.318159079539606E+02	2.431167249548008E+02
6.323161580790231E+02	2.434963214613605E+02
6.328164082040856E+02	2.438760863556254E+02
6.333166583291481E+02	2.442560193717788E+02
6.338169084542106E+02	2.446361202444078E+02
6.343171585792732E+02	2.450163887085022E+02
6.348174087043357E+02	2.453968244994549E+02
6.353176588293982E+02	2.457774273530592E+02
6.358179089544607E+02	2.461581970055118E+02
6.363181590795232E+02	2.465391331934100E+02
6.368184092045857E+02	2.469202356537526E+02
6.373186593296482E+02	2.473015041239394E+02
6.378189094547107E+02	2.476829383417687E+02
6.383191595797732E+02	2.480645380454418E+02
6.388194097048357E+02	2.484463029735576E+02
6.393196598298982E+02	2.488282328651150E+02
6.398199099549607E+02	2.492103274595117E+02
6.403201600800232E+02	2.495925864965446E+02
6.408204102050858E+02	2.499750097164078E+02
6.413206603301483E+02	2.503575968596948E+02
6.418209104552108E+02	2.507403476673956E+02
6.423211605802733E+02	2.511232618808976E+02
6.428214107053358E+02	2.515063392419854E+02
6.433216608303983E+02	2.518895794928398E+02
6.438219109554608E+02	2.522729823760379E+02
6.443221610805233E+02	2.526565476345530E+02
6.448224112055858E+02	2.530402750117527E+02
6.453226613306483E+02	2.534241642514006E+02
6.458229114557108E+02	2.538082150976546E+02
6.463231615807733E+02	2.541924272950671E+02
6.468234117058358E+02	2.545768005885847E+02
6.473236618308983E+02	2.549613347235463E+02
6.478239119559609E+02	2.553460294456858E+02
6.483241620810234E+02	2.557308845011293E+02
6.488244122060859E+02	2.561158996363941E+02
6.493246623311484E+02	2.565010745983919E+02
6.498249124562109E+02	2.568864091344237E+02
6.503251625812734E+02	2.572719029921832E+02
6.508254127063359E+02	2.576575559197556E+02
6.513256628313984E+02	2.580433676656149E+02
6.518259129564609E+02	2.584293379786271E+02
6.523261630815234E+02	2.588154666080464E+02
6.528264132065859E+02	2.592017533035180E+02
6.533266633316484E+02	2.595881978150747E+02
6.538269134567109E+02	2.599747998931393E+02
6.543271635817734E+02	2.603615592885212E+02
6.548274137068360E+02	2.607484757524192E+02
6.553276638318985E+02	2.611355490364190E+02
6.558279139569610E+02	2.615227788924934E+02
6.563281640820235E+02	2.619101650730022E+02
6.568284142070860E+02	2.622977073306907E+02
6.573286643321485E+02	2.626854054186911E+02
6.578289144572110E+02	2.630732590905205E+02
6.583291645822735E+02	2.634612681000817E+02
6.588294147073360E+02	2.638494322016618E+02
6.593296648323985E+02	2.642377511499320E+02
6.598299149574610E+02	2.646262246999477E+02
6.603301650825235E+02	2.650148526071488E+02
6.608304152075860E+02	2.654036346273566E+02
6.613306653326486E+02	2.657925705167763E+02
6.618309154577111E+02	2.661816600319954E+02
6.623311655827736E+02	2.665709029299830E+02
6.628314157078361E+02	2.669602989680895E+02
6.633316658328986E+02	2.673498479040472E+02
6.638319159579611E+02	2.677395494959687E+02
6.643321660830236E+02	2.681294035023465E+02
6.648324162080861E+02	2.685194096820542E+02
6.653326663331486E+02	2.689095677943441E+02
6.658329164582111E+02	2.692998775988468E+02
6.663331665832736E+02	2.696903388555729E+02
6.668334167083361E+02	2.700809513249116E+02
6.673336668333986E+02	2.704717147676284E+02
6.678339169584611E+02	2.708626289448670E+02
6.683341670835237E+02	2.712536936181491E+02
6.688344172085862E+02	2.716449085493712E+02
6.693346673336487E+02	2.720362735008077E+02
6.698349174587112E+02	2.724277882351075E+02
6.703351675837737E+02	2.728194525152961E+02
6.708354177088362E+02	2.732112661047728E+02
6.713356678338987E+02	2.736032287673124E+02
6.718359179589612E+02	2.739953402670633E+02
6.723361680840237E+02	2.743876003685479E+02
6.728364182090862E+02	2.747800088366614E+02
6.733366683341487E+02	2.751725654366727E+02
6.738369184592112E+02	2.755652699342227E+02
6.743371685842737E+02	2.759581220953236E+02
6.748374187093362E+02	2.763511216863609E+02
6.753376688343988E+02	2.767442684740896E+02
6.758379189594613E+02	2.771375622256371E+02
6.763381690845238E+02	2.775310027084998E+02
6.768384192095863E+02	2.779245896905444E+02
6.773386693346488E+02	2.783183229400072E+02
6.778389194597113E+02	2.787122022254940E+02
6.783391695847738E+02	2.791062273159780E+02
6.788394197098363E+02	2.795003979808026E+02
6.793396698348988E+02	2.798947139896768E+02
6.798399199599613E+02	2.802891751126782E+02
6.803401700850238E+02	2.806837811202515E+02
6.808404202100863E+02	2.810785317832071E+02
6.813406703351488E+02	2.814734268727221E+02
6.818409204602114E+02	2.818684661603392E+02
6.823411705852739E+02	2.822636494179659E+02
6.828414207103364E+02	2.826589764178748E+02
6.833416708353989E+02	2.830544469327031E+02
6.838419209604614E+02	2.834500607354507E+02
6.843421710855239E+02	2.838458175994826E+02
6.848424212105864E+02	2.842417172985260E+02
6.853426713356489E+02	2.846377596066708E+02
6.858429214607114E+02	2.850339442983690E+02
6.863431715857739E+02	2.854302711484348E+02
6.868434217108364E+02	2.858267399320432E+02
6.873436718358989E+02	2.862233504247296E+02
6.878439219609614E+02	2.866201024023916E+02
6.883441720860239E+02	2.870169956412852E+02
6.888444222110865E+02	2.874140299180260E+02
6.893446723361490E+02	2.878112050095900E+02
6.898449224612115E+02	2.882085206933100E+02
6.903451725862740E+02	2.886059767468793E+02
6.908454227113365E+02	2.890035729483463E+02
6.913456728363990E+02	2.894013090761198E+02
6.918459229614615E+02	2.897991849089632E+02
6.923461730865240E+02	2.901972002259969E+02
6.928464232115865E+02	2.905953548066987E+02
6.933466733366490E+02	2.909936484308992E+02
6.938469234617115E+02	2.913920808787877E+02
6.943471735867740E+02	2.917906519309052E+02
6.948474237118365E+02	2.921893613681486E+02
6.953476738368990E+02	2.925882089717689E+02
6.958479239619616E+02	2.929871945233682E+02
6.963481740870241E+02	2.933863178049041E+02
6.968484242120866E+02	2.937855785986860E+02
6.973486743371491E+02	2.941849766873746E+02
6.978489244622116E+02	2.945845118539831E+02
6.983491745872741E+02	2.949841838818755E+02
6.988494247123366E+02	2.953839925547658E+02
6.993496748373991E+02	2.957839376567202E+02
6.998499249624616E+02	2.961840189721524E+02
7.003501750875241E+02	2.965842362858277E+02
7.008504252125866E+02	2.969845893828584E+02
7.013506753376491E+02	2.973850780487063E+02
7.018509254627116E+02	2.977857020691821E+02
7.023511755877742E+02	2.981864612304415E+02
7.028514257128367E+02	2.985873553189906E+02
7.033516758378992E+02	2.989883841216791E+02
7.038519259629617E+02	2.993895474257056E+02
7.043521760880242E+02	2.997908450186127E+02
7.048524262130867E+02	3.001922766882895E+02
7.053526763381492E+02	3.005938422229688E+02
7.058529264632117E+02	3.009955414112293E+02
7.063531765882742E+02	3.013973740419931E+02
7.068534267133367E+02	3.017993399045245E+02
7.073536768383992E+02	3.022014387884337E+02
7.078539269634617E+02	3.026036704836714E+02
7.083541770885242E+02	3.030060347805309E+02
7.088544272135867E+02	3.034085314696480E+02
7.093546773386493E+02	3.038111603419997E+02
7.098549274637118E+02	3.042139211889026E+02
7.103551775887743E+02	3.046168138020152E+02
7.108554277138368E+02	3.050198379733346E+02
7.113556778388993E+02	3.054229934951998E+02
7.118559279639618E+02	3.058262801602862E+02
7.123561780890243E+02	3.062296977616089E+02
7.128564282140868E+02	3.066332460925216E+02
7.133566783391493E+02	3.070369249467151E+02
7.138569284642118E+02	3.074407341182172E+02
7.143571785892743E+02	3.078446734013932E+02
7.148574287143368E+02	3.082487425909443E+02
7.153576788393993E+02	3.086529414819083E+02
7.158579289644618E+02	3.090572698696577E+02
7.163581790895244E+02	3.094617275499000E+02
7.168584292145869E+02	3.098663143186782E+02
7.173586793396494E+02	3.102710299723674E+02
7.178589294647119E+02	3.106758743076783E+02
7.183591795897744E+02	3.110808471216544E+02
7.188594297148369E+02	3.114859482116709E+02
7.193596798398994E+02	3.118911773754369E+02
7.198599299649619E+02	3.122965344109913E+02
7.203601800900244E+02	3.127020191167070E+02
7.208604302150869E+02	3.131076312912850E+02
7.213606803401494E+02	3.135133707337584E+02
7.218609304652119E+02	3.139192372434903E+02
7.223611805902744E+02	3.143252306201729E+02
7.228614307153370E+02	3.147313506638278E+02
7.233616808403995E+02	3.151375971748056E+02
7.238619309654620E+02	3.155439699537835E+02
7.243621810905245E+02	3.159504688017682E+02
7.248624312155870E+02	3.163570935200934E+02
7.253626813406495E+02	3.167638439104192E+02
7.258629314657120E+02	3.171707197747319E+02
7.263631815907745E+02	3.175777209153440E+02
7.268634317158370E+02	3.179848471348939E+02
7.273636818408995E+02	3.183920982363449E+02
7.278639319659620E+02	3.187994740229837E+02
7.283641820910245E+02	3.192069742984229E+02
7.288644322160870E+02	3.196145988665982E+02
7.293646823411495E+02	3.200223475317673E+02
7.298649324662121E+02	3.204302200985123E+02
7.303651825912746E+02	3.208382163717365E+02
7.308654327163371E+02	3.212463361566661E+02
7.313656828413996E+02	3.216545792588475E+02
7.318659329664621E+02	3.220629454841488E+02
7.323661830915246E+02	3.224714346387583E+02
7.328664332165871E+02	3.228800465291845E+02
7.333666833416496E+02	3.232887809622555E+02
7.338669334667121E+02	3.236976377451194E+02
7.343671835917746E+02	3.241066166852402E+02
7.348674337168371E+02	3.245157175904039E+02
7.353676838418996E+02	3.249249402687117E+02
7.358679339669621E+02	3.253342845285817E+02
7.363681840920246E+02	3.257437501787516E+02
7.368684342170872E+02	3.261533370282732E+02
7.373686843421497E+02	3.265630448865151E+02
7.378689344672122E+02	3.269728735631611E+02
7.383691845922747E+02	3.273828228682103E+02
7.388694347173372E+02	3.277928926119765E+02
7.393696848423997E+02	3.282030826050878E+02
7.398699349674622E+02	3.286133926584849E+02
7.403701850925247E+02	3.290238225834233E+02
7.408704352175872E+02	3.294343721914702E+02
7.413706853426497E+02	3.298450412945057E+02
7.418709354677122E+02	3.302558297047219E+02
7.423711855927747E+02	3.306667372346211E+02
7.428714357178372E+02	3.310777636970186E+02
7.433716858428998E+02	3.314889089050382E+02
7.438719359679623E+02	3.319001726721158E+02
7.443721860930248E+02	3.323115548119960E+02
7.448724362180873E+02	3.327230551387317E+02
7.453726863431498E+02	3.331346734666860E+02
7.458729364682123E+02	3.335464096105292E+02
7.463731865932748E+02	3.339582633852402E+02
7.468734367183373E+02	3.343702346061050E+02
7.473736868433998E+02	3.347823230887163E+02
7.478739369684623E+02	3.351945286489737E+02
7.483741870935248E+02	3.356068511030824E+02
7.488744372185873E+02	3.360192902675541E+02
7.493746873436498E+02	3.364318459592043E+02
7.498749374687123E+02	3.368445179951542E+02
7.503751875937749E+02	3.372573061928288E+02
7.508754377188374E+02	3.376702103699574E+02
7.513756878438999E+02	3.380832303445715E+02
7.518759379689624E+02	3.384963659350066E+02
7.523761880940249E+02	3.389096169599003E+02
7.528764382190874E+02	3.393229832381929E+02
7.533766883441499E+02	3.397364645891237E+02
7.538769384692124E+02	3.401500608322369E+02
7.543771885942749E+02	3.405637717873743E+02
7.548774387193374E+02	3.409775972746790E+02
7.553776888443999E+02	3.413915371145944E+02
7.558779389694624E+02	3.418055911278627E+02
7.563781890945249E+02	3.422197591355244E+02
7.568784392195874E+02	3.426340409589188E+02
7.573786893446500E+02	3.430484364196846E+02
7.578789394697125E+02	3.434629453397554E+02
7.583791895947750E+02	3.438775675413636E+02
7.588794397198375E+02	3.442923028470380E+02
7.593796898449000E+02	3.447071510796036E+02
7.598799399699625E+02	3.451221120621806E+02
7.603801900950250E+02	3.455371856181852E+02
7.608804402200875E+02	3.459523715713289E+02
7.613806903451500E+02	3.463676697456156E+02
7.618809404702125E+02	3.467830799653443E+02
7.623811905952750E+02	3.471986020551092E+02
7.628814407203375E+02	3.476142358397945E+02
7.633816908454000E+02	3.480299811445798E+02
7.638819409704626E+02	3.484458377949348E+02
7.643821910955251E+02	3.488618056166219E+02
7.648824412205876E+02	3.492778844356946E+02
7.653826913456501E+02	3.496940740784980E+02
7.658829414707126E+02	3.501103743716663E+02
7.663831915957751E+02	3.505267851421250E+02
7.668834417208376E+02	3.509433062170884E+02
7.673836918459001E+02	3.513599374240600E+02
7.678839419709626E+02	3.517766785908311E+02
7.683841920960251E+02	3.521935295454833E+02
7.688844422210876E+02	3.526104901163836E+02
7.693846923461501E+02	3.530275601321885E+02
7.698849424712126E+02	3.534447394218400E+02
7.703851925962751E+02	3.538620278145665E+02
7.708854427213377E+02	3.542794251398840E+02
7.713856928464002E+02	3.546969312275918E+02
7.718859429714627E+02	3.551145459077759E+02
7.723861930965252E+02	3.555322690108062E+02
7.728864432215877E+02	3.559501003673373E+02
7.733866933466502E+02	3.563680398083082E+02
7.738869434717127E+02	3.567860871649393E+02
7.743871935967752E+02	3.572042422687369E+02
7.748874437218377E+02	3.576225049514866E+02
7.753876938469002E+02	3.580408750452582E+02
7.758879439719627E+02	3.584593523824035E+02
7.763881940970252E+02	3.588779367955524E+02
7.768884442220877E+02	3.592966281176205E+02
7.773886943471502E+02	3.597154261817983E+02
7.778889444722128E+02	3.601343308215612E+02
7.783891945972753E+02	3.605533418706603E+02
7.788894447223378E+02	3.609724591631268E+02
7.793896948474003E+02	3.613916825332716E+02
7.798899449724628E+02	3.618110118156832E+02
7.803901950975253E+02	3.622304468452271E+02
7.808904452225878E+02	3.626499874570463E+02
7.813906953476503E+02	3.630696334865616E+02
7.818909454727128E+02	3.634893847694696E+02
7.823911955977753E+02	3.639092411417422E+02
7.828914457228378E+02	3.643292024396281E+02
7.833916958479003E+02	3.647492684996504E+02
7.838919459729628E+02	3.651694391586066E+02
7.843921960980254E+02	3.655897142535695E+02
7.848924462230879E+02	3.660100936218845E+02
7.853926963481504E+02	3.664305771011721E+02
7.858929464732129E+02	3.668511645293237E+02
7.863931965982754E+02	3.672718557445045E+02
7.868934467233379E+02	3.676926505851519E+02
7.873936968484004E+02	3.681135488899746E+02
7.878939469734629E+02	3.685345504979527E+02
7.883941970985254E+02	3.689556552483366E+02
7.888944472235879E+02	3.693768629806477E+02
7.893946973486504E+02	3.697981735346779E+02
7.898949474737129E+02	3.702195867504877E+02
7.903951975987754E+02	3.706411024684069E+02
7.908954477238379E+02	3.710627205290337E+02
7.913956978489005E+02	3.714844407732353E+02
7.918959479739630E+02	3.719062630421470E+02
7.923961980990255E+02	3.723281871771704E+02
7.928964482240880E+02	3.727502130199748E+02
7.933966983491505E+02	3.731723404124955E+02
7.938969484742130E+02	3.735945691969351E+02
7.943971985992755E+02	3.740168992157611E+02
7.948974487243380E+02	3.744393303117059E+02
7.953976988494005E+02	3.748618623277681E+02
7.958979489744630E+02	3.752844951072092E+02
7.963981990995255E+02	3.757072284935563E+02
7.968984492245880E+02	3.761300623305979E+02
7.973986993496505E+02	3.765529964623889E+02
7.978989494747130E+02	3.769760307332442E+02
7.983991995997756E+02	3.773991649877418E+02
7.988994497248381E+02	3.778223990707216E+02
7.993996998499006E+02	3.782457328272869E+02
7.998999499749631E+02	3.786691661027987E+02
8.004002001000256E+02	3.790926987428812E+02
8.009004502250881E+02	3.795163305934184E+02
8.014007003501506E+02	3.799400615005538E+02
8.019009504752131E+02	3.803638913106892E+02
8.024012006002756E+02	3.807878198704881E+02
8.029014507253381E+02	3.812118470268699E+02
8.034017008504006E+02	3.816359726270143E+02
8.039019509754631E+02	3.820601965183567E+02
8.044022011005256E+02	3.824845185485916E+02
8.049024512255882E+02	3.829089385656695E+02
8.054027013506507E+02	3.833334564177985E+02
8.059029514757132E+02	3.837580719534404E+02
8.064032016007757E+02	3.841827850213156E+02
8.069034517258382E+02	3.846075954703978E+02
8.074037018509007E+02	3.850325031499158E+02
8.079039519759632E+02	3.854575079093543E+02
8.084042021010257E+02	3.858826095984493E+02
8.089044522260882E+02	3.863078080671939E+02
8.094047023511507E+02	3.867331031658311E+02
8.099049524762132E+02	3.871584947448585E+02
8.104052026012757E+02	3.875839826550268E+02
8.109054527263382E+02	3.880095667473358E+02
8.114057028514007E+02	3.884352468730399E+02
8.119059529764633E+02	3.888610228836436E+02
8.124062031015258E+02	3.892868946309008E+02
8.129064532265883E+02	3.897128619668185E+02
8.134067033516508E+02	3.901389247436500E+02
8.139069534767133E+02	3.905650828139026E+02
8.144072036017758E+02	3.909913360303286E+02
8.149074537268383E+02	3.914176842459315E+02
8.154077038519008E+02	3.918441273139620E+02
8.159079539769633E+02	3.922706650879190E+02
8.164082041020258E+02	3.926972974215493E+02
8.169084542270883E+02	3.931240241688458E+02
8.174087043521508E+02	3.935508451840486E+02
8.179089544772133E+02	3.939777603216453E+02
8.184092046022758E+02	3.944047694363673E+02
8.189094547273384E+02	3.948318723831928E+02
8.194097048524009E+02	3.952590690173441E+02
8.199099549774634E+02	3.956863591942900E+02
8.204102051025259E+02	3.961137427697409E+02
8.209104552275884E+02	3.965412195996531E+02
8.214107053526509E+02	3.969687895402259E+02
8.219109554777134E+02	3.973964524479022E+02
8.224112056027759E+02	3.978242081793654E+02
8.229114557278384E+02	3.982520565915437E+02
8.234117058529009E+02	3.986799975416058E+02
8.239119559779634E+02	3.991080308869626E+02
8.244122061030259E+02	3.995361564852651E+02
8.249124562280884E+02	3.999643741944056E+02
8.254127063531510E+02	4.003926838725176E+02
8.259129564782135E+02	4.008210853779725E+02
8.264132066032760E+02	4.012495785693823E+02
8.269134567283385E+02	4.016781633055978E+02
8.274137068534010E+02	4.021068394457094E+02
8.279139569784635E+02	4.025356068490439E+02
8.284142071035260E+02	4.029644653751690E+02
8.289144572285885E+02	4.033934148838870E+02
8.294147073536510E+02	4.038224552352377E+02
8.299149574787135E+02	4.042515862894995E+02
8.304152076037760E+02	4.046808079071857E+02
8.309154577288385E+02	4.051101199490446E+02
8.314157078539010E+02	4.055395222760631E+02
8.319159579789635E+02	4.059690147494601E+02
8.324162081040261E+02	4.063985972306915E+02
8.329164582290886E+02	4.068282695814449E+02
8.334167083541511E+02	4.072580316636455E+02
8.339169584792136E+02	4.076878833394497E+02
8.344172086042761E+02	4.081178244712463E+02
8.349174587293386E+02	4.085478549216606E+02
8.354177088544011E+02	4.089779745535459E+02
8.359179589794636E+02	4.094081832299903E+02
8.364182091045261E+02	4.098384808143128E+02
8.369184592295886E+02	4.102688671700638E+02
8.374187093546511E+02	4.106993421610245E+02
8.379189594797136E+02	4.111299056512067E+02
8.384192096047761E+02	4.115605575048523E+02
8.389194597298386E+02	4.119912975864324E+02
8.394197098549012E+02	4.124221257606479E+02
8.399199599799637E+02	4.128530418924290E+02
8.404202101050262E+02	4.132840458469335E+02
8.409204602300887E+02	4.137151374895489E+02
8.414207103551512E+02	4.141463166858894E+02
8.419209604802137E+02	4.145775833017956E+02
8.424212106052762E+02	4.150089372033388E+02
8.429214607303387E+02	4.154403782568123E+02
8.434217108554012E+02	4.158719063287386E+02
8.439219609804637E+02	4.163035212858663E+02
8.444222111055262E+02	4.167352229951676E+02
8.449224612305887E+02	4.171670113238413E+02
8.454227113556512E+02	4.175988861393108E+02
8.459229614807138E+02	4.180308473092240E+02
8.464232116057763E+02	4.184628947014510E+02
8.469234617308388E+02	4.188950281840886E+02
8.474237118559013E+02	4.193272476254555E+02
8.479239619809638E+02	4.197595528940922E+02
8.484242121060263E+02	4.201919438587626E+02
8.489244622310888E+02	4.206244203884527E+02
8.494247123561513E+02	4.210569823523706E+02
8.499249624812138E+02	4.214896296199460E+02
8.504252126062763E+02	4.219223620608283E+02
8.509254627313388E+02	4.223551795448881E+02
8.514257128564013E+02	4.227880819422173E+02
8.519259629814638E+02	4.232210691231269E+02
8.524262131065263E+02	4.236541409581471E+02
8.529264632315889E+02	4.240872973180269E+02
8.534267133566514E+02	4.245205380737360E+02
8.539269634817139E+02	4.249538630964613E+02
8.544272136067764E+02	4.253872722576059E+02
8.549274637318389E+02	4.258207654287945E+02
8.554277138569014E+02	4.262543424818656E+02
8.559279639819639E+02	4.266880032888773E+02
8.564282141070264E+02	4.271217477221007E+02
8.569284642320889E+02	4.275555756540282E+02
8.574287143571514E+02	4.279894869573642E+02
8.579289644822139E+02	4.284234815050287E+02
8.584292146072764E+02	4.288575591701584E+02
8.589294647323389E+02	4.292917198261039E+02
8.594297148574014E+02	4.297259633464305E+02
8.599299649824640E+02	4.301602896049173E+02
8.604302151075265E+02	4.305946984755565E+02
8.609304652325890E+02	4.310291898325548E+02
8.614307153576515E+02	4.314637635503312E+02
8.619309654827140E+02	4.318984195035167E+02
8.624312156077765E+02	4.323331575669548E+02
8.629314657328390E+02	4.327679776157021E+02
8.634317158579015E+02	4.332028795250245E+02
8.639319659829640E+02	4.336378631704009E+02
8.644322161080265E+02	4.340729284275203E+02
8.649324662330890E+02	4.345080751722809E+02
8.654327163581515E+02	4.349433032807922E+02
8.659329664832140E+02	4.353786126293743E+02
8.664332166082766E+02	4.358140030945543E+02
8.669334667333391E+02	4.362494745530705E+02
8.674337168584016E+02	4.366850268818674E+02
8.679339669834641E+02	4.371206599581000E+02
8.684342171085266E+02	4.375563736591299E+02
8.689344672335891E+02	4.379921678625266E+02
8.694347173586516E+02	4.384280424460681E+02
8.699349674837141E+02	4.388639972877359E+02
8.704352176087766E+02	4.393000322657209E+02
8.709354677338391E+02	4.397361472584186E+02
8.714357178589016E+02	4.401723421444325E+02
8.719359679839641E+02	4.406086168025685E+02
8.724362181090266E+02	4.410449711118393E+02
8.729364682340891E+02	4.414814049514622E+02
8.734367183591517E+02	4.419179182008579E+02
8.739369684842142E+02	4.423545107396525E+02
8.744372186092767E+02	4.427911824476741E+02
8.749374687343392E+02	4.432279332049559E+02
8.754377188594017E+02	4.436647628917334E+02
8.759379689844642E+02	4.441016713884443E+02
8.764382191095267E+02	4.445386585757290E+02
8.769384692345892E+02	4.449757243344289E+02
8.774387193596517E+02	4.454128685455879E+02
8.779389694847142E+02	4.458500910904520E+02
8.784392196097767E+02	4.462873918504645E+02
8.789394697348392E+02	4.467247707072751E+02
8.794397198599017E+02	4.471622275427277E+02
8.799399699849643E+02	4.475997622388695E+02
8.804402201100268E+02	4.480373746779466E+02
8.809404702350893E+02	4.484750647424027E+02
8.814407203601518E+02	4.489128323148838E+02
8.819409704852143E+02	4.493506772782303E+02
8.824412206102768E+02	4.497885995154832E+02
8.829414707353393E+02	4.502265989098807E+02
8.834417208604018E+02	4.506646753448579E+02
8.839419709854643E+02	4.511028287040485E+02
8.844422211105268E+02	4.515410588712813E+02
8.849424712355893E+02	4.519793657305826E+02
8.854427213606518E+02	4.524177491661736E+02
8.859429714857143E+02	4.528562090624729E+02
8.864432216107768E+02	4.532947453040926E+02
8.869434717358394E+02	4.537333577758415E+02
8.874437218609019E+02	4.541720463627223E+02
8.879439719859644E+02	4.546108109499334E+02
8.884442221110269E+02	4.550496514228645E+02
8.889444722360894E+02	4.554885676671017E+02
8.894447223611519E+02	4.559275595684231E+02
8.899449724862144E+02	4.563666270128007E+02
8.904452226112769E+02	4.568057698863981E+02
8.909454727363394E+02	4.572449880755723E+02
8.914457228614019E+02	4.576842814668718E+02
8.919459729864644E+02	4.581236499470367E+02
8.924462231115269E+02	4.585630934030000E+02
8.929464732365894E+02	4.590026117218831E+02
8.934467233616519E+02	4.594422047910002E+02
8.939469734867145E+02	4.598818724978553E+02
8.944472236117770E+02	4.603216147301420E+02
8.949474737368395E+02	4.607614313757451E+02
8.954477238619020E+02	4.612013223227364E+02
8.959479739869645E+02	4.616412874593789E+02
8.964482241120270E+02	4.620813266741236E+02
8.969484742370895E+02	4.625214398556094E+02
8.974487243621520E+02	4.629616268926641E+02
8.979489744872145E+02	4.634018876743032E+02
8.984492246122770E+02	4.638422220897297E+02
8.989494747373395E+02	4.642826300283314E+02
8.994497248624020E+02	4.647231113796868E+02
8.999499749874645E+02	4.651636660335589E+02
9.004502251125271E+02	4.656042938798957E+02
9.009504752375896E+02	4.660449948088338E+02
9.014507253626521E+02	4.664857687106924E+02
9.019509754877146E+02	4.669266154759771E+02
9.024512256127771E+02	4.673675349953795E+02
9.029514757378396E+02	4.678085271597743E+02
9.034517258629021E+02	4.682495918602197E+02
9.039519759879646E+02	4.686907289879601E+02
9.044522261130271E+02	4.691319384344211E+02
9.049524762380896E+02	4.695732200912133E+02
9.054527263631521E+02	4.700145738501292E+02
9.059529764882146E+02	4.704559996031450E+02
9.064532266132771E+02	4.708974972424173E+02
9.069534767383396E+02	4.713390666602861E+02
9.074537268634022E+02	4.717807077492726E+02
9.079539769884647E+02	4.722224204020808E+02
9.084542271135272E+02	4.726642045115927E+02
9.089544772385897E+02	4.731060599708736E+02
9.094547273636522E+02	4.735479866731674E+02
9.099549774887147E+02	4.739899845119007E+02
9.104552276137772E+02	4.744320533806761E+02
9.109554777388397E+02	4.748741931732790E+02
9.114557278639022E+02	4.753164037836718E+02
9.119559779889647E+02	4.757586851059964E+02
9.124562281140272E+02	4.762010370345739E+02
9.129564782390897E+02	4.766434594639026E+02
9.134567283641522E+02	4.770859522886594E+02
9.139569784892147E+02	4.775285154036975E+02
9.144572286142773E+02	4.779711487040485E+02
9.149574787393398E+02	4.784138520849216E+02
9.154577288644023E+02	4.788566254417016E+02
9.159579789894648E+02	4.792994686699486E+02
9.164582291145273E+02	4.797423816654015E+02
9.169584792395898E+02	4.801853643239712E+02
9.174587293646523E+02	4.806284165417485E+02
9.179589794897148E+02	4.810715382149948E+02
9.184592296147773E+02	4.815147292401496E+02
9.189594797398398E+02	4.819579895138255E+02
9.194597298649023E+02	4.824013189328087E+02
9.199599799899648E+02	4.828447173940611E+02
9.204602301150273E+02	4.832881847947167E+02
9.209604802400899E+02	4.837317210320819E+02
9.214607303651524E+02	4.841753260036392E+02
9.219609804902149E+02	4.846189996070415E+02
9.224612306152774E+02	4.850627417401126E+02
9.229614807403399E+02	4.855065523008520E+02
9.234617308654024E+02	4.859504311874289E+02
9.239619809904649E+02	4.863943782981833E+02
9.244622311155274E+02	4.868383935316278E+02
9.249624812405899E+02	4.872824767864446E+02
9.254627313656524E+02	4.877266279614884E+02
9.259629814907149E+02	4.881708469557807E+02
9.264632316157774E+02	4.886151336685167E+02
9.269634817408399E+02	4.890594879990594E+02
9.274637318659024E+02	4.895039098469404E+02
9.279639819909650E+02	4.899483991118630E+02
9.284642321160275E+02	4.903929556936957E+02
9.289644822410900E+02	4.908375794924781E+02
9.294647323661525E+02	4.912822704084175E+02
9.299649824912150E+02	4.917270283418881E+02
9.304652326162775E+02	4.921718531934329E+02
9.309654827413400E+02	4.926167448637605E+02
9.314657328664025E+02	4.930617032537488E+02
9.319659829914650E+02	4.935067282644408E+02
9.324662331165275E+02	4.939518197970451E+02
9.329664832415900E+02	4.943969777529394E+02
9.334667333666525E+02	4.948422020336636E+02
9.339669834917150E+02	4.952874925409264E+02
9.344672336167775E+02	4.957328491765989E+02
9.349674837418401E+02	4.961782718427181E+02
9.354677338669026E+02	4.966237604414875E+02
9.359679839919651E+02	4.970693148752727E+02
9.364682341170276E+02	4.975149350466037E+02
9.369684842420901E+02	4.979606208581752E+02
9.374687343671526E+02	4.984063722128435E+02
9.379689844922151E+02	4.988521890136310E+02
9.384692346172776E+02	4.992980711637209E+02
9.389694847423401E+02	4.997440185664586E+02
9.394697348674026E+02	5.001900311253540E+02
9.399699849924651E+02	5.006361087440774E+02
9.404702351175276E+02	5.010822513264613E+02
9.409704852425901E+02	5.015284587764992E+02
9.414707353676527E+02	5.019747309983469E+02
9.419709854927152E+02	5.024210678963198E+02
9.424712356177777E+02	5.028674693748953E+02
9.429714857428402E+02	5.033139353387095E+02
9.434717358679027E+02	5.037604656925609E+02
9.439719859929652E+02	5.042070603414039E+02
9.444722361180277E+02	5.046537191903578E+02
9.449724862430902E+02	5.051004421446960E+02
9.454727363681527E+02	5.055472291098526E+02
9.459729864932152E+02	5.059940799914234E+02
9.464732366182777E+02	5.064409946951577E+02
9.469734867433402E+02	5.068879731269645E+02
9.474737368684027E+02	5.073350151929140E+02
9.479739869934652E+02	5.077821207992283E+02
9.484742371185278E+02	5.082292898522898E+02
9.489744872435903E+02	5.086765222586386E+02
9.494747373686528E+02	5.091238179249717E+02
9.499749874937153E+02	5.095711767581384E+02
9.504752376187778E+02	5.100185986651491E+02
9.509754877438403E+02	5.104660835531673E+02
9.514757378689028E+02	5.109136313295138E+02
9.519759879939653E+02	5.113612419016615E+02
9.524762381190278E+02	5.118089151772433E+02
9.529764882440903E+02	5.122566510640422E+02
9.534767383691528E+02	5.127044494699977E+02
9.539769884942153E+02	5.131523103032046E+02
9.544772386192778E+02	5.136002334719105E+02
9.549774887443403E+02	5.140482188845149E+02
9.554777388694029E+02	5.144962664495746E+02
9.559779889944654E+02	5.149443760757954E+02
9.564782391195279E+02	5.153925476720400E+02
9.569784892445904E+02	5.158407811473198E+02
9.574787393696529E+02	5.162890764108010E+02
9.579789894947154E+02	5.167374333718021E+02
9.584792396197779E+02	5.171858519397904E+02
9.589794897448404E+02	5.176343320243884E+02
9.594797398699029E+02	5.180828735353691E+02
9.599799899949654E+02	5.185314763826524E+02
9.604802401200279E+02	5.189801404763147E+02
9.609804902450904E+02	5.194288657265788E+02
9.614807403701529E+02	5.198776520438207E+02
9.619809904952155E+02	5.203264993385634E+02
9.624812406202780E+02	5.207754075214809E+02
9.629814907453405E+02	5.212243765033968E+02
9.634817408704030E+02	5.216734061952836E+02
9.639819909954655E+02	5.221224965082624E+02
9.644822411205280E+02	5.225716473536021E+02
9.649824912455905E+02	5.230208586427225E+02
9.654827413706530E+02	5.234701302871890E+02
9.659829914957155E+02	5.239194621987148E+02
9.664832416207780E+02	5.243688542891632E+02
9.669834917458405E+02	5.248183064705415E+02
9.674837418709030E+02	5.252678186550054E+02
9.679839919959655E+02	5.257173907548571E+02
9.684842421210280E+02	5.261670226825483E+02
9.689844922460906E+02	5.266167143506711E+02
9.694847423711531E+02	5.270664656719678E+02
9.699849924962156E+02	5.275162765593257E+02
9.704852426212781E+02	5.279661469257762E+02
9.709854927463406E+02	5.284160766844983E+02
9.714857428714031E+02	5.288660657488128E+02
9.719859929964656E+02	5.293161140321872E+02
9.724862431215281E+02	5.297662214482339E+02
9.729864932465906E+02	5.302163879107070E+02
9.734867433716531E+02	5.306666133335071E+02
9.739869934967156E+02	5.311168976306775E+02
9.744872436217781E+02	5.315672407164058E+02
9.749874937468406E+02	5.320176425050190E+02
9.754877438719031E+02	5.324681029109919E+02
9.759879939969657E+02	5.329186218489397E+02
9.764882441220282E+02	5.333691992336189E+02
9.769884942470907E+02	5.338198349799291E+02
9.774887443721532E+02	5.342705290029136E+02
9.779889944972157E+02	5.347212812177539E+02
9.784892446222782E+02	5.351720915397764E+02
9.789894947473407E+02	5.356229598844445E+02
9.794897448724032E+02	5.360738861673665E+02
9.799899949974657E+02	5.365248703042897E+02
9.804902451225282E+02	5.369759122111002E+02
9.809904952475907E+02	5.374270118038260E+02
9.814907453726532E+02	5.378781689986361E+02
9.819909954977157E+02	5.383293837118365E+02
9.824912456227783E+02	5.387806558598736E+02
9.829914957478408E+02	5.392319853593326E+02
9.834917458729033E+02	5.396833721269388E+02
9.839919959979658E+02	5.401348160795557E+02
9.844922461230283E+02	5.405863171341837E+02
9.849924962480908E+02	5.410378752079630E+02
9.854927463731533E+02	5.414894902181702E+02
9.859929964982158E+02	5.419411620822220E+02
9.864932466232783E+02	5.423928907176696E+02
9.869934967483408E+02	5.428446760422029E+02
9.874937468734033E+02	5.432965179736493E+02
9.879939969984658E+02	5.437484164299713E+02
9.884942471235283E+02	5.442003713292685E+02
9.889944972485908E+02	5.446523825897771E+02
9.894947473736534E+02	5.451044501298679E+02
9.899949974987159E+02	5.455565738680498E+02
9.904952476237784E+02	5.460087537229651E+02
9.909954977488409E+02	5.464609896133921E+02
9.914957478739034E+02	5.469132814582438E+02
9.919959979989659E+02	5.473656291765669E+02
9.924962481240284E+02	5.478180326875445E+02
9.929964982490909E+02	5.482704919104939E+02
9.934967483741534E+02	5.487230067648645E+02
9.939969984992159E+02	5.491755771702416E+02
9.944972486242784E+02	5.496282030463417E+02
9.949974987493409E+02	5.500808843130173E+02
9.954977488744034E+02	5.505336208902525E+02
9.959979989994659E+02	5.509864126981638E+02
9.964982491245285E+02	5.514392596570003E+02
9.969984992495910E+02	5.518921616871449E+02
9.974987493746535E+02	5.523451187091115E+02
9.979989994997160E+02	5.527981306435458E+02
9.984992496247785E+02	5.532511974112247E+02
9.989994997498410E+02	5.537043189330584E+02
9.994997498749035E+02	5.541574951300868E+02
9.999999999999660E+02	5.546107259234798E+02
