# barionic density, mass
1.025275275275275E-02	3.046195308303834E+02
1.050550550550551E-02	3.044516843185426E+02
1.075825825825826E-02	3.042838378067016E+02
1.101101101101101E-02	3.041159912948609E+02
1.126376376376376E-02	3.039634035568238E+02
1.151651651651652E-02	3.037955570449830E+02
1.176926926926927E-02	3.036277105331421E+02
1.202202202202202E-02	3.034598640213013E+02
1.227477477477477E-02	3.032920175094605E+02
1.252752752752753E-02	3.031241709976197E+02
1.278028028028028E-02	3.029563244857789E+02
1.303303303303303E-02	3.027884779739380E+02
1.328578578578579E-02	3.026206314620972E+02
1.353853853853854E-02	3.024527849502564E+02
1.379129129129129E-02	3.022849384384156E+02
1.404404404404404E-02	3.021170919265747E+02
1.429679679679680E-02	3.019492454147339E+02
1.454954954954955E-02	3.017813989028931E+02
1.480230230230230E-02	3.016135523910523E+02
1.505505505505505E-02	3.014457058792115E+02
1.530780780780781E-02	3.012778593673706E+02
1.556056056056056E-02	3.011100128555298E+02
1.581331331331331E-02	3.009421663436890E+02
1.606606606606607E-02	3.007743198318482E+02
1.631881881881882E-02	3.006064733200074E+02
1.657157157157158E-02	3.004386268081664E+02
1.682432432432433E-02	3.002707802963257E+02
1.707707707707708E-02	3.001029337844849E+02
1.732982982982984E-02	2.999350872726441E+02
1.758258258258259E-02	2.997672407608032E+02
1.783533533533535E-02	2.995993942489624E+02
1.808808808808810E-02	2.994468065109253E+02
1.834084084084086E-02	2.992789599990845E+02
1.859359359359361E-02	2.991111134872436E+02
1.884634634634636E-02	2.989432669754028E+02
1.909909909909912E-02	2.987754204635620E+02
1.935185185185187E-02	2.986075739517212E+02
1.960460460460463E-02	2.984397274398805E+02
1.985735735735738E-02	2.982718809280395E+02
2.011011011011014E-02	2.981040344161987E+02
2.036286286286289E-02	2.979361879043579E+02
2.061561561561565E-02	2.977683413925172E+02
2.086836836836840E-02	2.976004948806763E+02
2.112112112112115E-02	2.974326483688354E+02
2.137387387387391E-02	2.972648018569946E+02
2.162662662662666E-02	2.970969553451539E+02
2.187937937937942E-02	2.969291088333131E+02
2.213213213213217E-02	2.967612623214721E+02
2.238488488488493E-02	2.965934158096313E+02
2.263763763763768E-02	2.964255692977906E+02
2.289039039039044E-02	2.962577227859498E+02
2.314314314314319E-02	2.960898762741089E+02
2.339589589589594E-02	2.959220297622680E+02
2.364864864864870E-02	2.957541832504273E+02
2.390140140140145E-02	2.955863367385865E+02
2.415415415415421E-02	2.954184902267457E+02
2.440690690690696E-02	2.952353849411011E+02
2.465965965965972E-02	2.950675384292603E+02
2.491241241241247E-02	2.948996919174195E+02
2.516516516516523E-02	2.947318454055787E+02
2.541791791791798E-02	2.945639988937378E+02
2.567067067067073E-02	2.943961523818970E+02
2.592342342342349E-02	2.942283058700563E+02
2.617617617617624E-02	2.940604593582154E+02
2.642892892892900E-02	2.938926128463745E+02
2.668168168168175E-02	2.937247663345337E+02
2.693443443443451E-02	2.935569198226930E+02
2.718718718718726E-02	2.933890733108522E+02
2.743993993994001E-02	2.932212267990113E+02
2.769269269269277E-02	2.930533802871704E+02
2.794544544544552E-02	2.928855337753297E+02
2.819819819819828E-02	2.927176872634888E+02
2.845095095095103E-02	2.925498407516479E+02
2.870370370370379E-02	2.923819942398071E+02
2.895645645645654E-02	2.922141477279664E+02
2.920920920920930E-02	2.920463012161256E+02
2.946196196196205E-02	2.918631959304810E+02
2.971471471471480E-02	2.916953494186401E+02
2.996746746746756E-02	2.915275029067993E+02
3.022022022022031E-02	2.913596563949586E+02
3.047297297297307E-02	2.911918098831177E+02
3.072572572572582E-02	2.910239633712769E+02
3.097847847847858E-02	2.908561168594360E+02
3.123123123123133E-02	2.906882703475952E+02
3.148398398398408E-02	2.905204238357544E+02
3.173673673673683E-02	2.903525773239136E+02
3.198948948948958E-02	2.901847308120728E+02
3.224224224224233E-02	2.900016255264283E+02
3.249499499499509E-02	2.898337790145874E+02
3.274774774774784E-02	2.896659325027466E+02
3.300050050050059E-02	2.894980859909058E+02
3.325325325325334E-02	2.893302394790650E+02
3.350600600600609E-02	2.891623929672242E+02
3.375875875875884E-02	2.889945464553833E+02
3.401151151151159E-02	2.888266999435425E+02
3.426426426426434E-02	2.886435946578979E+02
3.451701701701709E-02	2.884757481460571E+02
3.476976976976984E-02	2.883079016342164E+02
3.502252252252260E-02	2.881400551223755E+02
3.527527527527535E-02	2.879722086105346E+02
3.552802802802810E-02	2.878043620986938E+02
3.578078078078085E-02	2.876365155868531E+02
3.603353353353360E-02	2.874534103012086E+02
3.628628628628635E-02	2.872855637893676E+02
3.653903903903910E-02	2.871177172775268E+02
3.679179179179185E-02	2.869498707656860E+02
3.704454454454460E-02	2.867820242538453E+02
3.729729729729735E-02	2.866141777420044E+02
3.755005005005010E-02	2.864310724563599E+02
3.780280280280286E-02	2.862632259445190E+02
3.805555555555561E-02	2.860953794326782E+02
3.830830830830836E-02	2.859275329208374E+02
3.856106106106111E-02	2.857596864089966E+02
3.881381381381386E-02	2.855765811233521E+02
3.906656656656661E-02	2.854087346115112E+02
3.931931931931936E-02	2.852408880996704E+02
3.957207207207211E-02	2.850730415878296E+02
3.982482482482486E-02	2.849051950759888E+02
4.007757757757761E-02	2.847220897903443E+02
4.033033033033036E-02	2.845542432785035E+02
4.058308308308312E-02	2.843863967666626E+02
4.083583583583587E-02	2.842185502548218E+02
4.108858858858862E-02	2.840507037429810E+02
4.134134134134137E-02	2.838675984573365E+02
4.159409409409412E-02	2.836997519454957E+02
4.184684684684687E-02	2.835319054336547E+02
4.209959959959962E-02	2.833640589218140E+02
4.235235235235237E-02	2.831809536361695E+02
4.260510510510512E-02	2.830131071243287E+02
4.285785785785787E-02	2.828452606124878E+02
4.311061061061063E-02	2.826774141006470E+02
4.336336336336338E-02	2.824943088150025E+02
4.361611611611613E-02	2.823264623031617E+02
4.386886886886888E-02	2.821586157913208E+02
4.412162162162163E-02	2.819907692794800E+02
4.437437437437438E-02	2.818076639938355E+02
4.462712712712713E-02	2.816398174819947E+02
4.487987987987988E-02	2.814719709701538E+02
4.513263263263263E-02	2.812888656845093E+02
4.538538538538538E-02	2.811210191726685E+02
4.563813813813813E-02	2.809531726608276E+02
4.589089089089089E-02	2.807853261489868E+02
4.614364364364364E-02	2.806022208633423E+02
4.639639639639639E-02	2.804343743515016E+02
4.664914914914914E-02	2.802665278396606E+02
4.690190190190189E-02	2.800834225540161E+02
4.715465465465464E-02	2.799155760421753E+02
4.740740740740739E-02	2.797477295303345E+02
4.766016016016014E-02	2.795646242446900E+02
4.791291291291289E-02	2.793967777328492E+02
4.816566566566564E-02	2.792289312210083E+02
4.841841841841839E-02	2.790458259353637E+02
4.867117117117115E-02	2.788779794235229E+02
4.892392392392390E-02	2.787101329116821E+02
4.917667667667665E-02	2.785270276260376E+02
4.942942942942940E-02	2.783591811141968E+02
4.968218218218215E-02	2.781913346023559E+02
4.993493493493490E-02	2.780082293167114E+02
5.018768768768765E-02	2.778403828048706E+02
5.044044044044040E-02	2.776725362930298E+02
5.069319319319315E-02	2.774894310073852E+02
5.094594594594590E-02	2.773215844955445E+02
5.119869869869866E-02	2.771384792098999E+02
5.145145145145141E-02	2.769706326980590E+02
5.170420420420416E-02	2.768027861862182E+02
5.195695695695691E-02	2.766196809005737E+02
5.220970970970966E-02	2.764518343887329E+02
5.246246246246241E-02	2.762687291030883E+02
5.271521521521516E-02	2.761008825912476E+02
5.296796796796791E-02	2.759330360794067E+02
5.322072072072066E-02	2.757499307937622E+02
5.347347347347341E-02	2.755820842819213E+02
5.372622622622616E-02	2.753989789962768E+02
5.397897897897892E-02	2.752311324844360E+02
5.423173173173167E-02	2.750480271987915E+02
5.448448448448442E-02	2.748801806869507E+02
5.473723723723717E-02	2.747123341751098E+02
5.498998998998992E-02	2.745292288894653E+02
5.524274274274267E-02	2.743613823776245E+02
5.549549549549542E-02	2.741782770919800E+02
5.574824824824817E-02	2.740104305801391E+02
5.600100100100092E-02	2.738273252944946E+02
5.625375375375367E-02	2.736594787826539E+02
5.650650650650643E-02	2.734763734970093E+02
5.675925925925918E-02	2.733085269851684E+02
5.701201201201193E-02	2.731254216995239E+02
5.726476476476468E-02	2.729575751876831E+02
5.751751751751743E-02	2.727744699020386E+02
5.777027027027018E-02	2.726066233901977E+02
5.802302302302293E-02	2.724235181045532E+02
5.827577577577568E-02	2.722556715927125E+02
5.852852852852843E-02	2.720725663070680E+02
5.878128128128118E-02	2.719047197952270E+02
5.903403403403393E-02	2.717216145095825E+02
5.928678678678669E-02	2.715537679977417E+02
5.953953953953944E-02	2.713706627120972E+02
5.979229229229219E-02	2.712028162002564E+02
6.004504504504494E-02	2.710197109146118E+02
6.029779779779769E-02	2.708518644027711E+02
6.055055055055044E-02	2.706687591171266E+02
6.080330330330319E-02	2.704856538314820E+02
6.105605605605594E-02	2.703178073196411E+02
6.130880880880869E-02	2.701347020339966E+02
6.156156156156144E-02	2.699668555221558E+02
6.181431431431419E-02	2.697837502365113E+02
6.206706706706695E-02	2.696159037246704E+02
6.231981981981970E-02	2.694327984390259E+02
6.257257257257245E-02	2.692496931533814E+02
6.282532532532521E-02	2.690818466415406E+02
6.307807807807797E-02	2.688987413558960E+02
6.333083083083073E-02	2.687308948440552E+02
6.358358358358349E-02	2.685477895584106E+02
6.383633633633624E-02	2.683646842727661E+02
6.408908908908900E-02	2.681968377609253E+02
6.434184184184176E-02	2.680137324752808E+02
6.459459459459452E-02	2.678306271896363E+02
6.484734734734728E-02	2.676627806777954E+02
6.510010010010003E-02	2.674796753921509E+02
6.535285285285279E-02	2.673118288803100E+02
6.560560560560555E-02	2.671287235946655E+02
6.585835835835831E-02	2.669456183090210E+02
6.611111111111106E-02	2.667777717971802E+02
6.636386386386382E-02	2.665946665115356E+02
6.661661661661658E-02	2.664115612258911E+02
6.686936936936934E-02	2.662437147140503E+02
6.712212212212210E-02	2.660606094284058E+02
6.737487487487485E-02	2.658775041427613E+02
6.762762762762761E-02	2.656943988571167E+02
6.788038038038037E-02	2.655265523452758E+02
6.813313313313313E-02	2.653434470596313E+02
6.838588588588589E-02	2.651603417739867E+02
6.863863863863864E-02	2.649924952621460E+02
6.889139139139140E-02	2.648093899765015E+02
6.914414414414416E-02	2.646262846908569E+02
6.939689689689692E-02	2.644431794052124E+02
6.964964964964968E-02	2.642753328933716E+02
6.990240240240243E-02	2.640922276077271E+02
7.015515515515519E-02	2.639091223220825E+02
7.040790790790795E-02	2.637260170364380E+02
7.066066066066071E-02	2.635581705245971E+02
7.091341341341346E-02	2.633750652389526E+02
7.116616616616622E-02	2.631919599533081E+02
7.141891891891898E-02	2.630088546676635E+02
7.167167167167174E-02	2.628410081558227E+02
7.192442442442450E-02	2.626579028701782E+02
7.217717717717725E-02	2.624747975845337E+02
7.242992992993001E-02	2.622916922988891E+02
7.268268268268277E-02	2.621085870132446E+02
7.293543543543553E-02	2.619407405014039E+02
7.318818818818829E-02	2.617576352157593E+02
7.344094094094104E-02	2.615745299301147E+02
7.369369369369380E-02	2.613914246444702E+02
7.394644644644656E-02	2.612083193588257E+02
7.419919919919932E-02	2.610252140731811E+02
7.445195195195208E-02	2.608573675613403E+02
7.470470470470483E-02	2.606742622756958E+02
7.495745745745759E-02	2.604911569900513E+02
7.521021021021035E-02	2.603080517044068E+02
7.546296296296311E-02	2.601249464187622E+02
7.571571571571586E-02	2.599418411331177E+02
7.596846846846862E-02	2.597587358474732E+02
7.622122122122138E-02	2.595756305618287E+02
7.647397397397414E-02	2.594077840499878E+02
7.672672672672690E-02	2.592246787643433E+02
7.697947947947965E-02	2.590415734786988E+02
7.723223223223241E-02	2.588584681930543E+02
7.748498498498517E-02	2.586753629074096E+02
7.773773773773793E-02	2.584922576217651E+02
7.799049049049069E-02	2.583091523361206E+02
7.824324324324344E-02	2.581260470504761E+02
7.849599599599620E-02	2.579429417648315E+02
7.874874874874896E-02	2.577598364791870E+02
7.900150150150172E-02	2.575767311935425E+02
7.925425425425447E-02	2.573936259078979E+02
7.950700700700723E-02	2.572105206222534E+02
7.975975975975999E-02	2.570274153366089E+02
8.001251251251275E-02	2.568443100509644E+02
8.026526526526551E-02	2.566612047653198E+02
8.051801801801826E-02	2.564780994796753E+02
8.077077077077102E-02	2.562949941940308E+02
8.102352352352378E-02	2.561118889083863E+02
8.127627627627654E-02	2.559287836227417E+02
8.152902902902930E-02	2.557456783370972E+02
8.178178178178205E-02	2.555625730514526E+02
8.203453453453481E-02	2.553794677658081E+02
8.228728728728757E-02	2.551963624801635E+02
8.254004004004033E-02	2.550132571945190E+02
8.279279279279309E-02	2.548301519088745E+02
8.304554554554584E-02	2.546470466232300E+02
8.329829829829860E-02	2.544639413375854E+02
8.355105105105136E-02	2.542808360519409E+02
8.380380380380412E-02	2.540977307662964E+02
8.405655655655687E-02	2.539146254806519E+02
8.430930930930963E-02	2.537315201950073E+02
8.456206206206239E-02	2.535484149093628E+02
8.481481481481515E-02	2.533653096237182E+02
8.506756756756791E-02	2.531822043380737E+02
8.532032032032066E-02	2.529838402786255E+02
8.557307307307342E-02	2.528007349929809E+02
8.582582582582618E-02	2.526176297073364E+02
8.607857857857894E-02	2.524345244216919E+02
8.633133133133170E-02	2.522514191360474E+02
8.658408408408445E-02	2.520683138504028E+02
8.683683683683721E-02	2.518852085647583E+02
8.708958958958997E-02	2.516868445053100E+02
8.734234234234273E-02	2.515037392196655E+02
8.759509509509548E-02	2.513206339340210E+02
8.784784784784824E-02	2.511375286483765E+02
8.810060060060100E-02	2.509544233627319E+02
8.835335335335376E-02	2.507713180770874E+02
8.860610610610652E-02	2.505729540176392E+02
8.885885885885927E-02	2.503898487319946E+02
8.911161161161203E-02	2.502067434463501E+02
8.936436436436479E-02	2.500236381607056E+02
8.961711711711755E-02	2.498405328750610E+02
8.986986986987031E-02	2.496421688156128E+02
9.012262262262306E-02	2.494590635299682E+02
9.037537537537582E-02	2.492759582443237E+02
9.062812812812858E-02	2.490928529586791E+02
9.088088088088134E-02	2.488944888992310E+02
9.113363363363410E-02	2.487113836135864E+02
9.138638638638685E-02	2.485282783279419E+02
9.163913913913961E-02	2.483451730422973E+02
9.189189189189237E-02	2.481468089828491E+02
9.214464464464513E-02	2.479637036972046E+02
9.239739739739788E-02	2.477805984115600E+02
9.265015015015064E-02	2.475822343521118E+02
9.290290290290340E-02	2.473991290664673E+02
9.315565565565616E-02	2.472160237808228E+02
9.340840840840892E-02	2.470176597213745E+02
9.366116116116167E-02	2.468345544357300E+02
9.391391391391443E-02	2.466514491500855E+02
9.416666666666719E-02	2.464530850906372E+02
9.441941941941995E-02	2.462699798049927E+02
9.467217217217271E-02	2.460868745193482E+02
9.492492492492546E-02	2.458885104598999E+02
9.517767767767822E-02	2.457054051742554E+02
9.543043043043098E-02	2.455222998886108E+02
9.568318318318374E-02	2.453239358291626E+02
9.593593593593649E-02	2.451408305435181E+02
9.618868868868925E-02	2.449424664840698E+02
9.644144144144201E-02	2.447593611984253E+02
9.669419419419477E-02	2.445762559127807E+02
9.694694694694753E-02	2.443778918533325E+02
9.719969969970028E-02	2.441947865676880E+02
9.745245245245304E-02	2.439964225082397E+02
9.770520520520580E-02	2.438133172225952E+02
9.795795795795856E-02	2.436149531631469E+02
9.821071071071132E-02	2.434318478775024E+02
9.846346346346407E-02	2.432334838180541E+02
9.871621621621683E-02	2.430503785324096E+02
9.896896896896959E-02	2.428520144729614E+02
9.922172172172235E-02	2.426689091873169E+02
9.947447447447511E-02	2.424705451278686E+02
9.972722722722786E-02	2.422874398422241E+02
9.997997997998062E-02	2.420890757827759E+02
1.002327327327334E-01	2.419059704971314E+02
1.004854854854861E-01	2.417076064376831E+02
1.007382382382389E-01	2.415245011520386E+02
1.009909909909917E-01	2.413261370925903E+02
1.012437437437444E-01	2.411430318069458E+02
1.014964964964972E-01	2.409446677474975E+02
1.017492492492499E-01	2.407615624618530E+02
1.020020020020027E-01	2.405631984024048E+02
1.022547547547554E-01	2.403648343429566E+02
1.025075075075082E-01	2.401817290573120E+02
1.027602602602610E-01	2.399833649978638E+02
1.030130130130137E-01	2.398002597122193E+02
1.032657657657665E-01	2.396018956527710E+02
1.035185185185192E-01	2.394035315933228E+02
1.037712712712720E-01	2.392204263076782E+02
1.040240240240247E-01	2.390220622482299E+02
1.042767767767775E-01	2.388236981887817E+02
1.045295295295303E-01	2.386405929031372E+02
1.047822822822830E-01	2.384422288436890E+02
1.050350350350358E-01	2.382438647842407E+02
1.052877877877885E-01	2.380607594985962E+02
1.055405405405413E-01	2.378623954391479E+02
1.057932932932941E-01	2.376640313796997E+02
1.060460460460468E-01	2.374809260940552E+02
1.062987987987996E-01	2.372825620346069E+02
1.065515515515523E-01	2.370841979751587E+02
1.068043043043051E-01	2.368858339157104E+02
1.070570570570578E-01	2.367027286300659E+02
1.073098098098106E-01	2.365043645706177E+02
1.075625625625634E-01	2.363060005111694E+02
1.078153153153161E-01	2.361076364517212E+02
1.080680680680689E-01	2.359245311660766E+02
1.083208208208216E-01	2.357261671066284E+02
1.085735735735744E-01	2.355278030471802E+02
1.088263263263271E-01	2.353294389877319E+02
1.090790790790799E-01	2.351463337020874E+02
1.093318318318327E-01	2.349479696426392E+02
1.095845845845854E-01	2.347496055831909E+02
1.098373373373382E-01	2.345512415237427E+02
1.100900900900909E-01	2.343528774642944E+02
1.103428428428437E-01	2.341545134048462E+02
1.105955955955965E-01	2.339714081192017E+02
1.108483483483492E-01	2.337730440597534E+02
1.111011011011020E-01	2.335746800003052E+02
1.113538538538547E-01	2.333763159408569E+02
1.116066066066075E-01	2.331779518814087E+02
1.118593593593602E-01	2.329795878219604E+02
1.121121121121130E-01	2.327812237625122E+02
1.123648648648658E-01	2.325828597030639E+02
1.126176176176185E-01	2.323844956436157E+02
1.128703703703713E-01	2.321861315841675E+02
1.131231231231240E-01	2.320030262985229E+02
1.133758758758768E-01	2.318046622390747E+02
1.136286286286295E-01	2.316062981796264E+02
1.138813813813823E-01	2.314079341201783E+02
1.141341341341351E-01	2.312095700607300E+02
1.143868868868878E-01	2.310112060012818E+02
1.146396396396406E-01	2.308128419418335E+02
1.148923923923933E-01	2.306144778823853E+02
1.151451451451461E-01	2.304161138229370E+02
1.153978978978989E-01	2.302177497634888E+02
1.156506506506516E-01	2.300193857040405E+02
1.159034034034044E-01	2.298210216445923E+02
1.161561561561571E-01	2.296226575851441E+02
1.164089089089099E-01	2.294090347518921E+02
1.166616616616626E-01	2.292106706924438E+02
1.169144144144154E-01	2.290123066329956E+02
1.171671671671682E-01	2.288139425735474E+02
1.174199199199209E-01	2.286155785140991E+02
1.176726726726737E-01	2.284172144546509E+02
1.179254254254264E-01	2.282188503952026E+02
1.181781781781792E-01	2.280204863357544E+02
1.184309309309319E-01	2.278221222763061E+02
1.186836836836847E-01	2.276237582168579E+02
1.189364364364375E-01	2.274101353836060E+02
1.191891891891902E-01	2.272117713241577E+02
1.194419419419430E-01	2.270134072647095E+02
1.196946946946957E-01	2.268150432052612E+02
1.199474474474485E-01	2.266166791458130E+02
1.202002002002013E-01	2.264183150863647E+02
1.204529529529540E-01	2.262046922531128E+02
1.207057057057068E-01	2.260063281936646E+02
1.209584584584595E-01	2.258079641342163E+02
1.212112112112123E-01	2.256096000747681E+02
1.214639639639650E-01	2.253959772415161E+02
1.217167167167178E-01	2.251976131820679E+02
1.219694694694706E-01	2.249992491226196E+02
1.222222222222233E-01	2.248008850631714E+02
1.224749749749761E-01	2.245872622299194E+02
1.227277277277288E-01	2.243888981704712E+02
1.229804804804816E-01	2.241905341110229E+02
1.232332332332343E-01	2.239769112777710E+02
1.234859859859871E-01	2.237785472183228E+02
1.237387387387399E-01	2.235801831588745E+02
1.239914914914926E-01	2.233665603256225E+02
1.242442442442454E-01	2.231681962661743E+02
1.244969969969981E-01	2.229698322067260E+02
1.247497497497509E-01	2.227562093734741E+02
1.250025025025036E-01	2.225578453140259E+02
1.252552552552564E-01	2.223594812545776E+02
1.255080080080091E-01	2.221458584213256E+02
1.257607607607619E-01	2.219474943618774E+02
1.260135135135146E-01	2.217338715286255E+02
1.262662662662674E-01	2.215355074691772E+02
1.265190190190201E-01	2.213218846359252E+02
1.267717717717728E-01	2.211235205764771E+02
1.270245245245256E-01	2.209251565170288E+02
1.272772772772783E-01	2.207115336837768E+02
1.275300300300311E-01	2.205131696243286E+02
1.277827827827838E-01	2.202995467910766E+02
1.280355355355366E-01	2.201011827316284E+02
1.282882882882893E-01	2.198875598983764E+02
1.285410410410421E-01	2.196891958389282E+02
1.287937937937948E-01	2.194755730056763E+02
1.290465465465475E-01	2.192619501724243E+02
1.292992992993003E-01	2.190635861129761E+02
1.295520520520530E-01	2.188499632797241E+02
1.298048048048058E-01	2.186515992202759E+02
1.300575575575585E-01	2.184379763870239E+02
1.303103103103113E-01	2.182396123275757E+02
1.305630630630640E-01	2.180259894943237E+02
1.308158158158167E-01	2.178123666610717E+02
1.310685685685695E-01	2.176140026016236E+02
1.313213213213222E-01	2.174003797683716E+02
1.315740740740750E-01	2.171867569351196E+02
1.318268268268277E-01	2.169883928756714E+02
1.320795795795805E-01	2.167747700424194E+02
1.323323323323332E-01	2.165611472091675E+02
1.325850850850860E-01	2.163627831497192E+02
1.328378378378387E-01	2.161491603164673E+02
1.330905905905914E-01	2.159355374832153E+02
1.333433433433442E-01	2.157219146499634E+02
1.335960960960969E-01	2.155235505905151E+02
1.338488488488497E-01	2.153099277572632E+02
1.341016016016024E-01	2.150963049240112E+02
1.343543543543552E-01	2.148826820907593E+02
1.346071071071079E-01	2.146843180313110E+02
1.348598598598607E-01	2.144706951980591E+02
1.351126126126134E-01	2.142570723648071E+02
1.353653653653661E-01	2.140434495315552E+02
1.356181181181189E-01	2.138298266983032E+02
1.358708708708716E-01	2.136314626388549E+02
1.361236236236244E-01	2.134178398056030E+02
1.363763763763771E-01	2.132042169723510E+02
1.366291291291299E-01	2.129905941390991E+02
1.368818818818826E-01	2.127769713058472E+02
1.371346346346353E-01	2.125633484725952E+02
1.373873873873881E-01	2.123497256393432E+02
1.376401401401408E-01	2.121361028060913E+02
1.378928928928936E-01	2.119224799728393E+02
1.381456456456463E-01	2.117088571395874E+02
1.383983983983991E-01	2.114952343063354E+02
1.386511511511518E-01	2.112968702468872E+02
1.389039039039046E-01	2.110832474136353E+02
1.391566566566573E-01	2.108696245803833E+02
1.394094094094100E-01	2.106560017471314E+02
1.396621621621628E-01	2.104423789138794E+02
1.399149149149155E-01	2.102134973068237E+02
1.401676676676683E-01	2.099998744735718E+02
1.404204204204210E-01	2.097862516403198E+02
1.406731731731738E-01	2.095726288070679E+02
1.409259259259265E-01	2.093590059738159E+02
1.411786786786793E-01	2.091453831405640E+02
1.414314314314320E-01	2.089317603073120E+02
1.416841841841847E-01	2.087181374740600E+02
1.419369369369375E-01	2.085045146408081E+02
1.421896896896902E-01	2.082908918075561E+02
1.424424424424430E-01	2.080620102005005E+02
1.426951951951957E-01	2.078483873672485E+02
1.429479479479485E-01	2.076347645339966E+02
1.432007007007012E-01	2.074211417007446E+02
1.434534534534539E-01	2.072075188674927E+02
1.437062062062067E-01	2.069938960342407E+02
1.439589589589594E-01	2.067650144271850E+02
1.442117117117122E-01	2.065513915939331E+02
1.444644644644649E-01	2.063377687606811E+02
1.447172172172177E-01	2.061241459274291E+02
1.449699699699704E-01	2.058952643203735E+02
1.452227227227232E-01	2.056816414871216E+02
1.454754754754759E-01	2.054680186538696E+02
1.457282282282286E-01	2.052391370468139E+02
1.459809809809814E-01	2.050216995201110E+02
1.462337337337341E-01	2.048080766868591E+02
1.464864864864869E-01	2.045868244667053E+02
1.467392392392396E-01	2.043655722465515E+02
1.469919919919924E-01	2.041519494132996E+02
1.472447447447451E-01	2.039306971931457E+02
1.474974974974979E-01	2.037094449729919E+02
1.477502502502506E-01	2.034881927528381E+02
1.480030030030033E-01	2.032669405326843E+02
1.482557557557561E-01	2.030456883125305E+02
1.485085085085088E-01	2.028244360923767E+02
1.487612612612616E-01	2.026031838722229E+02
1.490140140140143E-01	2.023819316520691E+02
1.492667667667671E-01	2.021606794319152E+02
1.495195195195198E-01	2.019394272117615E+02
1.497722722722725E-01	2.017181749916077E+02
1.500250250250253E-01	2.014969227714539E+02
1.502777777777780E-01	2.012756705513000E+02
1.505305305305308E-01	2.010544183311462E+02
1.507832832832835E-01	2.008331661109925E+02
1.510360360360363E-01	2.006119138908387E+02
1.512887887887890E-01	2.003830322837829E+02
1.515415415415418E-01	2.001617800636292E+02
1.517942942942945E-01	1.999405278434754E+02
1.520470470470472E-01	1.997116462364197E+02
1.522997997998000E-01	1.994903940162659E+02
1.525525525525527E-01	1.992691417961121E+02
1.528053053053055E-01	1.990402601890564E+02
1.530580580580582E-01	1.988190079689026E+02
1.533108108108110E-01	1.985901263618469E+02
1.535635635635637E-01	1.983688741416931E+02
1.538163163163165E-01	1.981399925346374E+02
1.540690690690692E-01	1.979187403144836E+02
1.543218218218219E-01	1.976898587074280E+02
1.545745745745747E-01	1.974686064872742E+02
1.548273273273274E-01	1.972397248802185E+02
1.550800800800802E-01	1.970108432731628E+02
1.553328328328329E-01	1.967895910530090E+02
1.555855855855857E-01	1.965607094459534E+02
1.558383383383384E-01	1.963318278388977E+02
1.560910910910911E-01	1.961105756187439E+02
1.563438438438439E-01	1.958816940116882E+02
1.565965965965966E-01	1.956528124046325E+02
1.568493493493494E-01	1.954239307975769E+02
1.571021021021021E-01	1.951950491905212E+02
1.573548548548549E-01	1.949661675834656E+02
1.576076076076076E-01	1.947372859764099E+02
1.578603603603604E-01	1.945084043693543E+02
1.581131131131131E-01	1.942795227622986E+02
1.583658658658658E-01	1.940506411552429E+02
1.586186186186186E-01	1.938217595481872E+02
1.588713713713713E-01	1.935928779411316E+02
1.591241241241241E-01	1.933639963340759E+02
1.593768768768768E-01	1.931351147270203E+02
1.596296296296296E-01	1.928986037330628E+02
1.598823823823823E-01	1.926697221260071E+02
1.601351351351351E-01	1.924408405189514E+02
1.603878878878878E-01	1.922119589118957E+02
1.606406406406405E-01	1.919754479179383E+02
1.608933933933933E-01	1.917465663108825E+02
1.611461461461460E-01	1.915100553169250E+02
1.613988988988988E-01	1.912811737098693E+02
1.616516516516515E-01	1.910522921028137E+02
1.619044044044043E-01	1.908157811088562E+02
1.621571571571570E-01	1.905792701148987E+02
1.624099099099097E-01	1.903503885078430E+02
1.626626626626625E-01	1.901138775138855E+02
1.629154154154152E-01	1.898849959068298E+02
1.631681681681680E-01	1.896484849128723E+02
1.634209209209207E-01	1.894119739189148E+02
1.636736736736735E-01	1.891830923118591E+02
1.639264264264262E-01	1.889465813179016E+02
1.641791791791790E-01	1.887100703239441E+02
1.644319319319317E-01	1.884735593299866E+02
1.646846846846844E-01	1.882370483360290E+02
1.649374374374372E-01	1.880005373420715E+02
1.651901901901899E-01	1.877716557350159E+02
1.654429429429427E-01	1.875351447410583E+02
1.656956956956954E-01	1.872986337471008E+02
1.659484484484482E-01	1.870621227531433E+02
1.662012012012009E-01	1.868179823722840E+02
1.664539539539537E-01	1.865814713783264E+02
1.667067067067064E-01	1.863449603843689E+02
1.669594594594591E-01	1.861084493904114E+02
1.672122122122119E-01	1.858719383964539E+02
1.674649649649646E-01	1.856354274024964E+02
1.677177177177174E-01	1.853912870216370E+02
1.679704704704701E-01	1.851547760276794E+02
1.682232232232229E-01	1.849182650337219E+02
1.684759759759756E-01	1.846741246528625E+02
1.687287287287283E-01	1.844376136589050E+02
1.689814814814811E-01	1.841934732780457E+02
1.692342342342338E-01	1.839569622840881E+02
1.694869869869866E-01	1.837128219032288E+02
1.697397397397393E-01	1.834763109092713E+02
1.699924924924921E-01	1.832321705284119E+02
1.702452452452448E-01	1.829880301475525E+02
1.704979979979976E-01	1.827515191535950E+02
1.707507507507503E-01	1.825073787727356E+02
1.710035035035030E-01	1.822632383918762E+02
1.712562562562558E-01	1.820267273979187E+02
1.715090090090085E-01	1.817825870170593E+02
1.717617617617613E-01	1.815384466361999E+02
1.720145145145140E-01	1.812943062553406E+02
1.722672672672668E-01	1.810501658744812E+02
1.725200200200195E-01	1.808060254936218E+02
1.727727727727723E-01	1.805618851127625E+02
1.730255255255250E-01	1.803177447319031E+02
1.732782782782777E-01	1.800736043510437E+02
1.735310310310305E-01	1.798294639701843E+02
1.737837837837832E-01	1.795776942024231E+02
1.740365365365360E-01	1.793335538215637E+02
1.742892892892887E-01	1.790894134407043E+02
1.745420420420415E-01	1.788452730598449E+02
1.747947947947942E-01	1.785935032920838E+02
1.750475475475470E-01	1.783493629112244E+02
1.753003003002997E-01	1.781052225303650E+02
1.755530530530524E-01	1.778534527626038E+02
1.758058058058052E-01	1.776093123817444E+02
1.760585585585579E-01	1.773575426139832E+02
1.763113113113107E-01	1.771134022331238E+02
1.765640640640634E-01	1.768616324653626E+02
1.768168168168162E-01	1.766098626976013E+02
1.770695695695689E-01	1.763657223167419E+02
1.773223223223216E-01	1.761139525489807E+02
1.775750750750744E-01	1.758621827812195E+02
1.778278278278271E-01	1.756104130134582E+02
1.780805805805799E-01	1.753586432456970E+02
1.783333333333326E-01	1.751068734779358E+02
1.785860860860854E-01	1.748551037101745E+02
1.788388388388381E-01	1.746033339424133E+02
1.790915915915909E-01	1.743515641746521E+02
1.793443443443436E-01	1.740997944068909E+02
1.795970970970963E-01	1.738480246391296E+02
1.798498498498491E-01	1.735962548713684E+02
1.801026026026018E-01	1.733444851036072E+02
1.803553553553546E-01	1.730927153358459E+02
1.806081081081073E-01	1.728333161811829E+02
1.808608608608601E-01	1.725815464134216E+02
1.811136136136128E-01	1.723297766456604E+02
1.813663663663656E-01	1.720703774909973E+02
1.816191191191183E-01	1.718186077232361E+02
1.818718718718710E-01	1.715592085685730E+02
1.821246246246238E-01	1.713074388008117E+02
1.823773773773765E-01	1.710480396461487E+02
1.826301301301293E-01	1.707886404914856E+02
1.828828828828820E-01	1.705368707237243E+02
1.831356356356348E-01	1.702774715690613E+02
1.833883883883875E-01	1.700180724143982E+02
1.836411411411402E-01	1.697586732597351E+02
1.838938938938930E-01	1.694992741050720E+02
1.841466466466457E-01	1.692398749504090E+02
1.843993993993985E-01	1.689804757957459E+02
1.846521521521512E-01	1.687210766410828E+02
1.849049049049040E-01	1.684616774864197E+02
1.851576576576567E-01	1.682022783317566E+02
1.854104104104095E-01	1.679428791770935E+02
1.856631631631622E-01	1.676834800224304E+02
1.859159159159149E-01	1.674164514808655E+02
1.861686686686677E-01	1.671570523262024E+02
1.864214214214204E-01	1.668976531715393E+02
1.866741741741732E-01	1.666306246299744E+02
1.869269269269259E-01	1.663712254753113E+02
1.871796796796787E-01	1.661041969337463E+02
1.874324324324314E-01	1.658447977790832E+02
1.876851851851842E-01	1.655777692375183E+02
1.879379379379369E-01	1.653183700828552E+02
1.881906906906896E-01	1.650513415412902E+02
1.884434434434424E-01	1.647843129997253E+02
1.886961961961951E-01	1.645172844581604E+02
1.889489489489479E-01	1.642502559165954E+02
1.892017017017006E-01	1.639832273750305E+02
1.894544544544534E-01	1.637161988334656E+02
1.897072072072061E-01	1.634491702919007E+02
1.899599599599588E-01	1.631821417503357E+02
1.902127127127116E-01	1.629151132087707E+02
1.904654654654643E-01	1.626480846672059E+02
1.907182182182171E-01	1.623810561256409E+02
1.909709709709698E-01	1.621063981971741E+02
1.912237237237226E-01	1.618393696556091E+02
1.914764764764753E-01	1.615723411140441E+02
1.917292292292281E-01	1.612976831855774E+02
1.919819819819808E-01	1.610306546440124E+02
1.922347347347335E-01	1.607559967155457E+02
1.924874874874863E-01	1.604889681739807E+02
1.927402402402390E-01	1.602143102455139E+02
1.929929929929918E-01	1.599396523170471E+02
1.932457457457445E-01	1.596649943885803E+02
1.934984984984973E-01	1.593979658470154E+02
1.937512512512500E-01	1.591233079185486E+02
1.940040040040028E-01	1.588486499900818E+02
1.942567567567555E-01	1.585739920616150E+02
1.945095095095082E-01	1.582993341331482E+02
1.947622622622610E-01	1.580246762046814E+02
1.950150150150137E-01	1.577423888893127E+02
1.952677677677665E-01	1.574677309608459E+02
1.955205205205192E-01	1.571930730323792E+02
1.957732732732720E-01	1.569107857170105E+02
1.960260260260247E-01	1.566361277885437E+02
1.962787787787774E-01	1.563614698600769E+02
1.965315315315302E-01	1.560791825447082E+02
1.967842842842829E-01	1.557968952293396E+02
1.970370370370357E-01	1.555222373008728E+02
1.972897897897884E-01	1.552399499855042E+02
1.975425425425412E-01	1.549576626701355E+02
1.977952952952939E-01	1.546753753547669E+02
1.980480480480467E-01	1.544007174263000E+02
1.983008008007994E-01	1.541184301109314E+02
1.985535535535521E-01	1.538361427955628E+02
1.988063063063049E-01	1.535462260932923E+02
1.990590590590576E-01	1.532639387779236E+02
1.993118118118104E-01	1.529816514625550E+02
1.995645645645631E-01	1.526993641471863E+02
1.998173173173159E-01	1.524170768318176E+02
2.000700700700686E-01	1.521271601295471E+02
2.003228228228214E-01	1.518448728141785E+02
2.005755755755741E-01	1.515549561119080E+02
2.008283283283268E-01	1.512650394096374E+02
2.010810810810796E-01	1.509827520942688E+02
2.013338338338323E-01	1.506928353919983E+02
2.015865865865851E-01	1.504029186897278E+02
2.018393393393378E-01	1.501130019874573E+02
2.020920920920906E-01	1.498230852851867E+02
2.023448448448433E-01	1.495331685829162E+02
2.025975975975960E-01	1.492432518806457E+02
2.028503503503488E-01	1.489533351783753E+02
2.031031031031015E-01	1.486634184761047E+02
2.033558558558543E-01	1.483735017738342E+02
2.036086086086070E-01	1.480759556846619E+02
2.038613613613598E-01	1.477860389823914E+02
2.041141141141125E-01	1.474884928932190E+02
2.043668668668653E-01	1.471985761909485E+02
2.046196196196180E-01	1.469010301017761E+02
2.048723723723707E-01	1.466111133995057E+02
2.051251251251235E-01	1.463135673103332E+02
2.053778778778762E-01	1.460160212211609E+02
2.056306306306290E-01	1.457184751319886E+02
2.058833833833817E-01	1.454209290428162E+02
2.061361361361345E-01	1.451233829536438E+02
2.063888888888872E-01	1.448258368644715E+02
2.066416416416400E-01	1.445282907752991E+02
2.068943943943927E-01	1.442231152992248E+02
2.071471471471454E-01	1.439255692100525E+02
2.073998998998982E-01	1.436203937339782E+02
2.076526526526509E-01	1.433228476448059E+02
2.079054054054037E-01	1.430176721687317E+02
2.081581581581564E-01	1.427201260795593E+02
2.084109109109092E-01	1.424149506034851E+02
2.086636636636619E-01	1.421097751274109E+02
2.089164164164146E-01	1.418045996513367E+02
2.091691691691674E-01	1.414994241752624E+02
2.094219219219201E-01	1.411942486991883E+02
2.096746746746729E-01	1.408890732231141E+02
2.099274274274256E-01	1.405762683601379E+02
2.101801801801784E-01	1.402710928840637E+02
2.104329329329311E-01	1.399659174079895E+02
2.106856856856839E-01	1.396531125450134E+02
2.109384384384366E-01	1.393479370689392E+02
2.111911911911893E-01	1.390351322059631E+02
2.114439439439421E-01	1.387223273429871E+02
2.116966966966948E-01	1.384095224800110E+02
2.119494494494476E-01	1.380967176170349E+02
2.122022022022003E-01	1.377839127540589E+02
2.124549549549531E-01	1.374711078910828E+02
2.127077077077058E-01	1.371583030281067E+02
2.129604604604586E-01	1.368454981651307E+02
2.132132132132113E-01	1.365250639152527E+02
2.134659659659640E-01	1.362122590522766E+02
2.137187187187168E-01	1.358918248023987E+02
2.139714714714695E-01	1.355790199394226E+02
2.142242242242223E-01	1.352585856895447E+02
2.144769769769750E-01	1.349381514396668E+02
2.147297297297278E-01	1.346177171897888E+02
2.149824824824805E-01	1.342972829399109E+02
2.152352352352332E-01	1.339768486900330E+02
2.154879879879860E-01	1.336564144401551E+02
2.157407407407387E-01	1.333359801902771E+02
2.159934934934915E-01	1.330079165534973E+02
2.162462462462442E-01	1.326874823036194E+02
2.164989989989970E-01	1.323594186668396E+02
2.167517517517497E-01	1.320389844169617E+02
2.170045045045025E-01	1.317109207801819E+02
2.172572572572552E-01	1.313828571434021E+02
2.175100100100079E-01	1.310547935066223E+02
2.177627627627607E-01	1.307267298698425E+02
2.180155155155134E-01	1.303986662330628E+02
2.182682682682662E-01	1.300629732093811E+02
2.185210210210189E-01	1.297349095726013E+02
2.187737737737717E-01	1.293992165489197E+02
2.190265265265244E-01	1.290711529121399E+02
2.192792792792772E-01	1.287354598884582E+02
2.195320320320299E-01	1.283997668647766E+02
2.197847847847826E-01	1.280640738410950E+02
2.200375375375354E-01	1.277283808174133E+02
2.202902902902881E-01	1.273926877937317E+02
2.205430430430409E-01	1.270569947700501E+02
2.207957957957936E-01	1.267136723594666E+02
2.210485485485464E-01	1.263779793357849E+02
2.213013013012991E-01	1.260346569252014E+02
2.215540540540518E-01	1.256989639015198E+02
2.218068068068046E-01	1.253556414909363E+02
2.220595595595573E-01	1.250123190803528E+02
2.223123123123101E-01	1.246689966697693E+02
2.225650650650628E-01	1.243180448722839E+02
2.228178178178156E-01	1.239747224617004E+02
2.230705705705683E-01	1.236314000511169E+02
2.233233233233211E-01	1.232804482536316E+02
2.235760760760738E-01	1.229371258430481E+02
2.238288288288265E-01	1.225861740455627E+02
2.240815815815793E-01	1.222352222480774E+02
2.243343343343320E-01	1.218842704505920E+02
2.245870870870848E-01	1.215333186531067E+02
2.248398398398375E-01	1.211747374687195E+02
2.250925925925903E-01	1.208237856712341E+02
2.253453453453430E-01	1.204652044868469E+02
2.255980980980958E-01	1.201142526893616E+02
2.258508508508485E-01	1.197556715049744E+02
2.261036036036012E-01	1.193970903205872E+02
2.263563563563540E-01	1.190385091361999E+02
2.266091091091067E-01	1.186722985649109E+02
2.268618618618595E-01	1.183137173805237E+02
2.271146146146122E-01	1.179551361961365E+02
2.273673673673650E-01	1.175889256248474E+02
2.276201201201177E-01	1.172227150535583E+02
2.278728728728704E-01	1.168565044822693E+02
2.281256256256232E-01	1.164902939109802E+02
2.283783783783759E-01	1.161240833396911E+02
2.286311311311287E-01	1.157578727684021E+02
2.288838838838814E-01	1.153840328102112E+02
2.291366366366342E-01	1.150101928520203E+02
2.293893893893869E-01	1.146439822807312E+02
2.296421421421397E-01	1.142701423225403E+02
2.298948948948924E-01	1.138963023643494E+02
2.301476476476451E-01	1.135148330192566E+02
2.304004004003979E-01	1.131409930610657E+02
2.306531531531506E-01	1.127595237159729E+02
2.309059059059034E-01	1.123780543708801E+02
2.311586586586561E-01	1.120042144126892E+02
2.314114114114089E-01	1.116227450675964E+02
2.316641641641616E-01	1.112336463356018E+02
2.319169169169144E-01	1.108521769905090E+02
2.321696696696671E-01	1.104630782585144E+02
2.324224224224198E-01	1.100816089134216E+02
2.326751751751726E-01	1.096925101814270E+02
2.329279279279253E-01	1.093034114494324E+02
2.331806806806781E-01	1.089066833305359E+02
2.334334334334308E-01	1.085175845985413E+02
2.336861861861836E-01	1.081208564796448E+02
2.339389389389363E-01	1.077241283607483E+02
2.341916916916890E-01	1.073274002418518E+02
2.344444444444418E-01	1.069306721229553E+02
2.346971971971945E-01	1.065339440040588E+02
2.349499499499473E-01	1.061295864982605E+02
2.352027027027000E-01	1.057328583793640E+02
2.354554554554528E-01	1.053285008735657E+02
2.357082082082055E-01	1.049165139808655E+02
2.359609609609583E-01	1.045121564750671E+02
2.362137137137110E-01	1.041077989692688E+02
2.364664664664637E-01	1.036958120765686E+02
2.367192192192165E-01	1.032838251838684E+02
2.369719719719692E-01	1.028718382911682E+02
2.372247247247220E-01	1.024522220115661E+02
2.374774774774747E-01	1.020402351188660E+02
2.377302302302275E-01	1.016206188392639E+02
2.379829829829802E-01	1.012010025596619E+02
2.382357357357330E-01	1.007813862800598E+02
2.384884884884857E-01	1.003541406135559E+02
2.387412412412384E-01	9.993452433395385E+01
2.389939939939912E-01	9.950727866744992E+01
2.392467467467439E-01	9.908003300094603E+01
2.394994994994967E-01	9.864515794754028E+01
2.397522522522494E-01	9.821028289413451E+01
2.400050050050022E-01	9.778303722763062E+01
2.402577577577549E-01	9.734816217422485E+01
2.405105105105076E-01	9.690565773391725E+01
2.407632632632604E-01	9.647078268051146E+01
2.410160160160131E-01	9.602827824020386E+01
2.412687687687659E-01	9.558577379989623E+01
2.415215215215186E-01	9.513563997268676E+01
2.417742742742714E-01	9.468550614547729E+01
2.420270270270241E-01	9.424300170516966E+01
2.422797797797769E-01	9.378523849105835E+01
2.425325325325296E-01	9.333510466384888E+01
2.427852852852823E-01	9.287734144973757E+01
2.430380380380351E-01	9.241957823562623E+01
2.432907907907878E-01	9.196181502151489E+01
2.435435435435406E-01	9.149642242050169E+01
2.437962962962933E-01	9.103102981948854E+01
2.440490490490461E-01	9.056563721847533E+01
2.443018018017988E-01	9.009261523056031E+01
2.445545545545516E-01	8.961959324264527E+01
2.448073073073043E-01	8.914657125473022E+01
2.450600600600570E-01	8.867354926681519E+01
2.453128128128098E-01	8.819289789199831E+01
2.455655655655625E-01	8.771224651718140E+01
2.458183183183153E-01	8.722396575546264E+01
2.460710710710680E-01	8.673568499374389E+01
2.463238238238208E-01	8.624740423202513E+01
2.465765765765735E-01	8.575149408340454E+01
2.468293293293262E-01	8.526321332168581E+01
2.470820820820790E-01	8.475967378616335E+01
2.473348348348317E-01	8.426376363754272E+01
2.475875875875845E-01	8.375259471511841E+01
2.478403403403372E-01	8.324905517959596E+01
2.480930930930900E-01	8.273788625717162E+01
2.483458458458427E-01	8.222671733474732E+01
2.485985985985955E-01	8.170791902542115E+01
2.488513513513482E-01	8.118912071609498E+01
2.491041041041009E-01	8.067032240676880E+01
2.493568568568537E-01	8.014389471054079E+01
2.496096096096064E-01	7.960983762741088E+01
2.498623623623592E-01	7.907578054428100E+01
2.501151151151119E-01	7.854172346115112E+01
2.503678678678647E-01	7.800003699111940E+01
2.506206206206175E-01	7.745835052108765E+01
2.508733733733702E-01	7.690903466415406E+01
2.511261261261230E-01	7.635971880722045E+01
2.513788788788758E-01	7.580277356338502E+01
2.516316316316285E-01	7.524582831954956E+01
2.518843843843813E-01	7.468125368881226E+01
2.521371371371341E-01	7.410904967117310E+01
2.523898898898869E-01	7.353684565353393E+01
2.526426426426396E-01	7.296464163589479E+01
2.528953953953924E-01	7.238480823135379E+01
2.531481481481452E-01	7.179734543991088E+01
2.534009009008980E-01	7.120225326156614E+01
2.536536536536507E-01	7.060716108322143E+01
2.539064064064035E-01	7.001206890487671E+01
2.541591591591563E-01	6.940171795272829E+01
2.544119119119090E-01	6.879136700057984E+01
2.546646646646618E-01	6.818101604843139E+01
2.549174174174146E-01	6.755540632247924E+01
2.551701701701674E-01	6.692979659652710E+01
2.554229229229201E-01	6.629655748367310E+01
2.556756756756729E-01	6.565568898391723E+01
2.559284284284257E-01	6.500719109725952E+01
2.561811811811784E-01	6.435869321060181E+01
2.564339339339312E-01	6.370256593704224E+01
2.566866866866840E-01	6.303880927658081E+01
2.569394394394368E-01	6.235979384231567E+01
2.571921921921895E-01	6.168077840805054E+01
2.574449449449423E-01	6.099413358688354E+01
2.576976976976951E-01	6.029985937881469E+01
2.579504504504478E-01	5.959795578384399E+01
2.582032032032006E-01	5.888842280197144E+01
2.584559559559534E-01	5.817126043319701E+01
2.587087087087062E-01	5.743883929061889E+01
2.589614614614589E-01	5.670641814804076E+01
2.592142142142117E-01	5.595873823165893E+01
2.594669669669645E-01	5.520342892837524E+01
2.597197197197172E-01	5.443286085128783E+01
2.599724724724700E-01	5.365466338729858E+01
2.602252252252228E-01	5.286120714950561E+01
2.604779779779756E-01	5.206202887153626E+01
2.607307307307283E-01	5.124949916648863E+01
2.609834834834811E-01	5.042171068763733E+01
2.612362362362339E-01	4.957866343498229E+01
2.614889889889866E-01	4.872417210197447E+01
2.617417417417394E-01	4.785442199516295E+01
2.619944944944922E-01	4.696941311454772E+01
2.622472472472450E-01	4.606533076667786E+01
2.624999999999977E-01	4.514217495155334E+01
2.627527527527505E-01	4.420376036262512E+01
