# barionic density, pressure 
1.025275275275275E-02	1.128623355762102E-01
1.050550550550551E-02	1.166794898895205E-01
1.075825825825826E-02	1.205188651820208E-01
1.101101101101101E-02	1.243794862621144E-01
1.126376376376376E-02	1.287459751774804E-01
1.151651651651652E-02	1.326567802393583E-01
1.176926926926927E-02	1.365860970468020E-01
1.202202202202202E-02	1.405330833063090E-01
1.227477477477477E-02	1.444969258122910E-01
1.252752752752753E-02	1.484768390391764E-01
1.278028028028028E-02	1.524720638176404E-01
1.303303303303303E-02	1.564818660963283E-01
1.328578578578579E-02	1.605055357931633E-01
1.353853853853854E-02	1.645423857216883E-01
1.379129129129129E-02	1.685917505678844E-01
1.404404404404404E-02	1.726529859524817E-01
1.429679679679680E-02	1.767254675310141E-01
1.454954954954955E-02	1.808085901584491E-01
1.480230230230230E-02	1.849017671033835E-01
1.505505505505505E-02	1.890044292977109E-01
1.530780780780781E-02	1.931160246349464E-01
1.556056056056056E-02	1.972360173126617E-01
1.581331331331331E-02	2.013638871972034E-01
1.606606606606607E-02	2.054991292384329E-01
1.631881881881882E-02	2.096412528999281E-01
1.657157157157158E-02	2.137897816332952E-01
1.682432432432433E-02	2.179442523661237E-01
1.707707707707708E-02	2.221042150290486E-01
1.732982982982984E-02	2.262692320932729E-01
1.758258258258259E-02	2.304388781403759E-01
1.783533533533535E-02	2.346127394489486E-01
1.808808808808810E-02	2.395525325732706E-01
1.834084084084086E-02	2.437436759669254E-01
1.859359359359361E-02	2.479378444895701E-01
1.884634634634636E-02	2.521346674852794E-01
1.909909909909912E-02	2.563337842038891E-01
1.935185185185187E-02	2.605348434894950E-01
1.960460460460463E-02	2.647375034825927E-01
1.985735735735738E-02	2.689414313376801E-01
2.011011011011014E-02	2.731463029444967E-01
2.036286286286289E-02	2.773518026756392E-01
2.061561561561565E-02	2.815576231296291E-01
2.086836836836840E-02	2.857634648967178E-01
2.112112112112115E-02	2.899690363246918E-01
2.137387387387391E-02	2.941740533037773E-01
2.162662662662666E-02	2.983782390488159E-01
2.187937937937942E-02	3.025813238969022E-01
2.213213213213217E-02	3.067830451159352E-01
2.238488488488493E-02	3.109831467145341E-01
2.263763763763768E-02	3.151813792578650E-01
2.289039039039044E-02	3.193774996962020E-01
2.314314314314319E-02	3.235712712016721E-01
2.339589589589594E-02	3.277624629945421E-01
2.364864864864870E-02	3.319508502040662E-01
2.390140140140145E-02	3.361362137025026E-01
2.415415415415421E-02	3.403183399732370E-01
2.440690690690696E-02	3.434882363389988E-01
2.465965965965972E-02	3.476535965264702E-01
2.491241241241247E-02	3.518151259190745E-01
2.516516516516523E-02	3.559726320545451E-01
2.541791791791798E-02	3.601259274255426E-01
2.567067067067073E-02	3.642748293614204E-01
2.592342342342349E-02	3.684191599172664E-01
2.617617617617624E-02	3.725587457593065E-01
2.642892892892900E-02	3.766934180630415E-01
2.668168168168175E-02	3.808230124113834E-01
2.693443443443451E-02	3.849473686886995E-01
2.718718718718726E-02	3.890663309925912E-01
2.743993993994001E-02	3.931797475356689E-01
2.769269269269277E-02	3.972874705532377E-01
2.794544544544552E-02	4.013893562250814E-01
2.819819819819828E-02	4.054852645776919E-01
2.845095095095103E-02	4.095750594110541E-01
2.870370370370379E-02	4.136586082186113E-01
2.895645645645654E-02	4.177357821004080E-01
2.920920920920930E-02	4.218064556994250E-01
2.946196196196205E-02	4.246704197253166E-01
2.971471471471480E-02	4.287183499222920E-01
2.996746746746756E-02	4.327594387218596E-01
3.022022022022031E-02	4.367935741956899E-01
3.047297297297307E-02	4.408206476086889E-01
3.072572572572582E-02	4.448405533566984E-01
3.097847847847858E-02	4.488531889041951E-01
3.123123123123133E-02	4.528584547219907E-01
3.148398398398408E-02	4.568562542335712E-01
3.173673673673683E-02	4.608464937550707E-01
3.198948948948958E-02	4.648290824393371E-01
3.224224224224233E-02	4.675008300305308E-01
3.249499499499509E-02	4.714586339637208E-01
3.274774774774784E-02	4.754085453673724E-01
3.300050050050059E-02	4.793504842191396E-01
3.325325325325334E-02	4.832843730791865E-01
3.350600600600609E-02	4.872101370465316E-01
3.375875875875884E-02	4.911277037108448E-01
3.401151151151159E-02	4.950370031069724E-01
3.426426426426434E-02	4.975608761365038E-01
3.451701701701709E-02	5.014443340974140E-01
3.476976976976984E-02	5.053193434250716E-01
3.502252252252260E-02	5.091858435125687E-01
3.527527527527535E-02	5.130437759844426E-01
3.552802802802810E-02	5.168930846775766E-01
3.578078078078085E-02	5.207337155788991E-01
3.603353353353360E-02	5.231244652836722E-01
3.628628628628635E-02	5.269385808342122E-01
3.653903903903910E-02	5.307438834256573E-01
3.679179179179185E-02	5.345403273377087E-01
3.704454454454460E-02	5.383278688445898E-01
3.729729729729735E-02	5.421064661672972E-01
3.755005005005010E-02	5.443804937976893E-01
3.780280280280286E-02	5.481321647407640E-01
3.805555555555561E-02	5.518747918004010E-01
3.830830830830836E-02	5.556083407059305E-01
3.856106106106111E-02	5.593327789974865E-01
3.881381381381386E-02	5.615074231377548E-01
3.906656656656661E-02	5.652047010194110E-01
3.931931931931936E-02	5.688927956084626E-01
3.957207207207211E-02	5.725716813722102E-01
3.982482482482486E-02	5.762413344477864E-01
4.007757757757761E-02	5.783163727319334E-01
4.033033033033036E-02	5.819587179062182E-01
4.058308308308312E-02	5.855917826993391E-01
4.083583583583587E-02	5.892155496658233E-01
4.108858858858862E-02	5.928300029040656E-01
4.134134134134137E-02	5.948054207638052E-01
4.159409409409412E-02	5.983924987149294E-01
4.184684684684687E-02	6.019702384046468E-01
4.209959959959962E-02	6.055386298849044E-01
4.235235235235237E-02	6.074326182833829E-01
4.260510510510512E-02	6.109736401094779E-01
4.285785785785787E-02	6.145053065210959E-01
4.311061061061063E-02	6.180276131863138E-01
4.336336336336338E-02	6.198404023302828E-01
4.361611611611613E-02	6.233353898287533E-01
4.386886886886888E-02	6.268210267362520E-01
4.412162162162163E-02	6.302973140195718E-01
4.437437437437438E-02	6.320292211798915E-01
4.462712712712713E-02	6.354782821576919E-01
4.487987987987988E-02	6.389180181267875E-01
4.513263263263263E-02	6.405872469144924E-01
4.538538538538538E-02	6.439998598316379E-01
4.563813813813813E-02	6.474031834027301E-01
4.589089089089089E-02	6.507972271965627E-01
4.614364364364364E-02	6.523863394581895E-01
4.639639639639639E-02	6.557534217736247E-01
4.664914914914914E-02	6.591112740197786E-01
4.690190190190189E-02	6.606383960975108E-01
4.715465465465464E-02	6.639694392588353E-01
4.740740740740739E-02	6.672913121115016E-01
4.766016016016014E-02	6.687567964295340E-01
4.791291291291289E-02	6.720520322910488E-01
4.816566566566564E-02	6.753381672674550E-01
4.841841841841839E-02	6.767423952105673E-01
4.867117117117115E-02	6.800020842356389E-01
4.892392392392390E-02	6.832527510964610E-01
4.917667667667665E-02	6.845961319122580E-01
4.942942942942940E-02	6.878205620946574E-01
4.968218218218215E-02	6.910360577826395E-01
4.993493493493490E-02	6.923190275424531E-01
5.018768768768765E-02	6.955085133790817E-01
5.044044044044040E-02	6.986891610131352E-01
5.069319319319315E-02	6.999121816220395E-01
5.094594594594590E-02	7.030670631415887E-01
5.119869869869866E-02	7.042474727518311E-01
5.145145145145141E-02	7.073767693173068E-01
5.170420420420416E-02	7.104974111480260E-01
5.195695695695691E-02	7.116187112483203E-01
5.220970970970966E-02	7.147140387041873E-01
5.246246246246241E-02	7.157933345361016E-01
5.271521521521516E-02	7.188635461384365E-01
5.296796796796791E-02	7.219253081830175E-01
5.322072072072066E-02	7.229463992739511E-01
5.347347347347341E-02	7.259833413186243E-01
5.372622622622616E-02	7.269630770265394E-01
5.397897897897892E-02	7.299754139512515E-01
5.423173173173167E-02	7.309140711049622E-01
5.448448448448442E-02	7.339020240706304E-01
5.473723723723717E-02	7.368818516342799E-01
5.498998998998992E-02	7.377636820183398E-01
5.524274274274267E-02	7.407194544643971E-01
5.549549549549542E-02	7.415609102167764E-01
5.574824824824817E-02	7.444928637919475E-01
5.600100100100092E-02	7.452942428881215E-01
5.625375375375367E-02	7.482026196357765E-01
5.650650650650643E-02	7.489642257992273E-01
5.675925925925918E-02	7.518492734375286E-01
5.701201201201193E-02	7.525714160065036E-01
5.726476476476468E-02	7.554333877942554E-01
5.751751751751743E-02	7.561163816035332E-01
5.777027027027018E-02	7.589555362255851E-01
5.802302302302293E-02	7.595997014855129E-01
5.827577577577568E-02	7.624163029336160E-01
5.852852852852843E-02	7.630219651155130E-01
5.878128128128118E-02	7.658162825687214E-01
5.903403403403393E-02	7.663837722921016E-01
5.928678678678669E-02	7.691560800139996E-01
5.953953953953944E-02	7.696857329360682E-01
5.979229229229219E-02	7.724363101610834E-01
6.004504504504494E-02	7.729284668721448E-01
6.029779779779769E-02	7.756575977027751E-01
6.055055055055044E-02	7.761126036220958E-01
6.080330330330319E-02	7.765450798842721E-01
6.105605605605594E-02	7.792387822019009E-01
6.130880880880869E-02	7.796346497248123E-01
6.156156156156144E-02	7.823076509225757E-01
6.181431431431419E-02	7.826672667715684E-01
6.206706706706695E-02	7.853198672000872E-01
6.231981981981970E-02	7.856435929279542E-01
6.257257257257245E-02	7.859454782883404E-01
6.282532532532521E-02	7.885642989285770E-01
6.307807807807797E-02	7.888308598230651E-01
6.333083083083073E-02	7.914300641509726E-01
6.358358358358349E-02	7.916616729667112E-01
6.383633633633624E-02	7.918719523854634E-01
6.408908908908900E-02	7.944386097506140E-01
6.434184184184176E-02	7.946145186010654E-01
6.459459459459452E-02	7.947694139757004E-01
6.484734734734728E-02	7.973042913895370E-01
6.510010010010003E-02	7.974254068494702E-01
6.535285285285279E-02	7.999419830280203E-01
6.560560560560555E-02	8.000297071971545E-01
6.585835835835831E-02	8.000969492291006E-01
6.611111111111106E-02	8.025830389697148E-01
6.636386386386382E-02	8.026174950005043E-01
6.661661661661658E-02	8.026317965654926E-01
6.686936936936934E-02	8.050882018651464E-01
6.712212212212210E-02	8.050703311623693E-01
6.737487487487485E-02	8.050326378438513E-01
6.762762762762761E-02	8.049752386073123E-01
6.788038038038037E-02	8.073909294707846E-01
6.813313313313313E-02	8.073021991058340E-01
6.838588588588589E-02	8.071941000548577E-01
6.863863863863864E-02	8.095820400531011E-01
6.889139139139140E-02	8.094432423840772E-01
6.914414414414416E-02	8.092854171668478E-01
6.939689689689692E-02	8.091086841459401E-01
6.964964964964968E-02	8.114585646762862E-01
6.990240240240243E-02	8.112519983965285E-01
7.015515515515519E-02	8.110268704858754E-01
7.040790790790795E-02	8.107833023409512E-01
7.066066066066071E-02	8.130966858425381E-01
7.091341341341346E-02	8.128241629301556E-01
7.116616616616622E-02	8.125335508066200E-01
7.141891891891898E-02	8.122249724610811E-01
7.167167167167174E-02	8.145034469930579E-01
7.192442442442450E-02	8.141668050170665E-01
7.217717717717725E-02	8.138125525083524E-01
7.242992992993001E-02	8.134408139935658E-01
7.268268268268277E-02	8.130517143681573E-01
7.293543543543553E-02	8.152870934541170E-01
7.318818818818829E-02	8.148710688024039E-01
7.344094094094104E-02	8.144380443318369E-01
7.369369369369380E-02	8.139881464067003E-01
7.394644644644656E-02	8.135215017441624E-01
7.419919919919932E-02	8.130382374224610E-01
7.445195195195208E-02	8.152239751852903E-01
7.470470470470483E-02	8.147151821799525E-01
7.495745745745759E-02	8.141901371973290E-01
7.521021021021035E-02	8.136489686930872E-01
7.546296296296311E-02	8.130918054707763E-01
7.571571571571586E-02	8.125187766654562E-01
7.596846846846862E-02	8.119300117459716E-01
7.622122122122138E-02	8.113256405108586E-01
7.647397397397414E-02	8.134489675194345E-01
7.672672672672690E-02	8.128209778824385E-01
7.697947947947965E-02	8.121777576043314E-01
7.723223223223241E-02	8.115194377710395E-01
7.748498498498517E-02	8.108461497831740E-01
7.773773773773793E-02	8.101580253578504E-01
7.799049049049069E-02	8.094551965182291E-01
7.824324324324344E-02	8.087377955962438E-01
7.849599599599620E-02	8.080059552289640E-01
7.874874874874896E-02	8.072598083513185E-01
7.900150150150172E-02	8.064994882020073E-01
7.925425425425447E-02	8.057251283121332E-01
7.950700700700723E-02	8.049368625070201E-01
7.975975975975999E-02	8.041348249080329E-01
8.001251251251275E-02	8.033191499134773E-01
8.026526526526551E-02	8.024899722195187E-01
8.051801801801826E-02	8.016474267960803E-01
8.077077077077102E-02	8.007916488995761E-01
8.102352352352378E-02	7.999227740615424E-01
8.127627627627654E-02	7.990409380890924E-01
8.152902902902930E-02	7.981462770640064E-01
8.178178178178205E-02	7.972389273363660E-01
8.203453453453481E-02	7.963190255240988E-01
8.228728728728757E-02	7.953867085138882E-01
8.254004004004033E-02	7.944421134529875E-01
8.279279279279309E-02	7.934853777519493E-01
8.304554554554584E-02	7.925166390764389E-01
8.329829829829860E-02	7.915360353513279E-01
8.355105105105136E-02	7.905437047525083E-01
8.380380380380412E-02	7.895397857109856E-01
8.405655655655687E-02	7.885244169065118E-01
8.430930930930963E-02	7.874977372607646E-01
8.456206206206239E-02	7.864598859459875E-01
8.481481481481515E-02	7.854110023758949E-01
8.506756756756791E-02	7.843512262052172E-01
8.532032032032066E-02	7.802947540330933E-01
8.557307307307342E-02	7.792069601491676E-01
8.582582582582618E-02	7.781087098601347E-01
8.607857857857894E-02	7.770001437634164E-01
8.633133133133170E-02	7.758814026860819E-01
8.658408408408445E-02	7.747526276843928E-01
8.683683683683721E-02	7.736139600356182E-01
8.708958958958997E-02	7.694328920392763E-01
8.734234234234273E-02	7.682683230518705E-01
8.759509509509548E-02	7.670943024359076E-01
8.784784784784824E-02	7.659109723535948E-01
8.810060060060100E-02	7.647184751867826E-01
8.835335335335376E-02	7.635169535305977E-01
8.860610610610652E-02	7.592344279187273E-01
8.885885885885927E-02	7.580088411004908E-01
8.911161161161203E-02	7.567746746990451E-01
8.936436436436479E-02	7.555320721476164E-01
8.961711711711755E-02	7.542811770777007E-01
8.986986986987031E-02	7.499174839263105E-01
9.012262262262306E-02	7.486440709594717E-01
9.037537537537582E-02	7.473628134694081E-01
9.062812812812858E-02	7.460738558897901E-01
9.088088088088134E-02	7.416468721412457E-01
9.113363363363410E-02	7.403366483154059E-01
9.138638638638685E-02	7.390191747590507E-01
9.163913913913961E-02	7.376945966766471E-01
9.189189189189237E-02	7.332070287616261E-01
9.214464464464513E-02	7.318624423364781E-01
9.239739739739788E-02	7.305112040253334E-01
9.265015015015064E-02	7.259783176873498E-01
9.290290290290340E-02	7.246080266004356E-01
9.315565565565616E-02	7.232315379269494E-01
9.340840840840892E-02	7.186548932581900E-01
9.366116116116167E-02	7.172603106810129E-01
9.391391391391443E-02	7.158599864214921E-01
9.416666666666719E-02	7.112411485018129E-01
9.441941941941995E-02	7.098236924198318E-01
9.467217217217271E-02	7.084009521281587E-01
9.492492492492546E-02	7.037414908818391E-01
9.517767767767822E-02	7.023025839648653E-01
9.543043043043098E-02	7.008588518265242E-01
9.568318318318374E-02	6.961603418867526E-01
9.593593593593649E-02	6.947014113475234E-01
9.618868868868925E-02	6.899756074922152E-01
9.644144144144201E-02	6.885021366183537E-01
9.669419419419477E-02	6.870246140783820E-01
9.694694694694753E-02	6.822624131914381E-01
9.719969969970028E-02	6.807713233974937E-01
9.745245245245304E-02	6.759836291998909E-01
9.770520520520580E-02	6.744796333855447E-01
9.795795795795856E-02	6.696671753065857E-01
9.821071071071132E-02	6.681509359336815E-01
9.846346346346407E-02	6.633144446518600E-01
9.871621621621683E-02	6.617866253868669E-01
9.896896896896959E-02	6.569268328066755E-01
9.922172172172235E-02	6.553880984911302E-01
9.947447447447511E-02	6.505057377203229E-01
9.972722722722786E-02	6.489567543476369E-01
9.997997997998062E-02	6.440525596713087E-01
1.002327327327334E-01	6.424939943640311E-01
1.004854854854861E-01	6.375687012191520E-01
1.007382382382389E-01	6.360012222075966E-01
1.009909909909917E-01	6.310555671575457E-01
1.012437437437444E-01	6.294798437479585E-01
1.014964964964972E-01	6.245145644647891E-01
1.017492492492499E-01	6.229312670238869E-01
1.020020020020027E-01	6.179471022555845E-01
1.022547547547554E-01	6.129507729438046E-01
1.025075075075082E-01	6.113545917378360E-01
1.027602602602610E-01	6.063405044910724E-01
1.030130130130137E-01	6.047384461653564E-01
1.032657657657665E-01	5.997073423413894E-01
1.035185185185192E-01	5.946650532769127E-01
1.037712712712720E-01	5.930527027467178E-01
1.040240240240247E-01	5.879945284837049E-01
1.042767767767775E-01	5.829257616796895E-01
1.045295295295303E-01	5.813046882503841E-01
1.047822822822830E-01	5.762211698256579E-01
1.050350350350358E-01	5.711276526626534E-01
1.052877877877885E-01	5.694994287837289E-01
1.055405405405413E-01	5.643922957010545E-01
1.057932932932941E-01	5.592757587469350E-01
1.060460460460468E-01	5.576419598965003E-01
1.062987987987996E-01	5.525129447719337E-01
1.065515515515523E-01	5.473751216704841E-01
1.068043043043051E-01	5.422286954521951E-01
1.070570570570578E-01	5.405881646979651E-01
1.073098098098106E-01	5.354307920574684E-01
1.075625625625634E-01	5.302654135080047E-01
1.078153153153161E-01	5.250922343420825E-01
1.080680680680689E-01	5.234478290835796E-01
1.083208208208216E-01	5.182652386033624E-01
1.085735735735744E-01	5.130754459701166E-01
1.088263263263271E-01	5.078786568878968E-01
1.090790790790799E-01	5.062332408615475E-01
1.093318318318327E-01	5.010285787575413E-01
1.095845845845854E-01	4.958175198557910E-01
1.098373373373382E-01	4.906002702459773E-01
1.100900900900909E-01	4.853770361260104E-01
1.103428428428437E-01	4.801480237842952E-01
1.105955955955965E-01	4.785039606313148E-01
1.108483483483492E-01	4.732694059148344E-01
1.111011011011020E-01	4.680296742862993E-01
1.113538538538547E-01	4.627849723947293E-01
1.116066066066075E-01	4.575355069755460E-01
1.118593593593602E-01	4.522814848464805E-01
1.121121121121130E-01	4.470231129171225E-01
1.123648648648658E-01	4.417605981752786E-01
1.126176176176185E-01	4.364941476924287E-01
1.128703703703713E-01	4.312239686246357E-01
1.131231231231240E-01	4.295935469285723E-01
1.133758758758768E-01	4.243217470962009E-01
1.136286286286295E-01	4.190468224669530E-01
1.138813813813823E-01	4.137689805029368E-01
1.141341341341351E-01	4.084884287399291E-01
1.143868868868878E-01	4.032053747869213E-01
1.146396396396406E-01	3.979200263274834E-01
1.148923923923933E-01	3.926325911156709E-01
1.151451451451461E-01	3.873432769719329E-01
1.153978978978989E-01	3.820522917890230E-01
1.156506506506516E-01	3.767598435279069E-01
1.159034034034044E-01	3.714661402109414E-01
1.161561561561571E-01	3.661713899273309E-01
1.164089089089099E-01	3.571661485207187E-01
1.166616616616626E-01	3.518649504258065E-01
1.169144144144154E-01	3.465633482105659E-01
1.171671671671682E-01	3.412615502165863E-01
1.174199199199209E-01	3.359597648427552E-01
1.176726726726737E-01	3.306582005457130E-01
1.179254254254264E-01	3.253570658389435E-01
1.181781781781792E-01	3.200565692895907E-01
1.184309309309319E-01	3.147569195189135E-01
1.186836836836847E-01	3.094583252027405E-01
1.189364364364375E-01	3.004020260573270E-01
1.191891891891902E-01	2.951013736596906E-01
1.194419419419430E-01	2.898024212781820E-01
1.196946946946957E-01	2.845053777882640E-01
1.199474474474485E-01	2.792104521122383E-01
1.202002002002013E-01	2.739178532165170E-01
1.204529529529540E-01	2.648399776912811E-01
1.207057057057068E-01	2.595479747319587E-01
1.209584584584595E-01	2.542589439749463E-01
1.212112112112123E-01	2.489730945562769E-01
1.214639639639650E-01	2.398838524700295E-01
1.217167167167178E-01	2.346003827015011E-01
1.219694694694706E-01	2.293207401944528E-01
1.222222222222233E-01	2.240451342463530E-01
1.224749749749761E-01	2.149483209245773E-01
1.227277277277288E-01	2.096768796459401E-01
1.229804804804816E-01	2.044101212909482E-01
1.232332332332343E-01	1.953089134517541E-01
1.234859859859871E-01	1.900476687060291E-01
1.237387387387399E-01	1.847917535496890E-01
1.239914914914926E-01	1.756883180664772E-01
1.242442442442454E-01	1.704392660521989E-01
1.244969969969981E-01	1.651961905608914E-01
1.247497497497509E-01	1.560926952288355E-01
1.250025025025036E-01	1.508578329417105E-01
1.252552552552564E-01	1.456295943398800E-01
1.255080080080091E-01	1.365282077836127E-01
1.257607607607619E-01	1.313095329114731E-01
1.260135135135146E-01	1.222092186526424E-01
1.262662662662674E-01	1.170010206551524E-01
1.265190190190201E-01	1.079027695104742E-01
1.267717717717728E-01	1.027059616953920E-01
1.270245245245256E-01	9.751730056223096E-02
1.272772772772783E-01	8.842626049090541E-02
1.275300300300311E-01	8.325034090557892E-02
1.277827827827838E-01	7.416382179189895E-02
1.280355355355366E-01	6.900155738821923E-02
1.282882882882893E-01	5.992055059869017E-02
1.285410410410421E-01	5.477285510687580E-02
1.287937937937948E-01	4.569835213123952E-02
1.290465465465475E-01	3.662528460381509E-02
1.292992992993003E-01	3.149913177412600E-02
1.295520520520530E-01	2.243407544847287E-02
1.298048048048058E-01	1.732479505290030E-02
1.300575575575585E-01	8.268741622941889E-03
1.303103103103113E-01	3.177247586336307E-03
1.305630630630640E-01	-5.868811215350433E-03
1.308158158158167E-01	-1.491161879266656E-02
1.310685685685695E-01	-1.997667736441144E-02
1.313213213213222E-01	-2.900798265409321E-02
1.315740740740750E-01	-3.803525256989815E-02
1.318268268268277E-01	-4.307176236397936E-02
1.320795795795805E-01	-5.208602232551129E-02
1.323323323323332E-01	-6.109546276320543E-02
1.325850850850860E-01	-6.610131057504987E-02
1.328378378378387E-01	-7.509623345276850E-02
1.330905905905914E-01	-8.408555269079443E-02
1.333433433433442E-01	-9.306900005412899E-02
1.335960960960969E-01	-9.803191972287095E-02
1.338488488488497E-01	-1.069988262361221E-01
1.341016016016024E-01	-1.159590768570524E-01
1.343543543543552E-01	-1.249124033865883E-01
1.346071071071079E-01	-1.298285881562151E-01
1.348598598598607E-01	-1.387633509234547E-01
1.351126126126134E-01	-1.476904057385582E-01
1.353653653653661E-01	-1.566094844674808E-01
1.356181181181189E-01	-1.655203189911845E-01
1.358708708708716E-01	-1.703736212102740E-01
1.361236236236244E-01	-1.792633540694624E-01
1.363763763763771E-01	-1.881440591437240E-01
1.366291291291299E-01	-1.970154683995133E-01
1.368818818818826E-01	-2.058773138269316E-01
1.371346346346353E-01	-2.147293274424555E-01
1.373873873873881E-01	-2.235712412898465E-01
1.376401401401408E-01	-2.324027874387866E-01
1.378928928928936E-01	-2.412236979894260E-01
1.381456456456463E-01	-2.500337050719281E-01
1.383983983983991E-01	-2.588325408482888E-01
1.386511511511518E-01	-2.635304208179150E-01
1.389039039039046E-01	-2.723025278137357E-01
1.391566566566573E-01	-2.810626808768575E-01
1.394094094094100E-01	-2.898106123129764E-01
1.396621621621628E-01	-2.985460544628040E-01
1.399149149149155E-01	-3.113759635148199E-01
1.401676676676683E-01	-3.200891036453868E-01
1.404204204204210E-01	-3.287889310722676E-01
1.406731731731738E-01	-3.374751783080683E-01
1.409259259259265E-01	-3.461475779004104E-01
1.411786786786793E-01	-3.548058624533041E-01
1.414314314314320E-01	-3.634497646135060E-01
1.416841841841847E-01	-3.720790170791588E-01
1.419369369369375E-01	-3.806933525925160E-01
1.421896896896902E-01	-3.892925039581314E-01
1.424424424424430E-01	-4.020175378636850E-01
1.426951951951957E-01	-4.105887907244323E-01
1.429479479479485E-01	-4.191440374470403E-01
1.432007007007012E-01	-4.276830110502488E-01
1.434534534534539E-01	-4.362054446100956E-01
1.437062062062067E-01	-4.447110712612812E-01
1.439589589589594E-01	-4.573605150908406E-01
1.442117117117122E-01	-4.658348733182720E-01
1.444644644644649E-01	-4.742916037021132E-01
1.447172172172177E-01	-4.827304396289946E-01
1.449699699699704E-01	-4.953246998311442E-01
1.452227227227232E-01	-5.037300089643395E-01
1.454754754754759E-01	-5.121166034864473E-01
1.457282282282286E-01	-5.246671573045205E-01
1.459809809809814E-01	-5.340650427133369E-01
1.462337337337341E-01	-5.423976175015923E-01
1.464864864864869E-01	-5.528064376071598E-01
1.467392392392396E-01	-5.631981780056776E-01
1.469919919919924E-01	-5.714734524026426E-01
1.472447447447451E-01	-5.818286372555121E-01
1.474974974974979E-01	-5.921658597326314E-01
1.477502502502506E-01	-6.024848221168213E-01
1.480030030030033E-01	-6.127852267668459E-01
1.482557557557561E-01	-6.230667761287805E-01
1.485085085085088E-01	-6.333291727310097E-01
1.487612612612616E-01	-6.435721191905941E-01
1.490140140140143E-01	-6.537953182096317E-01
1.492667667667671E-01	-6.639984725802606E-01
1.495195195195198E-01	-6.741812851846589E-01
1.497722722722725E-01	-6.843434589982280E-01
1.500250250250253E-01	-6.944846970895924E-01
1.502777777777780E-01	-7.046047026210545E-01
1.505305305305308E-01	-7.147031788535969E-01
1.507832832832835E-01	-7.247798291446088E-01
1.510360360360363E-01	-7.348343569528879E-01
1.512887887887890E-01	-7.469896018578766E-01
1.515415415415418E-01	-7.570003112991799E-01
1.517942942942945E-01	-7.669879982668135E-01
1.520470470470472E-01	-7.790794674419885E-01
1.522997997998000E-01	-7.890215037805319E-01
1.525525525525527E-01	-7.989396186108024E-01
1.528053053053055E-01	-8.109644810888312E-01
1.530580580580582E-01	-8.208351149728514E-01
1.533108108108110E-01	-8.328144306724425E-01
1.535635635635637E-01	-8.426363570983995E-01
1.538163163163165E-01	-8.545688548274484E-01
1.540690690690692E-01	-8.643408482162158E-01
1.543218218218219E-01	-8.762252577221261E-01
1.545745745745747E-01	-8.859460934422714E-01
1.548273273273274E-01	-8.977811454406037E-01
1.550800800800802E-01	-9.095916463538742E-01
1.553328328328329E-01	-9.192340260369747E-01
1.555855855855857E-01	-9.309932559431218E-01
1.558383383383384E-01	-9.427269613470344E-01
1.560910910910911E-01	-9.522881017369400E-01
1.563438438438439E-01	-9.639686249602164E-01
1.565965965965966E-01	-9.756226514446098E-01
1.568493493493494E-01	-9.872498535178238E-01
1.571021021021021E-01	-9.988499036448957E-01
1.573548548548549E-01	-1.010422474432744E+00
1.576076076076076E-01	-1.021967238627440E+00
1.578603603603604E-01	-1.033483869123302E+00
1.581131131131131E-01	-1.044972038956530E+00
1.583658658658658E-01	-1.056431421313391E+00
1.586186186186186E-01	-1.067861689530673E+00
1.588713713713713E-01	-1.079262517091138E+00
1.591241241241241E-01	-1.090633577633071E+00
1.593768768768768E-01	-1.101974544950735E+00
1.596296296296296E-01	-1.115446836714909E+00
1.598823823823823E-01	-1.126727626276534E+00
1.601351351351351E-01	-1.137977333344224E+00
1.603878878878878E-01	-1.149195632341161E+00
1.606406406406405E-01	-1.162547858023572E+00
1.608933933933933E-01	-1.173703304832543E+00
1.611461461461460E-01	-1.186993923389309E+00
1.613988988988988E-01	-1.198085171029561E+00
1.616516516516515E-01	-1.209143362054419E+00
1.619044044044043E-01	-1.222338491359551E+00
1.621571571571570E-01	-1.235501715172177E+00
1.624099099099097E-01	-1.246460529038359E+00
1.626626626626625E-01	-1.259557968048739E+00
1.629154154154152E-01	-1.270448550131277E+00
1.631681681681680E-01	-1.283478814641967E+00
1.634209209209207E-01	-1.296475400243253E+00
1.636736736736735E-01	-1.307261525410013E+00
1.639264264264262E-01	-1.320188842690186E+00
1.641791791791790E-01	-1.333081416814366E+00
1.644319319319317E-01	-1.345938889344325E+00
1.646846846846844E-01	-1.358760902041922E+00
1.649374374374372E-01	-1.371547096863651E+00
1.651901901901899E-01	-1.382115908344076E+00
1.654429429429427E-01	-1.394828633526686E+00
1.656956956956954E-01	-1.407504480162515E+00
1.659484484484482E-01	-1.420143091027512E+00
1.662012012012009E-01	-1.434928285732894E+00
1.664539539539537E-01	-1.447492065933602E+00
1.667067067067064E-01	-1.460017527751461E+00
1.669594594594591E-01	-1.472504314820526E+00
1.672122122122119E-01	-1.484952070991312E+00
1.674649649649646E-01	-1.497360440333523E+00
1.677177177177174E-01	-1.511917360477128E+00
1.679704704704701E-01	-1.524246527354080E+00
1.682232232232229E-01	-1.536535228752655E+00
1.684759759759756E-01	-1.550973309353594E+00
1.687287287287283E-01	-1.563180616090904E+00
1.689814814814811E-01	-1.577537798589674E+00
1.692342342342338E-01	-1.589662243290149E+00
1.694869869869866E-01	-1.603937011110702E+00
1.697397397397393E-01	-1.615977128311442E+00
1.699924924924921E-01	-1.630167966830413E+00
1.702452452452448E-01	-1.644316549921768E+00
1.704979979979976E-01	-1.656227689587467E+00
1.707507507507503E-01	-1.670290062475942E+00
1.710035035035030E-01	-1.684309021497029E+00
1.712562562562558E-01	-1.696087860311764E+00
1.715090090090085E-01	-1.710018332825257E+00
1.717617617617613E-01	-1.723904235373993E+00
1.720145145145140E-01	-1.737745178837486E+00
1.722672672672668E-01	-1.751540774369005E+00
1.725200200200195E-01	-1.765290633391032E+00
1.727727727727723E-01	-1.778994367603900E+00
1.730255255255250E-01	-1.792651588988520E+00
1.732782782782777E-01	-1.806261909801378E+00
1.735310310310305E-01	-1.819824942586820E+00
1.737837837837832E-01	-1.835540931227115E+00
1.740365365365360E-01	-1.849008587581466E+00
1.742892892892887E-01	-1.862427782427858E+00
1.745420420420415E-01	-1.875798129468421E+00
1.747947947947942E-01	-1.891321260146924E+00
1.750475475475470E-01	-1.904593063080483E+00
1.753003003002997E-01	-1.917814848271519E+00
1.755530530530524E-01	-1.933189156167373E+00
1.758058058058052E-01	-1.946310021323370E+00
1.760585585585579E-01	-1.961583173332201E+00
1.763113113113107E-01	-1.974601528939274E+00
1.765640640640634E-01	-1.989771884201218E+00
1.768168168168162E-01	-2.004890344337127E+00
1.770695695695689E-01	-2.017752063506578E+00
1.773223223223216E-01	-2.032765257144092E+00
1.775750750750744E-01	-2.047725302198614E+00
1.778278278278271E-01	-2.062631777027946E+00
1.780805805805799E-01	-2.077484260332312E+00
1.783333333333326E-01	-2.092282331158458E+00
1.785860860860854E-01	-2.107025568901008E+00
1.788388388388381E-01	-2.121713553302470E+00
1.790915915915909E-01	-2.136345864464147E+00
1.793443443443436E-01	-2.150922082840225E+00
1.795970970970963E-01	-2.165441789242323E+00
1.798498498498491E-01	-2.179904564848584E+00
1.801026026026018E-01	-2.194309991194586E+00
1.803553553553546E-01	-2.208657650188798E+00
1.806081081081073E-01	-2.225153242337456E+00
1.808608608608601E-01	-2.239384134048123E+00
1.811136136136128E-01	-2.253555992932434E+00
1.813663663663656E-01	-2.269874551471730E+00
1.816191191191183E-01	-2.283927074914573E+00
1.818718718718710E-01	-2.300125408086387E+00
1.821246246246238E-01	-2.314056878798056E+00
1.823773773773765E-01	-2.330133215818478E+00
1.826301301301293E-01	-2.346147858622771E+00
1.828828828828820E-01	-2.359894492996773E+00
1.831356356356348E-01	-2.375784475624641E+00
1.833883883883875E-01	-2.391611412894235E+00
1.836411411411402E-01	-2.407374850561155E+00
1.838938938938930E-01	-2.423074334814828E+00
1.841466466466457E-01	-2.438709412276239E+00
1.843993993993985E-01	-2.454279630003384E+00
1.846521521521512E-01	-2.469784535489453E+00
1.849049049049040E-01	-2.485223676671467E+00
1.851576576576567E-01	-2.500596601931647E+00
1.854104104104095E-01	-2.515902860100596E+00
1.856631631631622E-01	-2.531142000456384E+00
1.859159159159149E-01	-2.548517369511501E+00
1.861686686686677E-01	-2.563620660687320E+00
1.864214214214204E-01	-2.578655470601916E+00
1.866741741741732E-01	-2.595824317965253E+00
1.869269269269259E-01	-2.610720513533579E+00
1.871796796796787E-01	-2.627749212654180E+00
1.874324324324314E-01	-2.642504945727069E+00
1.876851851851842E-01	-2.659391592870179E+00
1.879379379379369E-01	-2.674005019177912E+00
1.881906906906896E-01	-2.690747714576446E+00
1.884434434434424E-01	-2.707417527479265E+00
1.886961961961951E-01	-2.724013969831049E+00
1.889489489489479E-01	-2.740536554104892E+00
1.892017017017006E-01	-2.756984793296851E+00
1.894544544544534E-01	-2.773358200932307E+00
1.897072072072061E-01	-2.789656291076881E+00
1.899599599599588E-01	-2.805878578323700E+00
1.902127127127116E-01	-2.822024577815682E+00
1.904654654654643E-01	-2.838093805236895E+00
1.907182182182171E-01	-2.854085776818010E+00
1.909709709709698E-01	-2.872195822382764E+00
1.912237237237226E-01	-2.888031280502219E+00
1.914764764764753E-01	-2.903788020174488E+00
1.917292292292281E-01	-2.921659665795687E+00
1.919819819819808E-01	-2.937256927617909E+00
1.922347347347335E-01	-2.954966905024321E+00
1.924874874874863E-01	-2.970402708655456E+00
1.927402402402390E-01	-2.987948979925932E+00
1.929929929929918E-01	-3.005412303776211E+00
1.932457457457445E-01	-3.022792157299591E+00
1.934984984984973E-01	-3.037898436512933E+00
1.937512512512500E-01	-3.055110492320182E+00
1.940040040040028E-01	-3.072237528159803E+00
1.942567567567555E-01	-3.089279023640756E+00
1.945095095095082E-01	-3.106234459020015E+00
1.947622622622610E-01	-3.123103315197113E+00
1.950150150150137E-01	-3.142070171059004E+00
1.952677677677665E-01	-3.158763513299164E+00
1.955205205205192E-01	-3.175368707720281E+00
1.957732732732720E-01	-3.194067875413111E+00
1.960260260260247E-01	-3.210494378544354E+00
1.962787787787774E-01	-3.226831171274625E+00
1.965315315315302E-01	-3.245257777562529E+00
1.967842842842829E-01	-3.263591846279269E+00
1.970370370370357E-01	-3.279654607307748E+00
1.972897897897884E-01	-3.297802860228330E+00
1.975425425425412E-01	-3.315856914362939E+00
1.977952952952939E-01	-3.333816212130387E+00
1.980480480480467E-01	-3.349505818807302E+00
1.983008008007994E-01	-3.367274935385467E+00
1.985535535535521E-01	-3.384947643254691E+00
1.988063063063049E-01	-3.404694714130073E+00
1.990590590590576E-01	-3.422171892658753E+00
1.993118118118104E-01	-3.439550985197457E+00
1.995645645645631E-01	-3.456831439501457E+00
1.998173173173159E-01	-3.474012704103188E+00
2.000700700700686E-01	-3.493260132976502E+00
2.003228228228214E-01	-3.510240238394090E+00
2.005755755755741E-01	-3.529283101266174E+00
2.008283283283268E-01	-3.548222220085790E+00
2.010810810810796E-01	-3.564895763042387E+00
2.013338338338323E-01	-3.583626819910478E+00
2.015865865865851E-01	-3.602252363912157E+00
2.018393393393378E-01	-3.620771801659430E+00
2.020920920920906E-01	-3.639184540642418E+00
2.023448448448433E-01	-3.657489989237092E+00
2.025975975975960E-01	-3.675687556715729E+00
2.028503503503488E-01	-3.693776653241002E+00
2.031031031031015E-01	-3.711756689885533E+00
2.033558558558543E-01	-3.729627078621434E+00
2.036086086086070E-01	-3.749535592748543E+00
2.038613613613598E-01	-3.767183547196510E+00
2.041141141141125E-01	-3.786865641694931E+00
2.043668668668653E-01	-3.804288754822210E+00
2.046196196196180E-01	-3.823741959274230E+00
2.048723723723707E-01	-3.840937831694646E+00
2.051251251251235E-01	-3.860159683506026E+00
2.053778778778762E-01	-3.879264185713055E+00
2.056306306306290E-01	-3.898250708624801E+00
2.058833833833817E-01	-3.917118623576698E+00
2.061361361361345E-01	-3.935867302942370E+00
2.063888888888872E-01	-3.954496120135900E+00
2.066416416416400E-01	-3.973004449621385E+00
2.068943943943927E-01	-3.993520513797648E+00
2.071471471471454E-01	-4.011784371113663E+00
2.073998998998982E-01	-4.032051404215053E+00
2.076526526526509E-01	-4.050068231567366E+00
2.079054054054037E-01	-4.070083610577058E+00
2.081581581581564E-01	-4.087850858989896E+00
2.084109109109092E-01	-4.107611969915524E+00
2.086636636636619E-01	-4.127244089437681E+00
2.089164164164146E-01	-4.146746549871750E+00
2.091691691691674E-01	-4.166118684724097E+00
2.094219219219201E-01	-4.185359828697528E+00
2.096746746746729E-01	-4.204469317689018E+00
2.099274274274256E-01	-4.225554379732330E+00
2.101801801801784E-01	-4.244396705052168E+00
2.104329329329311E-01	-4.263105372768223E+00
2.106856856856839E-01	-4.283781927110795E+00
2.109384384384366E-01	-4.302219383842839E+00
2.111911911911893E-01	-4.322619501828740E+00
2.114439439439421E-01	-4.342879368345166E+00
2.116966966966948E-01	-4.362998275461450E+00
2.119494494494476E-01	-4.382975516592523E+00
2.122022022022003E-01	-4.402810386513011E+00
2.124549549549531E-01	-4.422502181369509E+00
2.127077077077058E-01	-4.442050198679226E+00
2.129604604604586E-01	-4.461453737344982E+00
2.132132132132113E-01	-4.482793918642983E+00
2.134659659659640E-01	-4.501904263720462E+00
2.137187187187168E-01	-4.522945501601043E+00
2.139714714714695E-01	-4.541759792516132E+00
2.142242242242223E-01	-4.562499157956154E+00
2.144769769769750E-01	-4.583085365278748E+00
2.147297297297278E-01	-4.603517667901542E+00
2.149824824824805E-01	-4.623795320791032E+00
2.152352352352332E-01	-4.643917580469861E+00
2.154879879879860E-01	-4.663883705024091E+00
2.157407407407387E-01	-4.683692954108210E+00
2.159934934934915E-01	-4.705401441171489E+00
2.162462462462442E-01	-4.724892338069822E+00
2.164989989989970E-01	-4.746276143632713E+00
2.167517517517497E-01	-4.765445670821919E+00
2.170045045045025E-01	-4.786501707409570E+00
2.172572572572552E-01	-4.807391451142394E+00
2.175100100100079E-01	-4.828114115872268E+00
2.177627627627607E-01	-4.848668917211853E+00
2.180155155155134E-01	-4.869055072536867E+00
2.182682682682662E-01	-4.891306110126607E+00
2.185210210210189E-01	-4.911350025711272E+00
2.187737737737717E-01	-4.933251964630472E+00
2.190265265265244E-01	-4.952950453790436E+00
2.192792792792772E-01	-4.974500035779784E+00
2.195320320320299E-01	-4.995870853991619E+00
2.197847847847826E-01	-5.017062079609332E+00
2.200375375375354E-01	-5.038072885795373E+00
2.202902902902881E-01	-5.058902447698529E+00
2.205430430430409E-01	-5.079549942464837E+00
2.207957957957936E-01	-5.102021440845874E+00
2.210485485485464E-01	-5.122299484108680E+00
2.213013013012991E-01	-5.144394087655201E+00
2.215540540540518E-01	-5.164299332377595E+00
2.218068068068046E-01	-5.186013621232178E+00
2.220595595595573E-01	-5.207534979218963E+00
2.223123123123101E-01	-5.228862537315763E+00
2.225650650650628E-01	-5.251981566631912E+00
2.228178178178156E-01	-5.272915871873465E+00
2.230705705705683E-01	-5.293653763095335E+00
2.233233233233211E-01	-5.316171233686418E+00
2.235760760760738E-01	-5.336510602383441E+00
2.238288288288265E-01	-5.358621503861286E+00
2.240815815815793E-01	-5.380526169226414E+00
2.243343343343320E-01	-5.402223685443005E+00
2.245870870870848E-01	-5.423713141965436E+00
2.248398398398375E-01	-5.446951112907755E+00
2.250925925925903E-01	-5.468018425856826E+00
2.253453453453430E-01	-5.490825735616909E+00
2.255980980980958E-01	-5.511467208482372E+00
2.258508508508485E-01	-5.533840085087377E+00
2.261036036036012E-01	-5.555992611933107E+00
2.263563563563540E-01	-5.577923832400757E+00
2.266091091091067E-01	-5.601566331635695E+00
2.268618618618595E-01	-5.623048564356395E+00
2.271146146146122E-01	-5.644306615912683E+00
2.273673673673650E-01	-5.667262400751497E+00
2.276201201201177E-01	-5.689984887534138E+00
2.278728728728704E-01	-5.712473070715532E+00
2.281256256256232E-01	-5.734725947812422E+00
2.283783783783759E-01	-5.756742519412910E+00
2.286311311311287E-01	-5.778521789200113E+00
2.288838838838814E-01	-5.801963335282380E+00
2.291366366366342E-01	-5.825157964096434E+00
2.293893893893869E-01	-5.846211773747200E+00
2.296421421421397E-01	-5.868913304019316E+00
2.298948948948924E-01	-5.891364786174108E+00
2.301476476476451E-01	-5.915446264726143E+00
2.304004004003979E-01	-5.937390555418006E+00
2.306531531531506E-01	-5.960954716365450E+00
2.309059059059034E-01	-5.984256554861986E+00
2.311586586586561E-01	-6.005430096459804E+00
2.314114114114089E-01	-6.028208124149387E+00
2.316641641641616E-01	-6.052577154713617E+00
2.319169169169144E-01	-6.074818741191848E+00
2.321696696696671E-01	-6.098640681425877E+00
2.324224224224198E-01	-6.120341393118906E+00
2.326751751751726E-01	-6.143611730014072E+00
2.329279279279253E-01	-6.166602409319694E+00
2.331806806806781E-01	-6.191143088210993E+00
2.334334334334308E-01	-6.213566640764384E+00
2.336861861861836E-01	-6.237529009266837E+00
2.339389389389363E-01	-6.261198195934867E+00
2.341916916916890E-01	-6.284573004785670E+00
2.344444444444418E-01	-6.307652244340261E+00
2.346971971971945E-01	-6.330434727649390E+00
2.349499499499473E-01	-6.354718244781907E+00
2.352027027027000E-01	-6.376899028442949E+00
2.354554554554528E-01	-6.400569076345619E+00
2.357082082082055E-01	-6.425712895310880E+00
2.359609609609583E-01	-6.448755002985763E+00
2.362137137137110E-01	-6.471483664018706E+00
2.364664664664637E-01	-6.495667813470391E+00
2.367192192192165E-01	-6.519526230897100E+00
2.369719719719692E-01	-6.543057622800006E+00
2.372247247247220E-01	-6.568015825196198E+00
2.374774774774747E-01	-6.590884270625793E+00
2.377302302302275E-01	-6.615166757287170E+00
2.379829829829802E-01	-6.639106811669080E+00
2.382357357357330E-01	-6.662703090228661E+00
2.384884884884857E-01	-6.687683508994724E+00
2.387412412412384E-01	-6.710582976135811E+00
2.389939939939912E-01	-6.734853280756397E+00
2.392467467467439E-01	-6.758763770184942E+00
2.394994994994967E-01	-6.784020784096356E+00
2.397522522522494E-01	-6.808904220199565E+00
2.400050050050022E-01	-6.831715985864321E+00
2.402577577577549E-01	-6.855853481922168E+00
2.405105105105076E-01	-6.881298486593096E+00
2.407632632632604E-01	-6.904673070985154E+00
2.410160160160131E-01	-6.929340852124824E+00
2.412687687687659E-01	-6.953614899936838E+00
2.415215215215186E-01	-6.979156016545403E+00
2.417742742742714E-01	-7.004288613063636E+00
2.420270270270241E-01	-7.027360728719486E+00
2.422797797797769E-01	-7.053321970881370E+00
2.425325325325296E-01	-7.077219614934620E+00
2.427852852852823E-01	-7.102334715305005E+00
2.430380380380351E-01	-7.127021257215347E+00
2.432907907907878E-01	-7.151277625025159E+00
2.435435435435406E-01	-7.176715696788051E+00
2.437962962962933E-01	-7.201707756365977E+00
2.440490490490461E-01	-7.226252127112730E+00
2.443018018017988E-01	-7.251941344090937E+00
2.445545545545516E-01	-7.277166540078269E+00
2.448073073073043E-01	-7.301925977666542E+00
2.450600600600570E-01	-7.326217929593895E+00
2.453128128128098E-01	-7.351608388021759E+00
2.455655655655625E-01	-7.376514489003512E+00
2.458183183183153E-01	-7.402488474210259E+00
2.460710710710680E-01	-7.427960765208809E+00
2.463238238238208E-01	-7.452929504437179E+00
2.465765765765735E-01	-7.478925864708799E+00
2.468293293293262E-01	-7.502874942722883E+00
2.470820820820790E-01	-7.529352472759456E+00
2.473348348348317E-01	-7.553778900312409E+00
2.475875875875845E-01	-7.580686478496318E+00
2.478403403403372E-01	-7.605538992635957E+00
2.480930930930900E-01	-7.631335099690205E+00
2.483458458458427E-01	-7.656568676901315E+00
2.485985985985955E-01	-7.682711680257853E+00
2.488513513513482E-01	-7.708272790040155E+00
2.491041041041009E-01	-7.733249905879802E+00
2.493568568568537E-01	-7.759091583723148E+00
2.496096096096064E-01	-7.785771989515524E+00
2.498623623623592E-01	-7.811830337532228E+00
2.501151151151119E-01	-7.837264387752384E+00
2.503678678678647E-01	-7.863490117810670E+00
2.506206206206175E-01	-7.889070673031711E+00
2.508733733733702E-01	-7.915405255868791E+00
2.511261261261230E-01	-7.941073287568088E+00
2.513788788788758E-01	-7.967456829748699E+00
2.516316316316285E-01	-7.993151942228451E+00
2.518843843843813E-01	-8.019523176099938E+00
2.521371371371341E-01	-8.046541626179078E+00
2.523898898898869E-01	-8.072828915616810E+00
2.526426426426396E-01	-8.098382464464066E+00
2.528953953953924E-01	-8.124530562508426E+00
2.531481481481452E-01	-8.151243037763379E+00
2.534009009008980E-01	-8.178489166730742E+00
2.536536536536507E-01	-8.204935278873108E+00
2.539064064064035E-01	-8.230578577578399E+00
2.541591591591563E-01	-8.257982627008460E+00
2.544119119119090E-01	-8.284539316030077E+00
2.546646646646618E-01	-8.310245698334711E+00
2.549174174174146E-01	-8.337605202685609E+00
2.551701701701674E-01	-8.364068126095390E+00
2.554229229229201E-01	-8.390863847234868E+00
2.556756756756729E-01	-8.417957978824234E+00
2.559284284284257E-01	-8.445315554559784E+00
2.561811811811784E-01	-8.471700743475139E+00
2.564339339339312E-01	-8.498299692495038E+00
2.566866866866840E-01	-8.525076179290409E+00
2.569394394394368E-01	-8.553160358963396E+00
2.571921921921895E-01	-8.580169456983640E+00
2.574449449449423E-01	-8.607243715452114E+00
2.576976976976951E-01	-8.634344541304017E+00
2.579504504504478E-01	-8.661432742376746E+00
2.582032032032006E-01	-8.688468525139797E+00
2.584559559559534E-01	-8.715411492607927E+00
2.587087087087062E-01	-8.743303773581829E+00
2.589614614614589E-01	-8.769924840710701E+00
2.592142142142117E-01	-8.797385598795699E+00
2.594669669669645E-01	-8.824559553469953E+00
2.597197197197172E-01	-8.852433645827205E+00
2.599724724724700E-01	-8.879905227782729E+00
2.602252252252228E-01	-8.907931880561591E+00
2.604779779779756E-01	-8.935188474928509E+00
2.607307307307283E-01	-8.962613030667853E+00
2.609834834834811E-01	-8.990364760032662E+00
2.612362362362339E-01	-9.018349919840148E+00
2.614889889889866E-01	-9.046007747713702E+00
2.617417417417394E-01	-9.073720688803405E+00
2.619944944944922E-01	-9.101388994375611E+00
2.622472472472450E-01	-9.129351686532118E+00
2.624999999999977E-01	-9.157479637908182E+00
2.627527527527505E-01	-9.185216406402560E+00
